"Property","Vintage","Description","PriceExTax","BottleSize","PageURL","LwinCode","BBRProductCode"
"Domaine Gaston Huet","","1989 Assortment case 3, Domaine Gaston Huet, 2014 Release (6bts)","550","Case of 1 6 Bottle Assortments","https://www.bbr.com/products-10008100203-1989-assortment-case-3-domaine-gaston-huet-2014-release-6bts","9005033","10008100203"
"Domaine Gaston Huet","","1989 Assortment case, Domaine Gaston Huet, 2014 Release (6bts)","525","Case of 1 6 Bottle Assortments","https://www.bbr.com/products-10008100287-1989-assortment-case-domaine-gaston-huet-2014-release-6bts","9004951","10008100287"
"Vega Sicilia","2007","2007 Unico Reserva Especial (1990, 1991, 1994), Vega Sicilia, Ribera del Duero, Spain","1225","Case of 3 Bottles","https://www.bbr.com/products-20078048495-2007-2007-unico-reserva-especial-1990-1991-1994-vega-sicilia-ribera-del-duero-spain","1219757","20078048495"
"Vega Sicilia","2008","2008 Unico Reserva Especial (1990, 1991, 1996), Vega Sicilia, Ribera del Duero, Spain","1250","Case of 3 Bottles","https://www.bbr.com/products-20088004758-2008-2008-unico-reserva-especial-1990-1991-1996-vega-sicilia-ribera-del-duero-spain","1219757","20088004758"
"Taylor Fladgate","","2011 Vintage Collection Tri-Pack (Taylor, Croft, Fonseca)","600","Case of 1 s","https://www.bbr.com/products-10008104344-2011-vintage-collection-tri-pack-taylor-croft-fonseca","1649406","10008104344"
"Vega Sicilia","","2020 Unico Reserva Especial (2008, 2009, 2010), Vega Sicilia, Ribera del Duero, Spain","1200","Case of 3 Bottles","https://www.bbr.com/products-10008044468-2020-unico-reserva-especial-2008-2009-2010-vega-sicilia-ribera-del-duero-spain","1219757","10008044468"
"Alessandro & Gian Natale Fantino","2010","A. & G. Natale Fantino, Laboro Disubbidiente per Terra Madre, Italy","240","Case of 6 Bottles","https://www.bbr.com/products-20108205399-2010-a-g-natale-fantino-laboro-disubbidiente-per-terra-madre-italy","1356876","20108205399"
"Alessandro & Gian Natale Fantino","2016","A. & G. Natale Fantino, Laboro Disubbidiente per Terra Madre, Italy","263","Case of 6 Bottles","https://www.bbr.com/products-20168205399-2016-a-g-natale-fantino-laboro-disubbidiente-per-terra-madre-italy","1356876","20168205399"
"Alessandro & Gian Natale Fantino","2013","A. &amp; G. Natale Fantino, Laboro Disubbidiente per Terra Madre, Italy","210","Case of 6 Bottles","https://www.bbr.com/products-20138205399-2013-a-and-g-natale-fantino-laboro-disubbidiente-per-terra-madre-italy","1356876","20138205399"
"A. A. Badenhorst","2023","A. A. Badenhorst Family Wines, Grensloos Chenin Blanc, Swartland, South Africa","195","Case of 6 Bottles","https://www.bbr.com/products-20238255538-2023-a-a-badenhorst-family-wines-grensloos-chenin-blanc-swartland-south-africa","3053458","20238255538"
"Blank Bottle","2020","A. A. Badenhorst Family Wines, Klip Kop (Haut-Granitika) Steen Chenin Blanc, Swartland, South Africa","135","Case of 6 Bottles","https://www.bbr.com/products-20208167592-2020-a-a-badenhorst-family-wines-klip-kop-haut-granitika-steen-chenin-blanc-swartland-south-africa","1994984","20208167592"
"Abreu Vineyards","2015","Abreu Vineyards, Cappella, Napa Valley, California, USA","900","Case of 3 Bottles","https://www.bbr.com/products-20158112996-2015-abreu-vineyards-cappella-napa-valley-california-usa","1182297","20158112996"
"Abreu Vineyards","2016","Abreu Vineyards, Madrona Ranch, Napa Valley, California, USA","995","Case of 3 Bottles","https://www.bbr.com/products-20168115955-2016-abreu-vineyards-madrona-ranch-napa-valley-california-usa","1121405","20168115955"
"Abreu Vineyards","2018","Abreu Vineyards, Madrona Ranch, Napa Valley, California, USA","1219","Case of 3 Bottles","https://www.bbr.com/products-20188115955-2018-abreu-vineyards-madrona-ranch-napa-valley-california-usa","1121405","20188115955"
"Abreu Vineyards","2015","Abreu Vineyards, Rothwell Hyde Red, Napa Valley, California, USA","760","Case of 6 Bottles","https://www.bbr.com/products-20158105905-2015-abreu-vineyards-rothwell-hyde-red-napa-valley-california-usa","1186338","20158105905"
"Abreu Vineyards","2016","Abreu Vineyards, Rothwell Hyde Red, Napa Valley, California, USA","760","Case of 6 Bottles","https://www.bbr.com/products-20168105905-2016-abreu-vineyards-rothwell-hyde-red-napa-valley-california-usa","1186338","20168105905"
"Abreu Vineyards","2015","Abreu Vineyards, Thorevilos, Napa Valley, California, USA","1500","Case of 3 Bottles","https://www.bbr.com/products-20158115942-2015-abreu-vineyards-thorevilos-napa-valley-california-usa","1121418","20158115942"
"Abreu Vineyards","2017","Abreu Vineyards, Thorevilos, Napa Valley, California, USA","2800","Case of 3 Bottles","https://www.bbr.com/products-20178115942-2017-abreu-vineyards-thorevilos-napa-valley-california-usa","1121418","20178115942"
"Achaval Ferrer","2010","Achaval Ferrer, Finca Altamira, Malbec, Mendoza, Argentina","720","Case of 6 Bottles","https://www.bbr.com/products-20108221942-2010-achaval-ferrer-finca-altamira-malbec-mendoza-argentina","1000564","20108221942"
"Achaval Ferrer","2013","Achaval Ferrer, Finca Altamira, Malbec, Mendoza, Argentina","325","Case of 6 Bottles","https://www.bbr.com/products-20138221942-2013-achaval-ferrer-finca-altamira-malbec-mendoza-argentina","1000564","20138221942"
"Achaval Ferrer","2015","Achaval Ferrer, Finca Altamira, Malbec, Mendoza, Argentina","390","Case of 6 Bottles","https://www.bbr.com/products-20158221942-2015-achaval-ferrer-finca-altamira-malbec-mendoza-argentina","1000564","20158221942"
"Achaval Ferrer","2013","Achaval Ferrer, Finca Mirador, Malbec, Mendoza, Argentina","300","Case of 6 Bottles","https://www.bbr.com/products-20138221900-2013-achaval-ferrer-finca-mirador-malbec-mendoza-argentina","1000580","20138221900"
"Achaval Ferrer","2015","Achaval Ferrer, Finca Mirador, Malbec, Mendoza, Argentina","350","Case of 6 Bottles","https://www.bbr.com/products-20158221900-2015-achaval-ferrer-finca-mirador-malbec-mendoza-argentina","1000580","20158221900"
"Chateau Mouton Rothschild","2013","Aile d'Argent Blanc, Chateau Mouton Rothschild, Bordeaux","545","Case of 6 Bottles","https://www.bbr.com/products-20138123161-2013-aile-d-argent-blanc-chateau-mouton-rothschild-bordeaux","1016372","20138123161"
"Chateau Mouton Rothschild","2015","Aile d'Argent Blanc, Chateau Mouton Rothschild, Bordeaux","777","Case of 6 Bottles","https://www.bbr.com/products-20158123161-2015-aile-d-argent-blanc-chateau-mouton-rothschild-bordeaux","1016372","20158123161"
"Chateau Mouton Rothschild","2016","Aile d'Argent Blanc, Chateau Mouton Rothschild, Bordeaux","550","Case of 6 Bottles","https://www.bbr.com/products-20168123161-2016-aile-d-argent-blanc-chateau-mouton-rothschild-bordeaux","1016372","20168123161"
"Chateau Mouton Rothschild","2018","Aile d'Argent Blanc, Chateau Mouton Rothschild, Bordeaux","491","Case of 6 Bottles","https://www.bbr.com/products-20188123161-2018-aile-d-argent-blanc-chateau-mouton-rothschild-bordeaux","1016372","20188123161"
"Chateau Mouton Rothschild","2019","Aile d'Argent Blanc, Chateau Mouton Rothschild, Bordeaux","474","Case of 6 Bottles","https://www.bbr.com/products-20198123161-2019-aile-d-argent-blanc-chateau-mouton-rothschild-bordeaux","1016372","20198123161"
"Chateau Mouton Rothschild","2023","Aile d'Argent Blanc, Chateau Mouton Rothschild, Bordeaux","595","Case of 6 Bottles","https://www.bbr.com/products-20238123161-2023-aile-d-argent-blanc-chateau-mouton-rothschild-bordeaux","1016372","20238123161"
"Akitu, Hawkesbury Estates Ltd","2016","Akitu, A1 Pinot Noir, Central Otago, New Zealand","264","Case of 6 Bottles","https://www.bbr.com/products-20168043269-2016-akitu-a1-pinot-noir-central-otago-new-zealand","1372852","20168043269"
"Akitu, Hawkesbury Estates Ltd","2017","Akitu, A1 Pinot Noir, Central Otago, New Zealand","218","Case of 6 Bottles","https://www.bbr.com/products-20178043269-2017-akitu-a1-pinot-noir-central-otago-new-zealand","1372852","20178043269"
"Akitu, Hawkesbury Estates Ltd","2020","Akitu, A1 Pinot Noir, Central Otago, New Zealand","210","Case of 6 Bottles","https://www.bbr.com/products-20208043269-2020-akitu-a1-pinot-noir-central-otago-new-zealand","1372852","20208043269"
"Akitu, Hawkesbury Estates Ltd","2021","Akitu, A1 Pinot Noir, Central Otago, New Zealand","300","Case of 6 Bottles","https://www.bbr.com/products-20218043269-2021-akitu-a1-pinot-noir-central-otago-new-zealand","1372852","20218043269"
"Podere Giodo","2019","Alberelli di Giodo, Sicily, Italy","250","Case of 6 Bottles","https://www.bbr.com/products-20198147198-2019-alberelli-di-giodo-sicily-italy","1868883","20198147198"
"Alejandro Bulgheroni","2017","Alejandro Bulgheroni, Cabernet Sauvignon, Napa Valley, California, USA","1100","Case of 3 Bottles","https://www.bbr.com/products-20178324904-2017-alejandro-bulgheroni-cabernet-sauvignon-napa-valley-california-usa","2318057","20178324904"
"Alexandre Bain","2018","Alexandre Bain, La Levee, Vin de France","250","Case of 12 Bottles","https://www.bbr.com/products-20188158015-2018-alexandre-bain-la-levee-vin-de-france","2474182","20188158015"
"Alexandre Bain","2019","Alexandre Bain, Pierre Precieuse, Vin de France","265","Case of 12 Bottles","https://www.bbr.com/products-20198242053-2019-alexandre-bain-pierre-precieuse-vin-de-france","1613180","20198242053"
"Alheit Vineyards","2013","Alheit Vineyards, Cartology, Bushvines, Western Cape, South Africa","552","Case of 6 Bottles","https://www.bbr.com/products-20131312520-2013-alheit-vineyards-cartology-bushvines-western-cape-south-africa","1312520","20131312520"
"Alheit Vineyards","2013","Alheit Vineyards, Cartology, Bushvines, Western Cape, South Africa","500","Case of 6 Bottles","https://www.bbr.com/products-20131312520-2013-alheit-vineyards-cartology-bushvines-western-cape-south-africa","1312520","20131312520"
"Alheit Vineyards","2014","Alheit Vineyards, Cartology, Bushvines, Western Cape, South Africa","420","Case of 6 Bottles","https://www.bbr.com/products-20141312520-2014-alheit-vineyards-cartology-bushvines-western-cape-south-africa","1312520","20141312520"
"Alheit Vineyards","2023","Alheit Vineyards, Fire By Night, Chenin Blanc, Western Cape, South Africa","220","Case of 3 Bottles","https://www.bbr.com/products-20238055994-2023-alheit-vineyards-fire-by-night-chenin-blanc-western-cape-south-africa","1374087","20238055994"
"Alheit Vineyards","2024","Alheit Vineyards, Fire By Night, Chenin Blanc, Western Cape, South Africa","345","Case of 6 Bottles","https://www.bbr.com/products-20248055994-2024-alheit-vineyards-fire-by-night-chenin-blanc-western-cape-south-africa","1374087","20248055994"
"Alheit Vineyards","2024","Alheit Vineyards, Huilkrans, Chenin Blanc, Western Cape, South Africa","390","Case of 6 Bottles","https://www.bbr.com/products-20248175375-2024-alheit-vineyards-huilkrans-chenin-blanc-western-cape-south-africa","1723380","20248175375"
"Alheit Vineyards","2018","Alheit Vineyards, Magnetic North, Chenin Blanc, Western Cape, South Africa","485","Case of 6 Bottles","https://www.bbr.com/products-20188055981-2018-alheit-vineyards-magnetic-north-chenin-blanc-western-cape-south-africa","1374087","20188055981"
"Alheit Vineyards","2020","Alheit Vineyards, Magnetic North, Chenin Blanc, Western Cape, South Africa","420","Case of 6 Bottles","https://www.bbr.com/products-20208055981-2020-alheit-vineyards-magnetic-north-chenin-blanc-western-cape-south-africa","1374087","20208055981"
"Finca Allende","2009","Allende Tinto, Rioja, Spain","126","Case of 6 Bottles","https://www.bbr.com/products-20091229853-2009-allende-tinto-rioja-spain","1229853","20091229853"
"Almaviva","2014","Almaviva, Maipo Valley, Chile","600","Case of 6 Bottles","https://www.bbr.com/products-20141083246-2014-almaviva-maipo-valley-chile","1083246","20141083246"
"Almaviva","2015","Almaviva, Maipo Valley, Chile","640","Case of 6 Bottles","https://www.bbr.com/products-20151083246-2015-almaviva-maipo-valley-chile","1083246","20151083246"
"Almaviva","2015","Almaviva, Maipo Valley, Chile","1000","Case of 12 Half Bottles","https://www.bbr.com/products-20151083246-2015-almaviva-maipo-valley-chile","1083246","20151083246"
"Almaviva","2016","Almaviva, Maipo Valley, Chile","760","Case of 6 Bottles","https://www.bbr.com/products-20161083246-2016-almaviva-maipo-valley-chile","1083246","20161083246"
"Almaviva","2017","Almaviva, Maipo Valley, Chile","660","Case of 6 Bottles","https://www.bbr.com/products-20171083246-2017-almaviva-maipo-valley-chile","1083246","20171083246"
"Almaviva","2017","Almaviva, Maipo Valley, Chile","950","Case of 6 Bottles","https://www.bbr.com/products-20171083246-2017-almaviva-maipo-valley-chile","1083246","20171083246"
"Almaviva","2018","Almaviva, Maipo Valley, Chile","620","Case of 6 Bottles","https://www.bbr.com/products-20181083246-2018-almaviva-maipo-valley-chile","1083246","20181083246"
"Almaviva","2020","Almaviva, Maipo Valley, Chile","650","Case of 6 Bottles","https://www.bbr.com/products-20201083246-2020-almaviva-maipo-valley-chile","1083246","20201083246"
"Almaviva","2021","Almaviva, Maipo Valley, Chile","645","Case of 6 Bottles","https://www.bbr.com/products-20211083246-2021-almaviva-maipo-valley-chile","1083246","20211083246"
"Philippe Pacalet","2017","Aloxe Corton, 1er Cru, Domaine Philippe Pacalet, Burgundy","1105","Case of 12 Bottles","https://www.bbr.com/products-20178051866-2017-aloxe-corton-1er-cru-domaine-philippe-pacalet-burgundy","1805563","20178051866"
"Philippe Pacalet","2019","Aloxe Corton, 1er Cru, Domaine Philippe Pacalet, Burgundy","1072","Case of 12 Bottles","https://www.bbr.com/products-20198051866-2019-aloxe-corton-1er-cru-domaine-philippe-pacalet-burgundy","1805563","20198051866"
"Domaine Follin-Arbelet","2019","Aloxe-Corton, Domaine Follin-Arbelet, Burgundy","175","Case of 6 Bottles","https://www.bbr.com/products-20191031898-2019-aloxe-corton-domaine-follin-arbelet-burgundy","1031898","20191031898"
"Domaine Follin-Arbelet","2021","Aloxe-Corton, Domaine Follin-Arbelet, Burgundy","290","Case of 6 Bottles","https://www.bbr.com/products-20211031898-2021-aloxe-corton-domaine-follin-arbelet-burgundy","1031898","20211031898"
"Tollot-Beaut","2015","Aloxe-Corton, Domaine Tollot-Beaut, Burgundy","380","Case of 6 Bottles","https://www.bbr.com/products-20151058347-2015-aloxe-corton-domaine-tollot-beaut-burgundy","1058347","20151058347"
"Domaine Henri Magnien","2023","Aloxe-Corton, La Coutiere, 1er Cru, Henri Magnien, Burgundy","340","Case of 6 Bottles","https://www.bbr.com/products-20238160304-2023-aloxe-corton-la-coutiere-1er-cru-henri-magnien-burgundy","1974362","20238160304"
"Domaine Thibault Liger-Belair","2012","Aloxe-Corton, La Toppe au Vert, 1er Cru, Thibault Liger-Belair Successeurs, Burgundy","745","Case of 6 Bottles","https://www.bbr.com/products-20128012355-2012-aloxe-corton-la-toppe-au-vert-1er-cru-thibault-liger-belair-successeurs-burgundy","1132032","20128012355"
"Domaine Thibault Liger-Belair","2014","Aloxe-Corton, La Toppe au Vert, 1er Cru, Thibault Liger-Belair Successeurs, Burgundy","500","Case of 6 Bottles","https://www.bbr.com/products-20148012355-2014-aloxe-corton-la-toppe-au-vert-1er-cru-thibault-liger-belair-successeurs-burgundy","1132032","20148012355"
"Domaine Thibault Liger-Belair","2015","Aloxe-Corton, La Toppe au Vert, 1er Cru, Thibault Liger-Belair Successeurs, Burgundy","375","Case of 6 Bottles","https://www.bbr.com/products-20158012355-2015-aloxe-corton-la-toppe-au-vert-1er-cru-thibault-liger-belair-successeurs-burgundy","1132032","20158012355"
"Domaine Thibault Liger-Belair","2020","Aloxe-Corton, La Toppe au Vert, 1er Cru, Thibault Liger-Belair Successeurs, Burgundy","400","Case of 3 Magnums","https://www.bbr.com/products-20208012355-2020-aloxe-corton-la-toppe-au-vert-1er-cru-thibault-liger-belair-successeurs-burgundy","1132032","20208012355"
"Domaine Jean-Baptiste Boudier","2019","Aloxe-Corton, Les Combes, Domaine Jean-Baptiste Boudier, Burgundy","550","Case of 12 Bottles","https://www.bbr.com/products-20198150918-2019-aloxe-corton-les-combes-domaine-jean-baptiste-boudier-burgundy","1934841","20198150918"
"Tollot-Beaut","2018","Aloxe-Corton, Les Fournieres, 1er Cru, Domaine Tollot-Beaut, Burgundy","365","Case of 6 Bottles","https://www.bbr.com/products-20181058350-2018-aloxe-corton-les-fournieres-1er-cru-domaine-tollot-beaut-burgundy","1058350","20181058350"
"Tollot-Beaut","2019","Aloxe-Corton, Les Fournieres, 1er Cru, Domaine Tollot-Beaut, Burgundy","138","Case of 3 Bottles","https://www.bbr.com/products-20191058350-2019-aloxe-corton-les-fournieres-1er-cru-domaine-tollot-beaut-burgundy","1058350","20191058350"
"Charles Lachaux","2023","Aloxe-Corton, Les Valoxieries, 1er Cru, Charles Lachaux, Burgundy","2700","Case of 6 Bottles","https://www.bbr.com/products-20238183493-2023-aloxe-corton-les-valoxieries-1er-cru-charles-lachaux-burgundy","2151850","20238183493"
"Domaine Gerard Julien & Fils","2019","Aloxe-Corton, Les Valozieres, Domaine Gerard Julien & Fils, Burgundy","195","Case of 3 Magnums","https://www.bbr.com/products-20198306070-2019-aloxe-corton-les-valozieres-domaine-gerard-julien-fils-burgundy","1451698","20198306070"
"Domaine Gerard Julien & Fils","2017","Aloxe-Corton, Les Valozieres, Domaine Gerard Julien &amp; Fils, Burgundy","215","Case of 6 Bottles","https://www.bbr.com/products-20178306070-2017-aloxe-corton-les-valozieres-domaine-gerard-julien-and-fils-burgundy","1451698","20178306070"
"Domaine Gerard Julien & Fils","2018","Aloxe-Corton, Les Valozieres, Domaine Gerard Julien &amp; Fils, Burgundy","125","Case of 6 Bottles","https://www.bbr.com/products-20188306070-2018-aloxe-corton-les-valozieres-domaine-gerard-julien-and-fils-burgundy","1451698","20188306070"
"Domaine Follin-Arbelet","2020","Aloxe-Corton, Les Vercots, 1er Cru, Domaine Follin-Arbelet, Burgundy","276","Case of 6 Bottles","https://www.bbr.com/products-20201031915-2020-aloxe-corton-les-vercots-1er-cru-domaine-follin-arbelet-burgundy","1031915","20201031915"
"Chateau Palmer","2009","Alter Ego de Palmer, Margaux, Bordeaux","1200","Case of 12 Bottles","https://www.bbr.com/products-20098004295-2009-alter-ego-de-palmer-margaux-bordeaux","1005989","20098004295"
"Chateau Palmer","2010","Alter Ego de Palmer, Margaux, Bordeaux","466","Case of 6 Bottles","https://www.bbr.com/products-20108004295-2010-alter-ego-de-palmer-margaux-bordeaux","1005989","20108004295"
"Chateau Palmer","2010","Alter Ego de Palmer, Margaux, Bordeaux","1055","Case of 6 Magnums","https://www.bbr.com/products-20108004295-2010-alter-ego-de-palmer-margaux-bordeaux","1005989","20108004295"
"Chateau Palmer","2012","Alter Ego de Palmer, Margaux, Bordeaux","420","Case of 6 Bottles","https://www.bbr.com/products-20128004295-2012-alter-ego-de-palmer-margaux-bordeaux","1005989","20128004295"
"Chateau Palmer","2014","Alter Ego de Palmer, Margaux, Bordeaux","300","Case of 6 Bottles","https://www.bbr.com/products-20148004295-2014-alter-ego-de-palmer-margaux-bordeaux","1005989","20148004295"
"Chateau Palmer","2014","Alter Ego de Palmer, Margaux, Bordeaux","380","Case of 3 Magnums","https://www.bbr.com/products-20148004295-2014-alter-ego-de-palmer-margaux-bordeaux","1005989","20148004295"
"Chateau Palmer","2015","Alter Ego de Palmer, Margaux, Bordeaux","384","Case of 6 Bottles","https://www.bbr.com/products-20158004295-2015-alter-ego-de-palmer-margaux-bordeaux","1005989","20158004295"
"Chateau Palmer","2015","Alter Ego de Palmer, Margaux, Bordeaux","750","Case of 12 Bottles","https://www.bbr.com/products-20158004295-2015-alter-ego-de-palmer-margaux-bordeaux","1005989","20158004295"
"Chateau Palmer","2015","Alter Ego de Palmer, Margaux, Bordeaux","300","Case of 1 Double Magnums","https://www.bbr.com/products-20158004295-2015-alter-ego-de-palmer-margaux-bordeaux","1005989","20158004295"
"Chateau Palmer","2015","Alter Ego de Palmer, Margaux, Bordeaux","450","Case of 3 Magnums","https://www.bbr.com/products-20158004295-2015-alter-ego-de-palmer-margaux-bordeaux","1005989","20158004295"
"Chateau Palmer","2016","Alter Ego de Palmer, Margaux, Bordeaux","420","Case of 6 Bottles","https://www.bbr.com/products-20168004295-2016-alter-ego-de-palmer-margaux-bordeaux","1005989","20168004295"
"Chateau Palmer","2016","Alter Ego de Palmer, Margaux, Bordeaux","490","Case of 6 Bottles","https://www.bbr.com/products-20168004295-2016-alter-ego-de-palmer-margaux-bordeaux","1005989","20168004295"
"Chateau Palmer","2017","Alter Ego de Palmer, Margaux, Bordeaux","350","Case of 6 Bottles","https://www.bbr.com/products-20178004295-2017-alter-ego-de-palmer-margaux-bordeaux","1005989","20178004295"
"Chateau Palmer","2017","Alter Ego de Palmer, Margaux, Bordeaux","340","Case of 6 Bottles","https://www.bbr.com/products-20178004295-2017-alter-ego-de-palmer-margaux-bordeaux","1005989","20178004295"
"Chateau Palmer","2017","Alter Ego de Palmer, Margaux, Bordeaux","380","Case of 3 Magnums","https://www.bbr.com/products-20178004295-2017-alter-ego-de-palmer-margaux-bordeaux","1005989","20178004295"
"Chateau Palmer","2019","Alter Ego de Palmer, Margaux, Bordeaux","310","Case of 6 Bottles","https://www.bbr.com/products-20198004295-2019-alter-ego-de-palmer-margaux-bordeaux","1005989","20198004295"
"Chateau Palmer","2019","Alter Ego de Palmer, Margaux, Bordeaux","336","Case of 3 Magnums","https://www.bbr.com/products-20198004295-2019-alter-ego-de-palmer-margaux-bordeaux","1005989","20198004295"
"Chateau Palmer","2019","Alter Ego de Palmer, Margaux, Bordeaux","725","Case of 1 Salmanazars","https://www.bbr.com/products-20198004295-2019-alter-ego-de-palmer-margaux-bordeaux","1005989","20198004295"
"Chateau Palmer","2020","Alter Ego de Palmer, Margaux, Bordeaux","280","Case of 6 Bottles","https://www.bbr.com/products-20208004295-2020-alter-ego-de-palmer-margaux-bordeaux","1005989","20208004295"
"Chateau Palmer","2020","Alter Ego de Palmer, Margaux, Bordeaux","330","Case of 6 Bottles","https://www.bbr.com/products-20208004295-2020-alter-ego-de-palmer-margaux-bordeaux","1005989","20208004295"
"Chateau Palmer","2020","Alter Ego de Palmer, Margaux, Bordeaux","275","Case of 3 Magnums","https://www.bbr.com/products-20208004295-2020-alter-ego-de-palmer-margaux-bordeaux","1005989","20208004295"
"Chateau Palmer","2021","Alter Ego de Palmer, Margaux, Bordeaux","288","Case of 6 Bottles","https://www.bbr.com/products-20218004295-2021-alter-ego-de-palmer-margaux-bordeaux","1005989","20218004295"
"Chateau Palmer","2022","Alter Ego de Palmer, Margaux, Bordeaux","350","Case of 6 Bottles","https://www.bbr.com/products-20228004295-2022-alter-ego-de-palmer-margaux-bordeaux","1005989","20228004295"
"Chateau Palmer","2022","Alter Ego de Palmer, Margaux, Bordeaux","695","Case of 3 Magnums","https://www.bbr.com/products-20228004295-2022-alter-ego-de-palmer-margaux-bordeaux","1005989","20228004295"
"Telmo Rodriguez","2012","Altos Lanzaga, Telmo Rodriguez, Rioja, Spain","336","Case of 6 Bottles","https://www.bbr.com/products-20121219786-2012-altos-lanzaga-telmo-rodriguez-rioja-spain","1219786","20121219786"
"Giuseppe Quintarelli","2004","Amarone della Valpolicella Classico, Giuseppe Quintarelli, Veneto, Italy","2250","Case of 6 Bottles","https://www.bbr.com/products-20041501540-2004-amarone-della-valpolicella-classico-giuseppe-quintarelli-veneto-italy","1103786","20041501540"
"Giuseppe Quintarelli","2006","Amarone della Valpolicella Classico, Giuseppe Quintarelli, Veneto, Italy","3900","Case of 6 Magnums","https://www.bbr.com/products-20061501540-2006-amarone-della-valpolicella-classico-giuseppe-quintarelli-veneto-italy","1103786","20061501540"
"Giuseppe Quintarelli","2007","Amarone della Valpolicella Classico, Giuseppe Quintarelli, Veneto, Italy","1995","Case of 6 Bottles","https://www.bbr.com/products-20071501540-2007-amarone-della-valpolicella-classico-giuseppe-quintarelli-veneto-italy","1103786","20071501540"
"Giuseppe Quintarelli","2007","Amarone della Valpolicella Classico, Giuseppe Quintarelli, Veneto, Italy","675","Case of 1 Magnums","https://www.bbr.com/products-20071501540-2007-amarone-della-valpolicella-classico-giuseppe-quintarelli-veneto-italy","1103786","20071501540"
"Allegrini","2016","Amarone della Valpolicella, Classico, Fieramonte, Riserva, Allegrini,Veneto, Italy","750","Case of 3 Bottles","https://www.bbr.com/products-20168159399-2016-amarone-della-valpolicella-classico-fieramonte-riserva-allegrini-veneto-italy","1731378","20168159399"
"Marion","2012","Amarone della Valpolicella, Marion, Marcellise, Veneto","974.1","Case of 6 Bottles","https://www.bbr.com/products-20121363160-2012-amarone-della-valpolicella-marion-marcellise-veneto","1363160","20121363160"
"Speri","2019","Amarone della Valpolicella, Monte Sant'Urbano, Speri, Veneto, Italy","285","Case of 6 Bottles","https://www.bbr.com/products-20198027759-2019-amarone-della-valpolicella-monte-sant-urbano-speri-veneto-italy","1449035","20198027759"
"An Approach To Relaxation","2019","An Approach to Relaxation, Sucette, Barossa Valley, Australia","525","Case of 12 Bottles","https://www.bbr.com/products-20198048394-2019-an-approach-to-relaxation-sucette-barossa-valley-australia","1592148","20198048394"
"Andrew Will Winery","2014","Andrew Will, Two Blondes Vineyard, Yakima Valley, Washington State, USA","480","Case of 12 Bottles","https://www.bbr.com/products-20148005670-2014-andrew-will-two-blondes-vineyard-yakima-valley-washington-state-usa","1525737","20148005670"
"Terra Vita Vinum","2019","Anjou Blanc, Grandes Rogeries, Terra Vita Vinum, Loire","315","Case of 6 Bottles","https://www.bbr.com/products-20198074261-2019-anjou-blanc-grandes-rogeries-terra-vita-vinum-loire","2705978","20198074261"
"Domaine Belargus","2020","Anjou, Quarts, Domaine Belargus, Loire","750","Case of 6 Bottles","https://www.bbr.com/products-20208152866-2020-anjou-quarts-domaine-belargus-loire","2173115","20208152866"
"Domaine Belargus","2021","Anjou, Quarts, Domaine Belargus, Loire","550","Case of 6 Bottles","https://www.bbr.com/products-20218152866-2021-anjou-quarts-domaine-belargus-loire","2173115","20218152866"
"Domaine Belargus","2020","Anjou, Ronceray, Domaine Belargus, Loire","360","Case of 6 Bottles","https://www.bbr.com/products-20208163187-2020-anjou-ronceray-domaine-belargus-loire","2080406","20208163187"
"Domaine Belargus","2020","Anjou, Treilles, Domaine Belargus, Loire","450","Case of 3 Bottles","https://www.bbr.com/products-20208169105-2020-anjou-treilles-domaine-belargus-loire","2173131","20208169105"
"Domaine Belargus","2021","Anjou, Treilles, Domaine Belargus, Loire","425","Case of 3 Bottles","https://www.bbr.com/products-20218169105-2021-anjou-treilles-domaine-belargus-loire","2173131","20218169105"
"Domaine Belargus","2020","Anjou, Veau, Domaine Belargus, Loire","420","Case of 6 Bottles","https://www.bbr.com/products-20208169091-2020-anjou-veau-domaine-belargus-loire","2173102","20208169091"
"Chateau Marjosse","2020","Anthologie de Marjosse, Cuvee Ortolan, Chateau Marjosse, Vin de France","115","Case of 6 Bottles","https://www.bbr.com/products-20208072528-2020-anthologie-de-marjosse-cuvee-ortolan-chateau-marjosse-vin-de-france","2015796","20208072528"
"Anwilka","2007","Anwilka, Stellenbosch, South Africa","120","Case of 6 Bottles","https://www.bbr.com/products-20078015024-2007-anwilka-stellenbosch-south-africa","1118568","20078015024"
"Anwilka","2008","Anwilka, Stellenbosch, South Africa","160","Case of 6 Bottles","https://www.bbr.com/products-20088015024-2008-anwilka-stellenbosch-south-africa","1118568","20088015024"
"Anwilka","2011","Anwilka, Stellenbosch, South Africa","199","Case of 6 Bottles","https://www.bbr.com/products-20118015024-2011-anwilka-stellenbosch-south-africa","1118568","20118015024"
"Anwilka","2012","Anwilka, Stellenbosch, South Africa","149","Case of 6 Bottles","https://www.bbr.com/products-20128015024-2012-anwilka-stellenbosch-south-africa","1118568","20128015024"
"Anwilka","2013","Anwilka, Stellenbosch, South Africa","138","Case of 6 Bottles","https://www.bbr.com/products-20138015024-2013-anwilka-stellenbosch-south-africa","1118568","20138015024"
"Anwilka","2014","Anwilka, Stellenbosch, South Africa","145","Case of 6 Bottles","https://www.bbr.com/products-20148015024-2014-anwilka-stellenbosch-south-africa","1118568","20148015024"
"Anwilka","2015","Anwilka, Stellenbosch, South Africa","159","Case of 6 Bottles","https://www.bbr.com/products-20158015024-2015-anwilka-stellenbosch-south-africa","1118568","20158015024"
"Anwilka","2016","Anwilka, Stellenbosch, South Africa","125","Case of 6 Bottles","https://www.bbr.com/products-20168015024-2016-anwilka-stellenbosch-south-africa","1118568","20168015024"
"Anwilka","2016","Anwilka, Stellenbosch, South Africa","117","Case of 3 Magnums","https://www.bbr.com/products-20168015024-2016-anwilka-stellenbosch-south-africa","1118568","20168015024"
"Anwilka","2017","Anwilka, Stellenbosch, South Africa","175","Case of 6 Bottles","https://www.bbr.com/products-20178015024-2017-anwilka-stellenbosch-south-africa","1118568","20178015024"
"Anwilka","2018","Anwilka, Stellenbosch, South Africa","150","Case of 6 Bottles","https://www.bbr.com/products-20188015024-2018-anwilka-stellenbosch-south-africa","1118568","20188015024"
"Anwilka","2019","Anwilka, Stellenbosch, South Africa","135","Case of 6 Bottles","https://www.bbr.com/products-20198015024-2019-anwilka-stellenbosch-south-africa","1118568","20198015024"
"Anwilka","2020","Anwilka, Stellenbosch, South Africa","160","Case of 6 Bottles","https://www.bbr.com/products-20208015024-2020-anwilka-stellenbosch-south-africa","1118568","20208015024"
"Moet Hennessy Estates & Wines","2013","Ao-Yun, Shangri-La, China","1298","Case of 6 Bottles","https://www.bbr.com/products-20138107488-2013-ao-yun-shangri-la-china","1409064","20138107488"
"Moet Hennessy Estates & Wines","2013","Ao-Yun, Shangri-La, China","1628","Case of 6 Bottles","https://www.bbr.com/products-20138107488-2013-ao-yun-shangri-la-china","1409064","20138107488"
"Moet Hennessy Estates & Wines","2014","Ao-Yun, Shangri-La, China","1298","Case of 6 Bottles","https://www.bbr.com/products-20148107488-2014-ao-yun-shangri-la-china","1409064","20148107488"
"Moet Hennessy Estates & Wines","2014","Ao-Yun, Shangri-La, China","1024","Case of 6 Bottles","https://www.bbr.com/products-20148107488-2014-ao-yun-shangri-la-china","1409064","20148107488"
"Moet Hennessy Estates & Wines","2015","Ao-Yun, Shangri-La, China","1300","Case of 6 Bottles","https://www.bbr.com/products-20158107488-2015-ao-yun-shangri-la-china","1409064","20158107488"
"Moet Hennessy Estates & Wines","2016","Ao-Yun, Shangri-La, China","1350","Case of 6 Bottles","https://www.bbr.com/products-20168107488-2016-ao-yun-shangri-la-china","1409064","20168107488"
"Moet Hennessy Estates & Wines","2021","Ao-Yun, Shangri-La, China","1600","Case of 6 Bottles","https://www.bbr.com/products-20218107488-2021-ao-yun-shangri-la-china","1409064","20218107488"
"Appassionata Estate","2014","Appassionata, Fortissimo, Pinot Noir, Dundee Hills, Oregon, USA","1100","Case of 6 Bottles","https://www.bbr.com/products-20148175317-2014-appassionata-fortissimo-pinot-noir-dundee-hills-oregon-usa","2911825","20148175317"
"Araujo Estate Wines","2010","Araujo Estate Wines, Eisele Vineyard Cabernet Sauvignon, Napa Valley, California, USA","2150","Case of 6 Bottles","https://www.bbr.com/products-20108136268-2010-araujo-estate-wines-eisele-vineyard-cabernet-sauvignon-napa-valley-california-usa","1121434","20108136268"
"Araujo Estate Wines","2012","Araujo Estate Wines, Eisele Vineyard Cabernet Sauvignon, Napa Valley, California, USA","777","Case of 1 Magnums","https://www.bbr.com/products-20128136268-2012-araujo-estate-wines-eisele-vineyard-cabernet-sauvignon-napa-valley-california-usa","1121434","20128136268"
"Domaine Tissot","2019","Arbois Chardonnay, Clos de la Tour de Curon, Stephane Tissot, Jura","890","Case of 6 Bottles","https://www.bbr.com/products-20198136880-2019-arbois-chardonnay-clos-de-la-tour-de-curon-stephane-tissot-jura","1315244","20198136880"
"Domaine Tissot","2012","Arbois Chardonnay, La Mailloche, Stephane Tissot","475","Case of 6 Bottles","https://www.bbr.com/products-20121363274-2012-arbois-chardonnay-la-mailloche-stephane-tissot","1363274","20121363274"
"Domaine du Pelican","2016","Arbois, En Barbi, Domaine du Pelican, Jura","450","Case of 6 Magnums","https://www.bbr.com/products-20168310246-2016-arbois-en-barbi-domaine-du-pelican-jura","1862924","20168310246"
"Terroir Al Limit","2020","Arbossar, Terroir al Limit, Priorat, Spain","315","Case of 6 Bottles","https://www.bbr.com/products-20208206833-2020-arbossar-terroir-al-limit-priorat-spain","1308383","20208206833"
"Tenuta Argentiera","2020","Argentiera, Bolgheri Superiore, Tuscany, Italy","430","Case of 6 Bottles","https://www.bbr.com/products-20208210810-2020-argentiera-bolgheri-superiore-tuscany-italy","1161548","20208210810"
"Tenuta Argentiera","2021","Argentiera, Bolgheri Superiore, Tuscany, Italy","320","Case of 6 Bottles","https://www.bbr.com/products-20218210810-2021-argentiera-bolgheri-superiore-tuscany-italy","1161548","20218210810"
"Bodegas Muga","2004","Aro, Bodegas Muga, Rioja, Spain","569","Case of 3 Bottles","https://www.bbr.com/products-20048032472-2004-aro-bodegas-muga-rioja-spain","1147508","20048032472"
"Chateau Pavie","2015","Aromes de Pavie, St Emilion, Bordeaux","220","Case of 6 Bottles","https://www.bbr.com/products-20158125309-2015-aromes-de-pavie-st-emilion-bordeaux","1006120","20158125309"
"Chateau Pavie","2017","Aromes de Pavie, St Emilion, Bordeaux","375","Case of 12 Bottles","https://www.bbr.com/products-20178125309-2017-aromes-de-pavie-st-emilion-bordeaux","1006120","20178125309"
"Rafael Palacios","2017","As Sortes, Val do Bibei, Rafael Palacios, Valdeorras, Spain","252","Case of 6 Bottles","https://www.bbr.com/products-20178002608-2017-as-sortes-val-do-bibei-rafael-palacios-valdeorras-spain","1277115","20178002608"
"Rafael Palacios","2018","As Sortes, Val do Bibei, Rafael Palacios, Valdeorras, Spain","335","Case of 6 Bottles","https://www.bbr.com/products-20188002608-2018-as-sortes-val-do-bibei-rafael-palacios-valdeorras-spain","1277115","20188002608"
"Ata Rangi","2016","Ata Rangi, Crimson, Pinot Noir, Martinborough, New Zealand","250","Case of 12 Bottles","https://www.bbr.com/products-20168111377-2016-ata-rangi-crimson-pinot-noir-martinborough-new-zealand","1236134","20168111377"
"Ata Rangi","2017","Ata Rangi, Pinot Noir, Martinborough, New Zealand","248","Case of 6 Bottles","https://www.bbr.com/products-20178115359-2017-ata-rangi-pinot-noir-martinborough-new-zealand","1125780","20178115359"
"Ata Rangi","2018","Ata Rangi, Pinot Noir, Martinborough, New Zealand","478","Case of 6 Bottles","https://www.bbr.com/products-20188115359-2018-ata-rangi-pinot-noir-martinborough-new-zealand","1125780","20188115359"
"Ata Rangi","2019","Ata Rangi, Pinot Noir, Martinborough, New Zealand","320","Case of 6 Bottles","https://www.bbr.com/products-20198115359-2019-ata-rangi-pinot-noir-martinborough-new-zealand","1125780","20198115359"
"Ata Rangi","2021","Ata Rangi, Pinot Noir, Martinborough, New Zealand","340","Case of 6 Bottles","https://www.bbr.com/products-20218115359-2021-ata-rangi-pinot-noir-martinborough-new-zealand","1125780","20218115359"
"Ciacci Piccolomini d'Aragona","2019","Ateo, Sant'Antimo, Ciacci Piccolomini d'Aragona, Tuscany, Italy","90","Case of 6 Bottles","https://www.bbr.com/products-20198152127-2019-ateo-sant-antimo-ciacci-piccolomini-d-aragona-tuscany-italy","1097904","20198152127"
"Au Bon Climat","2013","Au Bon Climat, Bien Nacido Chardonnay, Santa Maria Valley, California, USA","850","Case of 12 Bottles","https://www.bbr.com/products-20138001656-2013-au-bon-climat-bien-nacido-chardonnay-santa-maria-valley-california-usa","1229941","20138001656"
"Au Bon Climat","2014","Au Bon Climat, Bien Nacido Pinot Noir, Santa Maria Valley, California, USA","420","Case of 12 Bottles","https://www.bbr.com/products-20148026172-2014-au-bon-climat-bien-nacido-pinot-noir-santa-maria-valley-california-usa","1238226","20148026172"
"Au Bon Climat","2017","Au Bon Climat, Hildegard, Santa Maria Valley, California, USA","420","Case of 12 Bottles","https://www.bbr.com/products-20171210246-2017-au-bon-climat-hildegard-santa-maria-valley-california-usa","1210246","20171210246"
"Au Bon Climat","2019","Au Bon Climat, Hildegard, Santa Maria Valley, California, USA","380","Case of 12 Bottles","https://www.bbr.com/products-20191210246-2019-au-bon-climat-hildegard-santa-maria-valley-california-usa","1210246","20191210246"
"Au Bon Climat","2019","Au Bon Climat, Hildegard, Santa Maria Valley, California, USA","320","Case of 12 Bottles","https://www.bbr.com/products-20191210246-2019-au-bon-climat-hildegard-santa-maria-valley-california-usa","1210246","20191210246"
"Au Bon Climat","2022","Au Bon Climat, Hildegard, Santa Maria Valley, California, USA","375","Case of 12 Bottles","https://www.bbr.com/products-20221210246-2022-au-bon-climat-hildegard-santa-maria-valley-california-usa","1210246","20221210246"
"Au Bon Climat","2015","Au Bon Climat, Isabelle, Pinot Noir, California, USA","350","Case of 6 Bottles","https://www.bbr.com/products-20151224803-2015-au-bon-climat-isabelle-pinot-noir-california-usa","1224803","20151224803"
"Au Bon Climat","2016","Au Bon Climat, Isabelle, Pinot Noir, California, USA","340","Case of 6 Bottles","https://www.bbr.com/products-20161224803-2016-au-bon-climat-isabelle-pinot-noir-california-usa","1224803","20161224803"
"Au Bon Climat","2017","Au Bon Climat, Isabelle, Pinot Noir, California, USA","348","Case of 6 Bottles","https://www.bbr.com/products-20171224803-2017-au-bon-climat-isabelle-pinot-noir-california-usa","1224803","20171224803"
"Au Bon Climat","2018","Au Bon Climat, Isabelle, Pinot Noir, California, USA","400","Case of 6 Bottles","https://www.bbr.com/products-20181224803-2018-au-bon-climat-isabelle-pinot-noir-california-usa","1224803","20181224803"
"Au Bon Climat","2019","Au Bon Climat, Isabelle, Pinot Noir, California, USA","260","Case of 6 Bottles","https://www.bbr.com/products-20191224803-2019-au-bon-climat-isabelle-pinot-noir-california-usa","1224803","20191224803"
"Au Bon Climat","2020","Au Bon Climat, Isabelle, Pinot Noir, California, USA","320","Case of 6 Bottles","https://www.bbr.com/products-20201224803-2020-au-bon-climat-isabelle-pinot-noir-california-usa","1224803","20201224803"
"Au Bon Climat","2021","Au Bon Climat, Isabelle, Pinot Noir, California, USA","280","Case of 6 Bottles","https://www.bbr.com/products-20211224803-2021-au-bon-climat-isabelle-pinot-noir-california-usa","1224803","20211224803"
"Au Bon Climat","2022","Au Bon Climat, Isabelle, Pinot Noir, California, USA","350","Case of 6 Bottles","https://www.bbr.com/products-20221224803-2022-au-bon-climat-isabelle-pinot-noir-california-usa","1224803","20221224803"
"Au Bon Climat","2013","Au Bon Climat, Knox Alexander, Pinot Noir, Santa Maria Valley, California, USA","775","Case of 6 Bottles","https://www.bbr.com/products-20131135668-2013-au-bon-climat-knox-alexander-pinot-noir-santa-maria-valley-california-usa","1135668","20131135668"
"Au Bon Climat","2015","Au Bon Climat, Knox Alexander, Pinot Noir, Santa Maria Valley, California, USA","295","Case of 6 Bottles","https://www.bbr.com/products-20151135668-2015-au-bon-climat-knox-alexander-pinot-noir-santa-maria-valley-california-usa","1135668","20151135668"
"Au Bon Climat","2016","Au Bon Climat, Knox Alexander, Pinot Noir, Santa Maria Valley, California, USA","320","Case of 6 Bottles","https://www.bbr.com/products-20161135668-2016-au-bon-climat-knox-alexander-pinot-noir-santa-maria-valley-california-usa","1135668","20161135668"
"Au Bon Climat","2017","Au Bon Climat, Knox Alexander, Pinot Noir, Santa Maria Valley, California, USA","250","Case of 6 Bottles","https://www.bbr.com/products-20171135668-2017-au-bon-climat-knox-alexander-pinot-noir-santa-maria-valley-california-usa","1135668","20171135668"
"Au Bon Climat","2018","Au Bon Climat, Knox Alexander, Pinot Noir, Santa Maria Valley, California, USA","290","Case of 6 Bottles","https://www.bbr.com/products-20181135668-2018-au-bon-climat-knox-alexander-pinot-noir-santa-maria-valley-california-usa","1135668","20181135668"
"Au Bon Climat","2019","Au Bon Climat, Knox Alexander, Pinot Noir, Santa Maria Valley, California, USA","360","Case of 6 Bottles","https://www.bbr.com/products-20191135668-2019-au-bon-climat-knox-alexander-pinot-noir-santa-maria-valley-california-usa","1135668","20191135668"
"Au Bon Climat","2020","Au Bon Climat, Knox Alexander, Pinot Noir, Santa Maria Valley, California, USA","315","Case of 6 Bottles","https://www.bbr.com/products-20201135668-2020-au-bon-climat-knox-alexander-pinot-noir-santa-maria-valley-california-usa","1135668","20201135668"
"Au Bon Climat","2022","Au Bon Climat, Knox Alexander, Pinot Noir, Santa Maria Valley, California, USA","350","Case of 6 Bottles","https://www.bbr.com/products-20221135668-2022-au-bon-climat-knox-alexander-pinot-noir-santa-maria-valley-california-usa","1135668","20221135668"
"Au Bon Climat","2020","Au Bon Climat, La Bauge Au-dessus Pinot Noir, Santa Maria Valley, California, USA","575","Case of 12 Bottles","https://www.bbr.com/products-20201175394-2020-au-bon-climat-la-bauge-au-dessus-pinot-noir-santa-maria-valley-california-usa","1175394","20201175394"
"Au Bon Climat","2021","Au Bon Climat, Larmes de Grappe, Sanford & Benedict Pinot Noir, Santa Rita Hills, California, USA","470","Case of 6 Bottles","https://www.bbr.com/products-20218066084-2021-au-bon-climat-larmes-de-grappe-sanford-benedict-pinot-noir-santa-rita-hills-california-usa","2119872","20218066084"
"Au Bon Climat","2017","Au Bon Climat, Larmes de Grappe, Sanford &amp; Benedict Pinot Noir, Santa Rita Hills, California, USA","600","Case of 6 Bottles","https://www.bbr.com/products-20178066084-2017-au-bon-climat-larmes-de-grappe-sanford-and-benedict-pinot-noir-santa-rita-hills-california-usa","2119872","20178066084"
"Au Bon Climat","2019","Au Bon Climat, Larmes de Grappe, Sanford &amp; Benedict Pinot Noir, Santa Rita Hills, California, USA","380","Case of 6 Bottles","https://www.bbr.com/products-20198066084-2019-au-bon-climat-larmes-de-grappe-sanford-and-benedict-pinot-noir-santa-rita-hills-california-usa","2119872","20198066084"
"Au Bon Climat","2020","Au Bon Climat, Larmes de Grappe, Sanford &amp; Benedict Pinot Noir, Santa Rita Hills, California, USA","415","Case of 6 Bottles","https://www.bbr.com/products-20208066084-2020-au-bon-climat-larmes-de-grappe-sanford-and-benedict-pinot-noir-santa-rita-hills-california-usa","2119872","20208066084"
"Au Bon Climat","2017","Au Bon Climat, Nuits-Blanches au Bouge, Chardonnay, Santa Maria Valley, California, USA","276","Case of 6 Bottles","https://www.bbr.com/products-20178040880-2017-au-bon-climat-nuits-blanches-au-bouge-chardonnay-santa-maria-valley-california-usa","1210233","20178040880"
"Au Bon Climat","2020","Au Bon Climat, Nuits-Blanches au Bouge, Chardonnay, Santa Maria Valley, California, USA","260","Case of 6 Bottles","https://www.bbr.com/products-20208040880-2020-au-bon-climat-nuits-blanches-au-bouge-chardonnay-santa-maria-valley-california-usa","1210233","20208040880"
"Au Bon Climat","2021","Au Bon Climat, Nuits-Blanches au Bouge, Chardonnay, Santa Maria Valley, California, USA","280","Case of 6 Bottles","https://www.bbr.com/products-20218040880-2021-au-bon-climat-nuits-blanches-au-bouge-chardonnay-santa-maria-valley-california-usa","1210233","20218040880"
"Au Bon Climat","2022","Au Bon Climat, Nuits-Blanches au Bouge, Chardonnay, Santa Maria Valley, California, USA","216","Case of 6 Bottles","https://www.bbr.com/products-20228040880-2022-au-bon-climat-nuits-blanches-au-bouge-chardonnay-santa-maria-valley-california-usa","1210233","20228040880"
"Au Bon Climat","2023","Au Bon Climat, Nuits-Blanches au Bouge, Chardonnay, Santa Maria Valley, California, USA","240","Case of 6 Bottles","https://www.bbr.com/products-20238040880-2023-au-bon-climat-nuits-blanches-au-bouge-chardonnay-santa-maria-valley-california-usa","1210233","20238040880"
"Au Bon Climat","2016","Au Bon Climat, Nuits-Blanches au Bouge, Chardonnay, Santa MariaValley, California, USA","600","Case of 12 Bottles","https://www.bbr.com/products-20168040880-2016-au-bon-climat-nuits-blanches-au-bouge-chardonnay-santa-mariavalley-california-usa","1210233","20168040880"
"Au Bon Climat","2014","Au Bon Climat, Rincon, Talley Vineyard Pinot Noir, Arroyo Grande Valley, California, USA","410","Case of 12 Bottles","https://www.bbr.com/products-20148012603-2014-au-bon-climat-rincon-talley-vineyard-pinot-noir-arroyo-grande-valley-california-usa","1175381","20148012603"
"Au Bon Climat","2019","Au Bon Climat, Sanford & Benedict Chardonnay, 34th Vintage Celebration, Santa Ynez Valley, California, USA","345","Case of 6 Bottles","https://www.bbr.com/products-20198310435-2019-au-bon-climat-sanford-benedict-chardonnay-34th-vintage-celebration-santa-ynez-valley-california-usa","3049413","20198310435"
"Au Bon Climat","2017","Au Bon Climat, Sanford &amp; Benedict Pinot Noir, Santa Ynez Valley, California, USA","980","Case of 12 Bottles","https://www.bbr.com/products-20171170823-2017-au-bon-climat-sanford-and-benedict-pinot-noir-santa-ynez-valley-california-usa","1170823","20171170823"
"Aubert Wines","2022","Aubert, Chardonnay, Carneros, Napa Valley, California, USA","1175","Case of 12 Bottles","https://www.bbr.com/products-20228256463-2022-aubert-chardonnay-carneros-napa-valley-california-usa","1366350","20228256463"
"Aubert Wines","2021","Aubert, Lauren Chardonnay, Sonoma Coast, California, USA","700","Case of 3 Bottles","https://www.bbr.com/products-20218211312-2021-aubert-lauren-chardonnay-sonoma-coast-california-usa","1147595","20218211312"
"Finca Allende","2005","Aurus, Finca Allende, Rioja, Spain","595","Case of 6 Bottles","https://www.bbr.com/products-20058002510-2005-aurus-finca-allende-rioja-spain","1130445","20058002510"
"Benjamin Leroux","2023","Auxey-Duresses Blanc, Benjamin Leroux, Burgundy","250","Case of 6 Bottles","https://www.bbr.com/products-20231074280-2023-auxey-duresses-blanc-benjamin-leroux-burgundy","1074280","20231074280"
"Domaine Comte Armand","2007","Auxey-Duresses, 1er Cru, Comte Armand, Burgundy","477","Case of 6 Bottles","https://www.bbr.com/products-20071261017-2007-auxey-duresses-1er-cru-comte-armand-burgundy","1261017","20071261017"
"Domaine Comte Armand","2009","Auxey-Duresses, 1er Cru, Comte Armand, Burgundy","230","Case of 6 Bottles","https://www.bbr.com/products-20091261017-2009-auxey-duresses-1er-cru-comte-armand-burgundy","1261017","20091261017"
"Domaine Comte Armand","2010","Auxey-Duresses, 1er Cru, Comte Armand, Burgundy","290","Case of 6 Bottles","https://www.bbr.com/products-20101261017-2010-auxey-duresses-1er-cru-comte-armand-burgundy","1261017","20101261017"
"Domaine Comte Armand","2011","Auxey-Duresses, 1er Cru, Comte Armand, Burgundy","398","Case of 6 Bottles","https://www.bbr.com/products-20111261017-2011-auxey-duresses-1er-cru-comte-armand-burgundy","1261017","20111261017"
"Domaine Comte Armand","2013","Auxey-Duresses, 1er Cru, Comte Armand, Burgundy","450","Case of 6 Bottles","https://www.bbr.com/products-20131261017-2013-auxey-duresses-1er-cru-comte-armand-burgundy","1261017","20131261017"
"Domaine Comte Armand","2015","Auxey-Duresses, 1er Cru, Comte Armand, Burgundy","400","Case of 6 Bottles","https://www.bbr.com/products-20151261017-2015-auxey-duresses-1er-cru-comte-armand-burgundy","1261017","20151261017"
"Domaine Comte Armand","2015","Auxey-Duresses, 1er Cru, Comte Armand, Burgundy","350","Case of 6 Bottles","https://www.bbr.com/products-20151261017-2015-auxey-duresses-1er-cru-comte-armand-burgundy","1261017","20151261017"
"Domaine Comte Armand","2017","Auxey-Duresses, 1er Cru, Comte Armand, Burgundy","230","Case of 6 Bottles","https://www.bbr.com/products-20171261017-2017-auxey-duresses-1er-cru-comte-armand-burgundy","1261017","20171261017"
"Domaine Comte Armand","2018","Auxey-Duresses, 1er Cru, Comte Armand, Burgundy","275","Case of 6 Bottles","https://www.bbr.com/products-20181261017-2018-auxey-duresses-1er-cru-comte-armand-burgundy","1261017","20181261017"
"Domaine Comte Armand","2022","Auxey-Duresses, 1er Cru, Comte Armand, Burgundy","260","Case of 6 Bottles","https://www.bbr.com/products-20221261017-2022-auxey-duresses-1er-cru-comte-armand-burgundy","1261017","20221261017"
"Domaine Roulot","2018","Auxey-Duresses, 1er Cru, Domaine Roulot, Burgundy","595","Case of 6 Bottles","https://www.bbr.com/products-20188120128-2018-auxey-duresses-1er-cru-domaine-roulot-burgundy","1056747","20188120128"
"Domaine Roulot","2021","Auxey-Duresses, 1er Cru, Domaine Roulot, Burgundy","695","Case of 6 Bottles","https://www.bbr.com/products-20218120128-2021-auxey-duresses-1er-cru-domaine-roulot-burgundy","1056747","20218120128"
"Domaine Lafouge","2021","Auxey-Duresses, Climat du Val, 1er Cru, Domaine Lafouge, Burgundy","185","Case of 6 Bottles","https://www.bbr.com/products-20218164429-2021-auxey-duresses-climat-du-val-1er-cru-domaine-lafouge-burgundy","1498495","20218164429"
"Domaine Comte Armand","2014","Auxey-Duresses, Comte Armand, Burgundy","225","Case of 6 Bottles","https://www.bbr.com/products-20148013899-2014-auxey-duresses-comte-armand-burgundy","1026494","20148013899"
"Domaine Comte Armand","2018","Auxey-Duresses, Comte Armand, Burgundy","235","Case of 6 Bottles","https://www.bbr.com/products-20188013899-2018-auxey-duresses-comte-armand-burgundy","1026494","20188013899"
"Jean-Philippe Fichet","2018","Auxey-Duresses, Jean-Philippe Fichet, Burgundy","400","Case of 12 Bottles","https://www.bbr.com/products-20188026462-2018-auxey-duresses-jean-philippe-fichet-burgundy","1068342","20188026462"
"Jean-Philippe Fichet","2019","Auxey-Duresses, Jean-Philippe Fichet, Burgundy","340","Case of 12 Bottles","https://www.bbr.com/products-20198026462-2019-auxey-duresses-jean-philippe-fichet-burgundy","1068342","20198026462"
"Domaine d'Auvenay","2018","Auxey-Duresses, La Macabree, Domaine d'Auvenay, Burgundy","15000","Case of 3 Bottles","https://www.bbr.com/products-20188082871-2018-auxey-duresses-la-macabree-domaine-d-auvenay-burgundy","1813014","20188082871"
"Domaine Lafouge","2021","Auxey-Duresses, Les Boutonniers, Domaine Lafouge, Burgundy","180","Case of 6 Bottles","https://www.bbr.com/products-20218169453-2021-auxey-duresses-les-boutonniers-domaine-lafouge-burgundy","1497850","20218169453"
"Domaine d'Auvenay","2009","Auxey-Duresses, Les Clous, Domaine d'Auvenay, Burgundy","13700","Case of 3 Bottles","https://www.bbr.com/products-20098109567-2009-auxey-duresses-les-clous-domaine-d-auvenay-burgundy","1317479","20098109567"
"Domaine Denis Carre","2021","Auxey-Duresses, Les Vireux, Domaine Denis Carre, Burgundy","285","Case of 12 Bottles","https://www.bbr.com/products-20218017028-2021-auxey-duresses-les-vireux-domaine-denis-carre-burgundy","1742266","20218017028"
"Weingut Peter Lauer . Ayl","2016","Ayler Riesling Kabinett Fass No. 8, Weingut Peter Lauer","100","Case of 6 Bottles","https://www.bbr.com/products-20168204839-2016-ayler-riesling-kabinett-fass-no-8-weingut-peter-lauer","1378867","20168204839"
"BI Wines & Spirits Ltd","2011","BI Bordeaux","80","Case of 6 Bottles","https://www.bbr.com/products-20118204884-2011-bi-bordeaux","1378102","20118204884"
"Baettig Winery","2021","Baettig, Los Primos, Seleccion de Parcelas, Chardonnay, Maule Valley, Chile","375","Case of 6 Bottles","https://www.bbr.com/products-20218400404-2021-baettig-los-primos-seleccion-de-parcelas-chardonnay-maule-valley-chile","2074685","20218400404"
"Baettig Winery","2021","Baettig, Los Primos, Seleccion de Parcelas, Pinot Noir, Malleco Valley, Chile","350","Case of 6 Bottles","https://www.bbr.com/products-20218314693-2021-baettig-los-primos-seleccion-de-parcelas-pinot-noir-malleco-valley-chile","2074698","20218314693"
"Bibi Graetz","2021","Balocchi No.7, Cabernet Franc, Poderi dell'Olmo, Bibi Graetz, Tuscany, Italy","650","Case of 3 Bottles","https://www.bbr.com/products-20218079761-2021-balocchi-no-7-cabernet-franc-poderi-dell-olmo-bibi-graetz-tuscany-italy","3035234","20218079761"
"Roagna, Piedmont","2008","Barbaresco Asili, Roagna, Piedmont","900","Case of 6 Bottles","https://www.bbr.com/products-20088026332-2008-barbaresco-asili-roagna-piedmont","1104246","20088026332"
"Roagna, Piedmont","2008","Barbaresco Asili, Roagna, Piedmont","530","Case of 1 Double Magnums","https://www.bbr.com/products-20088026332-2008-barbaresco-asili-roagna-piedmont","1104246","20088026332"
"Bruno Giacosa","2014","Barbaresco Falletto, Bruno Giacosa","460","Case of 6 Bottles","https://www.bbr.com/products-20148106436-2014-barbaresco-falletto-bruno-giacosa","1485138","20148106436"
"Bruno Giacosa","2014","Barbaresco Falletto, Bruno Giacosa","620","Case of 6 Bottles","https://www.bbr.com/products-20148106436-2014-barbaresco-falletto-bruno-giacosa","1485138","20148106436"
"Bruno Giacosa","2004","Barbaresco, Albesani Santo Stefano, Bruno Giacosa, Piedmont, Italy","2450","Case of 6 Bottles","https://www.bbr.com/products-20048108746-2004-barbaresco-albesani-santo-stefano-bruno-giacosa-piedmont-italy","1350526","20048108746"
"Bruno Giacosa","2007","Barbaresco, Albesani Santo Stefano, Bruno Giacosa, Piedmont, Italy","900","Case of 6 Bottles","https://www.bbr.com/products-20078108746-2007-barbaresco-albesani-santo-stefano-bruno-giacosa-piedmont-italy","1350526","20078108746"
"Bruno Giacosa","2008","Barbaresco, Albesani Santo Stefano, Bruno Giacosa, Piedmont, Italy","875","Case of 6 Bottles","https://www.bbr.com/products-20088108746-2008-barbaresco-albesani-santo-stefano-bruno-giacosa-piedmont-italy","1350526","20088108746"
"Cantina del Pino","2018","Barbaresco, Albesani, Cantina del Pino, Piedmont, Italy","222","Case of 6 Bottles","https://www.bbr.com/products-20188041106-2018-barbaresco-albesani-cantina-del-pino-piedmont-italy","1124682","20188041106"
"Roagna, Piedmont","2014","Barbaresco, Albesani, Roagna, Piedmont, Italy","745","Case of 6 Bottles","https://www.bbr.com/products-20148039699-2014-barbaresco-albesani-roagna-piedmont-italy","1846300","20148039699"
"Roagna, Piedmont","2015","Barbaresco, Albesani, Roagna, Piedmont, Italy","490","Case of 6 Bottles","https://www.bbr.com/products-20158039699-2015-barbaresco-albesani-roagna-piedmont-italy","1846300","20158039699"
"Bruno Giacosa","2017","Barbaresco, Asili, Bruno Giacosa, Piedmont, Italy","576","Case of 6 Bottles","https://www.bbr.com/products-20178038748-2017-barbaresco-asili-bruno-giacosa-piedmont-italy","1099865","20178038748"
"Bruno Giacosa","2017","Barbaresco, Asili, Bruno Giacosa, Piedmont, Italy","550","Case of 3 Magnums","https://www.bbr.com/products-20178038748-2017-barbaresco-asili-bruno-giacosa-piedmont-italy","1099865","20178038748"
"Bruno Giacosa","2019","Barbaresco, Asili, Bruno Giacosa, Piedmont, Italy","595","Case of 6 Bottles","https://www.bbr.com/products-20198038748-2019-barbaresco-asili-bruno-giacosa-piedmont-italy","1099865","20198038748"
"Cascina Luisin, Piedmont","2013","Barbaresco, Asili, Cascina Luisin, Piedmont, Italy","495","Case of 12 Bottles","https://www.bbr.com/products-20131396153-2013-barbaresco-asili-cascina-luisin-piedmont-italy","1396153","20131396153"
"Ceretto","2019","Barbaresco, Asili, Ceretto, Piedmont, Italy","500","Case of 6 Bottles","https://www.bbr.com/products-20198234078-2019-barbaresco-asili-ceretto-piedmont-italy","1471799","20198234078"
"Luigi Giordano","2018","Barbaresco, Asili, Luigi Giordano, Piedmont, Italy","200","Case of 6 Bottles","https://www.bbr.com/products-20188052645-2018-barbaresco-asili-luigi-giordano-piedmont-italy","1870635","20188052645"
"Luigi Giordano","2018","Barbaresco, Asili, Luigi Giordano, Piedmont, Italy","285","Case of 3 Magnums","https://www.bbr.com/products-20188052645-2018-barbaresco-asili-luigi-giordano-piedmont-italy","1870635","20188052645"
"Luigi Giordano","2020","Barbaresco, Asili, Luigi Giordano, Piedmont, Italy","269","Case of 6 Bottles","https://www.bbr.com/products-20208052645-2020-barbaresco-asili-luigi-giordano-piedmont-italy","1870635","20208052645"
"Luigi Giordano","2020","Barbaresco, Asili, Luigi Giordano, Piedmont, Italy","285","Case of 3 Magnums","https://www.bbr.com/products-20208052645-2020-barbaresco-asili-luigi-giordano-piedmont-italy","1870635","20208052645"
"Luigi Giordano","2021","Barbaresco, Asili, Luigi Giordano, Piedmont, Italy","200","Case of 6 Bottles","https://www.bbr.com/products-20218052645-2021-barbaresco-asili-luigi-giordano-piedmont-italy","1870635","20218052645"
"Bruno Giacosa","2014","Barbaresco, Asili, Riserva, Bruno Giacosa, Piedmont, Italy","1390","Case of 6 Bottles","https://www.bbr.com/products-20148029199-2014-barbaresco-asili-riserva-bruno-giacosa-piedmont-italy","1099881","20148029199"
"Bruno Giacosa","2016","Barbaresco, Asili, Riserva, Bruno Giacosa, Piedmont, Italy","2200","Case of 3 Magnums","https://www.bbr.com/products-20168029199-2016-barbaresco-asili-riserva-bruno-giacosa-piedmont-italy","1099881","20168029199"
"Produttori Del Barbaresco","2013","Barbaresco, Asili, Riserva, Produttori del Barbaresco, Piedmont, Italy","725","Case of 6 Bottles","https://www.bbr.com/products-20138223308-2013-barbaresco-asili-riserva-produttori-del-barbaresco-piedmont-italy","1103483","20138223308"
"Produttori Del Barbaresco","2016","Barbaresco, Asili, Riserva, Produttori del Barbaresco, Piedmont, Italy","525","Case of 6 Bottles","https://www.bbr.com/products-20168223308-2016-barbaresco-asili-riserva-produttori-del-barbaresco-piedmont-italy","1103483","20168223308"
"Roagna, Piedmont","2010","Barbaresco, Asili, Vecchie Viti, Roagna, Piedmont, Italy","1045","Case of 6 Bottles","https://www.bbr.com/products-20108026361-2010-barbaresco-asili-vecchie-viti-roagna-piedmont-italy","1196968","20108026361"
"Roagna, Piedmont","2011","Barbaresco, Asili, Vecchie Viti, Roagna, Piedmont, Italy","1450","Case of 3 Magnums","https://www.bbr.com/products-20118026361-2011-barbaresco-asili-vecchie-viti-roagna-piedmont-italy","1196968","20118026361"
"Roagna, Piedmont","2013","Barbaresco, Asili, Vecchie Viti, Roagna, Piedmont, Italy","1099","Case of 6 Bottles","https://www.bbr.com/products-20138026361-2013-barbaresco-asili-vecchie-viti-roagna-piedmont-italy","1196968","20138026361"
"Roagna, Piedmont","2013","Barbaresco, Asili, Vecchie Viti, Roagna, Piedmont, Italy","1120","Case of 6 Bottles","https://www.bbr.com/products-20138026361-2013-barbaresco-asili-vecchie-viti-roagna-piedmont-italy","1196968","20138026361"
"Roagna, Piedmont","2014","Barbaresco, Asili, Vecchie Viti, Roagna, Piedmont, Italy","900","Case of 6 Bottles","https://www.bbr.com/products-20148026361-2014-barbaresco-asili-vecchie-viti-roagna-piedmont-italy","1196968","20148026361"
"Sottimano","2018","Barbaresco, Basarin, Sottimano, Piedmont, Italy","230","Case of 6 Bottles","https://www.bbr.com/products-20188174613-2018-barbaresco-basarin-sottimano-piedmont-italy","1784895","20188174613"
"Ceretto","2020","Barbaresco, Bernadot, Ceretto, Piedmont, Italy","717","Case of 6 Bottles","https://www.bbr.com/products-20208109958-2020-barbaresco-bernadot-ceretto-piedmont-italy","1314511","20208109958"
"Piero Busso","2004","Barbaresco, Borgese, Piero Busso, Piedmont, Italy","601","Case of 6 Bottles","https://www.bbr.com/products-20048111843-2004-barbaresco-borgese-piero-busso-piedmont-italy","1096327","20048111843"
"Bruno Rocca, Az Agricola Rabaja","2018","Barbaresco, Bruno Rocca, Piedmont, Italy","425","Case of 6 Bottles","https://www.bbr.com/products-20188400390-2018-barbaresco-bruno-rocca-piedmont-italy","1104305","20188400390"
"Punset, Piedmont","2010","Barbaresco, Campo Quadro, Punset, Piedmont, Italy","420","Case of 6 Bottles","https://www.bbr.com/products-20108027863-2010-barbaresco-campo-quadro-punset-piedmont-italy","1168592","20108027863"
"Cascina Bruciata","2010","Barbaresco, Cascina Bruciata, Piedmont, Italy","200","Case of 6 Bottles","https://www.bbr.com/products-20108077448-2010-barbaresco-cascina-bruciata-piedmont-italy","3003714","20108077448"
"Luigi Giordano","2018","Barbaresco, Cavanna, Luigi Giordano, Piedmont, Italy","174","Case of 6 Bottles","https://www.bbr.com/products-20188052632-2018-barbaresco-cavanna-luigi-giordano-piedmont-italy","1708776","20188052632"
"Luigi Giordano","2019","Barbaresco, Cavanna, Luigi Giordano, Piedmont, Italy","169","Case of 6 Bottles","https://www.bbr.com/products-20198052632-2019-barbaresco-cavanna-luigi-giordano-piedmont-italy","1708776","20198052632"
"Luigi Giordano","2021","Barbaresco, Cavanna, Luigi Giordano, Piedmont, Italy","150","Case of 6 Bottles","https://www.bbr.com/products-20218052632-2021-barbaresco-cavanna-luigi-giordano-piedmont-italy","1708776","20218052632"
"Gaja","2017","Barbaresco, Costa Russi, Gaja, Piedmont, Italy","1540","Case of 6 Bottles","https://www.bbr.com/products-20178117757-2017-barbaresco-costa-russi-gaja-piedmont-italy","1099722","20178117757"
"Gaja","2020","Barbaresco, Costa Russi, Gaja, Piedmont, Italy","760","Case of 1 Magnums","https://www.bbr.com/products-20208117757-2020-barbaresco-costa-russi-gaja-piedmont-italy","1099722","20208117757"
"Sottimano","2016","Barbaresco, Cotta, Sottimano, Piedmont, Italy","470","Case of 6 Bottles","https://www.bbr.com/products-20168059051-2016-barbaresco-cotta-sottimano-piedmont-italy","1704000","20168059051"
"Roagna, Piedmont","2006","Barbaresco, Crichet Paje, Roagna, Piedmont, Italy","3400","Case of 6 Bottles","https://www.bbr.com/products-20068003302-2006-barbaresco-crichet-paje-roagna-piedmont-italy","1195105","20068003302"
"Roagna, Piedmont","2010","Barbaresco, Crichet Paje, Roagna, Piedmont, Italy","3250","Case of 3 Bottles","https://www.bbr.com/products-20108003302-2010-barbaresco-crichet-paje-roagna-piedmont-italy","1195105","20108003302"
"Roagna, Piedmont","2010","Barbaresco, Crichet Paje, Roagna, Piedmont, Italy","2200","Case of 1 Magnums","https://www.bbr.com/products-20108003302-2010-barbaresco-crichet-paje-roagna-piedmont-italy","1195105","20108003302"
"Roagna, Piedmont","2012","Barbaresco, Crichet Paje, Roagna, Piedmont, Italy","3576","Case of 3 Bottles","https://www.bbr.com/products-20128003302-2012-barbaresco-crichet-paje-roagna-piedmont-italy","1195105","20128003302"
"Roagna, Piedmont","2015","Barbaresco, Faset, Roagna, Piedmont, Italy","475","Case of 6 Bottles","https://www.bbr.com/products-20158003344-2015-barbaresco-faset-roagna-piedmont-italy","1734106","20158003344"
"Guido Rivella","2016","Barbaresco, Fausoni, Guido Rivella, Piedmont, Italy","295","Case of 3 Bottles","https://www.bbr.com/products-20168052339-2016-barbaresco-fausoni-guido-rivella-piedmont-italy","1870316","20168052339"
"Guido Rivella","2018","Barbaresco, Fausoni, Guido Rivella, Piedmont, Italy","325","Case of 3 Bottles","https://www.bbr.com/products-20188052339-2018-barbaresco-fausoni-guido-rivella-piedmont-italy","1870316","20188052339"
"Sottimano","2016","Barbaresco, Fausoni, Sottimano, Piedmont, Italy","600","Case of 6 Bottles","https://www.bbr.com/products-20168110152-2016-barbaresco-fausoni-sottimano-piedmont-italy","1169485","20168110152"
"Sottimano","2018","Barbaresco, Fausoni, Sottimano, Piedmont, Italy","590","Case of 6 Bottles","https://www.bbr.com/products-20188110152-2018-barbaresco-fausoni-sottimano-piedmont-italy","1169485","20188110152"
"Sottimano","2019","Barbaresco, Fausoni, Sottimano, Piedmont, Italy","300","Case of 6 Bottles","https://www.bbr.com/products-20198110152-2019-barbaresco-fausoni-sottimano-piedmont-italy","1169485","20198110152"
"Sottimano","2020","Barbaresco, Fausoni, Sottimano, Piedmont, Italy","336","Case of 6 Bottles","https://www.bbr.com/products-20208110152-2020-barbaresco-fausoni-sottimano-piedmont-italy","1169485","20208110152"
"Francesco Versio","2016","Barbaresco, Francesco Versio, Piedmont, Italy","325","Case of 6 Bottles","https://www.bbr.com/products-20161387618-2016-barbaresco-francesco-versio-piedmont-italy","1387618","20161387618"
"Francesco Versio","2017","Barbaresco, Francesco Versio, Piedmont, Italy","210","Case of 6 Bottles","https://www.bbr.com/products-20171387618-2017-barbaresco-francesco-versio-piedmont-italy","1387618","20171387618"
"Francesco Versio","2018","Barbaresco, Francesco Versio, Piedmont, Italy","212","Case of 6 Bottles","https://www.bbr.com/products-20181387618-2018-barbaresco-francesco-versio-piedmont-italy","1387618","20181387618"
"Francesco Versio","2020","Barbaresco, Francesco Versio, Piedmont, Italy","208.83","Case of 6 Bottles","https://www.bbr.com/products-20201387618-2020-barbaresco-francesco-versio-piedmont-italy","1387618","20201387618"
"Francesco Versio","2021","Barbaresco, Francesco Versio, Piedmont, Italy","399","Case of 6 Bottles","https://www.bbr.com/products-20211387618-2021-barbaresco-francesco-versio-piedmont-italy","1387618","20211387618"
"Gaja","2010","Barbaresco, Gaja, Piedmont, Italy","1350","Case of 6 Bottles","https://www.bbr.com/products-20108009900-2010-barbaresco-gaja-piedmont-italy","1099605","20108009900"
"Gaja","2016","Barbaresco, Gaja, Piedmont, Italy","850","Case of 6 Bottles","https://www.bbr.com/products-20168009900-2016-barbaresco-gaja-piedmont-italy","1099605","20168009900"
"Gaja","2017","Barbaresco, Gaja, Piedmont, Italy","995","Case of 6 Bottles","https://www.bbr.com/products-20178009900-2017-barbaresco-gaja-piedmont-italy","1099605","20178009900"
"Gaja","2018","Barbaresco, Gaja, Piedmont, Italy","900","Case of 6 Bottles","https://www.bbr.com/products-20188009900-2018-barbaresco-gaja-piedmont-italy","1099605","20188009900"
"Gaja","2018","Barbaresco, Gaja, Piedmont, Italy","1200","Case of 3 Magnums","https://www.bbr.com/products-20188009900-2018-barbaresco-gaja-piedmont-italy","1099605","20188009900"
"La Spinetta","2001","Barbaresco, Gallina Vursu, Riserva, La Spinetta, Piedmont, Italy","685","Case of 1 Magnums","https://www.bbr.com/products-20018162281-2001-barbaresco-gallina-vursu-riserva-la-spinetta-piedmont-italy","1267934","20018162281"
"Roagna, Piedmont","2014","Barbaresco, Gallina, Roagna, Piedmont, Italy","435","Case of 6 Bottles","https://www.bbr.com/products-20148039686-2014-barbaresco-gallina-roagna-piedmont-italy","1846296","20148039686"
"La Spinetta","2016","Barbaresco, Gallina, Vursu, La Spinetta, Piedmont, Italy","430","Case of 6 Bottles","https://www.bbr.com/products-20168204187-2016-barbaresco-gallina-vursu-la-spinetta-piedmont-italy","1100596","20168204187"
"Guido Rivella","2018","Barbaresco, Guido Rivella, Piedmont, Italy","345","Case of 6 Bottles","https://www.bbr.com/products-20188052326-2018-barbaresco-guido-rivella-piedmont-italy","1856259","20188052326"
"Nada Fiorenzo","2018","Barbaresco, Manzola, Nada Fiorenzo, Piedmont, Italy","65","Case of 1 Magnums","https://www.bbr.com/products-20188156499-2018-barbaresco-manzola-nada-fiorenzo-piedmont-italy","1450734","20188156499"
"Vietti","2016","Barbaresco, Masseria, Vietti, Piedmont, Italy","698","Case of 6 Bottles","https://www.bbr.com/products-20168117294-2016-barbaresco-masseria-vietti-piedmont-italy","1106266","20168117294"
"Nada Fiorenzo","2020","Barbaresco, Montaribaldi, Nada Fiorenzo, Piedmont, Italy","315","Case of 6 Bottles","https://www.bbr.com/products-20208156503-2020-barbaresco-montaribaldi-nada-fiorenzo-piedmont-italy","1451122","20208156503"
"Nada Fiorenzo","2020","Barbaresco, Montaribaldi, Nada Fiorenzo, Piedmont, Italy","108","Case of 1 Magnums","https://www.bbr.com/products-20208156503-2020-barbaresco-montaribaldi-nada-fiorenzo-piedmont-italy","1451122","20208156503"
"La Ca' Nova","2019","Barbaresco, Montefico, Bric Mentina, La Ca' Nova, Piedmont, Italy","275","Case of 6 Bottles","https://www.bbr.com/products-20198118057-2019-barbaresco-montefico-bric-mentina-la-ca-nova-piedmont-italy","1497111","20198118057"
"La Ca' Nova","2020","Barbaresco, Montefico, Bric Mentina, La Ca' Nova, Piedmont, Italy","185","Case of 6 Bottles","https://www.bbr.com/products-20208118057-2020-barbaresco-montefico-bric-mentina-la-ca-nova-piedmont-italy","1497111","20208118057"
"La Ca' Nova","2020","Barbaresco, Montefico, Bric Mentina, La Ca' Nova, Piedmont, Italy","200","Case of 6 Bottles","https://www.bbr.com/products-20208118057-2020-barbaresco-montefico-bric-mentina-la-ca-nova-piedmont-italy","1497111","20208118057"
"Roagna, Piedmont","2005","Barbaresco, Montefico, Roagna, Piedmont, Italy","1200","Case of 6 Bottles","https://www.bbr.com/products-20058026345-2005-barbaresco-montefico-roagna-piedmont-italy","1133824","20058026345"
"Roagna, Piedmont","2008","Barbaresco, Montefico, Roagna, Piedmont, Italy","900","Case of 3 Magnums","https://www.bbr.com/products-20088026345-2008-barbaresco-montefico-roagna-piedmont-italy","1133824","20088026345"
"Roagna, Piedmont","2007","Barbaresco, Montefico, Vecchie Vigne, Roagna, Piedmont, Italy","1170","Case of 6 Bottles","https://www.bbr.com/products-20078106553-2007-barbaresco-montefico-vecchie-vigne-roagna-piedmont-italy","1196971","20078106553"
"Roagna, Piedmont","2009","Barbaresco, Montefico, Vecchie Viti, Roagna, Piedmont, Italy","900","Case of 6 Bottles","https://www.bbr.com/products-20098026374-2009-barbaresco-montefico-vecchie-viti-roagna-piedmont-italy","1196971","20098026374"
"Roagna, Piedmont","2010","Barbaresco, Montefico, Vecchie Viti, Roagna, Piedmont, Italy","1100","Case of 6 Bottles","https://www.bbr.com/products-20108026374-2010-barbaresco-montefico-vecchie-viti-roagna-piedmont-italy","1196971","20108026374"
"Roagna, Piedmont","2012","Barbaresco, Montefico, Vecchie Viti, Roagna, Piedmont, Italy","930","Case of 6 Bottles","https://www.bbr.com/products-20128026374-2012-barbaresco-montefico-vecchie-viti-roagna-piedmont-italy","1196971","20128026374"
"Roagna, Piedmont","2014","Barbaresco, Montefico, Vecchie Viti, Roagna, Piedmont, Italy","1175","Case of 6 Bottles","https://www.bbr.com/products-20148026374-2014-barbaresco-montefico-vecchie-viti-roagna-piedmont-italy","1196971","20148026374"
"Roagna, Piedmont","2014","Barbaresco, Montefico, Vecchie Viti, Roagna, Piedmont, Italy","1200","Case of 6 Bottles","https://www.bbr.com/products-20148026374-2014-barbaresco-montefico-vecchie-viti-roagna-piedmont-italy","1196971","20148026374"
"Roagna, Piedmont","2015","Barbaresco, Montefico, Vecchie Viti, Roagna, Piedmont, Italy","1450","Case of 6 Bottles","https://www.bbr.com/products-20158026374-2015-barbaresco-montefico-vecchie-viti-roagna-piedmont-italy","1196971","20158026374"
"Guido Rivella","2017","Barbaresco, Montestefano, Guido Rivella, Piedmont, Italy","295","Case of 3 Bottles","https://www.bbr.com/products-20178052342-2017-barbaresco-montestefano-guido-rivella-piedmont-italy","1870329","20178052342"
"Guido Rivella","2018","Barbaresco, Montestefano, Guido Rivella, Piedmont, Italy","295","Case of 3 Bottles","https://www.bbr.com/products-20188052342-2018-barbaresco-montestefano-guido-rivella-piedmont-italy","1870329","20188052342"
"La Ca' Nova","2018","Barbaresco, Montestefano, La Ca' Nova, Piedmont, Italy","115","Case of 6 Bottles","https://www.bbr.com/products-20188117988-2018-barbaresco-montestefano-la-ca-nova-piedmont-italy","1254811","20188117988"
"Azienda Agricola La Ca Nova","2019","Barbaresco, Montestefano, La Ca' Nova, Piedmont, Italy","295","Case of 6 Bottles","https://www.bbr.com/products-20198207696-2019-barbaresco-montestefano-la-ca-nova-piedmont-italy","1254811","20198207696"
"Luigi Giordano","2017","Barbaresco, Montestefano, Luigi Giordano, Piedmont, Italy","160","Case of 6 Bottles","https://www.bbr.com/products-20178052658-2017-barbaresco-montestefano-luigi-giordano-piedmont-italy","1559932","20178052658"
"Luigi Giordano","2020","Barbaresco, Montestefano, Luigi Giordano, Piedmont, Italy","185","Case of 6 Bottles","https://www.bbr.com/products-20208052658-2020-barbaresco-montestefano-luigi-giordano-piedmont-italy","1559932","20208052658"
"Produttori Del Barbaresco","2013","Barbaresco, Montestefano, Riserva, Produttori del Barbaresco, Piedmont, Italy","140","Case of 1 Magnums","https://www.bbr.com/products-20138213983-2013-barbaresco-montestefano-riserva-produttori-del-barbaresco-piedmont-italy","1103412","20138213983"
"Produttori Del Barbaresco","2016","Barbaresco, Montestefano, Riserva, Produttori del Barbaresco, Piedmont, Italy","189","Case of 1 Magnums","https://www.bbr.com/products-20168213983-2016-barbaresco-montestefano-riserva-produttori-del-barbaresco-piedmont-italy","1103412","20168213983"
"Produttori Del Barbaresco","2021","Barbaresco, Montestefano, Riserva, Produttori del Barbaresco, Piedmont, Italy","250","Case of 6 Bottles","https://www.bbr.com/products-20218213983-2021-barbaresco-montestefano-riserva-produttori-del-barbaresco-piedmont-italy","1103412","20218213983"
"Rivella Serafino d Teobaldo Rivella","2015","Barbaresco, Montestefano, Rivella Serafino, Piedmont, Italy","600","Case of 6 Bottles","https://www.bbr.com/products-20158138552-2015-barbaresco-montestefano-rivella-serafino-piedmont-italy","1178252","20158138552"
"Cantina del Pino","2013","Barbaresco, Ovello, Cantina del Pino, Piedmont, Italy","200","Case of 6 Bottles","https://www.bbr.com/products-20138057132-2013-barbaresco-ovello-cantina-del-pino-piedmont-italy","1124695","20138057132"
"Produttori Del Barbaresco","2016","Barbaresco, Ovello, Riserva, Produttori del Barbaresco, Piedmont, Italy","588","Case of 6 Bottles","https://www.bbr.com/products-20168213967-2016-barbaresco-ovello-riserva-produttori-del-barbaresco-piedmont-italy","1103425","20168213967"
"Produttori Del Barbaresco","2016","Barbaresco, Paje, Riserva, Produttori del Barbaresco, Piedmont, Italy","275","Case of 6 Bottles","https://www.bbr.com/products-20168213954-2016-barbaresco-paje-riserva-produttori-del-barbaresco-piedmont-italy","1103438","20168213954"
"Roagna, Piedmont","2007","Barbaresco, Paje, Roagna, Piedmont, Italy","600","Case of 6 Bottles","https://www.bbr.com/products-20078003315-2007-barbaresco-paje-roagna-piedmont-italy","1129746","20078003315"
"Roagna, Piedmont","2009","Barbaresco, Paje, Roagna, Piedmont, Italy","1088","Case of 6 Bottles","https://www.bbr.com/products-20098003315-2009-barbaresco-paje-roagna-piedmont-italy","1129746","20098003315"
"Roagna, Piedmont","2010","Barbaresco, Paje, Roagna, Piedmont, Italy","800","Case of 6 Bottles","https://www.bbr.com/products-20108003315-2010-barbaresco-paje-roagna-piedmont-italy","1129746","20108003315"
"Roagna, Piedmont","2010","Barbaresco, Paje, Roagna, Piedmont, Italy","560","Case of 1 Double Magnums","https://www.bbr.com/products-20108003315-2010-barbaresco-paje-roagna-piedmont-italy","1129746","20108003315"
"Roagna, Piedmont","2011","Barbaresco, Paje, Roagna, Piedmont, Italy","450","Case of 6 Bottles","https://www.bbr.com/products-20118003315-2011-barbaresco-paje-roagna-piedmont-italy","1129746","20118003315"
"Roagna, Piedmont","2013","Barbaresco, Paje, Roagna, Piedmont, Italy","530","Case of 6 Bottles","https://www.bbr.com/products-20138003315-2013-barbaresco-paje-roagna-piedmont-italy","1129746","20138003315"
"Roagna, Piedmont","2013","Barbaresco, Paje, Roagna, Piedmont, Italy","460","Case of 6 Bottles","https://www.bbr.com/products-20138003315-2013-barbaresco-paje-roagna-piedmont-italy","1129746","20138003315"
"Roagna, Piedmont","2014","Barbaresco, Paje, Roagna, Piedmont, Italy","475","Case of 6 Bottles","https://www.bbr.com/products-20148003315-2014-barbaresco-paje-roagna-piedmont-italy","1129746","20148003315"
"Roagna, Piedmont","2015","Barbaresco, Paje, Roagna, Piedmont, Italy","500","Case of 6 Bottles","https://www.bbr.com/products-20158003315-2015-barbaresco-paje-roagna-piedmont-italy","1129746","20158003315"
"Roagna, Piedmont","2015","Barbaresco, Paje, Roagna, Piedmont, Italy","530","Case of 6 Bottles","https://www.bbr.com/products-20158003315-2015-barbaresco-paje-roagna-piedmont-italy","1129746","20158003315"
"Roagna, Piedmont","2017","Barbaresco, Paje, Roagna, Piedmont, Italy","650","Case of 6 Bottles","https://www.bbr.com/products-20178003315-2017-barbaresco-paje-roagna-piedmont-italy","1129746","20178003315"
"Roagna, Piedmont","2008","Barbaresco, Paje, Vecchie Viti, Roagna, Piedmont, Italy","1410","Case of 6 Bottles","https://www.bbr.com/products-20088003328-2008-barbaresco-paje-vecchie-viti-roagna-piedmont-italy","1196955","20088003328"
"Roagna, Piedmont","2008","Barbaresco, Paje, Vecchie Viti, Roagna, Piedmont, Italy","900","Case of 1 Double Magnums","https://www.bbr.com/products-20088003328-2008-barbaresco-paje-vecchie-viti-roagna-piedmont-italy","1196955","20088003328"
"Roagna, Piedmont","2009","Barbaresco, Paje, Vecchie Viti, Roagna, Piedmont, Italy","1050","Case of 6 Bottles","https://www.bbr.com/products-20098003328-2009-barbaresco-paje-vecchie-viti-roagna-piedmont-italy","1196955","20098003328"
"Roagna, Piedmont","2012","Barbaresco, Paje, Vecchie Viti, Roagna, Piedmont, Italy","1100","Case of 6 Bottles","https://www.bbr.com/products-20128003328-2012-barbaresco-paje-vecchie-viti-roagna-piedmont-italy","1196955","20128003328"
"Roagna, Piedmont","2013","Barbaresco, Paje, Vecchie Viti, Roagna, Piedmont, Italy","1050","Case of 6 Bottles","https://www.bbr.com/products-20138003328-2013-barbaresco-paje-vecchie-viti-roagna-piedmont-italy","1196955","20138003328"
"Roagna, Piedmont","2013","Barbaresco, Paje, Vecchie Viti, Roagna, Piedmont, Italy","999","Case of 6 Bottles","https://www.bbr.com/products-20138003328-2013-barbaresco-paje-vecchie-viti-roagna-piedmont-italy","1196955","20138003328"
"Musso","2016","Barbaresco, Pora, Musso, Piedmont, Italy","450","Case of 6 Bottles","https://www.bbr.com/products-20168145253-2016-barbaresco-pora-musso-piedmont-italy","1793284","20168145253"
"Produttori Del Barbaresco","2013","Barbaresco, Pora, Riserva, Produttori del Barbaresco, Piedmont, Italy","320","Case of 6 Bottles","https://www.bbr.com/products-20138213941-2013-barbaresco-pora-riserva-produttori-del-barbaresco-piedmont-italy","1103441","20138213941"
"Produttori Del Barbaresco","2010","Barbaresco, Produttori del Barbaresco, Piedmont, Italy","400","Case of 12 Bottles","https://www.bbr.com/products-20108214036-2010-barbaresco-produttori-del-barbaresco-piedmont-italy","1103366","20108214036"
"Produttori Del Barbaresco","2014","Barbaresco, Produttori del Barbaresco, Piedmont, Italy","200","Case of 6 Bottles","https://www.bbr.com/products-20148214036-2014-barbaresco-produttori-del-barbaresco-piedmont-italy","1103366","20148214036"
"Produttori Del Barbaresco","2015","Barbaresco, Produttori del Barbaresco, Piedmont, Italy","400","Case of 12 Bottles","https://www.bbr.com/products-20158214036-2015-barbaresco-produttori-del-barbaresco-piedmont-italy","1103366","20158214036"
"Produttori Del Barbaresco","2016","Barbaresco, Produttori del Barbaresco, Piedmont, Italy","400","Case of 6 Bottles","https://www.bbr.com/products-20168214036-2016-barbaresco-produttori-del-barbaresco-piedmont-italy","1103366","20168214036"
"Produttori Del Barbaresco","2020","Barbaresco, Produttori del Barbaresco, Piedmont, Italy","375","Case of 6 Bottles","https://www.bbr.com/products-20208214036-2020-barbaresco-produttori-del-barbaresco-piedmont-italy","1103366","20208214036"
"Produttori Del Barbaresco","2021","Barbaresco, Produttori del Barbaresco, Piedmont, Italy","170","Case of 6 Bottles","https://www.bbr.com/products-20218214036-2021-barbaresco-produttori-del-barbaresco-piedmont-italy","1103366","20218214036"
"Produttori Del Barbaresco","2021","Barbaresco, Produttori del Barbaresco, Piedmont, Italy","305","Case of 6 Bottles","https://www.bbr.com/products-20218214036-2021-barbaresco-produttori-del-barbaresco-piedmont-italy","1103366","20218214036"
"Produttori Del Barbaresco","2021","Barbaresco, Produttori del Barbaresco, Piedmont, Italy","250","Case of 1 Double Magnums","https://www.bbr.com/products-20218214036-2021-barbaresco-produttori-del-barbaresco-piedmont-italy","1103366","20218214036"
"Produttori Del Barbaresco","2022","Barbaresco, Produttori del Barbaresco, Piedmont, Italy","180","Case of 3 Magnums","https://www.bbr.com/products-20228214036-2022-barbaresco-produttori-del-barbaresco-piedmont-italy","1103366","20228214036"
"Bruno Giacosa","1996","Barbaresco, Rabaja, Bruno Giacosa, Piedmont, Italy","2025","Case of 6 Bottles","https://www.bbr.com/products-19968034199-1996-barbaresco-rabaja-bruno-giacosa-piedmont-italy","1151178","19968034199"
"Bruno Giacosa","2019","Barbaresco, Rabaja, Bruno Giacosa, Piedmont, Italy","965","Case of 6 Bottles","https://www.bbr.com/products-20198034199-2019-barbaresco-rabaja-bruno-giacosa-piedmont-italy","1151178","20198034199"
"Cascina Luisin, Piedmont","2006","Barbaresco, Rabaja, Cascina Luisin, Piedmont, Italy","914","Case of 12 Bottles","https://www.bbr.com/products-20061097177-2006-barbaresco-rabaja-cascina-luisin-piedmont-italy","1097177","20061097177"
"Cascina Luisin, Piedmont","2011","Barbaresco, Rabaja, Cascina Luisin, Piedmont, Italy","725","Case of 6 Bottles","https://www.bbr.com/products-20111097177-2011-barbaresco-rabaja-cascina-luisin-piedmont-italy","1097177","20111097177"
"Cascina Luisin, Piedmont","2012","Barbaresco, Rabaja, Cascina Luisin, Piedmont, Italy","210","Case of 6 Bottles","https://www.bbr.com/products-20121097177-2012-barbaresco-rabaja-cascina-luisin-piedmont-italy","1097177","20121097177"
"Cascina Luisin, Piedmont","2013","Barbaresco, Rabaja, Cascina Luisin, Piedmont, Italy","500","Case of 12 Bottles","https://www.bbr.com/products-20131097177-2013-barbaresco-rabaja-cascina-luisin-piedmont-italy","1097177","20131097177"
"Cascina Luisin, Piedmont","2014","Barbaresco, Rabaja, Cascina Luisin, Piedmont, Italy","180","Case of 6 Bottles","https://www.bbr.com/products-20141097177-2014-barbaresco-rabaja-cascina-luisin-piedmont-italy","1097177","20141097177"
"Castello di Verduno","2013","Barbaresco, Rabaja, Castello di Verduno, Piedmont, Italy","255","Case of 6 Bottles","https://www.bbr.com/products-20138168560-2013-barbaresco-rabaja-castello-di-verduno-piedmont-italy","1238066","20138168560"
"Produttori Del Barbaresco","2016","Barbaresco, Rabaja, Riserva, Produttori del Barbaresco, Piedmont, Italy","450","Case of 6 Bottles","https://www.bbr.com/products-20168213938-2016-barbaresco-rabaja-riserva-produttori-del-barbaresco-piedmont-italy","1103454","20168213938"
"Fletcher Wines","2017","Barbaresco, Recta Pete, Fletcher, Piedmont, Italy","180","Case of 6 Bottles","https://www.bbr.com/products-20178052616-2017-barbaresco-recta-pete-fletcher-piedmont-italy","1870619","20178052616"
"Fletcher Wines","2021","Barbaresco, Recta Pete, Fletcher, Piedmont, Italy","204","Case of 6 Bottles","https://www.bbr.com/products-20218052616-2021-barbaresco-recta-pete-fletcher-piedmont-italy","1870619","20218052616"
"Cascina Bruciata","2007","Barbaresco, Rio Sordo, Riserva, Cascina Bruciata, Piedmont, Italy","370","Case of 6 Bottles","https://www.bbr.com/products-20078169046-2007-barbaresco-rio-sordo-riserva-cascina-bruciata-piedmont-italy","1264122","20078169046"
"Cascina Bruciata","2008","Barbaresco, Rio Sordo, Riserva, Cascina Bruciata, Piedmont, Italy","350","Case of 6 Bottles","https://www.bbr.com/products-20088169046-2008-barbaresco-rio-sordo-riserva-cascina-bruciata-piedmont-italy","1264122","20088169046"
"Produttori Del Barbaresco","2013","Barbaresco, Rio Sordo, Riserva, Produttori del Barbaresco, Piedmont, Italy","325","Case of 6 Bottles","https://www.bbr.com/products-20138213912-2013-barbaresco-rio-sordo-riserva-produttori-del-barbaresco-piedmont-italy","1103467","20138213912"
"Produttori Del Barbaresco","2020","Barbaresco, Rio Sordo, Riserva, Produttori del Barbaresco, Piedmont, Italy","600","Case of 6 Bottles","https://www.bbr.com/products-20208213912-2020-barbaresco-rio-sordo-riserva-produttori-del-barbaresco-piedmont-italy","1103467","20208213912"
"Manuel Marinacci, Piedmont","2018","Barbaresco, Rocche Massalupo, Manuel Marinacci, Piedmont, Italy","140","Case of 6 Bottles","https://www.bbr.com/products-20188151827-2018-barbaresco-rocche-massalupo-manuel-marinacci-piedmont-italy","2836553","20188151827"
"Fletcher Wines","2021","Barbaresco, Roncaglie, Fletcher, Piedmont, Italy","498","Case of 6 Bottles","https://www.bbr.com/products-20218151843-2021-barbaresco-roncaglie-fletcher-piedmont-italy","2388993","20218151843"
"Poderi Colla","2017","Barbaresco, Roncaglie, Poderi Colla, Piedmont, Italy","238","Case of 6 Bottles","https://www.bbr.com/products-20178146755-2017-barbaresco-roncaglie-poderi-colla-piedmont-italy","1246520","20178146755"
"Poderi Colla","2017","Barbaresco, Roncaglie, Poderi Colla, Piedmont, Italy","238","Case of 6 Bottles","https://www.bbr.com/products-20178146755-2017-barbaresco-roncaglie-poderi-colla-piedmont-italy","1246520","20178146755"
"Poderi Colla","2019","Barbaresco, Roncaglie, Poderi Colla, Piedmont, Italy","200","Case of 6 Bottles","https://www.bbr.com/products-20198146755-2019-barbaresco-roncaglie-poderi-colla-piedmont-italy","1246520","20198146755"
"Castello di Nieve","2016","Barbaresco, Santo Stefano, Riserva, Castello di Neive, Piedmont, Italy","335","Case of 6 Bottles","https://www.bbr.com/products-20168053570-2016-barbaresco-santo-stefano-riserva-castello-di-neive-piedmont-italy","1359109","20168053570"
"Cascina Luisin, Piedmont","2012","Barbaresco, Sori Paolin, Cascina Luisin, Piedmont, Italy","550","Case of 6 Bottles","https://www.bbr.com/products-20121097180-2012-barbaresco-sori-paolin-cascina-luisin-piedmont-italy","1097180","20121097180"
"Gaja","2020","Barbaresco, Sori San Lorenzo, Gaja, Piedmont, Italy","920","Case of 1 Magnums","https://www.bbr.com/products-20208113397-2020-barbaresco-sori-san-lorenzo-gaja-piedmont-italy","1174889","20208113397"
"Gaja","2021","Barbaresco, Sori San Lorenzo, Gaja, Piedmont, Italy","2400","Case of 3 Bottles","https://www.bbr.com/products-20218113397-2021-barbaresco-sori-san-lorenzo-gaja-piedmont-italy","1174889","20218113397"
"Gaja","2013","Barbaresco, Sori Tildin, Gaja, Piedmont, Italy","575","Case of 1 Magnums","https://www.bbr.com/products-20138015659-2013-barbaresco-sori-tildin-gaja-piedmont-italy","1099777","20138015659"
"Gaja","2014","Barbaresco, Sori Tildin, Gaja, Piedmont, Italy","1800","Case of 6 Bottles","https://www.bbr.com/products-20148015659-2014-barbaresco-sori-tildin-gaja-piedmont-italy","1099777","20148015659"
"Gaja","2020","Barbaresco, Sori Tildin, Gaja, Piedmont, Italy","835","Case of 1 Magnums","https://www.bbr.com/products-20208015659-2020-barbaresco-sori-tildin-gaja-piedmont-italy","1099777","20208015659"
"La Spinetta","2000","Barbaresco, Starderi Vursu, La Spinetta, Piedmont, Italy","720","Case of 6 Bottles","https://www.bbr.com/products-20008034841-2000-barbaresco-starderi-vursu-la-spinetta-piedmont-italy","1100600","20008034841"
"Fletcher Wines","2017","Barbaresco, Starderi, Fletcher, Piedmont, Italy","330","Case of 6 Bottles","https://www.bbr.com/products-20178052629-2017-barbaresco-starderi-fletcher-piedmont-italy","1870622","20178052629"
"Cascina delle Rose","2007","Barbaresco, Tre Stelle, Cascina delle Rose, Piedmont, Italy","190","Case of 6 Bottles","https://www.bbr.com/products-20078030407-2007-barbaresco-tre-stelle-cascina-delle-rose-piedmont-italy","1313644","20078030407"
"Pelissero","2011","Barbaresco, Tulin, Pelissero, Piedmont, Italy","210","Case of 6 Bottles","https://www.bbr.com/products-20118240219-2011-barbaresco-tulin-pelissero-piedmont-italy","1393237","20118240219"
"La Spinetta","2018","Barbaresco, Valeirano, Vursu, La Spinetta, Piedmont, Italy","285","Case of 6 Bottles","https://www.bbr.com/products-20188214472-2018-barbaresco-valeirano-vursu-la-spinetta-piedmont-italy","1100613","20188214472"
"La Spinetta","2019","Barbaresco, Valeirano, Vursu, La Spinetta, Piedmont, Italy","450","Case of 6 Bottles","https://www.bbr.com/products-20198214472-2019-barbaresco-valeirano-vursu-la-spinetta-piedmont-italy","1100613","20198214472"
"Pelissero","2013","Barbaresco, Vanotu, Riserva, Pelissero, Piedmont, Italy","360","Case of 6 Bottles","https://www.bbr.com/products-20138173629-2013-barbaresco-vanotu-riserva-pelissero-piedmont-italy","1496853","20138173629"
"Comm. G.B. Burlotto","2021","Barbera d'Alba, Aves, Burlotto, Piedmont, Italy","150","Case of 6 Bottles","https://www.bbr.com/products-20218230810-2021-barbera-d-alba-aves-burlotto-piedmont-italy","1466454","20218230810"
"Bruno Giacosa","2019","Barbera d'Alba, Bruno Giacosa, Piedmont, Italy","130","Case of 6 Bottles","https://www.bbr.com/products-20198055297-2019-barbera-d-alba-bruno-giacosa-piedmont-italy","1099953","20198055297"
"Cascina Fontana","2023","Barbera d'Alba, Cascina Fontana, Piedmont, Italy","95","Case of 6 Bottles","https://www.bbr.com/products-20231178278-2023-barbera-d-alba-cascina-fontana-piedmont-italy","1178278","20231178278"
"Giacomo Conterno","2017","Barbera d'Alba, Cerretta, Giacomo Conterno, Piedmont, Italy","470","Case of 12 Bottles","https://www.bbr.com/products-20178214889-2017-barbera-d-alba-cerretta-giacomo-conterno-piedmont-italy","1098419","20178214889"
"Marcarini","2020","Barbera d'Alba, Ciabot Camerano, Marcarini, Piedmont, Italy","90","Case of 6 Bottles","https://www.bbr.com/products-20201101027-2020-barbera-d-alba-ciabot-camerano-marcarini-piedmont-italy","1101027","20201101027"
"Ciabot Berton","2021","Barbera d'Alba, Fisetta, Ciabot Berton, Piedmont, Italy","67","Case of 6 Bottles","https://www.bbr.com/products-20218310679-2021-barbera-d-alba-fisetta-ciabot-berton-piedmont-italy","1360882","20218310679"
"Francesco Versio","2023","Barbera d'Alba, Francesco Versio, Piedmont, Italy","78","Case of 6 Bottles","https://www.bbr.com/products-20238073206-2023-barbera-d-alba-francesco-versio-piedmont-italy","3042023","20238073206"
"Giacomo Conterno","2016","Barbera d'Alba, Francia, Giacomo Conterno, Piedmont, Italy","1088","Case of 12 Bottles","https://www.bbr.com/products-20168018041-2016-barbera-d-alba-francia-giacomo-conterno-piedmont-italy","1129371","20168018041"
"Giacomo Conterno","2018","Barbera d'Alba, Francia, Giacomo Conterno, Piedmont, Italy","260","Case of 6 Bottles","https://www.bbr.com/products-20188018041-2018-barbera-d-alba-francia-giacomo-conterno-piedmont-italy","1129371","20188018041"
"Giacomo Conterno","2019","Barbera d'Alba, Francia, Giacomo Conterno, Piedmont, Italy","335","Case of 6 Bottles","https://www.bbr.com/products-20198018041-2019-barbera-d-alba-francia-giacomo-conterno-piedmont-italy","1129371","20198018041"
"Mauro Veglio","2022","Barbera d'Alba, Mauro Veglio, Piedmont, Italy","140","Case of 6 Bottles","https://www.bbr.com/products-20228240600-2022-barbera-d-alba-mauro-veglio-piedmont-italy","1106093","20228240600"
"Giacomo Grimaldi","2016","Barbera d'Alba, Pistin, Giacomo Grimaldi, Italy","250","Case of 12 Bottles","https://www.bbr.com/products-20168200482-2016-barbera-d-alba-pistin-giacomo-grimaldi-italy","1741908","20168200482"
"Roberto Voerzio","2015","Barbera d'Alba, Pozzo dell' Annunziata, Roberto Voerzio, Piedmont, Italy","260","Case of 1 Magnums","https://www.bbr.com/products-20158026433-2015-barbera-d-alba-pozzo-dell-annunziata-roberto-voerzio-piedmont-italy","1106527","20158026433"
"Roberto Voerzio","2013","Barbera d'Alba, Pozzo dell' Annunziata, Roberto Voerzio, Piedmont,Italy","590","Case of 3 Magnums","https://www.bbr.com/products-20138026433-2013-barbera-d-alba-pozzo-dell-annunziata-roberto-voerzio-piedmont-italy","1106527","20138026433"
"Roberto Voerzio","2017","Barbera d'Alba, Riserva Vigneto Pozzo Dell'Annunziata, Roberto Voerzio, Piedmont, Italy","295","Case of 1 Magnums","https://www.bbr.com/products-20178235307-2017-barbera-d-alba-riserva-vigneto-pozzo-dell-annunziata-roberto-voerzio-piedmont-italy","1106527","20178235307"
"Roagna, Piedmont","2016","Barbera d'Alba, Roagna, Piedmont, Italy","250","Case of 6 Bottles","https://www.bbr.com/products-20168063953-2016-barbera-d-alba-roagna-piedmont-italy","1104259","20168063953"
"Giuseppe Mascarello e Figli","2017","Barbera d'Alba, Scudetto, Mascarello Giuseppe & Figlio, Piedmont, Italy","300","Case of 12 Bottles","https://www.bbr.com/products-20178032023-2017-barbera-d-alba-scudetto-mascarello-giuseppe-figlio-piedmont-italy","1101287","20178032023"
"Diego e Damiano Barale","2021","Barbera d'Alba, Superiore, Diego &amp; Damiano Barale, Piedmont, Italy","110","Case of 6 Bottles","https://www.bbr.com/products-20218151768-2021-barbera-d-alba-superiore-diego-and-damiano-barale-piedmont-italy","2215994","20218151768"
"Trediberri","2020","Barbera d'Alba, Trediberri, Piedmont, Italy","120","Case of 6 Bottles","https://www.bbr.com/products-20201434745-2020-barbera-d-alba-trediberri-piedmont-italy","1434745","20201434745"
"Braida","2007","Barbera d'Asti, Bricco della Bigotta, Braida, Piedmont, Italy","350","Case of 6 Bottles","https://www.bbr.com/products-20078033062-2007-barbera-d-asti-bricco-della-bigotta-braida-piedmont-italy","1096170","20078033062"
"Casa Ferreirinha","2008","Barca-Velha, Casa Ferreirinha, Douro, Portugal","1995","Case of 3 Bottles","https://www.bbr.com/products-20088209544-2008-barca-velha-casa-ferreirinha-douro-portugal","1203125","20088209544"
"Casa Ferreirinha","2011","Barca-Velha, Casa Ferreirinha, Douro, Portugal","1250","Case of 3 Bottles","https://www.bbr.com/products-20118209544-2011-barca-velha-casa-ferreirinha-douro-portugal","1203125","20118209544"
"Prunotto","2015","Barolo Bussia Riserva, Vigna Colonnello, Prunotto, Piedmont, Italy","699","Case of 6 Bottles","https://www.bbr.com/products-20158250038-2015-barolo-bussia-riserva-vigna-colonnello-prunotto-piedmont-italy","1407044","20158250038"
"Poderi Fogliati","2019","Barolo Bussia, Fogliati, Piedmont, Italy","370","Case of 6 Bottles","https://www.bbr.com/products-20198240570-2019-barolo-bussia-fogliati-piedmont-italy","1978256","20198240570"
"Poderi Fogliati","2019","Barolo Bussia, Fogliati, Piedmont, Italy","112","Case of 1 Magnums","https://www.bbr.com/products-20198240570-2019-barolo-bussia-fogliati-piedmont-italy","1978256","20198240570"
"Poderi Fogliati","2020","Barolo Bussia, Fogliati, Piedmont, Italy","325","Case of 6 Bottles","https://www.bbr.com/products-20208240570-2020-barolo-bussia-fogliati-piedmont-italy","1978256","20208240570"
"E.Pira di Chiara Boschis, Piedmont","2013","Barolo Cannubi, Chiara Boschis, E. Pira","390","Case of 6 Bottles","https://www.bbr.com/products-20131303522-2013-barolo-cannubi-chiara-boschis-e-pira","1303522","20131303522"
"E.Pira di Chiara Boschis, Piedmont","2013","Barolo Cannubi, Chiara Boschis, E. Pira","150","Case of 1 Magnums","https://www.bbr.com/products-20131303522-2013-barolo-cannubi-chiara-boschis-e-pira","1303522","20131303522"
"Giacomo Fenocchio","2016","Barolo Castellero, Giacomo Fenocchio, Piedmont, Italy","215","Case of 6 Bottles","https://www.bbr.com/products-20168205764-2016-barolo-castellero-giacomo-fenocchio-piedmont-italy","1333354","20168205764"
"Vietti","2008","Barolo Collectors, 2xBB, 2 xL, 2xR, Vietti","850","Case of 1 6 Bottle Assortments","https://www.bbr.com/products-20088117281-2008-barolo-collectors-2xbb-2-xl-2xr-vietti","1106309","20088117281"
"E.Pira di Chiara Boschis, Piedmont","2012","Barolo E Pira Di Chiara Boschis","195","Case of 1 Magnums","https://www.bbr.com/products-20128033088-2012-barolo-e-pira-di-chiara-boschis","1102747","20128033088"
"Poderi Fogliati","2019","Barolo Treturne, Fogliati, Piedmont, Italy","200","Case of 6 Bottles","https://www.bbr.com/products-20198240583-2019-barolo-treturne-fogliati-piedmont-italy","2241698","20198240583"
"Poderi Fogliati","2020","Barolo Treturne, Fogliati, Piedmont, Italy","235","Case of 6 Bottles","https://www.bbr.com/products-20208240583-2020-barolo-treturne-fogliati-piedmont-italy","2241698","20208240583"
"Poderi Fogliati","2021","Barolo Treturne, Fogliati, Piedmont, Italy","234","Case of 6 Bottles","https://www.bbr.com/products-20218240583-2021-barolo-treturne-fogliati-piedmont-italy","2241698","20218240583"
"Casina Bric 460, Piedmont","2010","Barolo, 460 Casina Bric, Piedmont, Italy","298","Case of 6 Bottles","https://www.bbr.com/products-20108030683-2010-barolo-460-casina-bric-piedmont-italy","1212963","20108030683"
"Comm. G.B. Burlotto","2016","Barolo, Acclivi, Comm. G.B. Burlotto, Piedmont, Italy","420","Case of 3 Bottles","https://www.bbr.com/products-20168210520-2016-barolo-acclivi-comm-g-b-burlotto-piedmont-italy","1171820","20168210520"
"La Bioca","2016","Barolo, Aculei, La Bioca, Piedmont, Italy","165","Case of 6 Bottles","https://www.bbr.com/products-20168060196-2016-barolo-aculei-la-bioca-piedmont-italy","1432262","20168060196"
"G. D. Vajra","2015","Barolo, Albe, Vajra, Piedmont, Italy","180","Case of 6 Bottles","https://www.bbr.com/products-20158112648-2015-barolo-albe-vajra-piedmont-italy","1200137","20158112648"
"Luciano Sandrone","2013","Barolo, Aleste, Luciano Sandrone, Piedmont, Italy","720","Case of 6 Bottles","https://www.bbr.com/products-20131476589-2013-barolo-aleste-luciano-sandrone-piedmont-italy","1476589","20131476589"
"Luciano Sandrone","2013","Barolo, Aleste, Luciano Sandrone, Piedmont, Italy","495","Case of 6 Bottles","https://www.bbr.com/products-20131476589-2013-barolo-aleste-luciano-sandrone-piedmont-italy","1476589","20131476589"
"Luciano Sandrone","2014","Barolo, Aleste, Luciano Sandrone, Piedmont, Italy","395","Case of 6 Bottles","https://www.bbr.com/products-20141476589-2014-barolo-aleste-luciano-sandrone-piedmont-italy","1476589","20141476589"
"Luciano Sandrone","2015","Barolo, Aleste, Luciano Sandrone, Piedmont, Italy","340","Case of 6 Bottles","https://www.bbr.com/products-20151476589-2015-barolo-aleste-luciano-sandrone-piedmont-italy","1476589","20151476589"
"Luciano Sandrone","2015","Barolo, Aleste, Luciano Sandrone, Piedmont, Italy","400","Case of 6 Bottles","https://www.bbr.com/products-20151476589-2015-barolo-aleste-luciano-sandrone-piedmont-italy","1476589","20151476589"
"Luciano Sandrone","2015","Barolo, Aleste, Luciano Sandrone, Piedmont, Italy","350","Case of 6 Bottles","https://www.bbr.com/products-20151476589-2015-barolo-aleste-luciano-sandrone-piedmont-italy","1476589","20151476589"
"Luciano Sandrone","2016","Barolo, Aleste, Luciano Sandrone, Piedmont, Italy","560","Case of 6 Bottles","https://www.bbr.com/products-20161476589-2016-barolo-aleste-luciano-sandrone-piedmont-italy","1476589","20161476589"
"Luciano Sandrone","2017","Barolo, Aleste, Luciano Sandrone, Piedmont, Italy","410","Case of 6 Bottles","https://www.bbr.com/products-20171476589-2017-barolo-aleste-luciano-sandrone-piedmont-italy","1476589","20171476589"
"Luciano Sandrone","2017","Barolo, Aleste, Luciano Sandrone, Piedmont, Italy","450","Case of 6 Bottles","https://www.bbr.com/products-20171476589-2017-barolo-aleste-luciano-sandrone-piedmont-italy","1476589","20171476589"
"Elio Altare","2016","Barolo, Arborina, Elio Altare, Piedmont, Italy","475","Case of 6 Bottles","https://www.bbr.com/products-20168215310-2016-barolo-arborina-elio-altare-piedmont-italy","1095131","20168215310"
"Mauro Veglio","2016","Barolo, Arborina, Mauro Veglio, Piedmont, Italy","280","Case of 6 Bottles","https://www.bbr.com/products-20161106110-2016-barolo-arborina-mauro-veglio-piedmont-italy","1106110","20161106110"
"Mauro Veglio","2017","Barolo, Arborina, Mauro Veglio, Piedmont, Italy","228","Case of 6 Bottles","https://www.bbr.com/products-20171106110-2017-barolo-arborina-mauro-veglio-piedmont-italy","1106110","20171106110"
"Giacomo Conterno","2015","Barolo, Arione, Giacomo Conterno, Piedmont, Italy","625","Case of 1 Double Magnums","https://www.bbr.com/products-20158052788-2015-barolo-arione-giacomo-conterno-piedmont-italy","1826876","20158052788"
"Giacomo Conterno","2015","Barolo, Arione, Giacomo Conterno, Piedmont, Italy","650","Case of 1 Magnums","https://www.bbr.com/products-20158052788-2015-barolo-arione-giacomo-conterno-piedmont-italy","1826876","20158052788"
"Azelia","2016","Barolo, Azelia, Piedmont, Italy","162","Case of 6 Bottles","https://www.bbr.com/products-20168062233-2016-barolo-azelia-piedmont-italy","1095564","20168062233"
"Azelia","2016","Barolo, Azelia, Piedmont, Italy","350","Case of 12 Bottles","https://www.bbr.com/products-20168062233-2016-barolo-azelia-piedmont-italy","1095564","20168062233"
"Cantina Bruna Grimaldi","2016","Barolo, Badarina, Bruna Grimaldi, Piedmont, Italy","240","Case of 6 Bottles","https://www.bbr.com/products-20168052586-2016-barolo-badarina-bruna-grimaldi-piedmont-italy","1870592","20168052586"
"Cantina Bartolo Mascarello","2018","Barolo, Bartolo Mascarello 6-Bottle Assortment Case (1 x Artist Bottle)","2100","Case of 1 6 Bottle Assortments","https://www.bbr.com/products-20188237499-2018-barolo-bartolo-mascarello-6-bottle-assortment-case-1-x-artist-bottle","","20188237499"
"Cantina Bartolo Mascarello","1990","Barolo, Bartolo Mascarello, Piedmont, Italy","492","Case of 1 Bottles","https://www.bbr.com/products-19908003953-1990-barolo-bartolo-mascarello-piedmont-italy","1101245","19908003953"
"Cantina Bartolo Mascarello","2004","Barolo, Bartolo Mascarello, Piedmont, Italy","3650","Case of 6 Magnums","https://www.bbr.com/products-20048003953-2004-barolo-bartolo-mascarello-piedmont-italy","1101245","20048003953"
"Cantina Bartolo Mascarello","2006","Barolo, Bartolo Mascarello, Piedmont, Italy","1200","Case of 6 Bottles","https://www.bbr.com/products-20068003953-2006-barolo-bartolo-mascarello-piedmont-italy","1101245","20068003953"
"Cantina Bartolo Mascarello","2006","Barolo, Bartolo Mascarello, Piedmont, Italy","1100","Case of 1 Magnums","https://www.bbr.com/products-20068003953-2006-barolo-bartolo-mascarello-piedmont-italy","1101245","20068003953"
"Cantina Bartolo Mascarello","2007","Barolo, Bartolo Mascarello, Piedmont, Italy","1670","Case of 6 Bottles","https://www.bbr.com/products-20078003953-2007-barolo-bartolo-mascarello-piedmont-italy","1101245","20078003953"
"Cantina Bartolo Mascarello","2009","Barolo, Bartolo Mascarello, Piedmont, Italy","1000","Case of 6 Bottles","https://www.bbr.com/products-20098003953-2009-barolo-bartolo-mascarello-piedmont-italy","1101245","20098003953"
"Cantina Bartolo Mascarello","2010","Barolo, Bartolo Mascarello, Piedmont, Italy","1800","Case of 6 Bottles","https://www.bbr.com/products-20108003953-2010-barolo-bartolo-mascarello-piedmont-italy","1101245","20108003953"
"Cantina Bartolo Mascarello","2011","Barolo, Bartolo Mascarello, Piedmont, Italy","690","Case of 6 Bottles","https://www.bbr.com/products-20118003953-2011-barolo-bartolo-mascarello-piedmont-italy","1101245","20118003953"
"Cantina Bartolo Mascarello","2011","Barolo, Bartolo Mascarello, Piedmont, Italy","1500","Case of 6 Magnums","https://www.bbr.com/products-20118003953-2011-barolo-bartolo-mascarello-piedmont-italy","1101245","20118003953"
"Cantina Bartolo Mascarello","2012","Barolo, Bartolo Mascarello, Piedmont, Italy","1380","Case of 6 Bottles","https://www.bbr.com/products-20128003953-2012-barolo-bartolo-mascarello-piedmont-italy","1101245","20128003953"
"Cantina Bartolo Mascarello","2013","Barolo, Bartolo Mascarello, Piedmont, Italy","1650","Case of 6 Bottles","https://www.bbr.com/products-20138003953-2013-barolo-bartolo-mascarello-piedmont-italy","1101245","20138003953"
"Cantina Bartolo Mascarello","2013","Barolo, Bartolo Mascarello, Piedmont, Italy","900","Case of 1 Magnums","https://www.bbr.com/products-20138003953-2013-barolo-bartolo-mascarello-piedmont-italy","1101245","20138003953"
"Cantina Bartolo Mascarello","2014","Barolo, Bartolo Mascarello, Piedmont, Italy","350","Case of 3 Bottles","https://www.bbr.com/products-20148003953-2014-barolo-bartolo-mascarello-piedmont-italy","1101245","20148003953"
"Cantina Bartolo Mascarello","2015","Barolo, Bartolo Mascarello, Piedmont, Italy","500","Case of 3 Bottles","https://www.bbr.com/products-20158003953-2015-barolo-bartolo-mascarello-piedmont-italy","1101245","20158003953"
"Cantina Bartolo Mascarello","2015","Barolo, Bartolo Mascarello, Piedmont, Italy","900","Case of 3 Bottles","https://www.bbr.com/products-20158003953-2015-barolo-bartolo-mascarello-piedmont-italy","1101245","20158003953"
"Cantina Bartolo Mascarello","2016","Barolo, Bartolo Mascarello, Piedmont, Italy","1950","Case of 6 Bottles","https://www.bbr.com/products-20168003953-2016-barolo-bartolo-mascarello-piedmont-italy","1101245","20168003953"
"Cantina Bartolo Mascarello","2016","Barolo, Bartolo Mascarello, Piedmont, Italy","1200","Case of 3 Bottles","https://www.bbr.com/products-20168003953-2016-barolo-bartolo-mascarello-piedmont-italy","1101245","20168003953"
"Cantina Bartolo Mascarello","2017","Barolo, Bartolo Mascarello, Piedmont, Italy","475","Case of 3 Bottles","https://www.bbr.com/products-20178003953-2017-barolo-bartolo-mascarello-piedmont-italy","1101245","20178003953"
"Cantina Bartolo Mascarello","2018","Barolo, Bartolo Mascarello, Piedmont, Italy","510","Case of 3 Bottles","https://www.bbr.com/products-20188003953-2018-barolo-bartolo-mascarello-piedmont-italy","1101245","20188003953"
"Cantina Bartolo Mascarello","2021","Barolo, Bartolo Mascarello, Piedmont, Italy","550","Case of 3 Bottles","https://www.bbr.com/products-20218003953-2021-barolo-bartolo-mascarello-piedmont-italy","1101245","20218003953"
"Cantina Bartolo Mascarello","2010","Barolo, Bartolo Mascarello, Piedmont, Italy (Artist Label)","1800","Case of 1 Magnums","https://www.bbr.com/products-20108029274-2010-barolo-bartolo-mascarello-piedmont-italy-artist-label","1511499","20108029274"
"Cantina Bartolo Mascarello","2014","Barolo, Bartolo Mascarello, Piedmont, Italy (Artist Label)","490","Case of 1 Magnums","https://www.bbr.com/products-20148029274-2014-barolo-bartolo-mascarello-piedmont-italy-artist-label","1511499","20148029274"
"Cantina Bartolo Mascarello","2019","Barolo, Bartolo Mascarello, Piedmont, Italy (Artist Label)","645","Case of 1 Magnums","https://www.bbr.com/products-20198029274-2019-barolo-bartolo-mascarello-piedmont-italy-artist-label","1511499","20198029274"
"Luigi Baudana","2019","Barolo, Baudana, Luigi Baudana, Piedmont, Italy","340","Case of 6 Bottles","https://www.bbr.com/products-20198170181-2019-barolo-baudana-luigi-baudana-piedmont-italy","1161870","20198170181"
"Luigi Baudana","2020","Barolo, Baudana, Luigi Baudana, Piedmont, Italy","375","Case of 6 Bottles","https://www.bbr.com/products-20208170181-2020-barolo-baudana-luigi-baudana-piedmont-italy","1161870","20208170181"
"Trediberri","2020","Barolo, Berri, Trediberri, Piedmont, Italy","200","Case of 6 Bottles","https://www.bbr.com/products-20208243959-2020-barolo-berri-trediberri-piedmont-italy","2989291","20208243959"
"Trediberri","2020","Barolo, Berri, Trediberri, Piedmont, Italy","85","Case of 1 Magnums","https://www.bbr.com/products-20208243959-2020-barolo-berri-trediberri-piedmont-italy","2989291","20208243959"
"Trediberri","2021","Barolo, Berri, Trediberri, Piedmont, Italy","275","Case of 6 Bottles","https://www.bbr.com/products-20218243959-2021-barolo-berri-trediberri-piedmont-italy","2989291","20218243959"
"Cantina Bruna Grimaldi","2016","Barolo, Bricco Ambrogio, Bruna Grimaldi, Piedmont, Italy","220","Case of 6 Bottles","https://www.bbr.com/products-20168052573-2016-barolo-bricco-ambrogio-bruna-grimaldi-piedmont-italy","1200775","20168052573"
"Cantina Bruna Grimaldi","2019","Barolo, Bricco Ambrogio, Bruna Grimaldi, Piedmont, Italy","248","Case of 6 Bottles","https://www.bbr.com/products-20198052573-2019-barolo-bricco-ambrogio-bruna-grimaldi-piedmont-italy","1200775","20198052573"
"Cavallotto","2017","Barolo, Bricco Boschis, Cavallotto, Piedmont, Italy","225","Case of 6 Bottles","https://www.bbr.com/products-20178222415-2017-barolo-bricco-boschis-cavallotto-piedmont-italy","1097513","20178222415"
"Cavallotto","2013","Barolo, Bricco Boschis, Vigna San Giuseppe, Riserva, Cavallotto, Piedmont, Italy","275","Case of 1 Magnums","https://www.bbr.com/products-20138212175-2013-barolo-bricco-boschis-vigna-san-giuseppe-riserva-cavallotto-piedmont-italy","1129326","20138212175"
"Azelia","2017","Barolo, Bricco Fiasco, Azelia, Piedmont, Italy","525","Case of 6 Magnums","https://www.bbr.com/products-20178215235-2017-barolo-bricco-fiasco-azelia-piedmont-italy","1095577","20178215235"
"Ceretto","2007","Barolo, Bricco Rocche, Ceretto, Piedmont, Italy","739","Case of 1 Double Magnums","https://www.bbr.com/products-20078027531-2007-barolo-bricco-rocche-ceretto-piedmont-italy","1314553","20078027531"
"Ceretto","2015","Barolo, Bricco Rocche, Ceretto, Piedmont, Italy","575","Case of 6 Bottles","https://www.bbr.com/products-20158027531-2015-barolo-bricco-rocche-ceretto-piedmont-italy","1314553","20158027531"
"Ceretto","2015","Barolo, Bricco Rocche, Ceretto, Piedmont, Italy","450","Case of 1 Magnums","https://www.bbr.com/products-20158027531-2015-barolo-bricco-rocche-ceretto-piedmont-italy","1314553","20158027531"
"Ceretto","2016","Barolo, Bricco Rocche, Ceretto, Piedmont, Italy","949","Case of 6 Bottles","https://www.bbr.com/products-20168027531-2016-barolo-bricco-rocche-ceretto-piedmont-italy","1314553","20168027531"
"Ceretto","2019","Barolo, Bricco Rocche, Ceretto, Piedmont, Italy","500","Case of 6 Bottles","https://www.bbr.com/products-20198027531-2019-barolo-bricco-rocche-ceretto-piedmont-italy","1314553","20198027531"
"Az Ag Brezza Giacomo e Figli","2009","Barolo, Bricco Sarmassa, Brezza, Piedmont, Italy","399","Case of 12 Bottles","https://www.bbr.com/products-20098026273-2009-barolo-bricco-sarmassa-brezza-piedmont-italy","1158991","20098026273"
"Azelia","2009","Barolo, Bricco Voghera, Riserva, Azelia, Piedmont, Italy","500","Case of 6 Bottles","https://www.bbr.com/products-20098067603-2009-barolo-bricco-voghera-riserva-azelia-piedmont-italy","2223285","20098067603"
"G. D. Vajra","2012","Barolo, Bricco delle Viole, G.D. Vajra, Piedmont, Italy","125","Case of 1 Magnums","https://www.bbr.com/products-20128016076-2012-barolo-bricco-delle-viole-g-d-vajra-piedmont-italy","1105894","20128016076"
"G. D. Vajra","2014","Barolo, Bricco delle Viole, G.D. Vajra, Piedmont, Italy","310","Case of 6 Bottles","https://www.bbr.com/products-20148016076-2014-barolo-bricco-delle-viole-g-d-vajra-piedmont-italy","1105894","20148016076"
"G. D. Vajra","2016","Barolo, Bricco delle Viole, G.D. Vajra, Piedmont, Italy","795","Case of 6 Bottles","https://www.bbr.com/products-20168016076-2016-barolo-bricco-delle-viole-g-d-vajra-piedmont-italy","1105894","20168016076"
"G. D. Vajra","2016","Barolo, Bricco delle Viole, G.D. Vajra, Piedmont, Italy","995","Case of 6 Magnums","https://www.bbr.com/products-20168016076-2016-barolo-bricco-delle-viole-g-d-vajra-piedmont-italy","1105894","20168016076"
"G. D. Vajra","2017","Barolo, Bricco delle Viole, G.D. Vajra, Piedmont, Italy","518","Case of 6 Bottles","https://www.bbr.com/products-20178016076-2017-barolo-bricco-delle-viole-g-d-vajra-piedmont-italy","1105894","20178016076"
"G. D. Vajra","2019","Barolo, Bricco delle Viole, G.D. Vajra, Piedmont, Italy","595","Case of 6 Bottles","https://www.bbr.com/products-20198016076-2019-barolo-bricco-delle-viole-g-d-vajra-piedmont-italy","1105894","20198016076"
"G. D. Vajra","2020","Barolo, Bricco delle Viole, G.D. Vajra, Piedmont, Italy","467","Case of 6 Bottles","https://www.bbr.com/products-20208016076-2020-barolo-bricco-delle-viole-g-d-vajra-piedmont-italy","1105894","20208016076"
"G. D. Vajra","2021","Barolo, Bricco delle Viole, G.D. Vajra, Piedmont, Italy","470","Case of 6 Bottles","https://www.bbr.com/products-20218016076-2021-barolo-bricco-delle-viole-g-d-vajra-piedmont-italy","1105894","20218016076"
"Ceretto","2010","Barolo, Brunate, Ceretto, Piedmont, Italy","575","Case of 6 Bottles","https://www.bbr.com/products-20108109945-2010-barolo-brunate-ceretto-piedmont-italy","1314537","20108109945"
"Ceretto","2016","Barolo, Brunate, Ceretto, Piedmont, Italy","498","Case of 6 Bottles","https://www.bbr.com/products-20168109945-2016-barolo-brunate-ceretto-piedmont-italy","1314537","20168109945"
"Ceretto","2018","Barolo, Brunate, Ceretto, Piedmont, Italy","400","Case of 6 Bottles","https://www.bbr.com/products-20188109945-2018-barolo-brunate-ceretto-piedmont-italy","1314537","20188109945"
"Giuseppe Rinaldi","2012","Barolo, Brunate, Giuseppe Rinaldi, Piedmont, Italy","3900","Case of 12 Bottles","https://www.bbr.com/products-20128117412-2012-barolo-brunate-giuseppe-rinaldi-piedmont-italy","1104190","20128117412"
"Giuseppe Rinaldi","2014","Barolo, Brunate, Giuseppe Rinaldi, Piedmont, Italy","2590","Case of 12 Bottles","https://www.bbr.com/products-20148117412-2014-barolo-brunate-giuseppe-rinaldi-piedmont-italy","1104190","20148117412"
"M. Marengo","2010","Barolo, Brunate, M. Marengo, Piedmont, Italy","595","Case of 12 Bottles","https://www.bbr.com/products-20108214342-2010-barolo-brunate-m-marengo-piedmont-italy","1101160","20108214342"
"Marcarini","2004","Barolo, Brunate, Marcarini, Piedmont, Italy","440","Case of 6 Magnums","https://www.bbr.com/products-20041101030-2004-barolo-brunate-marcarini-piedmont-italy","1101030","20041101030"
"Marcarini","2006","Barolo, Brunate, Marcarini, Piedmont, Italy","440","Case of 12 Bottles","https://www.bbr.com/products-20061101030-2006-barolo-brunate-marcarini-piedmont-italy","1101030","20061101030"
"Marcarini","2006","Barolo, Brunate, Marcarini, Piedmont, Italy","315","Case of 6 Bottles","https://www.bbr.com/products-20061101030-2006-barolo-brunate-marcarini-piedmont-italy","1101030","20061101030"
"Marcarini","2007","Barolo, Brunate, Marcarini, Piedmont, Italy","310","Case of 6 Bottles","https://www.bbr.com/products-20071101030-2007-barolo-brunate-marcarini-piedmont-italy","1101030","20071101030"
"Marcarini","2009","Barolo, Brunate, Marcarini, Piedmont, Italy","255","Case of 6 Bottles","https://www.bbr.com/products-20091101030-2009-barolo-brunate-marcarini-piedmont-italy","1101030","20091101030"
"Marcarini","2009","Barolo, Brunate, Marcarini, Piedmont, Italy","575","Case of 6 Magnums","https://www.bbr.com/products-20091101030-2009-barolo-brunate-marcarini-piedmont-italy","1101030","20091101030"
"Marcarini","2010","Barolo, Brunate, Marcarini, Piedmont, Italy","198","Case of 6 Bottles","https://www.bbr.com/products-20101101030-2010-barolo-brunate-marcarini-piedmont-italy","1101030","20101101030"
"Marcarini","2011","Barolo, Brunate, Marcarini, Piedmont, Italy","245","Case of 6 Bottles","https://www.bbr.com/products-20111101030-2011-barolo-brunate-marcarini-piedmont-italy","1101030","20111101030"
"Marcarini","2011","Barolo, Brunate, Marcarini, Piedmont, Italy","264","Case of 6 Bottles","https://www.bbr.com/products-20111101030-2011-barolo-brunate-marcarini-piedmont-italy","1101030","20111101030"
"Marcarini","2012","Barolo, Brunate, Marcarini, Piedmont, Italy","160","Case of 6 Bottles","https://www.bbr.com/products-20121101030-2012-barolo-brunate-marcarini-piedmont-italy","1101030","20121101030"
"Marcarini","2013","Barolo, Brunate, Marcarini, Piedmont, Italy","200","Case of 6 Bottles","https://www.bbr.com/products-20131101030-2013-barolo-brunate-marcarini-piedmont-italy","1101030","20131101030"
"Marcarini","2013","Barolo, Brunate, Marcarini, Piedmont, Italy","70","Case of 1 Magnums","https://www.bbr.com/products-20131101030-2013-barolo-brunate-marcarini-piedmont-italy","1101030","20131101030"
"Marcarini","2014","Barolo, Brunate, Marcarini, Piedmont, Italy","190","Case of 6 Bottles","https://www.bbr.com/products-20141101030-2014-barolo-brunate-marcarini-piedmont-italy","1101030","20141101030"
"Marcarini","2014","Barolo, Brunate, Marcarini, Piedmont, Italy","240","Case of 1 Double Magnums","https://www.bbr.com/products-20141101030-2014-barolo-brunate-marcarini-piedmont-italy","1101030","20141101030"
"Marcarini","2014","Barolo, Brunate, Marcarini, Piedmont, Italy","500","Case of 6 Magnums","https://www.bbr.com/products-20141101030-2014-barolo-brunate-marcarini-piedmont-italy","1101030","20141101030"
"Marcarini","2015","Barolo, Brunate, Marcarini, Piedmont, Italy","229","Case of 6 Bottles","https://www.bbr.com/products-20151101030-2015-barolo-brunate-marcarini-piedmont-italy","1101030","20151101030"
"Marcarini","2016","Barolo, Brunate, Marcarini, Piedmont, Italy","220","Case of 6 Bottles","https://www.bbr.com/products-20161101030-2016-barolo-brunate-marcarini-piedmont-italy","1101030","20161101030"
"Marcarini","2016","Barolo, Brunate, Marcarini, Piedmont, Italy","165","Case of 1 Magnums","https://www.bbr.com/products-20161101030-2016-barolo-brunate-marcarini-piedmont-italy","1101030","20161101030"
"Marcarini","2017","Barolo, Brunate, Marcarini, Piedmont, Italy","334","Case of 6 Bottles","https://www.bbr.com/products-20171101030-2017-barolo-brunate-marcarini-piedmont-italy","1101030","20171101030"
"Marcarini","2017","Barolo, Brunate, Marcarini, Piedmont, Italy","126","Case of 1 Magnums","https://www.bbr.com/products-20171101030-2017-barolo-brunate-marcarini-piedmont-italy","1101030","20171101030"
"Marcarini","2018","Barolo, Brunate, Marcarini, Piedmont, Italy","265","Case of 6 Bottles","https://www.bbr.com/products-20181101030-2018-barolo-brunate-marcarini-piedmont-italy","1101030","20181101030"
"Marcarini","2019","Barolo, Brunate, Marcarini, Piedmont, Italy","325","Case of 6 Bottles","https://www.bbr.com/products-20191101030-2019-barolo-brunate-marcarini-piedmont-italy","1101030","20191101030"
"Roberto Voerzio","2008","Barolo, Brunate, Roberto Voerzio, Piedmont, Italy","1600","Case of 6 Bottles","https://www.bbr.com/products-20088012342-2008-barolo-brunate-roberto-voerzio-piedmont-italy","1106569","20088012342"
"Roberto Voerzio","2012","Barolo, Brunate, Roberto Voerzio, Piedmont, Italy","500","Case of 3 Bottles","https://www.bbr.com/products-20128012342-2012-barolo-brunate-roberto-voerzio-piedmont-italy","1106569","20128012342"
"Roberto Voerzio","2016","Barolo, Brunate, Roberto Voerzio, Piedmont, Italy","720","Case of 6 Bottles","https://www.bbr.com/products-20168012342-2016-barolo-brunate-roberto-voerzio-piedmont-italy","1106569","20168012342"
"Roberto Voerzio","2016","Barolo, Brunate, Roberto Voerzio, Piedmont, Italy","580","Case of 3 Bottles","https://www.bbr.com/products-20168012342-2016-barolo-brunate-roberto-voerzio-piedmont-italy","1106569","20168012342"
"Vietti","2006","Barolo, Brunate, Vietti, Piedmont, Italy","695","Case of 3 Bottles","https://www.bbr.com/products-20068117278-2006-barolo-brunate-vietti-piedmont-italy","1106312","20068117278"
"Vietti","2013","Barolo, Brunate, Vietti, Piedmont, Italy","690","Case of 6 Bottles","https://www.bbr.com/products-20138117278-2013-barolo-brunate-vietti-piedmont-italy","1106312","20138117278"
"Vietti","2015","Barolo, Brunate, Vietti, Piedmont, Italy","350","Case of 3 Bottles","https://www.bbr.com/products-20158117278-2015-barolo-brunate-vietti-piedmont-italy","1106312","20158117278"
"Vietti","2016","Barolo, Brunate, Vietti, Piedmont, Italy","390","Case of 3 Bottles","https://www.bbr.com/products-20168117278-2016-barolo-brunate-vietti-piedmont-italy","1106312","20168117278"
"Vietti","2016","Barolo, Brunate, Vietti, Piedmont, Italy","300","Case of 1 Magnums","https://www.bbr.com/products-20168117278-2016-barolo-brunate-vietti-piedmont-italy","1106312","20168117278"
"Vietti","2019","Barolo, Brunate, Vietti, Piedmont, Italy","425","Case of 3 Bottles","https://www.bbr.com/products-20198117278-2019-barolo-brunate-vietti-piedmont-italy","1106312","20198117278"
"Bruno Giacosa","2017","Barolo, Bruno Giacosa, Piedmont, Italy","700","Case of 6 Bottles","https://www.bbr.com/products-20178124113-2017-barolo-bruno-giacosa-piedmont-italy","1151178","20178124113"
"Bruno Giacosa","2018","Barolo, Bruno Giacosa, Piedmont, Italy","480","Case of 6 Bottles","https://www.bbr.com/products-20188124113-2018-barolo-bruno-giacosa-piedmont-italy","1151178","20188124113"
"Ceretto","2016","Barolo, Bussia, Ceretto, Piedmont, Italy","425","Case of 6 Bottles","https://www.bbr.com/products-20168103914-2016-barolo-bussia-ceretto-piedmont-italy","1795363","20168103914"
"Ceretto","2017","Barolo, Bussia, Ceretto, Piedmont, Italy","525","Case of 6 Bottles","https://www.bbr.com/products-20178103914-2017-barolo-bussia-ceretto-piedmont-italy","1795363","20178103914"
"Poderi Aldo Conterno","2012","Barolo, Bussia, Cicala, Poderi Aldo Conterno, Piedmont, Italy","546","Case of 6 Bottles","https://www.bbr.com/products-20128104748-2012-barolo-bussia-cicala-poderi-aldo-conterno-piedmont-italy","1547757","20128104748"
"Poderi Aldo Conterno","2016","Barolo, Bussia, Cicala, Poderi Aldo Conterno, Piedmont, Italy","650","Case of 6 Bottles","https://www.bbr.com/products-20168104748-2016-barolo-bussia-cicala-poderi-aldo-conterno-piedmont-italy","1547757","20168104748"
"Poderi Aldo Conterno","2017","Barolo, Bussia, Cicala, Poderi Aldo Conterno, Piedmont, Italy","390","Case of 6 Bottles","https://www.bbr.com/products-20178104748-2017-barolo-bussia-cicala-poderi-aldo-conterno-piedmont-italy","1547757","20178104748"
"Poderi Aldo Conterno","2016","Barolo, Bussia, Colonnello, Poderi Aldo Conterno, Piedmont, Italy","610","Case of 6 Bottles","https://www.bbr.com/products-20168117917-2016-barolo-bussia-colonnello-poderi-aldo-conterno-piedmont-italy","1098217","20168117917"
"Poderi Aldo Conterno","2019","Barolo, Bussia, Colonnello, Poderi Aldo Conterno, Piedmont, Italy","790","Case of 6 Bottles","https://www.bbr.com/products-20198117917-2019-barolo-bussia-colonnello-poderi-aldo-conterno-piedmont-italy","1098217","20198117917"
"Giacomo Fenocchio","2020","Barolo, Bussia, Giacomo Fenocchio, Piedmont, Italy","240","Case of 6 Bottles","https://www.bbr.com/products-20208209629-2020-barolo-bussia-giacomo-fenocchio-piedmont-italy","1201248","20208209629"
"Giacomo Fenocchio","2021","Barolo, Bussia, Giacomo Fenocchio, Piedmont, Italy","300","Case of 6 Bottles","https://www.bbr.com/products-20218209629-2021-barolo-bussia-giacomo-fenocchio-piedmont-italy","1201248","20218209629"
"Poderi Aldo Conterno","2019","Barolo, Bussia, Poderi Aldo Conterno, Piedmont, Italy","600","Case of 6 Bottles","https://www.bbr.com/products-20198112202-2019-barolo-bussia-poderi-aldo-conterno-piedmont-italy","1214837","20198112202"
"Pianpolvere Soprano","2010","Barolo, Bussia, Riserva, Pianpolvere Soprano, Piedmont, Italy","180","Case of 1 Magnums","https://www.bbr.com/products-20108202268-2010-barolo-bussia-riserva-pianpolvere-soprano-piedmont-italy","1533725","20108202268"
"Silvano Bolmida","2007","Barolo, Bussia, Silvano Bolmida, Piedmont, Italy","180","Case of 6 Bottles","https://www.bbr.com/products-20078327918-2007-barolo-bussia-silvano-bolmida-piedmont-italy","1136027","20078327918"
"Cantina Bruna Grimaldi","2018","Barolo, Camilla, Bruna Grimaldi, Piedmont, Italy","204","Case of 6 Bottles","https://www.bbr.com/products-20188052560-2018-barolo-camilla-bruna-grimaldi-piedmont-italy","1200788","20188052560"
"La Spinetta","2000","Barolo, Campe Vursu, La Spinetta, Piedmont, Italy","780","Case of 6 Bottles","https://www.bbr.com/products-20008203438-2000-barolo-campe-vursu-la-spinetta-piedmont-italy","1100655","20008203438"
"La Spinetta","2007","Barolo, Campe Vursu, La Spinetta, Piedmont, Italy","525","Case of 6 Bottles","https://www.bbr.com/products-20078203438-2007-barolo-campe-vursu-la-spinetta-piedmont-italy","1100655","20078203438"
"Luciano Sandrone","2010","Barolo, Cannubi Boschis, Luciano Sandrone, Piedmont, Italy","1200","Case of 6 Bottles","https://www.bbr.com/products-20101104709-2010-barolo-cannubi-boschis-luciano-sandrone-piedmont-italy","1476589","20101104709"
"Luciano Sandrone","2011","Barolo, Cannubi Boschis, Luciano Sandrone, Piedmont, Italy","414","Case of 6 Bottles","https://www.bbr.com/products-20111104709-2011-barolo-cannubi-boschis-luciano-sandrone-piedmont-italy","1476589","20111104709"
"Luciano Sandrone","2011","Barolo, Cannubi Boschis, Luciano Sandrone, Piedmont, Italy","415","Case of 6 Bottles","https://www.bbr.com/products-20111104709-2011-barolo-cannubi-boschis-luciano-sandrone-piedmont-italy","1476589","20111104709"
"Luciano Sandrone","2012","Barolo, Cannubi Boschis, Luciano Sandrone, Piedmont, Italy","545","Case of 6 Bottles","https://www.bbr.com/products-20121104709-2012-barolo-cannubi-boschis-luciano-sandrone-piedmont-italy","1476589","20121104709"
"Luciano Sandrone","2010","Barolo, Cannubi Boschis, Sibi et Paucis, Luciano Sandrone, Piedmont,Italy","605","Case of 3 Bottles","https://www.bbr.com/products-20108017608-2010-barolo-cannubi-boschis-sibi-et-paucis-luciano-sandrone-piedmont-italy","1255010","20108017608"
"Az Ag Brezza Giacomo e Figli","2013","Barolo, Cannubi, Brezza, Piedmont, Italy","388","Case of 6 Bottles","https://www.bbr.com/products-20138026286-2013-barolo-cannubi-brezza-piedmont-italy","1262186","20138026286"
"Comm. G.B. Burlotto","2015","Barolo, Cannubi, Comm. G.B. Burlotto, Piedmont, Italy","2000","Case of 6 Bottles","https://www.bbr.com/products-20158205807-2015-barolo-cannubi-comm-g-b-burlotto-piedmont-italy","1330135","20158205807"
"Comm. G.B. Burlotto","2017","Barolo, Cannubi, Comm. G.B. Burlotto, Piedmont, Italy","1600","Case of 6 Bottles","https://www.bbr.com/products-20178205807-2017-barolo-cannubi-comm-g-b-burlotto-piedmont-italy","1330135","20178205807"
"Comm. G.B. Burlotto","2018","Barolo, Cannubi, Comm. G.B. Burlotto, Piedmont, Italy","1500","Case of 6 Bottles","https://www.bbr.com/products-20188205807-2018-barolo-cannubi-comm-g-b-burlotto-piedmont-italy","1330135","20188205807"
"G. Damilano","2016","Barolo, Cannubi, Damilano, Piedmont, Italy","300","Case of 6 Bottles","https://www.bbr.com/products-20168058517-2016-barolo-cannubi-damilano-piedmont-italy","1164132","20168058517"
"G. Damilano","2016","Barolo, Cannubi, Damilano, Piedmont, Italy","235","Case of 1 Double Magnums","https://www.bbr.com/products-20168058517-2016-barolo-cannubi-damilano-piedmont-italy","1164132","20168058517"
"G. Damilano","2016","Barolo, Cannubi, Damilano, Piedmont, Italy","550","Case of 1 Imperials","https://www.bbr.com/products-20168058517-2016-barolo-cannubi-damilano-piedmont-italy","1164132","20168058517"
"G. Damilano","2016","Barolo, Cannubi, Damilano, Piedmont, Italy","165","Case of 1 Magnums","https://www.bbr.com/products-20168058517-2016-barolo-cannubi-damilano-piedmont-italy","1164132","20168058517"
"Diego e Damiano Barale","2018","Barolo, Cannubi, Diego &amp; Damiano Barale, Piedmont, Italy","160","Case of 1 Magnums","https://www.bbr.com/products-20188151771-2018-barolo-cannubi-diego-and-damiano-barale-piedmont-italy","2562782","20188151771"
"Diego e Damiano Barale","2019","Barolo, Cannubi, Diego &amp; Damiano Barale, Piedmont, Italy","260","Case of 1 Magnums","https://www.bbr.com/products-20198151771-2019-barolo-cannubi-diego-and-damiano-barale-piedmont-italy","2562782","20198151771"
"E.Pira di Chiara Boschis, Piedmont","2006","Barolo, Cannubi, E. Pira di Chiara Boschis, Piedmont, Italy","700","Case of 6 Bottles","https://www.bbr.com/products-20068006970-2006-barolo-cannubi-e-pira-di-chiara-boschis-piedmont-italy","1303522","20068006970"
"E.Pira di Chiara Boschis, Piedmont","2010","Barolo, Cannubi, E. Pira di Chiara Boschis, Piedmont, Italy","574","Case of 6 Bottles","https://www.bbr.com/products-20108006970-2010-barolo-cannubi-e-pira-di-chiara-boschis-piedmont-italy","1303522","20108006970"
"E.Pira di Chiara Boschis, Piedmont","2011","Barolo, Cannubi, E. Pira di Chiara Boschis, Piedmont, Italy","515","Case of 6 Bottles","https://www.bbr.com/products-20118006970-2011-barolo-cannubi-e-pira-di-chiara-boschis-piedmont-italy","1303522","20118006970"
"E.Pira di Chiara Boschis, Piedmont","2015","Barolo, Cannubi, E. Pira di Chiara Boschis, Piedmont, Italy","695","Case of 6 Bottles","https://www.bbr.com/products-20158006970-2015-barolo-cannubi-e-pira-di-chiara-boschis-piedmont-italy","1303522","20158006970"
"E.Pira di Chiara Boschis, Piedmont","2016","Barolo, Cannubi, E. Pira di Chiara Boschis, Piedmont, Italy","490","Case of 6 Bottles","https://www.bbr.com/products-20168006970-2016-barolo-cannubi-e-pira-di-chiara-boschis-piedmont-italy","1303522","20168006970"
"E.Pira di Chiara Boschis, Piedmont","2016","Barolo, Cannubi, E. Pira di Chiara Boschis, Piedmont, Italy","895","Case of 6 Bottles","https://www.bbr.com/products-20168006970-2016-barolo-cannubi-e-pira-di-chiara-boschis-piedmont-italy","1303522","20168006970"
"E.Pira di Chiara Boschis, Piedmont","2016","Barolo, Cannubi, E. Pira di Chiara Boschis, Piedmont, Italy","345","Case of 1 Magnums","https://www.bbr.com/products-20168006970-2016-barolo-cannubi-e-pira-di-chiara-boschis-piedmont-italy","1303522","20168006970"
"E.Pira di Chiara Boschis, Piedmont","2017","Barolo, Cannubi, E. Pira di Chiara Boschis, Piedmont, Italy","354","Case of 6 Bottles","https://www.bbr.com/products-20178006970-2017-barolo-cannubi-e-pira-di-chiara-boschis-piedmont-italy","1303522","20178006970"
"E.Pira di Chiara Boschis, Piedmont","2017","Barolo, Cannubi, E. Pira di Chiara Boschis, Piedmont, Italy","290","Case of 6 Bottles","https://www.bbr.com/products-20178006970-2017-barolo-cannubi-e-pira-di-chiara-boschis-piedmont-italy","1303522","20178006970"
"E.Pira di Chiara Boschis, Piedmont","2018","Barolo, Cannubi, E. Pira di Chiara Boschis, Piedmont, Italy","365","Case of 6 Bottles","https://www.bbr.com/products-20188006970-2018-barolo-cannubi-e-pira-di-chiara-boschis-piedmont-italy","1303522","20188006970"
"Francesco Rinaldi e Figli","2016","Barolo, Cannubi, Francesco Rinaldi, Piedmont, Italy","300","Case of 6 Bottles","https://www.bbr.com/products-20168213808-2016-barolo-cannubi-francesco-rinaldi-piedmont-italy","1104161","20168213808"
"Giacomo Borgogno e Figli","2017","Barolo, Cannubi, Giacomo Borgogno &amp; Figli, Piedmont, Italy","399","Case of 6 Bottles","https://www.bbr.com/products-20178056874-2017-barolo-cannubi-giacomo-borgogno-and-figli-piedmont-italy","1443873","20178056874"
"Giacomo Fenocchio","2017","Barolo, Cannubi, Giacomo Fenocchio, Piedmont, Italy","395","Case of 6 Bottles","https://www.bbr.com/products-20178210940-2017-barolo-cannubi-giacomo-fenocchio-piedmont-italy","1157255","20178210940"
"Scavino","2010","Barolo, Cannubi, Paolo Scavino, Piedmont, Italy","550","Case of 3 Magnums","https://www.bbr.com/products-20108213635-2010-barolo-cannubi-paolo-scavino-piedmont-italy","1105025","20108213635"
"Serio & Battista Borgogno, Piedmont","2009","Barolo, Cannubi, Riserva, Serio &amp; Battista Borgogno, Piedmont","420","Case of 6 Bottles","https://www.bbr.com/products-20098027775-2009-barolo-cannubi-riserva-serio-and-battista-borgogno-piedmont","1435742","20098027775"
"Scavino","2001","Barolo, Carobric, Paolo Scavino, Piedmont, Italy","168","Case of 1 Magnums","https://www.bbr.com/products-20018213619-2001-barolo-carobric-paolo-scavino-piedmont-italy","1105038","20018213619"
"Cascina Fontana","2008","Barolo, Cascina Fontana, Piedmont, Italy","294","Case of 6 Bottles","https://www.bbr.com/products-20081144637-2008-barolo-cascina-fontana-piedmont-italy","1144637","20081144637"
"Cascina Fontana","2009","Barolo, Cascina Fontana, Piedmont, Italy","900","Case of 6 Bottles","https://www.bbr.com/products-20091144637-2009-barolo-cascina-fontana-piedmont-italy","1144637","20091144637"
"Cascina Fontana","2010","Barolo, Cascina Fontana, Piedmont, Italy","250","Case of 6 Bottles","https://www.bbr.com/products-20101144637-2010-barolo-cascina-fontana-piedmont-italy","1144637","20101144637"
"Cascina Fontana","2011","Barolo, Cascina Fontana, Piedmont, Italy","500","Case of 6 Bottles","https://www.bbr.com/products-20111144637-2011-barolo-cascina-fontana-piedmont-italy","1144637","20111144637"
"Cascina Fontana","2013","Barolo, Cascina Fontana, Piedmont, Italy","340","Case of 6 Bottles","https://www.bbr.com/products-20131144637-2013-barolo-cascina-fontana-piedmont-italy","1144637","20131144637"
"Cascina Fontana","2015","Barolo, Cascina Fontana, Piedmont, Italy","675","Case of 6 Magnums","https://www.bbr.com/products-20151144637-2015-barolo-cascina-fontana-piedmont-italy","1144637","20151144637"
"Cascina Fontana","2016","Barolo, Cascina Fontana, Piedmont, Italy","385","Case of 6 Bottles","https://www.bbr.com/products-20161144637-2016-barolo-cascina-fontana-piedmont-italy","1144637","20161144637"
"Cascina Fontana","2017","Barolo, Cascina Fontana, Piedmont, Italy","240","Case of 6 Bottles","https://www.bbr.com/products-20171144637-2017-barolo-cascina-fontana-piedmont-italy","1144637","20171144637"
"Cascina Fontana","2019","Barolo, Cascina Fontana, Piedmont, Italy","350","Case of 6 Bottles","https://www.bbr.com/products-20191144637-2019-barolo-cascina-fontana-piedmont-italy","1144637","20191144637"
"Cascina Fontana","2020","Barolo, Cascina Fontana, Piedmont, Italy","320","Case of 6 Bottles","https://www.bbr.com/products-20201144637-2020-barolo-cascina-fontana-piedmont-italy","1144637","20201144637"
"Elvio Cogno","2016","Barolo, Cascina Nuova, Elvio Cogno, Piedmont, Italy","140","Case of 6 Bottles","https://www.bbr.com/products-20168210751-2016-barolo-cascina-nuova-elvio-cogno-piedmont-italy","1164363","20168210751"
"Roberto Voerzio","2010","Barolo, Case Nere, Riserva 10 Anni, Roberto Voerzio, Piedmont, Italy","625","Case of 3 Bottles","https://www.bbr.com/products-20108026420-2010-barolo-case-nere-riserva-10-anni-roberto-voerzio-piedmont-italy","1249967","20108026420"
"Mauro Veglio","2014","Barolo, Castelletto, Mauro Veglio, Piedmont, Italy","288","Case of 6 Bottles","https://www.bbr.com/products-20141106123-2014-barolo-castelletto-mauro-veglio-piedmont-italy","1106123","20141106123"
"Mauro Veglio","2015","Barolo, Castelletto, Mauro Veglio, Piedmont, Italy","270","Case of 6 Bottles","https://www.bbr.com/products-20151106123-2015-barolo-castelletto-mauro-veglio-piedmont-italy","1106123","20151106123"
"Mauro Veglio","2016","Barolo, Castelletto, Mauro Veglio, Piedmont, Italy","196","Case of 6 Bottles","https://www.bbr.com/products-20161106123-2016-barolo-castelletto-mauro-veglio-piedmont-italy","1106123","20161106123"
"Mauro Veglio","2017","Barolo, Castelletto, Mauro Veglio, Piedmont, Italy","169","Case of 6 Bottles","https://www.bbr.com/products-20171106123-2017-barolo-castelletto-mauro-veglio-piedmont-italy","1106123","20171106123"
"Mauro Veglio","2018","Barolo, Castelletto, Mauro Veglio, Piedmont, Italy","170","Case of 6 Bottles","https://www.bbr.com/products-20181106123-2018-barolo-castelletto-mauro-veglio-piedmont-italy","1106123","20181106123"
"Mauro Veglio","2019","Barolo, Castelletto, Mauro Veglio, Piedmont, Italy","220","Case of 6 Bottles","https://www.bbr.com/products-20191106123-2019-barolo-castelletto-mauro-veglio-piedmont-italy","1106123","20191106123"
"Mauro Veglio","2020","Barolo, Castelletto, Mauro Veglio, Piedmont, Italy","395","Case of 6 Bottles","https://www.bbr.com/products-20201106123-2020-barolo-castelletto-mauro-veglio-piedmont-italy","1106123","20201106123"
"Mauro Veglio","2021","Barolo, Castelletto, Mauro Veglio, Piedmont, Italy","200","Case of 1 Magnums","https://www.bbr.com/products-20211106123-2021-barolo-castelletto-mauro-veglio-piedmont-italy","1106123","20211106123"
"Conterno Fantino","2017","Barolo, Castelletto, Vigna Pressenda, Conterno Fantino, Piedmont, Italy","168","Case of 6 Bottles","https://www.bbr.com/products-20178307615-2017-barolo-castelletto-vigna-pressenda-conterno-fantino-piedmont-italy","1636211","20178307615"
"Cascina Fontana","2013","Barolo, Castiglione Falletto, Cascina Fontana, Piedmont, Italy","420","Case of 6 Bottles","https://www.bbr.com/products-20131536175-2013-barolo-castiglione-falletto-cascina-fontana-piedmont-italy","1536175","20131536175"
"Cascina Fontana","2016","Barolo, Castiglione Falletto, Cascina Fontana, Piedmont, Italy","550","Case of 6 Bottles","https://www.bbr.com/products-20161536175-2016-barolo-castiglione-falletto-cascina-fontana-piedmont-italy","1536175","20161536175"
"Cascina Fontana","2017","Barolo, Castiglione Falletto, Cascina Fontana, Piedmont, Italy","395","Case of 6 Bottles","https://www.bbr.com/products-20171536175-2017-barolo-castiglione-falletto-cascina-fontana-piedmont-italy","1536175","20171536175"
"Cascina Fontana","2019","Barolo, Castiglione Falletto, Cascina Fontana, Piedmont, Italy","485","Case of 6 Bottles","https://www.bbr.com/products-20191536175-2019-barolo-castiglione-falletto-cascina-fontana-piedmont-italy","1536175","20191536175"
"Vietti","2013","Barolo, Castiglione, Vietti, Piedmont, Italy","190","Case of 3 Magnums","https://www.bbr.com/products-20138117265-2013-barolo-castiglione-vietti-piedmont-italy","1106325","20138117265"
"Vietti","2015","Barolo, Castiglione, Vietti, Piedmont, Italy","175","Case of 6 Bottles","https://www.bbr.com/products-20158117265-2015-barolo-castiglione-vietti-piedmont-italy","1106325","20158117265"
"Vietti","2016","Barolo, Castiglione, Vietti, Piedmont, Italy","225","Case of 6 Bottles","https://www.bbr.com/products-20168117265-2016-barolo-castiglione-vietti-piedmont-italy","1106325","20168117265"
"Vietti","2016","Barolo, Castiglione, Vietti, Piedmont, Italy","280","Case of 6 Bottles","https://www.bbr.com/products-20168117265-2016-barolo-castiglione-vietti-piedmont-italy","1106325","20168117265"
"Vietti","2019","Barolo, Castiglione, Vietti, Piedmont, Italy","185","Case of 6 Bottles","https://www.bbr.com/products-20198117265-2019-barolo-castiglione-vietti-piedmont-italy","1106325","20198117265"
"Roberto Voerzio","1999","Barolo, Cerequio, Roberto Voerzio, Piedmont, Italy","2650","Case of 12 Bottles","https://www.bbr.com/products-19998013453-1999-barolo-cerequio-roberto-voerzio-piedmont-italy","1106585","19998013453"
"Roberto Voerzio","2009","Barolo, Cerequio, Roberto Voerzio, Piedmont, Italy","800","Case of 6 Bottles","https://www.bbr.com/products-20098013453-2009-barolo-cerequio-roberto-voerzio-piedmont-italy","1106585","20098013453"
"Roberto Voerzio","2016","Barolo, Cerequio, Roberto Voerzio, Piedmont, Italy","680","Case of 3 Bottles","https://www.bbr.com/products-20168013453-2016-barolo-cerequio-roberto-voerzio-piedmont-italy","1106585","20168013453"
"Roberto Voerzio","2017","Barolo, Cerequio, Roberto Voerzio, Piedmont, Italy","680","Case of 3 Bottles","https://www.bbr.com/products-20178013453-2017-barolo-cerequio-roberto-voerzio-piedmont-italy","1106585","20178013453"
"Vietti","2018","Barolo, Cerequio, Vietti, Piedmont, Italy","450","Case of 3 Bottles","https://www.bbr.com/products-20188152606-2018-barolo-cerequio-vietti-piedmont-italy","2196914","20188152606"
"Ceretto","2015","Barolo, Ceretto, Piedmont, Italy","225","Case of 6 Bottles","https://www.bbr.com/products-20158142425-2015-barolo-ceretto-piedmont-italy","1337684","20158142425"
"Ceretto","2016","Barolo, Ceretto, Piedmont, Italy","190","Case of 6 Bottles","https://www.bbr.com/products-20168142425-2016-barolo-ceretto-piedmont-italy","1337684","20168142425"
"Ceretto","2019","Barolo, Ceretto, Piedmont, Italy","200","Case of 6 Bottles","https://www.bbr.com/products-20198142425-2019-barolo-ceretto-piedmont-italy","1337684","20198142425"
"Agricola Brandini","2017","Barolo, Cerretta, Brandini, Piedmont, Italy","425","Case of 6 Bottles","https://www.bbr.com/products-20178327732-2017-barolo-cerretta-brandini-piedmont-italy","2046251","20178327732"
"Giacomo Conterno","2012","Barolo, Cerretta, Giacomo Conterno, Piedmont, Italy","1550","Case of 12 Bottles","https://www.bbr.com/products-20128035587-2012-barolo-cerretta-giacomo-conterno-piedmont-italy","1306813","20128035587"
"Giacomo Conterno","2012","Barolo, Cerretta, Giacomo Conterno, Piedmont, Italy","260","Case of 1 Magnums","https://www.bbr.com/products-20128035587-2012-barolo-cerretta-giacomo-conterno-piedmont-italy","1306813","20128035587"
"Giacomo Conterno","2015","Barolo, Cerretta, Giacomo Conterno, Piedmont, Italy","450","Case of 1 Magnums","https://www.bbr.com/products-20158035587-2015-barolo-cerretta-giacomo-conterno-piedmont-italy","1306813","20158035587"
"Giacomo Conterno","2016","Barolo, Cerretta, Giacomo Conterno, Piedmont, Italy","1075","Case of 6 Bottles","https://www.bbr.com/products-20168035587-2016-barolo-cerretta-giacomo-conterno-piedmont-italy","1306813","20168035587"
"Giacomo Conterno","2019","Barolo, Cerretta, Giacomo Conterno, Piedmont, Italy","1150","Case of 6 Bottles","https://www.bbr.com/products-20198035587-2019-barolo-cerretta-giacomo-conterno-piedmont-italy","1306813","20198035587"
"Giacomo Conterno","2020","Barolo, Cerretta, Giacomo Conterno, Piedmont, Italy","1000","Case of 6 Bottles","https://www.bbr.com/products-20208035587-2020-barolo-cerretta-giacomo-conterno-piedmont-italy","1306813","20208035587"
"Giovanni Rosso","2010","Barolo, Cerretta, Giovanni Rosso, Piedmont, Italy","330","Case of 6 Bottles","https://www.bbr.com/products-20101133648-2010-barolo-cerretta-giovanni-rosso-piedmont-italy","1133648","20101133648"
"Giovanni Rosso","2012","Barolo, Cerretta, Giovanni Rosso, Piedmont, Italy","345","Case of 6 Bottles","https://www.bbr.com/products-20121133648-2012-barolo-cerretta-giovanni-rosso-piedmont-italy","1133648","20121133648"
"Giovanni Rosso","2013","Barolo, Cerretta, Giovanni Rosso, Piedmont, Italy","240","Case of 6 Bottles","https://www.bbr.com/products-20131133648-2013-barolo-cerretta-giovanni-rosso-piedmont-italy","1133648","20131133648"
"Giovanni Rosso","2015","Barolo, Cerretta, Giovanni Rosso, Piedmont, Italy","286","Case of 6 Bottles","https://www.bbr.com/products-20151133648-2015-barolo-cerretta-giovanni-rosso-piedmont-italy","1133648","20151133648"
"Giovanni Rosso","2015","Barolo, Cerretta, Giovanni Rosso, Piedmont, Italy","125","Case of 1 Magnums","https://www.bbr.com/products-20151133648-2015-barolo-cerretta-giovanni-rosso-piedmont-italy","1133648","20151133648"
"Giovanni Rosso","2016","Barolo, Cerretta, Giovanni Rosso, Piedmont, Italy","250","Case of 6 Bottles","https://www.bbr.com/products-20161133648-2016-barolo-cerretta-giovanni-rosso-piedmont-italy","1133648","20161133648"
"Giovanni Rosso","2016","Barolo, Cerretta, Giovanni Rosso, Piedmont, Italy","95","Case of 1 Magnums","https://www.bbr.com/products-20161133648-2016-barolo-cerretta-giovanni-rosso-piedmont-italy","1133648","20161133648"
"Giovanni Rosso","2017","Barolo, Cerretta, Giovanni Rosso, Piedmont, Italy","86","Case of 1 Magnums","https://www.bbr.com/products-20171133648-2017-barolo-cerretta-giovanni-rosso-piedmont-italy","1133648","20171133648"
"Giovanni Rosso","2018","Barolo, Cerretta, Giovanni Rosso, Piedmont, Italy","255","Case of 6 Bottles","https://www.bbr.com/products-20181133648-2018-barolo-cerretta-giovanni-rosso-piedmont-italy","1133648","20181133648"
"Giovanni Rosso","2018","Barolo, Cerretta, Giovanni Rosso, Piedmont, Italy","415","Case of 3 Magnums","https://www.bbr.com/products-20181133648-2018-barolo-cerretta-giovanni-rosso-piedmont-italy","1133648","20181133648"
"Giovanni Rosso","2019","Barolo, Cerretta, Giovanni Rosso, Piedmont, Italy","240","Case of 6 Bottles","https://www.bbr.com/products-20191133648-2019-barolo-cerretta-giovanni-rosso-piedmont-italy","1133648","20191133648"
"Giovanni Rosso","2019","Barolo, Cerretta, Giovanni Rosso, Piedmont, Italy","165","Case of 6 Bottles","https://www.bbr.com/products-20191133648-2019-barolo-cerretta-giovanni-rosso-piedmont-italy","1133648","20191133648"
"Giovanni Rosso","2019","Barolo, Cerretta, Giovanni Rosso, Piedmont, Italy","315","Case of 3 Magnums","https://www.bbr.com/products-20191133648-2019-barolo-cerretta-giovanni-rosso-piedmont-italy","1133648","20191133648"
"Giovanni Rosso","2020","Barolo, Cerretta, Giovanni Rosso, Piedmont, Italy","400","Case of 6 Bottles","https://www.bbr.com/products-20201133648-2020-barolo-cerretta-giovanni-rosso-piedmont-italy","1133648","20201133648"
"Giovanni Rosso","2021","Barolo, Cerretta, Giovanni Rosso, Piedmont, Italy","280","Case of 6 Bottles","https://www.bbr.com/products-20211133648-2021-barolo-cerretta-giovanni-rosso-piedmont-italy","1133648","20211133648"
"Domenico Clerico","2006","Barolo, Ciabot Mentin Ginestra, Domenico Clerico, Piedmont, Italy","600","Case of 6 Bottles","https://www.bbr.com/products-20068117959-2006-barolo-ciabot-mentin-ginestra-domenico-clerico-piedmont-italy","1098028","20068117959"
"Domenico Clerico","2010","Barolo, Ciabot Mentin, Domenico Clerico, Piedmont, Italy","420","Case of 6 Bottles","https://www.bbr.com/products-20108112606-2010-barolo-ciabot-mentin-domenico-clerico-piedmont-italy","1201046","20108112606"
"Comm. G.B. Burlotto","2017","Barolo, Comm. G.B. Burlotto, Piedmont, Italy","410","Case of 6 Bottles","https://www.bbr.com/products-20178109509-2017-barolo-comm-g-b-burlotto-piedmont-italy","1254912","20178109509"
"Giovanni Rosso","2009","Barolo, Commune di Serralunga d'Alba, Giovanni Rosso, Piedmont, Italy","175","Case of 6 Bottles","https://www.bbr.com/products-20091133651-2009-barolo-commune-di-serralunga-d-alba-giovanni-rosso-piedmont-italy","1133651","20091133651"
"Giovanni Rosso","2013","Barolo, Commune di Serralunga d'Alba, Giovanni Rosso, Piedmont, Italy","225","Case of 6 Bottles","https://www.bbr.com/products-20131133651-2013-barolo-commune-di-serralunga-d-alba-giovanni-rosso-piedmont-italy","1133651","20131133651"
"Giovanni Rosso","2014","Barolo, Commune di Serralunga d'Alba, Giovanni Rosso, Piedmont, Italy","323","Case of 6 Bottles","https://www.bbr.com/products-20141133651-2014-barolo-commune-di-serralunga-d-alba-giovanni-rosso-piedmont-italy","1133651","20141133651"
"Giovanni Rosso","2016","Barolo, Commune di Serralunga d'Alba, Giovanni Rosso, Piedmont, Italy","235","Case of 6 Bottles","https://www.bbr.com/products-20161133651-2016-barolo-commune-di-serralunga-d-alba-giovanni-rosso-piedmont-italy","1133651","20161133651"
"Giovanni Rosso","2016","Barolo, Commune di Serralunga d'Alba, Giovanni Rosso, Piedmont, Italy","275","Case of 6 Bottles","https://www.bbr.com/products-20161133651-2016-barolo-commune-di-serralunga-d-alba-giovanni-rosso-piedmont-italy","1133651","20161133651"
"Giovanni Rosso","2019","Barolo, Commune di Serralunga d'Alba, Giovanni Rosso, Piedmont, Italy","199","Case of 6 Bottles","https://www.bbr.com/products-20191133651-2019-barolo-commune-di-serralunga-d-alba-giovanni-rosso-piedmont-italy","1133651","20191133651"
"Giovanni Rosso","2019","Barolo, Commune di Serralunga d'Alba, Giovanni Rosso, Piedmont, Italy","285","Case of 3 Magnums","https://www.bbr.com/products-20191133651-2019-barolo-commune-di-serralunga-d-alba-giovanni-rosso-piedmont-italy","1133651","20191133651"
"Giovanni Rosso","2020","Barolo, Commune di Serralunga d'Alba, Giovanni Rosso, Piedmont, Italy","200","Case of 6 Bottles","https://www.bbr.com/products-20201133651-2020-barolo-commune-di-serralunga-d-alba-giovanni-rosso-piedmont-italy","1133651","20201133651"
"Giovanni Rosso","2020","Barolo, Commune di Serralunga d'Alba, Giovanni Rosso, Piedmont, Italy","250","Case of 3 Magnums","https://www.bbr.com/products-20201133651-2020-barolo-commune-di-serralunga-d-alba-giovanni-rosso-piedmont-italy","1133651","20201133651"
"Luigi Baudana","2019","Barolo, Commune di Serralunga d'Alba, Luigi Baudana, Piedmont, Italy","275","Case of 6 Bottles","https://www.bbr.com/products-20198169730-2019-barolo-commune-di-serralunga-d-alba-luigi-baudana-piedmont-italy","1201440","20198169730"
"Gaja","2017","Barolo, Conteisa, Gaja, Piedmont, Italy","995","Case of 6 Bottles","https://www.bbr.com/products-20178115261-2017-barolo-conteisa-gaja-piedmont-italy","1099719","20178115261"
"Massolino","2014","Barolo, Cru Parafada, Serralunga d'Alba, Massolino, Piedmont, Italy","450","Case of 6 Bottles","https://www.bbr.com/products-20148214283-2014-barolo-cru-parafada-serralunga-d-alba-massolino-piedmont-italy","1101447","20148214283"
"Gaja","2008","Barolo, Dagromis, Gaja, Piedmont, Italy","595","Case of 6 Bottles","https://www.bbr.com/products-20088113515-2008-barolo-dagromis-gaja-piedmont-italy","1171875","20088113515"
"Giovanni Canonica Azienda Agricola","2015","Barolo, Del Comune di Grinzane Cavour, Giovanni Canonica, Piedmont, Italy","1200","Case of 12 Bottles","https://www.bbr.com/products-20158045726-2015-barolo-del-comune-di-grinzane-cavour-giovanni-canonica-piedmont-italy","1433852","20158045726"
"Giovanni Canonica Azienda Agricola","2021","Barolo, Del Comune di Grinzane Cavour, Giovanni Canonica, Piedmont, Italy","995","Case of 6 Bottles","https://www.bbr.com/products-20218045726-2021-barolo-del-comune-di-grinzane-cavour-giovanni-canonica-piedmont-italy","1433852","20218045726"
"Diego e Damiano Barale","2018","Barolo, Diego e Damiano Barale, Piedmont, Italy","180","Case of 6 Bottles","https://www.bbr.com/products-20188065481-2018-barolo-diego-e-damiano-barale-piedmont-italy","2093200","20188065481"
"Diego e Damiano Barale","2019","Barolo, Diego e Damiano Barale, Piedmont, Italy","160","Case of 6 Bottles","https://www.bbr.com/products-20198065481-2019-barolo-diego-e-damiano-barale-piedmont-italy","2093200","20198065481"
"Diego e Damiano Barale","2020","Barolo, Diego e Damiano Barale, Piedmont, Italy","160","Case of 6 Bottles","https://www.bbr.com/products-20208065481-2020-barolo-diego-e-damiano-barale-piedmont-italy","2093200","20208065481"
"Diego e Damiano Barale","2021","Barolo, Diego e Damiano Barale, Piedmont, Italy","250","Case of 6 Bottles","https://www.bbr.com/products-20218065481-2021-barolo-diego-e-damiano-barale-piedmont-italy","2093200","20218065481"
"Cordero di Montezemolo","2016","Barolo, Enrico VI, Cordero di Montezemolo, Piedmont, Italy","550","Case of 6 Bottles","https://www.bbr.com/products-20168057099-2016-barolo-enrico-vi-cordero-di-montezemolo-piedmont-italy","1098594","20168057099"
"Giovanni Rosso","2011","Barolo, Ester Canale Rosso, Vigna Rionda, Giovanni Rosso, Piedmont, Italy","590","Case of 3 Bottles","https://www.bbr.com/products-20118013150-2011-barolo-ester-canale-rosso-vigna-rionda-giovanni-rosso-piedmont-italy","1488344","20118013150"
"Giovanni Rosso","2011","Barolo, Ester Canale Rosso, Vigna Rionda, Giovanni Rosso, Piedmont, Italy","999","Case of 6 Bottles","https://www.bbr.com/products-20118013150-2011-barolo-ester-canale-rosso-vigna-rionda-giovanni-rosso-piedmont-italy","1488344","20118013150"
"Giovanni Rosso","2011","Barolo, Ester Canale Rosso, Vigna Rionda, Giovanni Rosso, Piedmont, Italy","450","Case of 3 Bottles","https://www.bbr.com/products-20118013150-2011-barolo-ester-canale-rosso-vigna-rionda-giovanni-rosso-piedmont-italy","1488344","20118013150"
"Giovanni Rosso","2012","Barolo, Ester Canale Rosso, Vigna Rionda, Giovanni Rosso, Piedmont, Italy","610","Case of 6 Bottles","https://www.bbr.com/products-20128013150-2012-barolo-ester-canale-rosso-vigna-rionda-giovanni-rosso-piedmont-italy","1488344","20128013150"
"Giovanni Rosso","2013","Barolo, Ester Canale Rosso, Vigna Rionda, Giovanni Rosso, Piedmont, Italy","690","Case of 6 Bottles","https://www.bbr.com/products-20138013150-2013-barolo-ester-canale-rosso-vigna-rionda-giovanni-rosso-piedmont-italy","1488344","20138013150"
"Giovanni Rosso","2014","Barolo, Ester Canale Rosso, Vigna Rionda, Giovanni Rosso, Piedmont, Italy","640","Case of 6 Bottles","https://www.bbr.com/products-20148013150-2014-barolo-ester-canale-rosso-vigna-rionda-giovanni-rosso-piedmont-italy","1488344","20148013150"
"Giovanni Rosso","2014","Barolo, Ester Canale Rosso, Vigna Rionda, Giovanni Rosso, Piedmont, Italy","690","Case of 3 Magnums","https://www.bbr.com/products-20148013150-2014-barolo-ester-canale-rosso-vigna-rionda-giovanni-rosso-piedmont-italy","1488344","20148013150"
"Giovanni Rosso","2016","Barolo, Ester Canale Rosso, Vigna Rionda, Giovanni Rosso, Piedmont, Italy","800","Case of 3 Bottles","https://www.bbr.com/products-20168013150-2016-barolo-ester-canale-rosso-vigna-rionda-giovanni-rosso-piedmont-italy","1488344","20168013150"
"Giovanni Rosso","2017","Barolo, Ester Canale Rosso, Vigna Rionda, Giovanni Rosso, Piedmont, Italy","515","Case of 3 Bottles","https://www.bbr.com/products-20178013150-2017-barolo-ester-canale-rosso-vigna-rionda-giovanni-rosso-piedmont-italy","1488344","20178013150"
"Giovanni Rosso","2018","Barolo, Ester Canale Rosso, Vigna Rionda, Giovanni Rosso, Piedmont, Italy","500","Case of 3 Bottles","https://www.bbr.com/products-20188013150-2018-barolo-ester-canale-rosso-vigna-rionda-giovanni-rosso-piedmont-italy","1488344","20188013150"
"Giovanni Rosso","2018","Barolo, Ester Canale Rosso, Vigna Rionda, Giovanni Rosso, Piedmont, Italy","300","Case of 1 Magnums","https://www.bbr.com/products-20188013150-2018-barolo-ester-canale-rosso-vigna-rionda-giovanni-rosso-piedmont-italy","1488344","20188013150"
"Giovanni Rosso","2019","Barolo, Ester Canale Rosso, Vigna Rionda, Giovanni Rosso, Piedmont, Italy","635","Case of 3 Bottles","https://www.bbr.com/products-20198013150-2019-barolo-ester-canale-rosso-vigna-rionda-giovanni-rosso-piedmont-italy","1488344","20198013150"
"Giovanni Rosso","2020","Barolo, Ester Canale Rosso, Vigna Rionda, Giovanni Rosso, Piedmont, Italy","465","Case of 3 Bottles","https://www.bbr.com/products-20208013150-2020-barolo-ester-canale-rosso-vigna-rionda-giovanni-rosso-piedmont-italy","1488344","20208013150"
"Giovanni Rosso","2021","Barolo, Ester Canale Rosso, Vigna Rionda, Giovanni Rosso, Piedmont, Italy","1000","Case of 6 Bottles","https://www.bbr.com/products-20218013150-2021-barolo-ester-canale-rosso-vigna-rionda-giovanni-rosso-piedmont-italy","1488344","20218013150"
"Giovanni Rosso","2021","Barolo, Ester Canale Rosso, Vigna Rionda, Giovanni Rosso, Piedmont, Italy","524","Case of 3 Bottles","https://www.bbr.com/products-20218013150-2021-barolo-ester-canale-rosso-vigna-rionda-giovanni-rosso-piedmont-italy","1488344","20218013150"
"Giovanni Rosso","2021","Barolo, Ester Canale Rosso, Vigna Rionda, Giovanni Rosso, Piedmont, Italy","400","Case of 1 Magnums","https://www.bbr.com/products-20218013150-2021-barolo-ester-canale-rosso-vigna-rionda-giovanni-rosso-piedmont-italy","1488344","20218013150"
"Giovanni Rosso","2015","Barolo, Ester Canale Rosso, Vigna Rionda, Giovanni Rosso, Piedmont,Italy","1100","Case of 3 Magnums","https://www.bbr.com/products-20158013150-2015-barolo-ester-canale-rosso-vigna-rionda-giovanni-rosso-piedmont-italy","1488344","20158013150"
"Bruno Giacosa","2001","Barolo, Falletto di Serralunga, Bruno Giacosa, Piedmont, Italy","1050","Case of 6 Bottles","https://www.bbr.com/products-20018038735-2001-barolo-falletto-di-serralunga-bruno-giacosa-piedmont-italy","1100017","20018038735"
"Bruno Giacosa","2004","Barolo, Falletto di Serralunga, Bruno Giacosa, Piedmont, Italy","1800","Case of 3 Magnums","https://www.bbr.com/products-20048038735-2004-barolo-falletto-di-serralunga-bruno-giacosa-piedmont-italy","1100017","20048038735"
"Bruno Giacosa","2012","Barolo, Falletto, Bruno Giacosa, Piedmont, Italy","525","Case of 3 Magnums","https://www.bbr.com/products-20128038735-2012-barolo-falletto-bruno-giacosa-piedmont-italy","1100017","20128038735"
"Bruno Giacosa","2014","Barolo, Falletto, Bruno Giacosa, Piedmont, Italy","545","Case of 6 Bottles","https://www.bbr.com/products-20148038735-2014-barolo-falletto-bruno-giacosa-piedmont-italy","1100017","20148038735"
"Bruno Giacosa","2016","Barolo, Falletto, Bruno Giacosa, Piedmont, Italy","600","Case of 6 Bottles","https://www.bbr.com/products-20168038735-2016-barolo-falletto-bruno-giacosa-piedmont-italy","1100017","20168038735"
"Bruno Giacosa","2016","Barolo, Falletto, Bruno Giacosa, Piedmont, Italy","850","Case of 3 Magnums","https://www.bbr.com/products-20168038735-2016-barolo-falletto-bruno-giacosa-piedmont-italy","1100017","20168038735"
"Bruno Giacosa","2017","Barolo, Falletto, Bruno Giacosa, Piedmont, Italy","600","Case of 6 Bottles","https://www.bbr.com/products-20178038735-2017-barolo-falletto-bruno-giacosa-piedmont-italy","1100017","20178038735"
"Famiglia Anselma","2016","Barolo, Famiglia Anselma, Piedmont, Italy","150","Case of 6 Bottles","https://www.bbr.com/products-20168329736-2016-barolo-famiglia-anselma-piedmont-italy","1154759","20168329736"
"Figli Luigi Oddero","2018","Barolo, Figli Luigi Oddero, Piedmont, Italy","347","Case of 6 Bottles","https://www.bbr.com/products-20188027674-2018-barolo-figli-luigi-oddero-piedmont-italy","1129674","20188027674"
"Figli Luigi Oddero","2019","Barolo, Figli Luigi Oddero, Piedmont, Italy","285","Case of 6 Bottles","https://www.bbr.com/products-20198027674-2019-barolo-figli-luigi-oddero-piedmont-italy","1129674","20198027674"
"Roberto Voerzio","2004","Barolo, Fossati Case Nere, Riserva 10 Anni, Roberto Voerzio, Piedmont, Italy","1800","Case of 6 Bottles","https://www.bbr.com/products-20048026420-2004-barolo-fossati-case-nere-riserva-10-anni-roberto-voerzio-piedmont-italy","1249967","20048026420"
"Roberto Voerzio","2005","Barolo, Fossati Case Nere, Riserva 10 Anni, Roberto Voerzio, Piedmont, Italy","2300","Case of 6 Bottles","https://www.bbr.com/products-20058026420-2005-barolo-fossati-case-nere-riserva-10-anni-roberto-voerzio-piedmont-italy","1249967","20058026420"
"Roberto Voerzio","2006","Barolo, Fossati Case Nere, Riserva 10 Anni, Roberto Voerzio, Piedmont, Italy","1200","Case of 3 Bottles","https://www.bbr.com/products-20068026420-2006-barolo-fossati-case-nere-riserva-10-anni-roberto-voerzio-piedmont-italy","1249967","20068026420"
"Giacomo Borgogno e Figli","2017","Barolo, Fossati, Giacomo Borgogno &amp; Figli, Piedmont, Italy","200","Case of 6 Bottles","https://www.bbr.com/products-20178182890-2017-barolo-fossati-giacomo-borgogno-and-figli-piedmont-italy","1536902","20178182890"
"Roberto Voerzio","2016","Barolo, Fossati, Roberto Voerzio, Piedmont, Italy","720","Case of 6 Bottles","https://www.bbr.com/products-20168052384-2016-barolo-fossati-roberto-voerzio-piedmont-italy","1249967","20168052384"
"Roberto Voerzio","2016","Barolo, Fossati, Roberto Voerzio, Piedmont, Italy","420","Case of 3 Bottles","https://www.bbr.com/products-20168052384-2016-barolo-fossati-roberto-voerzio-piedmont-italy","1249967","20168052384"
"Giacomo Conterno","2003","Barolo, Francia, Giacomo Conterno, Piedmont, Italy","2300","Case of 12 Bottles","https://www.bbr.com/products-20038017754-2003-barolo-francia-giacomo-conterno-piedmont-italy","1139262","20038017754"
"Giacomo Conterno","2008","Barolo, Francia, Giacomo Conterno, Piedmont, Italy","1150","Case of 6 Bottles","https://www.bbr.com/products-20088017754-2008-barolo-francia-giacomo-conterno-piedmont-italy","1139262","20088017754"
"Giacomo Conterno","2011","Barolo, Francia, Giacomo Conterno, Piedmont, Italy","1895","Case of 12 Bottles","https://www.bbr.com/products-20118017754-2011-barolo-francia-giacomo-conterno-piedmont-italy","1139262","20118017754"
"Giacomo Conterno","2011","Barolo, Francia, Giacomo Conterno, Piedmont, Italy","1399","Case of 6 Bottles","https://www.bbr.com/products-20118017754-2011-barolo-francia-giacomo-conterno-piedmont-italy","1139262","20118017754"
"Giacomo Conterno","2011","Barolo, Francia, Giacomo Conterno, Piedmont, Italy","480","Case of 1 Magnums","https://www.bbr.com/products-20118017754-2011-barolo-francia-giacomo-conterno-piedmont-italy","1139262","20118017754"
"Giacomo Conterno","2012","Barolo, Francia, Giacomo Conterno, Piedmont, Italy","2300","Case of 12 Bottles","https://www.bbr.com/products-20128017754-2012-barolo-francia-giacomo-conterno-piedmont-italy","1139262","20128017754"
"Giacomo Conterno","2012","Barolo, Francia, Giacomo Conterno, Piedmont, Italy","400","Case of 1 Magnums","https://www.bbr.com/products-20128017754-2012-barolo-francia-giacomo-conterno-piedmont-italy","1139262","20128017754"
"Giacomo Conterno","2015","Barolo, Francia, Giacomo Conterno, Piedmont, Italy","1200","Case of 6 Bottles","https://www.bbr.com/products-20158017754-2015-barolo-francia-giacomo-conterno-piedmont-italy","1139262","20158017754"
"Giacomo Conterno","2015","Barolo, Francia, Giacomo Conterno, Piedmont, Italy","775","Case of 1 Double Magnums","https://www.bbr.com/products-20158017754-2015-barolo-francia-giacomo-conterno-piedmont-italy","1139262","20158017754"
"Giacomo Conterno","2016","Barolo, Francia, Giacomo Conterno, Piedmont, Italy","800","Case of 1 Magnums","https://www.bbr.com/products-20168017754-2016-barolo-francia-giacomo-conterno-piedmont-italy","1139262","20168017754"
"Giacomo Conterno","2017","Barolo, Francia, Giacomo Conterno, Piedmont, Italy","1395","Case of 6 Bottles","https://www.bbr.com/products-20178017754-2017-barolo-francia-giacomo-conterno-piedmont-italy","1139262","20178017754"
"Giacomo Conterno","2017","Barolo, Francia, Giacomo Conterno, Piedmont, Italy","650","Case of 1 Magnums","https://www.bbr.com/products-20178017754-2017-barolo-francia-giacomo-conterno-piedmont-italy","1139262","20178017754"
"Fratelli Alessandria","2015","Barolo, Fratelli Alessandria, Piedmont, Italy","400","Case of 6 Bottles","https://www.bbr.com/products-20151201134-2015-barolo-fratelli-alessandria-piedmont-italy","1201134","20151201134"
"Fratelli Alessandria","2016","Barolo, Fratelli Alessandria, Piedmont, Italy","225","Case of 6 Bottles","https://www.bbr.com/products-20161201134-2016-barolo-fratelli-alessandria-piedmont-italy","1201134","20161201134"
"Azienda Agricola Brovia","2008","Barolo, Garblet Sue', Brovia, Piedmont, Italy","585","Case of 3 Magnums","https://www.bbr.com/products-20088212218-2008-barolo-garblet-sue-brovia-piedmont-italy","1129124","20088212218"
"Mauro Veglio","2015","Barolo, Gattera, Mauro Veglio, Piedmont, Italy","170","Case of 6 Bottles","https://www.bbr.com/products-20151106136-2015-barolo-gattera-mauro-veglio-piedmont-italy","1106136","20151106136"
"Mauro Veglio","2017","Barolo, Gattera, Mauro Veglio, Piedmont, Italy","225","Case of 6 Bottles","https://www.bbr.com/products-20171106136-2017-barolo-gattera-mauro-veglio-piedmont-italy","1106136","20171106136"
"Mauro Veglio","2018","Barolo, Gattera, Mauro Veglio, Piedmont, Italy","300","Case of 6 Bottles","https://www.bbr.com/products-20181106136-2018-barolo-gattera-mauro-veglio-piedmont-italy","1106136","20181106136"
"Mauro Veglio","2019","Barolo, Gattera, Mauro Veglio, Piedmont, Italy","295","Case of 6 Bottles","https://www.bbr.com/products-20191106136-2019-barolo-gattera-mauro-veglio-piedmont-italy","1106136","20191106136"
"Mauro Veglio","2020","Barolo, Gattera, Mauro Veglio, Piedmont, Italy","395","Case of 6 Bottles","https://www.bbr.com/products-20201106136-2020-barolo-gattera-mauro-veglio-piedmont-italy","1106136","20201106136"
"Az. Agr. Elio Grasso","2006","Barolo, Gavarini Chiniera, Elio Grasso, Piedmont, Italy","520","Case of 6 Bottles","https://www.bbr.com/products-20068109873-2006-barolo-gavarini-chiniera-elio-grasso-piedmont-italy","1315127","20068109873"
"Az. Agr. Elio Grasso","2012","Barolo, Gavarini Chiniera, Elio Grasso, Piedmont, Italy","140","Case of 1 Magnums","https://www.bbr.com/products-20128109873-2012-barolo-gavarini-chiniera-elio-grasso-piedmont-italy","1315127","20128109873"
"Az. Agr. Elio Grasso","2013","Barolo, Gavarini Chiniera, Elio Grasso, Piedmont, Italy","295","Case of 6 Bottles","https://www.bbr.com/products-20138109873-2013-barolo-gavarini-chiniera-elio-grasso-piedmont-italy","1315127","20138109873"
"Az. Agr. Elio Grasso","2013","Barolo, Gavarini Chiniera, Elio Grasso, Piedmont, Italy","150","Case of 1 Magnums","https://www.bbr.com/products-20138109873-2013-barolo-gavarini-chiniera-elio-grasso-piedmont-italy","1315127","20138109873"
"Az. Agr. Elio Grasso","2016","Barolo, Gavarini Chiniera, Elio Grasso, Piedmont, Italy","500","Case of 6 Bottles","https://www.bbr.com/products-20168109873-2016-barolo-gavarini-chiniera-elio-grasso-piedmont-italy","1315127","20168109873"
"Az. Agr. Elio Grasso","2016","Barolo, Gavarini Chiniera, Elio Grasso, Piedmont, Italy","460","Case of 6 Bottles","https://www.bbr.com/products-20168109873-2016-barolo-gavarini-chiniera-elio-grasso-piedmont-italy","1315127","20168109873"
"Az. Agr. Elio Grasso","2017","Barolo, Gavarini Chiniera, Elio Grasso, Piedmont, Italy","200","Case of 6 Bottles","https://www.bbr.com/products-20178109873-2017-barolo-gavarini-chiniera-elio-grasso-piedmont-italy","1315127","20178109873"
"Az. Agr. Elio Grasso","2017","Barolo, Gavarini Chiniera, Elio Grasso, Piedmont, Italy","205","Case of 6 Bottles","https://www.bbr.com/products-20178109873-2017-barolo-gavarini-chiniera-elio-grasso-piedmont-italy","1315127","20178109873"
"Giacomo Grimaldi","2010","Barolo, Giacomo Grimaldi, Piedmont, Italy","305","Case of 12 Bottles","https://www.bbr.com/products-20108214498-2010-barolo-giacomo-grimaldi-piedmont-italy","1100280","20108214498"
"Giacomo Grimaldi","2011","Barolo, Giacomo Grimaldi, Piedmont, Italy","310","Case of 12 Bottles","https://www.bbr.com/products-20118214498-2011-barolo-giacomo-grimaldi-piedmont-italy","1100280","20118214498"
"Az. Agr. Elio Grasso","2013","Barolo, Ginestra Casa Mate, Elio Grasso, Piedmont, Italy","180","Case of 1 Magnums","https://www.bbr.com/products-20138117627-2013-barolo-ginestra-casa-mate-elio-grasso-piedmont-italy","1100189","20138117627"
"Az. Agr. Elio Grasso","2016","Barolo, Ginestra Casa Mate, Elio Grasso, Piedmont, Italy","300","Case of 6 Bottles","https://www.bbr.com/products-20168117627-2016-barolo-ginestra-casa-mate-elio-grasso-piedmont-italy","1100189","20168117627"
"Azienda Viticole Paolo Conterno","2010","Barolo, Ginestra, Paolo Conterno, Piedmont, Italy","520","Case of 6 Bottles","https://www.bbr.com/products-20108117890-2010-barolo-ginestra-paolo-conterno-piedmont-italy","1098464","20108117890"
"Renzo Seghesio","2020","Barolo, Ginestra, Renzo Seghesio, Piedmont, Italy","325","Case of 6 Bottles","https://www.bbr.com/products-20208078605-2020-barolo-ginestra-renzo-seghesio-piedmont-italy","2891978","20208078605"
"Azienda Viticole Paolo Conterno","2009","Barolo, Ginestra, Riserva, Paolo Conterno, Piedmont, Italy","888","Case of 6 Magnums","https://www.bbr.com/products-20098110963-2009-barolo-ginestra-riserva-paolo-conterno-piedmont-italy","1248986","20098110963"
"Azienda Viticole Paolo Conterno","2011","Barolo, Ginestra, Riserva, Paolo Conterno, Piedmont, Italy","600","Case of 6 Bottles","https://www.bbr.com/products-20118110963-2011-barolo-ginestra-riserva-paolo-conterno-piedmont-italy","1248986","20118110963"
"Azienda Viticole Paolo Conterno","2011","Barolo, Ginestra, Riserva, Paolo Conterno, Piedmont, Italy","666","Case of 3 Magnums","https://www.bbr.com/products-20118110963-2011-barolo-ginestra-riserva-paolo-conterno-piedmont-italy","1248986","20118110963"
"Giovanni Rosso","2016","Barolo, Giovanni Rosso, Piedmont, Italy","200","Case of 6 Bottles","https://www.bbr.com/products-20168145992-2016-barolo-giovanni-rosso-piedmont-italy","1848274","20168145992"
"Fratelli Alessandria","2008","Barolo, Gramolere, Fratelli Alessandria, Piedmont, Italy","320","Case of 6 Bottles","https://www.bbr.com/products-20081314351-2008-barolo-gramolere-fratelli-alessandria-piedmont-italy","1314351","20081314351"
"Fratelli Alessandria","2010","Barolo, Gramolere, Fratelli Alessandria, Piedmont, Italy","295","Case of 6 Bottles","https://www.bbr.com/products-20101314351-2010-barolo-gramolere-fratelli-alessandria-piedmont-italy","1314351","20101314351"
"Fratelli Alessandria","2011","Barolo, Gramolere, Fratelli Alessandria, Piedmont, Italy","380","Case of 6 Bottles","https://www.bbr.com/products-20111314351-2011-barolo-gramolere-fratelli-alessandria-piedmont-italy","1314351","20111314351"
"Fratelli Alessandria","2013","Barolo, Gramolere, Fratelli Alessandria, Piedmont, Italy","238","Case of 6 Bottles","https://www.bbr.com/products-20131314351-2013-barolo-gramolere-fratelli-alessandria-piedmont-italy","1314351","20131314351"
"Fratelli Alessandria","2014","Barolo, Gramolere, Fratelli Alessandria, Piedmont, Italy","240","Case of 6 Bottles","https://www.bbr.com/products-20141314351-2014-barolo-gramolere-fratelli-alessandria-piedmont-italy","1314351","20141314351"
"Fratelli Alessandria","2015","Barolo, Gramolere, Fratelli Alessandria, Piedmont, Italy","230","Case of 6 Bottles","https://www.bbr.com/products-20151314351-2015-barolo-gramolere-fratelli-alessandria-piedmont-italy","1314351","20151314351"
"Marcarini","2010","Barolo, La Serra, Marcarini, Piedmont, Italy","325","Case of 6 Bottles","https://www.bbr.com/products-20108001409-2010-barolo-la-serra-marcarini-piedmont-italy","1101043","20108001409"
"Marcarini","2011","Barolo, La Serra, Marcarini, Piedmont, Italy","295","Case of 6 Bottles","https://www.bbr.com/products-20118001409-2011-barolo-la-serra-marcarini-piedmont-italy","1101043","20118001409"
"Marcarini","2012","Barolo, La Serra, Marcarini, Piedmont, Italy","249.5","Case of 6 Bottles","https://www.bbr.com/products-20128001409-2012-barolo-la-serra-marcarini-piedmont-italy","1101043","20128001409"
"Marcarini","2013","Barolo, La Serra, Marcarini, Piedmont, Italy","200","Case of 6 Bottles","https://www.bbr.com/products-20138001409-2013-barolo-la-serra-marcarini-piedmont-italy","1101043","20138001409"
"Marcarini","2017","Barolo, La Serra, Marcarini, Piedmont, Italy","139","Case of 6 Bottles","https://www.bbr.com/products-20178001409-2017-barolo-la-serra-marcarini-piedmont-italy","1101043","20178001409"
"Marcarini","2018","Barolo, La Serra, Marcarini, Piedmont, Italy","130","Case of 6 Bottles","https://www.bbr.com/products-20188001409-2018-barolo-la-serra-marcarini-piedmont-italy","1101043","20188001409"
"Marcarini","2019","Barolo, La Serra, Marcarini, Piedmont, Italy","170","Case of 6 Bottles","https://www.bbr.com/products-20198001409-2019-barolo-la-serra-marcarini-piedmont-italy","1101043","20198001409"
"Marcarini","2020","Barolo, La Serra, Marcarini, Piedmont, Italy","150","Case of 1 Magnums","https://www.bbr.com/products-20208001409-2020-barolo-la-serra-marcarini-piedmont-italy","1101043","20208001409"
"Marcarini","2020","Barolo, La Serra, Marcarini, Piedmont, Italy","290","Case of 3 Magnums","https://www.bbr.com/products-20208001409-2020-barolo-la-serra-marcarini-piedmont-italy","1101043","20208001409"
"Marcarini","2021","Barolo, La Serra, Marcarini, Piedmont, Italy","180","Case of 6 Bottles","https://www.bbr.com/products-20218001409-2021-barolo-la-serra-marcarini-piedmont-italy","1101043","20218001409"
"Roberto Voerzio","2010","Barolo, La Serra, Roberto Voerzio, Piedmont, Italy","900","Case of 6 Bottles","https://www.bbr.com/products-20108026404-2010-barolo-la-serra-roberto-voerzio-piedmont-italy","1106631","20108026404"
"Roberto Voerzio","2011","Barolo, La Serra, Roberto Voerzio, Piedmont, Italy","788","Case of 6 Bottles","https://www.bbr.com/products-20118026404-2011-barolo-la-serra-roberto-voerzio-piedmont-italy","1106631","20118026404"
"Guilia Negri","2019","Barolo, La Tartufaia, Giulia Negri, Piedmont, Italy","250","Case of 1 Double Magnums","https://www.bbr.com/products-20198244914-2019-barolo-la-tartufaia-giulia-negri-piedmont-italy","1441693","20198244914"
"Ettore Germano","2016","Barolo, Lazzarito, Riserva, Ettore Germano, Piedmont, Italy","425","Case of 6 Bottles","https://www.bbr.com/products-20168236607-2016-barolo-lazzarito-riserva-ettore-germano-piedmont-italy","1353817","20168236607"
"Vietti","2008","Barolo, Lazzarito, Vietti, Piedmont, Italy","750","Case of 6 Bottles","https://www.bbr.com/products-20088117252-2008-barolo-lazzarito-vietti-piedmont-italy","1106338","20088117252"
"Vietti","2010","Barolo, Lazzarito, Vietti, Piedmont, Italy","750","Case of 6 Bottles","https://www.bbr.com/products-20108117252-2010-barolo-lazzarito-vietti-piedmont-italy","1106338","20108117252"
"Vietti","2012","Barolo, Lazzarito, Vietti, Piedmont, Italy","500","Case of 6 Bottles","https://www.bbr.com/products-20128117252-2012-barolo-lazzarito-vietti-piedmont-italy","1106338","20128117252"
"Vietti","2013","Barolo, Lazzarito, Vietti, Piedmont, Italy","440","Case of 6 Bottles","https://www.bbr.com/products-20138117252-2013-barolo-lazzarito-vietti-piedmont-italy","1106338","20138117252"
"Vietti","2013","Barolo, Lazzarito, Vietti, Piedmont, Italy","250","Case of 3 Bottles","https://www.bbr.com/products-20138117252-2013-barolo-lazzarito-vietti-piedmont-italy","1106338","20138117252"
"Vietti","2014","Barolo, Lazzarito, Vietti, Piedmont, Italy","420","Case of 6 Bottles","https://www.bbr.com/products-20148117252-2014-barolo-lazzarito-vietti-piedmont-italy","1106338","20148117252"
"Vietti","2015","Barolo, Lazzarito, Vietti, Piedmont, Italy","270","Case of 3 Bottles","https://www.bbr.com/products-20158117252-2015-barolo-lazzarito-vietti-piedmont-italy","1106338","20158117252"
"Vietti","2015","Barolo, Lazzarito, Vietti, Piedmont, Italy","475","Case of 6 Bottles","https://www.bbr.com/products-20158117252-2015-barolo-lazzarito-vietti-piedmont-italy","1106338","20158117252"
"Vietti","2016","Barolo, Lazzarito, Vietti, Piedmont, Italy","350","Case of 3 Bottles","https://www.bbr.com/products-20168117252-2016-barolo-lazzarito-vietti-piedmont-italy","1106338","20168117252"
"Vietti","2017","Barolo, Lazzarito, Vietti, Piedmont, Italy","565","Case of 6 Bottles","https://www.bbr.com/products-20178117252-2017-barolo-lazzarito-vietti-piedmont-italy","1106338","20178117252"
"Vietti","2017","Barolo, Lazzarito, Vietti, Piedmont, Italy","220","Case of 3 Bottles","https://www.bbr.com/products-20178117252-2017-barolo-lazzarito-vietti-piedmont-italy","1106338","20178117252"
"Poderi Gianni Gagliardo","2015","Barolo, Lazzarito, Vigna Preve, Gianni Gagliardo, Piedmont, Italy","300","Case of 3 Bottles","https://www.bbr.com/products-20158136620-2015-barolo-lazzarito-vigna-preve-gianni-gagliardo-piedmont-italy","1165041","20158136620"
"Francesco Rinaldi e Figli","2016","Barolo, Le Brunate, Francesco Rinaldi & Figli, Piedmont, Italy","270","Case of 6 Bottles","https://www.bbr.com/products-20168213811-2016-barolo-le-brunate-francesco-rinaldi-figli-piedmont-italy","1104158","20168213811"
"Cascina Amalia","2016","Barolo, Le Coste di Monforte, Amalia Cascina in Langa, Piedmont, Italy","300","Case of 6 Bottles","https://www.bbr.com/products-20168055486-2016-barolo-le-coste-di-monforte-amalia-cascina-in-langa-piedmont-italy","1432259","20168055486"
"Bruno Giacosa","2003","Barolo, Le Rocche del Falletto, Bruno Giacosa, Piedmont, Italy","940","Case of 6 Bottles","https://www.bbr.com/products-20031100046-2003-barolo-le-rocche-del-falletto-bruno-giacosa-piedmont-italy","1100046","20031100046"
"Bruno Giacosa","2013","Barolo, Le Rocche del Falletto, Bruno Giacosa, Piedmont, Italy","400","Case of 6 Bottles","https://www.bbr.com/products-20131100046-2013-barolo-le-rocche-del-falletto-bruno-giacosa-piedmont-italy","1100046","20131100046"
"Bruno Giacosa","2013","Barolo, Le Rocche del Falletto, Bruno Giacosa, Piedmont, Italy","1245","Case of 3 Magnums","https://www.bbr.com/products-20131100046-2013-barolo-le-rocche-del-falletto-bruno-giacosa-piedmont-italy","1100046","20131100046"
"Bruno Giacosa","2013","Barolo, Le Rocche del Falletto, Bruno Giacosa, Piedmont, Italy","400","Case of 3 Magnums","https://www.bbr.com/products-20131100046-2013-barolo-le-rocche-del-falletto-bruno-giacosa-piedmont-italy","1100046","20131100046"
"Bruno Giacosa","2015","Barolo, Le Rocche del Falletto, Bruno Giacosa, Piedmont, Italy","790","Case of 6 Bottles","https://www.bbr.com/products-20151100046-2015-barolo-le-rocche-del-falletto-bruno-giacosa-piedmont-italy","1100046","20151100046"
"Bruno Giacosa","2015","Barolo, Le Rocche del Falletto, Bruno Giacosa, Piedmont, Italy","1800","Case of 3 Magnums","https://www.bbr.com/products-20151100046-2015-barolo-le-rocche-del-falletto-bruno-giacosa-piedmont-italy","1100046","20151100046"
"Bruno Giacosa","2011","Barolo, Le Rocche del Falletto, Riserva, Bruno Giacosa, Piedmont, Italy","1650","Case of 6 Bottles","https://www.bbr.com/products-20118029203-2011-barolo-le-rocche-del-falletto-riserva-bruno-giacosa-piedmont-italy","1100033","20118029203"
"Bruno Giacosa","2011","Barolo, Le Rocche del Falletto, Riserva, Bruno Giacosa, Piedmont, Italy","950","Case of 1 Double Magnums","https://www.bbr.com/products-20118029203-2011-barolo-le-rocche-del-falletto-riserva-bruno-giacosa-piedmont-italy","1100033","20118029203"
"Bruno Giacosa","2011","Barolo, Le Rocche del Falletto, Riserva, Bruno Giacosa, Piedmont, Italy","1400","Case of 3 Magnums","https://www.bbr.com/products-20118029203-2011-barolo-le-rocche-del-falletto-riserva-bruno-giacosa-piedmont-italy","1100033","20118029203"
"Bruno Giacosa","2012","Barolo, Le Rocche del Falletto, Riserva, Bruno Giacosa, Piedmont, Italy","1520","Case of 6 Bottles","https://www.bbr.com/products-20128029203-2012-barolo-le-rocche-del-falletto-riserva-bruno-giacosa-piedmont-italy","1100033","20128029203"
"Bruno Giacosa","2014","Barolo, Le Rocche del Falletto, Riserva, Bruno Giacosa, Piedmont, Italy","1399","Case of 6 Bottles","https://www.bbr.com/products-20148029203-2014-barolo-le-rocche-del-falletto-riserva-bruno-giacosa-piedmont-italy","1100033","20148029203"
"Bruno Giacosa","2016","Barolo, Le Rocche del Falletto, Riserva, Bruno Giacosa, Piedmont, Italy","3000","Case of 6 Bottles","https://www.bbr.com/products-20168029203-2016-barolo-le-rocche-del-falletto-riserva-bruno-giacosa-piedmont-italy","1100033","20168029203"
"Bruno Giacosa","2016","Barolo, Le Rocche del Falletto, Riserva, Bruno Giacosa, Piedmont, Italy","2670","Case of 6 Bottles","https://www.bbr.com/products-20168029203-2016-barolo-le-rocche-del-falletto-riserva-bruno-giacosa-piedmont-italy","1100033","20168029203"
"Bruno Giacosa","2001","Barolo, Le Rocche del Falletto, Riserva, Bruno Giacosa, Piedmont,Italy","4200","Case of 6 Bottles","https://www.bbr.com/products-20018029203-2001-barolo-le-rocche-del-falletto-riserva-bruno-giacosa-piedmont-italy","1100033","20018029203"
"Luciano Sandrone","1998","Barolo, Le Vigne, Luciano Sandrone, Piedmont, Italy","1200","Case of 6 Bottles","https://www.bbr.com/products-19981104712-1998-barolo-le-vigne-luciano-sandrone-piedmont-italy","1104712","19981104712"
"Luciano Sandrone","2004","Barolo, Le Vigne, Luciano Sandrone, Piedmont, Italy","875","Case of 6 Bottles","https://www.bbr.com/products-20041104712-2004-barolo-le-vigne-luciano-sandrone-piedmont-italy","1104712","20041104712"
"Luciano Sandrone","2007","Barolo, Le Vigne, Luciano Sandrone, Piedmont, Italy","725","Case of 6 Bottles","https://www.bbr.com/products-20071104712-2007-barolo-le-vigne-luciano-sandrone-piedmont-italy","1104712","20071104712"
"Luciano Sandrone","2009","Barolo, Le Vigne, Luciano Sandrone, Piedmont, Italy","250","Case of 3 Bottles","https://www.bbr.com/products-20091104712-2009-barolo-le-vigne-luciano-sandrone-piedmont-italy","1104712","20091104712"
"Luciano Sandrone","2011","Barolo, Le Vigne, Luciano Sandrone, Piedmont, Italy","350","Case of 6 Bottles","https://www.bbr.com/products-20111104712-2011-barolo-le-vigne-luciano-sandrone-piedmont-italy","1104712","20111104712"
"Luciano Sandrone","2011","Barolo, Le Vigne, Luciano Sandrone, Piedmont, Italy","340","Case of 6 Bottles","https://www.bbr.com/products-20111104712-2011-barolo-le-vigne-luciano-sandrone-piedmont-italy","1104712","20111104712"
"Luciano Sandrone","2012","Barolo, Le Vigne, Luciano Sandrone, Piedmont, Italy","323","Case of 6 Bottles","https://www.bbr.com/products-20121104712-2012-barolo-le-vigne-luciano-sandrone-piedmont-italy","1104712","20121104712"
"Luciano Sandrone","2013","Barolo, Le Vigne, Luciano Sandrone, Piedmont, Italy","499","Case of 6 Bottles","https://www.bbr.com/products-20131104712-2013-barolo-le-vigne-luciano-sandrone-piedmont-italy","1104712","20131104712"
"Luciano Sandrone","2013","Barolo, Le Vigne, Luciano Sandrone, Piedmont, Italy","500","Case of 6 Bottles","https://www.bbr.com/products-20131104712-2013-barolo-le-vigne-luciano-sandrone-piedmont-italy","1104712","20131104712"
"Luciano Sandrone","2014","Barolo, Le Vigne, Luciano Sandrone, Piedmont, Italy","266","Case of 6 Bottles","https://www.bbr.com/products-20141104712-2014-barolo-le-vigne-luciano-sandrone-piedmont-italy","1104712","20141104712"
"Luciano Sandrone","2015","Barolo, Le Vigne, Luciano Sandrone, Piedmont, Italy","360","Case of 6 Bottles","https://www.bbr.com/products-20151104712-2015-barolo-le-vigne-luciano-sandrone-piedmont-italy","1104712","20151104712"
"Luciano Sandrone","2015","Barolo, Le Vigne, Luciano Sandrone, Piedmont, Italy","500","Case of 6 Bottles","https://www.bbr.com/products-20151104712-2015-barolo-le-vigne-luciano-sandrone-piedmont-italy","1104712","20151104712"
"Luciano Sandrone","2016","Barolo, Le Vigne, Luciano Sandrone, Piedmont, Italy","870","Case of 6 Bottles","https://www.bbr.com/products-20161104712-2016-barolo-le-vigne-luciano-sandrone-piedmont-italy","1104712","20161104712"
"Luciano Sandrone","2017","Barolo, Le Vigne, Luciano Sandrone, Piedmont, Italy","300","Case of 6 Bottles","https://www.bbr.com/products-20171104712-2017-barolo-le-vigne-luciano-sandrone-piedmont-italy","1104712","20171104712"
"Luciano Sandrone","2018","Barolo, Le Vigne, Luciano Sandrone, Piedmont, Italy","395","Case of 6 Bottles","https://www.bbr.com/products-20181104712-2018-barolo-le-vigne-luciano-sandrone-piedmont-italy","1104712","20181104712"
"Luciano Sandrone","2019","Barolo, Le Vigne, Luciano Sandrone, Piedmont, Italy","250","Case of 1 Magnums","https://www.bbr.com/products-20191104712-2019-barolo-le-vigne-luciano-sandrone-piedmont-italy","1104712","20191104712"
"Luciano Sandrone","2010","Barolo, Le Vigne, Sibi et Paucis, Luciano Sandrone, Piedmont, Italy","651","Case of 3 Bottles","https://www.bbr.com/products-20101255010-2010-barolo-le-vigne-sibi-et-paucis-luciano-sandrone-piedmont-italy","1742022","20101255010"
"Cascina Luisin, Piedmont","2007","Barolo, Leon, Cascina Luisin, Piedmont, Italy","400","Case of 12 Bottles","https://www.bbr.com/products-20071313598-2007-barolo-leon-cascina-luisin-piedmont-italy","1313598","20071313598"
"Giacomo Borgogno e Figli","2017","Barolo, Liste, Giacomo Borgogno &amp; Figli, Piedmont, Italy","160","Case of 6 Bottles","https://www.bbr.com/products-20178182887-2017-barolo-liste-giacomo-borgogno-and-figli-piedmont-italy","1160248","20178182887"
"Giacomo Borgogno e Figli","2017","Barolo, Liste, Giacomo Borgogno &amp; Figli, Piedmont, Italy","165","Case of 6 Bottles","https://www.bbr.com/products-20178182887-2017-barolo-liste-giacomo-borgogno-and-figli-piedmont-italy","1160248","20178182887"
"Azelia","2017","Barolo, Margheria, Azelia, Piedmont, Italy","525","Case of 6 Magnums","https://www.bbr.com/products-20178122005-2017-barolo-margheria-azelia-piedmont-italy","1095580","20178122005"
"Massolino","2017","Barolo, Massolino, Piedmont, Italy","155","Case of 6 Bottles","https://www.bbr.com/products-20178059123-2017-barolo-massolino-piedmont-italy","1101421","20178059123"
"Massolino","2018","Barolo, Massolino, Piedmont, Italy","160","Case of 6 Bottles","https://www.bbr.com/products-20188059123-2018-barolo-massolino-piedmont-italy","1101421","20188059123"
"Massolino","2018","Barolo, Massolino, Piedmont, Italy","165","Case of 6 Bottles","https://www.bbr.com/products-20188059123-2018-barolo-massolino-piedmont-italy","1101421","20188059123"
"Massolino","2019","Barolo, Massolino, Piedmont, Italy","165","Case of 6 Bottles","https://www.bbr.com/products-20198059123-2019-barolo-massolino-piedmont-italy","1101421","20198059123"
"Massolino","2019","Barolo, Massolino, Piedmont, Italy","79","Case of 1 Magnums","https://www.bbr.com/products-20198059123-2019-barolo-massolino-piedmont-italy","1101421","20198059123"
"Mauro Veglio","2015","Barolo, Mauro Veglio, Piedmont, Italy","240","Case of 6 Bottles","https://www.bbr.com/products-20151106107-2015-barolo-mauro-veglio-piedmont-italy","1106107","20151106107"
"Mauro Veglio","2018","Barolo, Mauro Veglio, Piedmont, Italy","170","Case of 6 Bottles","https://www.bbr.com/products-20181106107-2018-barolo-mauro-veglio-piedmont-italy","1106107","20181106107"
"Mauro Veglio","2019","Barolo, Mauro Veglio, Piedmont, Italy","160","Case of 6 Bottles","https://www.bbr.com/products-20191106107-2019-barolo-mauro-veglio-piedmont-italy","1106107","20191106107"
"Mauro Veglio","2020","Barolo, Mauro Veglio, Piedmont, Italy","246","Case of 6 Bottles","https://www.bbr.com/products-20201106107-2020-barolo-mauro-veglio-piedmont-italy","1106107","20201106107"
"Mauro Veglio","2021","Barolo, Mauro Veglio, Piedmont, Italy","120","Case of 6 Bottles","https://www.bbr.com/products-20211106107-2021-barolo-mauro-veglio-piedmont-italy","1106107","20211106107"
"Giacomo Conterno","2001","Barolo, Monfortino, Riserva, Giacomo Conterno, Piedmont, Italy","11300","Case of 12 Bottles","https://www.bbr.com/products-20018214788-2001-barolo-monfortino-riserva-giacomo-conterno-piedmont-italy","1098435","20018214788"
"Giacomo Conterno","2002","Barolo, Monfortino, Riserva, Giacomo Conterno, Piedmont, Italy","9747","Case of 12 Bottles","https://www.bbr.com/products-20028214788-2002-barolo-monfortino-riserva-giacomo-conterno-piedmont-italy","1098435","20028214788"
"Giacomo Conterno","2005","Barolo, Monfortino, Riserva, Giacomo Conterno, Piedmont, Italy","5000","Case of 6 Bottles","https://www.bbr.com/products-20058214788-2005-barolo-monfortino-riserva-giacomo-conterno-piedmont-italy","1098435","20058214788"
"Giacomo Conterno","2008","Barolo, Monfortino, Riserva, Giacomo Conterno, Piedmont, Italy","5000","Case of 6 Bottles","https://www.bbr.com/products-20088214788-2008-barolo-monfortino-riserva-giacomo-conterno-piedmont-italy","1098435","20088214788"
"Giacomo Conterno","2013","Barolo, Monfortino, Riserva, Giacomo Conterno, Piedmont, Italy","3250","Case of 3 Bottles","https://www.bbr.com/products-20138214788-2013-barolo-monfortino-riserva-giacomo-conterno-piedmont-italy","1098435","20138214788"
"Giacomo Conterno","2013","Barolo, Monfortino, Riserva, Giacomo Conterno, Piedmont, Italy","1550","Case of 1 Magnums","https://www.bbr.com/products-20138214788-2013-barolo-monfortino-riserva-giacomo-conterno-piedmont-italy","1098435","20138214788"
"Giacomo Conterno","2014","Barolo, Monfortino, Riserva, Giacomo Conterno, Piedmont, Italy","2160","Case of 3 Bottles","https://www.bbr.com/products-20148214788-2014-barolo-monfortino-riserva-giacomo-conterno-piedmont-italy","1098435","20148214788"
"Giacomo Conterno","2014","Barolo, Monfortino, Riserva, Giacomo Conterno, Piedmont, Italy","2220","Case of 3 Bottles","https://www.bbr.com/products-20148214788-2014-barolo-monfortino-riserva-giacomo-conterno-piedmont-italy","1098435","20148214788"
"Giacomo Conterno","2019","Barolo, Monfortino, Riserva, Giacomo Conterno, Piedmont, Italy","2850","Case of 3 Bottles","https://www.bbr.com/products-20198214788-2019-barolo-monfortino-riserva-giacomo-conterno-piedmont-italy","1098435","20198214788"
"Giuseppe Mascarello e Figli","2006","Barolo, Monprivato Ca d'Morissio, Riserva, Mascarello Giuseppe &amp; Figlio, Piedmont, Italy","1400","Case of 6 Bottles","https://www.bbr.com/products-20068032036-2006-barolo-monprivato-ca-d-morissio-riserva-mascarello-giuseppe-and-figlio-piedmont-italy","1133693","20068032036"
"Giuseppe Mascarello e Figli","2008","Barolo, Monprivato Ca d'Morissio, Riserva, Mascarello Giuseppe &amp; Figlio, Piedmont, Italy","2250","Case of 6 Bottles","https://www.bbr.com/products-20088032036-2008-barolo-monprivato-ca-d-morissio-riserva-mascarello-giuseppe-and-figlio-piedmont-italy","1133693","20088032036"
"Giuseppe Mascarello e Figli","2012","Barolo, Monprivato Ca d'Morissio, Riserva, Mascarello Giuseppe &amp; Figlio, Piedmont, Italy","1800","Case of 6 Bottles","https://www.bbr.com/products-20128032036-2012-barolo-monprivato-ca-d-morissio-riserva-mascarello-giuseppe-and-figlio-piedmont-italy","1133693","20128032036"
"Giuseppe Mascarello e Figli","2013","Barolo, Monprivato Ca d'Morissio, Riserva, Mascarello Giuseppe &amp; Figlio, Piedmont, Italy","1800","Case of 6 Bottles","https://www.bbr.com/products-20138032036-2013-barolo-monprivato-ca-d-morissio-riserva-mascarello-giuseppe-and-figlio-piedmont-italy","1133693","20138032036"
"Giuseppe Mascarello e Figli","2013","Barolo, Monprivato Ca d'Morissio, Riserva, Mascarello Giuseppe &amp; Figlio, Piedmont, Italy","995","Case of 1 Magnums","https://www.bbr.com/products-20138032036-2013-barolo-monprivato-ca-d-morissio-riserva-mascarello-giuseppe-and-figlio-piedmont-italy","1133693","20138032036"
"Giuseppe Mascarello e Figli","2016","Barolo, Monprivato Ca d'Morissio, Riserva, Mascarello Giuseppe &amp; Figlio, Piedmont, Italy","3250","Case of 6 Bottles","https://www.bbr.com/products-20168032036-2016-barolo-monprivato-ca-d-morissio-riserva-mascarello-giuseppe-and-figlio-piedmont-italy","1133693","20168032036"
"Giuseppe Mascarello e Figli","2006","Barolo, Monprivato, Mascarello Giuseppe & Figlio, Piedmont, Italy","880","Case of 6 Bottles","https://www.bbr.com/products-20068009131-2006-barolo-monprivato-mascarello-giuseppe-figlio-piedmont-italy","1101317","20068009131"
"Giuseppe Mascarello e Figli","2014","Barolo, Monprivato, Mascarello Giuseppe & Figlio, Piedmont, Italy","680","Case of 6 Bottles","https://www.bbr.com/products-20148009131-2014-barolo-monprivato-mascarello-giuseppe-figlio-piedmont-italy","1101317","20148009131"
"Giuseppe Mascarello e Figli","2018","Barolo, Monprivato, Mascarello Giuseppe & Figlio, Piedmont, Italy","680","Case of 6 Bottles","https://www.bbr.com/products-20188009131-2018-barolo-monprivato-mascarello-giuseppe-figlio-piedmont-italy","1101317","20188009131"
"Giuseppe Mascarello e Figli","2004","Barolo, Monprivato, Mascarello Giuseppe &amp; Figlio, Piedmont, Italy","888","Case of 6 Bottles","https://www.bbr.com/products-20048009131-2004-barolo-monprivato-mascarello-giuseppe-and-figlio-piedmont-italy","1101317","20048009131"
"Giuseppe Mascarello e Figli","2008","Barolo, Monprivato, Mascarello Giuseppe &amp; Figlio, Piedmont, Italy","720","Case of 6 Bottles","https://www.bbr.com/products-20088009131-2008-barolo-monprivato-mascarello-giuseppe-and-figlio-piedmont-italy","1101317","20088009131"
"Giuseppe Mascarello e Figli","2009","Barolo, Monprivato, Mascarello Giuseppe &amp; Figlio, Piedmont, Italy","860","Case of 6 Bottles","https://www.bbr.com/products-20098009131-2009-barolo-monprivato-mascarello-giuseppe-and-figlio-piedmont-italy","1101317","20098009131"
"Giuseppe Mascarello e Figli","2010","Barolo, Monprivato, Mascarello Giuseppe &amp; Figlio, Piedmont, Italy","880","Case of 6 Bottles","https://www.bbr.com/products-20108009131-2010-barolo-monprivato-mascarello-giuseppe-and-figlio-piedmont-italy","1101317","20108009131"
"Giuseppe Mascarello e Figli","2010","Barolo, Monprivato, Mascarello Giuseppe &amp; Figlio, Piedmont, Italy","650","Case of 1 Magnums","https://www.bbr.com/products-20108009131-2010-barolo-monprivato-mascarello-giuseppe-and-figlio-piedmont-italy","1101317","20108009131"
"Giuseppe Mascarello e Figli","2011","Barolo, Monprivato, Mascarello Giuseppe &amp; Figlio, Piedmont, Italy","660","Case of 6 Bottles","https://www.bbr.com/products-20118009131-2011-barolo-monprivato-mascarello-giuseppe-and-figlio-piedmont-italy","1101317","20118009131"
"Giuseppe Mascarello e Figli","2011","Barolo, Monprivato, Mascarello Giuseppe &amp; Figlio, Piedmont, Italy","675","Case of 6 Bottles","https://www.bbr.com/products-20118009131-2011-barolo-monprivato-mascarello-giuseppe-and-figlio-piedmont-italy","1101317","20118009131"
"Giuseppe Mascarello e Figli","2011","Barolo, Monprivato, Mascarello Giuseppe &amp; Figlio, Piedmont, Italy","1299","Case of 6 Magnums","https://www.bbr.com/products-20118009131-2011-barolo-monprivato-mascarello-giuseppe-and-figlio-piedmont-italy","1101317","20118009131"
"Giuseppe Mascarello e Figli","2012","Barolo, Monprivato, Mascarello Giuseppe &amp; Figlio, Piedmont, Italy","590","Case of 6 Bottles","https://www.bbr.com/products-20128009131-2012-barolo-monprivato-mascarello-giuseppe-and-figlio-piedmont-italy","1101317","20128009131"
"Giuseppe Mascarello e Figli","2013","Barolo, Monprivato, Mascarello Giuseppe &amp; Figlio, Piedmont, Italy","1000","Case of 6 Bottles","https://www.bbr.com/products-20138009131-2013-barolo-monprivato-mascarello-giuseppe-and-figlio-piedmont-italy","1101317","20138009131"
"Giuseppe Mascarello e Figli","2015","Barolo, Monprivato, Mascarello Giuseppe &amp; Figlio, Piedmont, Italy","705","Case of 6 Bottles","https://www.bbr.com/products-20158009131-2015-barolo-monprivato-mascarello-giuseppe-and-figlio-piedmont-italy","1101317","20158009131"
"Giuseppe Mascarello e Figli","2015","Barolo, Monprivato, Mascarello Giuseppe &amp; Figlio, Piedmont, Italy","720","Case of 6 Bottles","https://www.bbr.com/products-20158009131-2015-barolo-monprivato-mascarello-giuseppe-and-figlio-piedmont-italy","1101317","20158009131"
"Giuseppe Mascarello e Figli","2016","Barolo, Monprivato, Mascarello Giuseppe &amp; Figlio, Piedmont, Italy","950","Case of 6 Bottles","https://www.bbr.com/products-20168009131-2016-barolo-monprivato-mascarello-giuseppe-and-figlio-piedmont-italy","1101317","20168009131"
"Giuseppe Mascarello e Figli","2017","Barolo, Monprivato, Mascarello Giuseppe &amp; Figlio, Piedmont, Italy","720","Case of 6 Bottles","https://www.bbr.com/products-20178009131-2017-barolo-monprivato-mascarello-giuseppe-and-figlio-piedmont-italy","1101317","20178009131"
"Giuseppe Mascarello e Figli","2020","Barolo, Monprivato, Mascarello Giuseppe &amp; Figlio, Piedmont, Italy","1300","Case of 6 Bottles","https://www.bbr.com/products-20208009131-2020-barolo-monprivato-mascarello-giuseppe-and-figlio-piedmont-italy","1101317","20208009131"
"Cascina Massara Burlotto","2018","Barolo, Monvigliero, Cascina Massara Burlotto, Piedmont, Italy","450","Case of 6 Bottles","https://www.bbr.com/products-20188151801-2018-barolo-monvigliero-cascina-massara-burlotto-piedmont-italy","2216076","20188151801"
"Castello di Verduno","2019","Barolo, Monvigliero, Castello di Verduno, Piedmont, Italy","450","Case of 6 Bottles","https://www.bbr.com/products-20198083461-2019-barolo-monvigliero-castello-di-verduno-piedmont-italy","2791496","20198083461"
"Comm. G.B. Burlotto","2013","Barolo, Monvigliero, Comm. G.B. Burlotto, Piedmont, Italy","500","Case of 1 Bottles","https://www.bbr.com/products-20138207292-2013-barolo-monvigliero-comm-g-b-burlotto-piedmont-italy","1274361","20138207292"
"Comm. G.B. Burlotto","2015","Barolo, Monvigliero, Comm. G.B. Burlotto, Piedmont, Italy","2220","Case of 6 Bottles","https://www.bbr.com/products-20158207292-2015-barolo-monvigliero-comm-g-b-burlotto-piedmont-italy","1274361","20158207292"
"Fratelli Alessandria","2006","Barolo, Monvigliero, Fratelli Alessandria, Piedmont, Italy","550","Case of 6 Bottles","https://www.bbr.com/products-20061314364-2006-barolo-monvigliero-fratelli-alessandria-piedmont-italy","1314364","20061314364"
"Fratelli Alessandria","2008","Barolo, Monvigliero, Fratelli Alessandria, Piedmont, Italy","498","Case of 6 Bottles","https://www.bbr.com/products-20081314364-2008-barolo-monvigliero-fratelli-alessandria-piedmont-italy","1314364","20081314364"
"Fratelli Alessandria","2010","Barolo, Monvigliero, Fratelli Alessandria, Piedmont, Italy","725","Case of 6 Bottles","https://www.bbr.com/products-20101314364-2010-barolo-monvigliero-fratelli-alessandria-piedmont-italy","1314364","20101314364"
"Fratelli Alessandria","2010","Barolo, Monvigliero, Fratelli Alessandria, Piedmont, Italy","250","Case of 1 Magnums","https://www.bbr.com/products-20101314364-2010-barolo-monvigliero-fratelli-alessandria-piedmont-italy","1314364","20101314364"
"Fratelli Alessandria","2011","Barolo, Monvigliero, Fratelli Alessandria, Piedmont, Italy","5390","Case of 6 Bottles","https://www.bbr.com/products-20111314364-2011-barolo-monvigliero-fratelli-alessandria-piedmont-italy","1314364","20111314364"
"Fratelli Alessandria","2012","Barolo, Monvigliero, Fratelli Alessandria, Piedmont, Italy","450","Case of 6 Bottles","https://www.bbr.com/products-20121314364-2012-barolo-monvigliero-fratelli-alessandria-piedmont-italy","1314364","20121314364"
"Fratelli Alessandria","2013","Barolo, Monvigliero, Fratelli Alessandria, Piedmont, Italy","575","Case of 6 Bottles","https://www.bbr.com/products-20131314364-2013-barolo-monvigliero-fratelli-alessandria-piedmont-italy","1314364","20131314364"
"Fratelli Alessandria","2014","Barolo, Monvigliero, Fratelli Alessandria, Piedmont, Italy","245","Case of 6 Bottles","https://www.bbr.com/products-20141314364-2014-barolo-monvigliero-fratelli-alessandria-piedmont-italy","1314364","20141314364"
"Fratelli Alessandria","2015","Barolo, Monvigliero, Fratelli Alessandria, Piedmont, Italy","280","Case of 6 Bottles","https://www.bbr.com/products-20151314364-2015-barolo-monvigliero-fratelli-alessandria-piedmont-italy","1314364","20151314364"
"Fratelli Alessandria","2017","Barolo, Monvigliero, Fratelli Alessandria, Piedmont, Italy","245","Case of 6 Bottles","https://www.bbr.com/products-20171314364-2017-barolo-monvigliero-fratelli-alessandria-piedmont-italy","1314364","20171314364"
"Fratelli Alessandria","2018","Barolo, Monvigliero, Fratelli Alessandria, Piedmont, Italy","255","Case of 6 Bottles","https://www.bbr.com/products-20181314364-2018-barolo-monvigliero-fratelli-alessandria-piedmont-italy","1314364","20181314364"
"Fratelli Alessandria","2019","Barolo, Monvigliero, Fratelli Alessandria, Piedmont, Italy","575","Case of 6 Bottles","https://www.bbr.com/products-20191314364-2019-barolo-monvigliero-fratelli-alessandria-piedmont-italy","1314364","20191314364"
"Fratelli Alessandria","2019","Barolo, Monvigliero, Fratelli Alessandria, Piedmont, Italy","179","Case of 1 Magnums","https://www.bbr.com/products-20191314364-2019-barolo-monvigliero-fratelli-alessandria-piedmont-italy","1314364","20191314364"
"Fratelli Alessandria","2020","Barolo, Monvigliero, Fratelli Alessandria, Piedmont, Italy","495","Case of 6 Bottles","https://www.bbr.com/products-20201314364-2020-barolo-monvigliero-fratelli-alessandria-piedmont-italy","1314364","20201314364"
"Poderi Luigi Einaudi","2018","Barolo, Monvigliero, Poderi Luigi Einaudi, Piedmont, Italy","185","Case of 6 Bottles","https://www.bbr.com/products-20188303659-2018-barolo-monvigliero-poderi-luigi-einaudi-piedmont-italy","2280343","20188303659"
"Castello di Verduno","2004","Barolo, Monvigliero, Riserva, Castello di Verduno, Piedmont, Italy","602","Case of 6 Bottles","https://www.bbr.com/products-20048109798-2004-barolo-monvigliero-riserva-castello-di-verduno-piedmont-italy","1173749","20048109798"
"E.Pira di Chiara Boschis, Piedmont","2009","Barolo, Mosconi, E. Pira di Chiara Boschis, Piedmont, Italy","1133","Case of 6 Bottles","https://www.bbr.com/products-20098033091-2009-barolo-mosconi-e-pira-di-chiara-boschis-piedmont-italy","1263170","20098033091"
"E.Pira di Chiara Boschis, Piedmont","2011","Barolo, Mosconi, E. Pira di Chiara Boschis, Piedmont, Italy","300","Case of 6 Bottles","https://www.bbr.com/products-20118033091-2011-barolo-mosconi-e-pira-di-chiara-boschis-piedmont-italy","1263170","20118033091"
"E.Pira di Chiara Boschis, Piedmont","2013","Barolo, Mosconi, E. Pira di Chiara Boschis, Piedmont, Italy","340","Case of 6 Bottles","https://www.bbr.com/products-20138033091-2013-barolo-mosconi-e-pira-di-chiara-boschis-piedmont-italy","1263170","20138033091"
"E.Pira di Chiara Boschis, Piedmont","2015","Barolo, Mosconi, E. Pira di Chiara Boschis, Piedmont, Italy","345","Case of 6 Bottles","https://www.bbr.com/products-20158033091-2015-barolo-mosconi-e-pira-di-chiara-boschis-piedmont-italy","1263170","20158033091"
"E.Pira di Chiara Boschis, Piedmont","2016","Barolo, Mosconi, E. Pira di Chiara Boschis, Piedmont, Italy","595","Case of 6 Bottles","https://www.bbr.com/products-20168033091-2016-barolo-mosconi-e-pira-di-chiara-boschis-piedmont-italy","1263170","20168033091"
"E.Pira di Chiara Boschis, Piedmont","2016","Barolo, Mosconi, E. Pira di Chiara Boschis, Piedmont, Italy","350","Case of 6 Bottles","https://www.bbr.com/products-20168033091-2016-barolo-mosconi-e-pira-di-chiara-boschis-piedmont-italy","1263170","20168033091"
"E.Pira di Chiara Boschis, Piedmont","2017","Barolo, Mosconi, E. Pira di Chiara Boschis, Piedmont, Italy","225","Case of 6 Bottles","https://www.bbr.com/products-20178033091-2017-barolo-mosconi-e-pira-di-chiara-boschis-piedmont-italy","1263170","20178033091"
"E.Pira di Chiara Boschis, Piedmont","2018","Barolo, Mosconi, E. Pira di Chiara Boschis, Piedmont, Italy","200","Case of 6 Bottles","https://www.bbr.com/products-20188033091-2018-barolo-mosconi-e-pira-di-chiara-boschis-piedmont-italy","1263170","20188033091"
"Poderi e Cantine Oddero","2009","Barolo, Nebbiolo, Vigna Rionda, Riserva, Poderi e Cantine Oddero, Piedmont, Italy","450","Case of 3 Bottles","https://www.bbr.com/products-20098056571-2009-barolo-nebbiolo-vigna-rionda-riserva-poderi-e-cantine-oddero-piedmont-italy","1129456","20098056571"
"Poderi e Cantine Oddero","2013","Barolo, Nebbiolo, Vigna Rionda, Riserva, Poderi e Cantine Oddero, Piedmont, Italy","900","Case of 6 Bottles","https://www.bbr.com/products-20138056571-2013-barolo-nebbiolo-vigna-rionda-riserva-poderi-e-cantine-oddero-piedmont-italy","1129456","20138056571"
"Pio Cesare","2013","Barolo, Ornato, Pio Cesare, Piedmont, Italy","425","Case of 6 Bottles","https://www.bbr.com/products-20138214108-2013-barolo-ornato-pio-cesare-piedmont-italy","1102718","20138214108"
"Pio Cesare","2016","Barolo, Ornato, Pio Cesare, Piedmont, Italy","130","Case of 1 Magnums","https://www.bbr.com/products-20168214108-2016-barolo-ornato-pio-cesare-piedmont-italy","1102718","20168214108"
"Dr. Giuseppe Cappellano, Piedmont","2010","Barolo, Otin Fiorin Pie Franco, Dre. G. Cappellano, Piedmont, Italy","3750","Case of 6 Bottles","https://www.bbr.com/products-20108134365-2010-barolo-otin-fiorin-pie-franco-dre-g-cappellano-piedmont-italy","1096864","20108134365"
"Dr. Giuseppe Cappellano, Piedmont","2010","Barolo, Otin Fiorin Pie Franco, Dre. G. Cappellano, Piedmont, Italy","4230","Case of 6 Bottles","https://www.bbr.com/products-20108134365-2010-barolo-otin-fiorin-pie-franco-dre-g-cappellano-piedmont-italy","1096864","20108134365"
"Dr. Giuseppe Cappellano, Piedmont","2015","Barolo, Otin Fiorin Pie Franco, Dre. G. Cappellano, Piedmont, Italy","1670","Case of 3 Bottles","https://www.bbr.com/products-20158134365-2015-barolo-otin-fiorin-pie-franco-dre-g-cappellano-piedmont-italy","1096864","20158134365"
"Giovanni Canonica Azienda Agricola","2015","Barolo, Paiagallo, Giovanni Canonica, Piedmont, Italy","550","Case of 6 Bottles","https://www.bbr.com/products-20158211413-2015-barolo-paiagallo-giovanni-canonica-piedmont-italy","1144624","20158211413"
"Giovanni Canonica Azienda Agricola","2021","Barolo, Paiagallo, Giovanni Canonica, Piedmont, Italy","995","Case of 6 Bottles","https://www.bbr.com/products-20218211413-2021-barolo-paiagallo-giovanni-canonica-piedmont-italy","1144624","20218211413"
"Mauro Veglio","2016","Barolo, Paiagallo, Mauro Veglio, Piedmont, Italy","295","Case of 6 Bottles","https://www.bbr.com/products-20168052502-2016-barolo-paiagallo-mauro-veglio-piedmont-italy","1870563","20168052502"
"Mauro Veglio","2017","Barolo, Paiagallo, Mauro Veglio, Piedmont, Italy","400","Case of 6 Bottles","https://www.bbr.com/products-20178052502-2017-barolo-paiagallo-mauro-veglio-piedmont-italy","1870563","20178052502"
"Mauro Veglio","2019","Barolo, Paiagallo, Mauro Veglio, Piedmont, Italy","250","Case of 6 Bottles","https://www.bbr.com/products-20198052502-2019-barolo-paiagallo-mauro-veglio-piedmont-italy","1870563","20198052502"
"Massolino","2016","Barolo, Parussi, Massolino, Piedmont, Italy","375","Case of 6 Bottles","https://www.bbr.com/products-20168059110-2016-barolo-parussi-massolino-piedmont-italy","1166208","20168059110"
"Cascina Bongiovanni","2004","Barolo, Pernanno, Cascina Bongiovanni, Piedmont, Italy","968","Case of 12 Bottles","https://www.bbr.com/products-20048055109-2004-barolo-pernanno-cascina-bongiovanni-piedmont-italy","1200746","20048055109"
"Giuseppe Mascarello e Figli","2007","Barolo, Perno, Vigna Santo Stefano, Mascarello Giuseppe & Figlio, Piedmont, Italy","625","Case of 6 Bottles","https://www.bbr.com/products-20071212934-2007-barolo-perno-vigna-santo-stefano-mascarello-giuseppe-figlio-piedmont-italy","1212934","20071212934"
"Giuseppe Mascarello e Figli","2010","Barolo, Perno, Vigna Santo Stefano, Mascarello Giuseppe & Figlio, Piedmont, Italy","580","Case of 6 Bottles","https://www.bbr.com/products-20101212934-2010-barolo-perno-vigna-santo-stefano-mascarello-giuseppe-figlio-piedmont-italy","1212934","20101212934"
"Giuseppe Mascarello e Figli","2010","Barolo, Perno, Vigna Santo Stefano, Mascarello Giuseppe & Figlio, Piedmont, Italy","490","Case of 6 Bottles","https://www.bbr.com/products-20101212934-2010-barolo-perno-vigna-santo-stefano-mascarello-giuseppe-figlio-piedmont-italy","1212934","20101212934"
"Giuseppe Mascarello e Figli","2011","Barolo, Perno, Vigna Santo Stefano, Mascarello Giuseppe & Figlio, Piedmont, Italy","990","Case of 12 Bottles","https://www.bbr.com/products-20111212934-2011-barolo-perno-vigna-santo-stefano-mascarello-giuseppe-figlio-piedmont-italy","1212934","20111212934"
"Giuseppe Mascarello e Figli","2011","Barolo, Perno, Vigna Santo Stefano, Mascarello Giuseppe & Figlio, Piedmont, Italy","500","Case of 6 Bottles","https://www.bbr.com/products-20111212934-2011-barolo-perno-vigna-santo-stefano-mascarello-giuseppe-figlio-piedmont-italy","1212934","20111212934"
"Giuseppe Mascarello e Figli","2017","Barolo, Perno, Vigna Santo Stefano, Mascarello Giuseppe & Figlio, Piedmont, Italy","455","Case of 6 Bottles","https://www.bbr.com/products-20171212934-2017-barolo-perno-vigna-santo-stefano-mascarello-giuseppe-figlio-piedmont-italy","1212934","20171212934"
"Giuseppe Mascarello e Figli","2004","Barolo, Perno, Vigna Santo Stefano, Mascarello Giuseppe &amp; Figlio, Piedmont, Italy","600","Case of 6 Bottles","https://www.bbr.com/products-20041212934-2004-barolo-perno-vigna-santo-stefano-mascarello-giuseppe-and-figlio-piedmont-italy","1212934","20041212934"
"Giuseppe Mascarello e Figli","2009","Barolo, Perno, Vigna Santo Stefano, Mascarello Giuseppe &amp; Figlio, Piedmont, Italy","660","Case of 6 Bottles","https://www.bbr.com/products-20091212934-2009-barolo-perno-vigna-santo-stefano-mascarello-giuseppe-and-figlio-piedmont-italy","1212934","20091212934"
"Pio Cesare","2013","Barolo, Pio Cesare, Piedmont, Italy","410","Case of 6 Bottles","https://www.bbr.com/products-20138214124-2013-barolo-pio-cesare-piedmont-italy","1102705","20138214124"
"Roagna, Piedmont","1996","Barolo, Pira, Riserva, Roagna, Piedmont, Italy","1730","Case of 3 Bottles","https://www.bbr.com/products-19961639935-1996-barolo-pira-riserva-roagna-piedmont-italy","1639935","19961639935"
"Roagna, Piedmont","2006","Barolo, Pira, Riserva, Roagna, Piedmont, Italy","1588","Case of 3 Bottles","https://www.bbr.com/products-20061639935-2006-barolo-pira-riserva-roagna-piedmont-italy","1639935","20061639935"
"Roagna, Piedmont","2006","Barolo, Pira, Riserva, Roagna, Piedmont, Italy","1490","Case of 3 Bottles","https://www.bbr.com/products-20061639935-2006-barolo-pira-riserva-roagna-piedmont-italy","1639935","20061639935"
"Roagna, Piedmont","2013","Barolo, Pira, Roagna, Piedmont, Italy","540","Case of 6 Bottles","https://www.bbr.com/products-20138003357-2013-barolo-pira-roagna-piedmont-italy","1193505","20138003357"
"Roagna, Piedmont","2014","Barolo, Pira, Roagna, Piedmont, Italy","445","Case of 6 Bottles","https://www.bbr.com/products-20148003357-2014-barolo-pira-roagna-piedmont-italy","1193505","20148003357"
"Roagna, Piedmont","2014","Barolo, Pira, Roagna, Piedmont, Italy","480","Case of 6 Bottles","https://www.bbr.com/products-20148003357-2014-barolo-pira-roagna-piedmont-italy","1193505","20148003357"
"Roagna, Piedmont","2015","Barolo, Pira, Roagna, Piedmont, Italy","575","Case of 6 Bottles","https://www.bbr.com/products-20158003357-2015-barolo-pira-roagna-piedmont-italy","1193505","20158003357"
"Roagna, Piedmont","2015","Barolo, Pira, Roagna, Piedmont, Italy","470","Case of 6 Bottles","https://www.bbr.com/products-20158003357-2015-barolo-pira-roagna-piedmont-italy","1193505","20158003357"
"Roagna, Piedmont","2016","Barolo, Pira, Roagna, Piedmont, Italy","550","Case of 6 Bottles","https://www.bbr.com/products-20168003357-2016-barolo-pira-roagna-piedmont-italy","1193505","20168003357"
"Roagna, Piedmont","2009","Barolo, Pira, Vecchie Viti, Roagna, Piedmont, Italy","910","Case of 6 Bottles","https://www.bbr.com/products-20098003360-2009-barolo-pira-vecchie-viti-roagna-piedmont-italy","1196942","20098003360"
"Roagna, Piedmont","2010","Barolo, Pira, Vecchie Viti, Roagna, Piedmont, Italy","1149","Case of 6 Bottles","https://www.bbr.com/products-20108003360-2010-barolo-pira-vecchie-viti-roagna-piedmont-italy","1196942","20108003360"
"Roagna, Piedmont","2010","Barolo, Pira, Vecchie Viti, Roagna, Piedmont, Italy","1200","Case of 1 Double Magnums","https://www.bbr.com/products-20108003360-2010-barolo-pira-vecchie-viti-roagna-piedmont-italy","1196942","20108003360"
"Roagna, Piedmont","2013","Barolo, Pira, Vecchie Viti, Roagna, Piedmont, Italy","1400","Case of 6 Bottles","https://www.bbr.com/products-20138003360-2013-barolo-pira-vecchie-viti-roagna-piedmont-italy","1196942","20138003360"
"Roagna, Piedmont","2015","Barolo, Pira, Vecchie Viti, Roagna, Piedmont, Italy","1400","Case of 6 Bottles","https://www.bbr.com/products-20158003360-2015-barolo-pira-vecchie-viti-roagna-piedmont-italy","1196942","20158003360"
"Roagna, Piedmont","2016","Barolo, Pira, Vecchie Viti, Roagna, Piedmont, Italy","1500","Case of 6 Bottles","https://www.bbr.com/products-20168003360-2016-barolo-pira-vecchie-viti-roagna-piedmont-italy","1196942","20168003360"
"Roagna, Piedmont","2019","Barolo, Pira, Vecchie Viti, Roagna, Piedmont, Italy","720","Case of 3 Bottles","https://www.bbr.com/products-20198003360-2019-barolo-pira-vecchie-viti-roagna-piedmont-italy","1196942","20198003360"
"Dr. Giuseppe Cappellano, Piedmont","2008","Barolo, Pie Rupestris, Otin Fiorin, Cappellano, Piedmont, Italy","1400","Case of 6 Bottles","https://www.bbr.com/products-20088136822-2008-barolo-pie-rupestris-otin-fiorin-cappellano-piedmont-italy","1317466","20088136822"
"Dr. Giuseppe Cappellano, Piedmont","2014","Barolo, Pie Rupestris, Otin Fiorin, Cappellano, Piedmont, Italy","780","Case of 6 Bottles","https://www.bbr.com/products-20148136822-2014-barolo-pie-rupestris-otin-fiorin-cappellano-piedmont-italy","1317466","20148136822"
"Dr. Giuseppe Cappellano, Piedmont","2016","Barolo, Pie Rupestris, Otin Fiorin, Cappellano, Piedmont, Italy","1300","Case of 6 Bottles","https://www.bbr.com/products-20168136822-2016-barolo-pie-rupestris-otin-fiorin-cappellano-piedmont-italy","1317466","20168136822"
"Poderi e Cantine Oddero","2016","Barolo, Poderi Oddero, Piedmont, Italy","290","Case of 6 Bottles","https://www.bbr.com/products-20168209573-2016-barolo-poderi-oddero-piedmont-italy","1202548","20168209573"
"Ceretto","2019","Barolo, Prapo, Ceretto, Piedmont, Italy","500","Case of 6 Bottles","https://www.bbr.com/products-20198109932-2019-barolo-prapo-ceretto-piedmont-italy","1314540","20198109932"
"Ceretto","2019","Barolo, Prapo, Ceretto, Piedmont, Italy","495","Case of 6 Bottles","https://www.bbr.com/products-20198109932-2019-barolo-prapo-ceretto-piedmont-italy","1314540","20198109932"
"Davide Fregonese (Bugia Nen)","2016","Barolo, Prapo, Davide Fregonese, Piedmont, Italy","400","Case of 6 Bottles","https://www.bbr.com/products-20168201131-2016-barolo-prapo-davide-fregonese-piedmont-italy","1656888","20168201131"
"Luigi Vico","2016","Barolo, Prapo, Luigi Vico, Piedmont, Italy","320","Case of 6 Bottles","https://www.bbr.com/products-20168052544-2016-barolo-prapo-luigi-vico-piedmont-italy","1870576","20168052544"
"Poderi Gianni Gagliardo","2005","Barolo, Preve Riserva, Gianni Gagliardo, Piedmont, Italy","350","Case of 6 Bottles","https://www.bbr.com/products-20058236577-2005-barolo-preve-riserva-gianni-gagliardo-piedmont-italy","1364691","20058236577"
"Poderi Gianni Gagliardo","2009","Barolo, Preve Riserva, Gianni Gagliardo, Piedmont, Italy","300","Case of 6 Bottles","https://www.bbr.com/products-20098236577-2009-barolo-preve-riserva-gianni-gagliardo-piedmont-italy","1364691","20098236577"
"Poderi Gianni Gagliardo","2008","Barolo, Preve, Gianni Gagliardo, Piedmont, Italy","140","Case of 3 Bottles","https://www.bbr.com/products-20088136620-2008-barolo-preve-gianni-gagliardo-piedmont-italy","1165041","20088136620"
"Poderi Gianni Gagliardo","2010","Barolo, Preve, Gianni Gagliardo, Piedmont, Italy","300","Case of 6 Bottles","https://www.bbr.com/products-20108136620-2010-barolo-preve-gianni-gagliardo-piedmont-italy","1165041","20108136620"
"Poderi Gianni Gagliardo","2010","Barolo, Preve, Gianni Gagliardo, Piedmont, Italy","100","Case of 1 Magnums","https://www.bbr.com/products-20108136620-2010-barolo-preve-gianni-gagliardo-piedmont-italy","1165041","20108136620"
"Poderi Gianni Gagliardo","2011","Barolo, Preve, Gianni Gagliardo, Piedmont, Italy","330","Case of 6 Bottles","https://www.bbr.com/products-20118136620-2011-barolo-preve-gianni-gagliardo-piedmont-italy","1165041","20118136620"
"Elvio Cogno","2017","Barolo, Ravera, Elvio Cogno, Piedmont, Italy","525","Case of 6 Bottles","https://www.bbr.com/products-20178052241-2017-barolo-ravera-elvio-cogno-piedmont-italy","1164376","20178052241"
"Elvio Cogno","2019","Barolo, Ravera, Elvio Cogno, Piedmont, Italy","330","Case of 6 Bottles","https://www.bbr.com/products-20198052241-2019-barolo-ravera-elvio-cogno-piedmont-italy","1164376","20198052241"
"G. D. Vajra","2016","Barolo, Ravera, G.D. Vajra, Piedmont, Italy","340","Case of 6 Bottles","https://www.bbr.com/products-20168205793-2016-barolo-ravera-g-d-vajra-piedmont-italy","1331305","20168205793"
"Vietti","2014","Barolo, Ravera, Vietti, Piedmont, Italy","195","Case of 3 Bottles","https://www.bbr.com/products-20148117249-2014-barolo-ravera-vietti-piedmont-italy","1106341","20148117249"
"Vietti","2015","Barolo, Ravera, Vietti, Piedmont, Italy","260","Case of 3 Bottles","https://www.bbr.com/products-20158117249-2015-barolo-ravera-vietti-piedmont-italy","1106341","20158117249"
"Vietti","2015","Barolo, Ravera, Vietti, Piedmont, Italy","800","Case of 6 Bottles","https://www.bbr.com/products-20158117249-2015-barolo-ravera-vietti-piedmont-italy","1106341","20158117249"
"Vietti","2016","Barolo, Ravera, Vietti, Piedmont, Italy","1050","Case of 6 Bottles","https://www.bbr.com/products-20168117249-2016-barolo-ravera-vietti-piedmont-italy","1106341","20168117249"
"Vietti","2018","Barolo, Ravera, Vietti, Piedmont, Italy","310","Case of 3 Bottles","https://www.bbr.com/products-20188117249-2018-barolo-ravera-vietti-piedmont-italy","1106341","20188117249"
"Vietti","2019","Barolo, Ravera, Vietti, Piedmont, Italy","425","Case of 3 Bottles","https://www.bbr.com/products-20198117249-2019-barolo-ravera-vietti-piedmont-italy","1106341","20198117249"
"Vietti","2015","Barolo, Riserva, Vietti, Piedmont, Italy","510","Case of 6 Bottles","https://www.bbr.com/products-20158174105-2015-barolo-riserva-vietti-piedmont-italy","1106354","20158174105"
"Roagna, Piedmont","2009","Barolo, Roagna, Piedmont, Italy","300","Case of 6 Bottles","https://www.bbr.com/products-20091533754-2009-barolo-roagna-piedmont-italy","1533754","20091533754"
"Roagna, Piedmont","2010","Barolo, Roagna, Piedmont, Italy","320","Case of 6 Bottles","https://www.bbr.com/products-20101533754-2010-barolo-roagna-piedmont-italy","1533754","20101533754"
"Azienda Agricola Brovia","2017","Barolo, Rocche Castiglione, Brovia, Piedmont, Italy","170","Case of 1 Magnums","https://www.bbr.com/products-20178209355-2017-barolo-rocche-castiglione-brovia-piedmont-italy","1212921","20178209355"
"Figli Luigi Oddero","2007","Barolo, Rocche Rivera, Figli Luigi Oddero, Piedmont, Italy","288","Case of 6 Bottles","https://www.bbr.com/products-20078027661-2007-barolo-rocche-rivera-figli-luigi-oddero-piedmont-italy","1316081","20078027661"
"Figli Luigi Oddero","2010","Barolo, Rocche Rivera, Figli Luigi Oddero, Piedmont, Italy","414","Case of 6 Bottles","https://www.bbr.com/products-20108027661-2010-barolo-rocche-rivera-figli-luigi-oddero-piedmont-italy","1316081","20108027661"
"Roberto Voerzio","2008","Barolo, Rocche dell'Annunziata Torriglione, Roberto Voerzio, Piedmont, Italy","515","Case of 6 Bottles","https://www.bbr.com/products-20088051202-2008-barolo-rocche-dell-annunziata-torriglione-roberto-voerzio-piedmont-italy","1106615","20088051202"
"Roberto Voerzio","2009","Barolo, Rocche dell'Annunziata Torriglione, Roberto Voerzio, Piedmont, Italy","700","Case of 6 Bottles","https://www.bbr.com/products-20098051202-2009-barolo-rocche-dell-annunziata-torriglione-roberto-voerzio-piedmont-italy","1106615","20098051202"
"Mauro Veglio","2014","Barolo, Rocche dell'Annunziata, Mauro Veglio, Piedmont, Italy","395","Case of 6 Bottles","https://www.bbr.com/products-20148117308-2014-barolo-rocche-dell-annunziata-mauro-veglio-piedmont-italy","1106149","20148117308"
"Mauro Veglio","2015","Barolo, Rocche dell'Annunziata, Mauro Veglio, Piedmont, Italy","299","Case of 6 Bottles","https://www.bbr.com/products-20158117308-2015-barolo-rocche-dell-annunziata-mauro-veglio-piedmont-italy","1106149","20158117308"
"Mauro Veglio","2017","Barolo, Rocche dell'Annunziata, Riserva, Mauro Veglio, Piedmont, Italy","495","Case of 6 Bottles","https://www.bbr.com/products-20178232452-2017-barolo-rocche-dell-annunziata-riserva-mauro-veglio-piedmont-italy","2272283","20178232452"
"Mauro Veglio","2017","Barolo, Rocche dell'Annunziata, Riserva, Mauro Veglio, Piedmont, Italy","190","Case of 1 Magnums","https://www.bbr.com/products-20178232452-2017-barolo-rocche-dell-annunziata-riserva-mauro-veglio-piedmont-italy","2272283","20178232452"
"Roberto Voerzio","2012","Barolo, Rocche dell'Annunziata, Roberto Voerzio, Piedmont, Italy","545","Case of 3 Bottles","https://www.bbr.com/products-20128035721-2012-barolo-rocche-dell-annunziata-roberto-voerzio-piedmont-italy","1106615","20128035721"
"Roberto Voerzio","2012","Barolo, Rocche dell'Annunziata, Roberto Voerzio, Piedmont, Italy","845","Case of 6 Bottles","https://www.bbr.com/products-20128035721-2012-barolo-rocche-dell-annunziata-roberto-voerzio-piedmont-italy","1106615","20128035721"
"Roberto Voerzio","2016","Barolo, Rocche dell'Annunziata, Roberto Voerzio, Piedmont, Italy","640","Case of 6 Bottles","https://www.bbr.com/products-20168035721-2016-barolo-rocche-dell-annunziata-roberto-voerzio-piedmont-italy","1157284","20168035721"
"Roberto Voerzio","2016","Barolo, Rocche dell'Annunziata, Roberto Voerzio, Piedmont, Italy","470","Case of 3 Bottles","https://www.bbr.com/products-20168035721-2016-barolo-rocche-dell-annunziata-roberto-voerzio-piedmont-italy","1157284","20168035721"
"Rocche Costamagna","2013","Barolo, Rocche dell'Annunziata, Rocche Costamagna, Piedmont, Italy","350","Case of 12 Bottles","https://www.bbr.com/products-20138165439-2013-barolo-rocche-dell-annunziata-rocche-costamagna-piedmont-italy","1314465","20138165439"
"Rocche Costamagna","2015","Barolo, Rocche dell'Annunziata, Rocche Costamagna, Piedmont, Italy","300","Case of 12 Bottles","https://www.bbr.com/products-20158165439-2015-barolo-rocche-dell-annunziata-rocche-costamagna-piedmont-italy","1314465","20158165439"
"Trediberri","2010","Barolo, Rocche dell'Annunziata, Trediberri, Piedmont, Italy","795","Case of 6 Bottles","https://www.bbr.com/products-20101396166-2010-barolo-rocche-dell-annunziata-trediberri-piedmont-italy","1396166","20101396166"
"Trediberri","2011","Barolo, Rocche dell'Annunziata, Trediberri, Piedmont, Italy","425","Case of 6 Bottles","https://www.bbr.com/products-20111396166-2011-barolo-rocche-dell-annunziata-trediberri-piedmont-italy","1396166","20111396166"
"Trediberri","2013","Barolo, Rocche dell'Annunziata, Trediberri, Piedmont, Italy","495","Case of 6 Bottles","https://www.bbr.com/products-20131396166-2013-barolo-rocche-dell-annunziata-trediberri-piedmont-italy","1396166","20131396166"
"Trediberri","2014","Barolo, Rocche dell'Annunziata, Trediberri, Piedmont, Italy","890","Case of 6 Bottles","https://www.bbr.com/products-20141396166-2014-barolo-rocche-dell-annunziata-trediberri-piedmont-italy","1396166","20141396166"
"Trediberri","2015","Barolo, Rocche dell'Annunziata, Trediberri, Piedmont, Italy","300","Case of 6 Bottles","https://www.bbr.com/products-20151396166-2015-barolo-rocche-dell-annunziata-trediberri-piedmont-italy","1396166","20151396166"
"Trediberri","2017","Barolo, Rocche dell'Annunziata, Trediberri, Piedmont, Italy","400","Case of 6 Bottles","https://www.bbr.com/products-20171396166-2017-barolo-rocche-dell-annunziata-trediberri-piedmont-italy","1396166","20171396166"
"Roagna, Piedmont","2016","Barolo, Rocche di Castiglione, Roagna, Piedmont, Italy","950","Case of 6 Bottles","https://www.bbr.com/products-20168235730-2016-barolo-rocche-di-castiglione-roagna-piedmont-italy","2154721","20168235730"
"Vietti","2010","Barolo, Rocche di Castiglione, Vietti, Piedmont, Italy","1390","Case of 6 Bottles","https://www.bbr.com/products-20108117223-2010-barolo-rocche-di-castiglione-vietti-piedmont-italy","1106370","20108117223"
"Vietti","2014","Barolo, Rocche di Castiglione, Vietti, Piedmont, Italy","550","Case of 6 Bottles","https://www.bbr.com/products-20148117223-2014-barolo-rocche-di-castiglione-vietti-piedmont-italy","1106370","20148117223"
"Vietti","2014","Barolo, Rocche di Castiglione, Vietti, Piedmont, Italy","295","Case of 3 Bottles","https://www.bbr.com/products-20148117223-2014-barolo-rocche-di-castiglione-vietti-piedmont-italy","1106370","20148117223"
"Vietti","2018","Barolo, Rocche di Castiglione, Vietti, Piedmont, Italy","380","Case of 3 Bottles","https://www.bbr.com/products-20188117223-2018-barolo-rocche-di-castiglione-vietti-piedmont-italy","1106370","20188117223"
"Ciabot Berton","2016","Barolo, Roggeri, Ciabot Berton, Piedmont, Italy","200","Case of 6 Bottles","https://www.bbr.com/products-20168252191-2016-barolo-roggeri-ciabot-berton-piedmont-italy","1144653","20168252191"
"Az. Agr. Elio Grasso","2004","Barolo, Runcot, Riserva, Elio Grasso, Piedmont, Italy","950","Case of 6 Bottles","https://www.bbr.com/products-20048117614-2004-barolo-runcot-riserva-elio-grasso-piedmont-italy","1100192","20048117614"
"Az. Agr. Elio Grasso","2008","Barolo, Runcot, Riserva, Elio Grasso, Piedmont, Italy","600","Case of 6 Bottles","https://www.bbr.com/products-20088117614-2008-barolo-runcot-riserva-elio-grasso-piedmont-italy","1100192","20088117614"
"Az. Agr. Elio Grasso","2010","Barolo, Runcot, Riserva, Elio Grasso, Piedmont, Italy","740","Case of 6 Bottles","https://www.bbr.com/products-20108117614-2010-barolo-runcot-riserva-elio-grasso-piedmont-italy","1100192","20108117614"
"Az. Agr. Elio Grasso","2015","Barolo, Runcot, Riserva, Elio Grasso, Piedmont, Italy","290","Case of 3 Bottles","https://www.bbr.com/products-20158117614-2015-barolo-runcot-riserva-elio-grasso-piedmont-italy","1100192","20158117614"
"Az. Agr. Elio Grasso","2015","Barolo, Runcot, Riserva, Elio Grasso, Piedmont, Italy","650","Case of 6 Bottles","https://www.bbr.com/products-20158117614-2015-barolo-runcot-riserva-elio-grasso-piedmont-italy","1100192","20158117614"
"Fratelli Alessandria","2013","Barolo, San Lorenzo di Verduno, Fratelli Alessandria, Piedmont, Italy","265","Case of 6 Bottles","https://www.bbr.com/products-20131164855-2013-barolo-san-lorenzo-di-verduno-fratelli-alessandria-piedmont-italy","1164855","20131164855"
"Fratelli Alessandria","2016","Barolo, San Lorenzo di Verduno, Fratelli Alessandria, Piedmont, Italy","330","Case of 6 Bottles","https://www.bbr.com/products-20161164855-2016-barolo-san-lorenzo-di-verduno-fratelli-alessandria-piedmont-italy","1164855","20161164855"
"Fratelli Alessandria","2019","Barolo, San Lorenzo di Verduno, Fratelli Alessandria, Piedmont, Italy","298","Case of 6 Bottles","https://www.bbr.com/products-20191164855-2019-barolo-san-lorenzo-di-verduno-fratelli-alessandria-piedmont-italy","1164855","20191164855"
"Roberto Voerzio","2013","Barolo, Sarmassa, Roberto Voerzio, Piedmont, Italy","325","Case of 1 Magnums","https://www.bbr.com/products-20138026417-2013-barolo-sarmassa-roberto-voerzio-piedmont-italy","1106628","20138026417"
"Roberto Voerzio","2013","Barolo, Sarmassa, Roberto Voerzio, Piedmont, Italy","630","Case of 3 Magnums","https://www.bbr.com/products-20138026417-2013-barolo-sarmassa-roberto-voerzio-piedmont-italy","1106628","20138026417"
"Roberto Voerzio","2019","Barolo, Sarmassa, Roberto Voerzio, Piedmont, Italy","350","Case of 1 Magnums","https://www.bbr.com/products-20198026417-2019-barolo-sarmassa-roberto-voerzio-piedmont-italy","1106628","20198026417"
"Giovanni Rosso","2009","Barolo, Serra, Giovanni Rosso, Piedmont, Italy","645","Case of 6 Bottles","https://www.bbr.com/products-20091139510-2009-barolo-serra-giovanni-rosso-piedmont-italy","1139510","20091139510"
"Giovanni Rosso","2010","Barolo, Serra, Giovanni Rosso, Piedmont, Italy","300","Case of 6 Bottles","https://www.bbr.com/products-20101139510-2010-barolo-serra-giovanni-rosso-piedmont-italy","1139510","20101139510"
"Giovanni Rosso","2011","Barolo, Serra, Giovanni Rosso, Piedmont, Italy","350","Case of 6 Bottles","https://www.bbr.com/products-20111139510-2011-barolo-serra-giovanni-rosso-piedmont-italy","1139510","20111139510"
"Giovanni Rosso","2012","Barolo, Serra, Giovanni Rosso, Piedmont, Italy","465","Case of 6 Bottles","https://www.bbr.com/products-20121139510-2012-barolo-serra-giovanni-rosso-piedmont-italy","1139510","20121139510"
"Giovanni Rosso","2013","Barolo, Serra, Giovanni Rosso, Piedmont, Italy","300","Case of 6 Bottles","https://www.bbr.com/products-20131139510-2013-barolo-serra-giovanni-rosso-piedmont-italy","1139510","20131139510"
"Giovanni Rosso","2014","Barolo, Serra, Giovanni Rosso, Piedmont, Italy","255","Case of 6 Bottles","https://www.bbr.com/products-20141139510-2014-barolo-serra-giovanni-rosso-piedmont-italy","1139510","20141139510"
"Giovanni Rosso","2015","Barolo, Serra, Giovanni Rosso, Piedmont, Italy","195","Case of 6 Bottles","https://www.bbr.com/products-20151139510-2015-barolo-serra-giovanni-rosso-piedmont-italy","1139510","20151139510"
"Giovanni Rosso","2015","Barolo, Serra, Giovanni Rosso, Piedmont, Italy","130","Case of 1 Magnums","https://www.bbr.com/products-20151139510-2015-barolo-serra-giovanni-rosso-piedmont-italy","1139510","20151139510"
"Giovanni Rosso","2016","Barolo, Serra, Giovanni Rosso, Piedmont, Italy","260","Case of 6 Bottles","https://www.bbr.com/products-20161139510-2016-barolo-serra-giovanni-rosso-piedmont-italy","1139510","20161139510"
"Giovanni Rosso","2017","Barolo, Serra, Giovanni Rosso, Piedmont, Italy","230","Case of 6 Bottles","https://www.bbr.com/products-20171139510-2017-barolo-serra-giovanni-rosso-piedmont-italy","1139510","20171139510"
"Giovanni Rosso","2017","Barolo, Serra, Giovanni Rosso, Piedmont, Italy","80","Case of 1 Magnums","https://www.bbr.com/products-20171139510-2017-barolo-serra-giovanni-rosso-piedmont-italy","1139510","20171139510"
"Giovanni Rosso","2019","Barolo, Serra, Giovanni Rosso, Piedmont, Italy","275","Case of 6 Bottles","https://www.bbr.com/products-20191139510-2019-barolo-serra-giovanni-rosso-piedmont-italy","1139510","20191139510"
"Giovanni Rosso","2019","Barolo, Serra, Giovanni Rosso, Piedmont, Italy","335","Case of 3 Magnums","https://www.bbr.com/products-20191139510-2019-barolo-serra-giovanni-rosso-piedmont-italy","1139510","20191139510"
"Giovanni Rosso","2020","Barolo, Serra, Giovanni Rosso, Piedmont, Italy","450","Case of 6 Bottles","https://www.bbr.com/products-20201139510-2020-barolo-serra-giovanni-rosso-piedmont-italy","1139510","20201139510"
"Giovanni Rosso","2021","Barolo, Serra, Giovanni Rosso, Piedmont, Italy","265","Case of 6 Bottles","https://www.bbr.com/products-20211139510-2021-barolo-serra-giovanni-rosso-piedmont-italy","1139510","20211139510"
"Gaja","2015","Barolo, Sperss, Gaja, Piedmont, Italy","1300","Case of 6 Bottles","https://www.bbr.com/products-20158117816-2015-barolo-sperss-gaja-piedmont-italy","1099634","20158117816"
"Gaja","2015","Barolo, Sperss, Gaja, Piedmont, Italy","1400","Case of 6 Bottles","https://www.bbr.com/products-20158117816-2015-barolo-sperss-gaja-piedmont-italy","1099634","20158117816"
"Gaja","2016","Barolo, Sperss, Gaja, Piedmont, Italy","1300","Case of 1 Double Magnums","https://www.bbr.com/products-20168117816-2016-barolo-sperss-gaja-piedmont-italy","1099634","20168117816"
"Gaja","2016","Barolo, Sperss, Gaja, Piedmont, Italy","575","Case of 1 Magnums","https://www.bbr.com/products-20168117816-2016-barolo-sperss-gaja-piedmont-italy","1099634","20168117816"
"Gaja","2017","Barolo, Sperss, Gaja, Piedmont, Italy","1145","Case of 6 Bottles","https://www.bbr.com/products-20178117816-2017-barolo-sperss-gaja-piedmont-italy","1099634","20178117816"
"Gaja","2017","Barolo, Sperss, Gaja, Piedmont, Italy","1250","Case of 6 Bottles","https://www.bbr.com/products-20178117816-2017-barolo-sperss-gaja-piedmont-italy","1099634","20178117816"
"Giovanni Rosso","2009","Barolo, Tommaso Canale, Vigna Rionda, Giovanni Rosso, Piedmont, Italy","1150","Case of 6 Bottles","https://www.bbr.com/products-20098138116-2009-barolo-tommaso-canale-vigna-rionda-giovanni-rosso-piedmont-italy","1212891","20098138116"
"Roberto Voerzio","2010","Barolo, Torriglione, Roberto Voerzio, Piedmont, Italy","600","Case of 3 Magnums","https://www.bbr.com/products-20108026446-2010-barolo-torriglione-roberto-voerzio-piedmont-italy","1608119","20108026446"
"Roberto Voerzio","2013","Barolo, Torriglione, Roberto Voerzio, Piedmont, Italy","850","Case of 3 Magnums","https://www.bbr.com/products-20138026446-2013-barolo-torriglione-roberto-voerzio-piedmont-italy","1608119","20138026446"
"Giuseppe Rinaldi","2012","Barolo, Tre Tine, Giuseppe Rinaldi, Piedmont, Italy","3200","Case of 12 Bottles","https://www.bbr.com/products-20128109525-2012-barolo-tre-tine-giuseppe-rinaldi-piedmont-italy","1319460","20128109525"
"Giuseppe Rinaldi","2014","Barolo, Tre Tine, Giuseppe Rinaldi, Piedmont, Italy","2190","Case of 12 Bottles","https://www.bbr.com/products-20148109525-2014-barolo-tre-tine-giuseppe-rinaldi-piedmont-italy","1319460","20148109525"
"Trediberri","2009","Barolo, Trediberri, Piedmont, Italy","265","Case of 6 Bottles","https://www.bbr.com/products-20091201860-2009-barolo-trediberri-piedmont-italy","1201860","20091201860"
"Trediberri","2010","Barolo, Trediberri, Piedmont, Italy","269","Case of 6 Bottles","https://www.bbr.com/products-20101201860-2010-barolo-trediberri-piedmont-italy","1201860","20101201860"
"Trediberri","2011","Barolo, Trediberri, Piedmont, Italy","175","Case of 6 Bottles","https://www.bbr.com/products-20111201860-2011-barolo-trediberri-piedmont-italy","1201860","20111201860"
"Trediberri","2013","Barolo, Trediberri, Piedmont, Italy","240","Case of 6 Bottles","https://www.bbr.com/products-20131201860-2013-barolo-trediberri-piedmont-italy","1201860","20131201860"
"Trediberri","2015","Barolo, Trediberri, Piedmont, Italy","225","Case of 6 Bottles","https://www.bbr.com/products-20151201860-2015-barolo-trediberri-piedmont-italy","1201860","20151201860"
"Trediberri","2016","Barolo, Trediberri, Piedmont, Italy","250","Case of 6 Bottles","https://www.bbr.com/products-20161201860-2016-barolo-trediberri-piedmont-italy","1201860","20161201860"
"Trediberri","2017","Barolo, Trediberri, Piedmont, Italy","190","Case of 6 Bottles","https://www.bbr.com/products-20171201860-2017-barolo-trediberri-piedmont-italy","1201860","20171201860"
"Trediberri","2017","Barolo, Trediberri, Piedmont, Italy","70","Case of 1 Magnums","https://www.bbr.com/products-20171201860-2017-barolo-trediberri-piedmont-italy","1201860","20171201860"
"Roberto Voerzio","2007","Barolo, Vecchie Viti dei Capalot e delle Brunate, Riserva, Roberto Voerzio, Piedmont, Italy","750","Case of 3 Magnums","https://www.bbr.com/products-20078026459-2007-barolo-vecchie-viti-dei-capalot-e-delle-brunate-riserva-roberto-voerzio-piedmont-italy","1106598","20078026459"
"Roberto Voerzio","2009","Barolo, Vecchie Viti dei Capalot e delle Brunate, Riserva, Roberto Voerzio, Piedmont, Italy","1000","Case of 3 Magnums","https://www.bbr.com/products-20098026459-2009-barolo-vecchie-viti-dei-capalot-e-delle-brunate-riserva-roberto-voerzio-piedmont-italy","1106598","20098026459"
"Roberto Voerzio","2009","Barolo, Vecchie Viti dei Capalot e delle Brunate, Riserva, Roberto Voerzio, Piedmont, Italy","1000","Case of 3 Magnums","https://www.bbr.com/products-20098026459-2009-barolo-vecchie-viti-dei-capalot-e-delle-brunate-riserva-roberto-voerzio-piedmont-italy","1106598","20098026459"
"E.Pira di Chiara Boschis, Piedmont","2010","Barolo, Via Nuova, E. Pira di Chiara Boschis, Piedmont, Italy","400","Case of 6 Bottles","https://www.bbr.com/products-20108006983-2010-barolo-via-nuova-e-pira-di-chiara-boschis-piedmont-italy","1311347","20108006983"
"E.Pira di Chiara Boschis, Piedmont","2012","Barolo, Via Nuova, E. Pira di Chiara Boschis, Piedmont, Italy","355","Case of 6 Bottles","https://www.bbr.com/products-20128006983-2012-barolo-via-nuova-e-pira-di-chiara-boschis-piedmont-italy","1311347","20128006983"
"E.Pira di Chiara Boschis, Piedmont","2013","Barolo, Via Nuova, E. Pira di Chiara Boschis, Piedmont, Italy","500","Case of 6 Bottles","https://www.bbr.com/products-20138006983-2013-barolo-via-nuova-e-pira-di-chiara-boschis-piedmont-italy","1311347","20138006983"
"E.Pira di Chiara Boschis, Piedmont","2015","Barolo, Via Nuova, E. Pira di Chiara Boschis, Piedmont, Italy","468","Case of 6 Bottles","https://www.bbr.com/products-20158006983-2015-barolo-via-nuova-e-pira-di-chiara-boschis-piedmont-italy","1311347","20158006983"
"E.Pira di Chiara Boschis, Piedmont","2016","Barolo, Via Nuova, E. Pira di Chiara Boschis, Piedmont, Italy","800","Case of 6 Bottles","https://www.bbr.com/products-20168006983-2016-barolo-via-nuova-e-pira-di-chiara-boschis-piedmont-italy","1311347","20168006983"
"E.Pira di Chiara Boschis, Piedmont","2016","Barolo, Via Nuova, E. Pira di Chiara Boschis, Piedmont, Italy","495","Case of 1 Magnums","https://www.bbr.com/products-20168006983-2016-barolo-via-nuova-e-pira-di-chiara-boschis-piedmont-italy","1311347","20168006983"
"Elvio Cogno","2007","Barolo, Vigna Elena, Riserva, Elvio Cogno, Piedmont, Italy","450","Case of 6 Bottles","https://www.bbr.com/products-20078052254-2007-barolo-vigna-elena-riserva-elvio-cogno-piedmont-italy","1164376","20078052254"
"Renzo Seghesio","2020","Barolo, Vigna Pajana, Renzo Seghesio, Piedmont, Italy","355","Case of 6 Bottles","https://www.bbr.com/products-20208078849-2020-barolo-vigna-pajana-renzo-seghesio-piedmont-italy","1559798","20208078849"
"Figli Luigi Oddero","2004","Barolo, Vigna Rionda, Luigi Oddero, Piedmont, Italy","900","Case of 6 Bottles","https://www.bbr.com/products-20048027690-2004-barolo-vigna-rionda-luigi-oddero-piedmont-italy","1129687","20048027690"
"Figli Luigi Oddero","2010","Barolo, Vigna Rionda, Luigi Oddero, Piedmont, Italy","1500","Case of 6 Bottles","https://www.bbr.com/products-20108027690-2010-barolo-vigna-rionda-luigi-oddero-piedmont-italy","1129687","20108027690"
"Figli Luigi Oddero","2012","Barolo, Vigna Rionda, Luigi Oddero, Piedmont, Italy","600","Case of 6 Bottles","https://www.bbr.com/products-20128027690-2012-barolo-vigna-rionda-luigi-oddero-piedmont-italy","1129687","20128027690"
"Figli Luigi Oddero","2013","Barolo, Vigna Rionda, Luigi Oddero, Piedmont, Italy","480","Case of 6 Bottles","https://www.bbr.com/products-20138027690-2013-barolo-vigna-rionda-luigi-oddero-piedmont-italy","1129687","20138027690"
"Figli Luigi Oddero","2015","Barolo, Vigna Rionda, Luigi Oddero, Piedmont, Italy","650","Case of 6 Bottles","https://www.bbr.com/products-20158027690-2015-barolo-vigna-rionda-luigi-oddero-piedmont-italy","1129687","20158027690"
"Luigi Pira","2021","Barolo, Vigna Rionda, Luigi Pira, Piedmont, Italy","366","Case of 6 Bottles","https://www.bbr.com/products-20218206110-2021-barolo-vigna-rionda-luigi-pira-piedmont-italy","1318157","20218206110"
"Massolino","2011","Barolo, Vigna Rionda, Riserva, Massolino, Piedmont, Italy","150","Case of 1 Bottles","https://www.bbr.com/products-20118214270-2011-barolo-vigna-rionda-riserva-massolino-piedmont-italy","1101450","20118214270"
"Massolino","2012","Barolo, Vigna Rionda, Riserva, Massolino, Piedmont, Italy","890","Case of 6 Bottles","https://www.bbr.com/products-20128214270-2012-barolo-vigna-rionda-riserva-massolino-piedmont-italy","1101450","20128214270"
"Massolino","2013","Barolo, Vigna Rionda, Riserva, Massolino, Piedmont, Italy","910","Case of 6 Bottles","https://www.bbr.com/products-20138214270-2013-barolo-vigna-rionda-riserva-massolino-piedmont-italy","1101450","20138214270"
"Massolino","2013","Barolo, Vigna Rionda, Riserva, Massolino, Piedmont, Italy","650","Case of 6 Bottles","https://www.bbr.com/products-20138214270-2013-barolo-vigna-rionda-riserva-massolino-piedmont-italy","1101450","20138214270"
"Massolino","2013","Barolo, Vigna Rionda, Riserva, Massolino, Piedmont, Italy","250","Case of 1 Magnums","https://www.bbr.com/products-20138214270-2013-barolo-vigna-rionda-riserva-massolino-piedmont-italy","1101450","20138214270"
"Massolino","2014","Barolo, Vigna Rionda, Riserva, Massolino, Piedmont, Italy","492","Case of 6 Bottles","https://www.bbr.com/products-20148214270-2014-barolo-vigna-rionda-riserva-massolino-piedmont-italy","1101450","20148214270"
"Massolino","2014","Barolo, Vigna Rionda, Riserva, Massolino, Piedmont, Italy","700","Case of 6 Bottles","https://www.bbr.com/products-20148214270-2014-barolo-vigna-rionda-riserva-massolino-piedmont-italy","1101450","20148214270"
"Massolino","2015","Barolo, Vigna Rionda, Riserva, Massolino, Piedmont, Italy","550","Case of 6 Bottles","https://www.bbr.com/products-20158214270-2015-barolo-vigna-rionda-riserva-massolino-piedmont-italy","1101450","20158214270"
"Massolino","2015","Barolo, Vigna Rionda, Riserva, Massolino, Piedmont, Italy","120","Case of 1 Bottles","https://www.bbr.com/products-20158214270-2015-barolo-vigna-rionda-riserva-massolino-piedmont-italy","1101450","20158214270"
"Massolino","2015","Barolo, Vigna Rionda, Riserva, Massolino, Piedmont, Italy","225","Case of 1 Magnums","https://www.bbr.com/products-20158214270-2015-barolo-vigna-rionda-riserva-massolino-piedmont-italy","1101450","20158214270"
"Massolino","2016","Barolo, Vigna Rionda, Riserva, Massolino, Piedmont, Italy","900","Case of 6 Bottles","https://www.bbr.com/products-20168214270-2016-barolo-vigna-rionda-riserva-massolino-piedmont-italy","1101450","20168214270"
"Massolino","2016","Barolo, Vigna Rionda, Riserva, Massolino, Piedmont, Italy","495","Case of 1 Magnums","https://www.bbr.com/products-20168214270-2016-barolo-vigna-rionda-riserva-massolino-piedmont-italy","1101450","20168214270"
"Massolino","2017","Barolo, Vigna Rionda, Riserva, Massolino, Piedmont, Italy","670","Case of 6 Bottles","https://www.bbr.com/products-20178214270-2017-barolo-vigna-rionda-riserva-massolino-piedmont-italy","1101450","20178214270"
"Conterno Fantino","2017","Barolo, Vigna del Gris, Conterno Fantino, Piedmont, Italy","228","Case of 6 Bottles","https://www.bbr.com/products-20178175232-2017-barolo-vigna-del-gris-conterno-fantino-piedmont-italy","1098321","20178175232"
"Poderi e Cantine Oddero","","Barolo, Vigniarionda, Riserva, Oddero Vertical Collector's Case (2009 to 2014), Six-Bottle Assortment Case","850","Case of 1 6 Bottle Assortments","https://www.bbr.com/products-10008134932-barolo-vigniarionda-riserva-oddero-vertical-collector-s-case-2009-to-2014-six-bottle-assortment-case","1998474","10008134932"
"Giacomo Fenocchio","2011","Barolo, Villero, Giacomo Fenocchio, Piedmont, Italy","227","Case of 6 Bottles","https://www.bbr.com/products-20118210937-2011-barolo-villero-giacomo-fenocchio-piedmont-italy","1157314","20118210937"
"Giuseppe Mascarello e Figli","2010","Barolo, Villero, Mascarello Giuseppe & Figlio, Piedmont, Italy","480","Case of 6 Bottles","https://www.bbr.com/products-20108012078-2010-barolo-villero-mascarello-giuseppe-figlio-piedmont-italy","1101333","20108012078"
"Giuseppe Mascarello e Figli","2010","Barolo, Villero, Mascarello Giuseppe & Figlio, Piedmont, Italy","400","Case of 6 Bottles","https://www.bbr.com/products-20108012078-2010-barolo-villero-mascarello-giuseppe-figlio-piedmont-italy","1101333","20108012078"
"Giuseppe Mascarello e Figli","2017","Barolo, Villero, Mascarello Giuseppe & Figlio, Piedmont, Italy","600","Case of 6 Bottles","https://www.bbr.com/products-20178012078-2017-barolo-villero-mascarello-giuseppe-figlio-piedmont-italy","1101333","20178012078"
"Giuseppe Mascarello e Figli","1978","Barolo, Villero, Mascarello Giuseppe &amp; Figlio, Piedmont, Italy","600","Case of 1 Bottles","https://www.bbr.com/products-19788012078-1978-barolo-villero-mascarello-giuseppe-and-figlio-piedmont-italy","1101333","19788012078"
"Giuseppe Mascarello e Figli","2018","Barolo, Villero, Mascarello Giuseppe &amp; Figlio, Piedmont, Italy","864","Case of 6 Bottles","https://www.bbr.com/products-20188012078-2018-barolo-villero-mascarello-giuseppe-and-figlio-piedmont-italy","1101333","20188012078"
"Giuseppe Mascarello e Figli","2020","Barolo, Villero, Mascarello Giuseppe &amp; Figlio, Piedmont, Italy","805","Case of 6 Bottles","https://www.bbr.com/products-20208012078-2020-barolo-villero-mascarello-giuseppe-and-figlio-piedmont-italy","1101333","20208012078"
"Poderi e Cantine Oddero","2016","Barolo, Villero, Poderi Oddero, Piedmont, Italy","115","Case of 1 Magnums","https://www.bbr.com/products-20168015789-2016-barolo-villero-poderi-oddero-piedmont-italy","1201600","20168015789"
"Vietti","2007","Barolo, Villero, Riserva, Vietti, Piedmont, Italy","2000","Case of 1 Double Magnums","https://www.bbr.com/products-20078117236-2007-barolo-villero-riserva-vietti-piedmont-italy","1106367","20078117236"
"Vietti","2010","Barolo, Villero, Riserva, Vietti, Piedmont, Italy","950","Case of 3 Bottles","https://www.bbr.com/products-20108117236-2010-barolo-villero-riserva-vietti-piedmont-italy","1106367","20108117236"
"Vietti","2012","Barolo, Villero, Riserva, Vietti, Piedmont, Italy","675","Case of 3 Bottles","https://www.bbr.com/products-20128117236-2012-barolo-villero-riserva-vietti-piedmont-italy","1106367","20128117236"
"Vietti","2013","Barolo, Villero, Riserva, Vietti, Piedmont, Italy","800","Case of 3 Bottles","https://www.bbr.com/products-20138117236-2013-barolo-villero-riserva-vietti-piedmont-italy","1106367","20138117236"
"Luciano Sandrone","2013","Barolo, Vite Talin, Luciano Sandrone, Piedmont, Italy","400","Case of 1 Bottles","https://www.bbr.com/products-20138040561-2013-barolo-vite-talin-luciano-sandrone-piedmont-italy","1854356","20138040561"
"Luciano Sandrone","2014","Barolo, Vite Talin, Luciano Sandrone, Piedmont, Italy","325","Case of 1 Bottles","https://www.bbr.com/products-20148040561-2014-barolo-vite-talin-luciano-sandrone-piedmont-italy","1854356","20148040561"
"Luciano Sandrone","2015","Barolo, Vite Talin, Luciano Sandrone, Piedmont, Italy","260","Case of 1 Bottles","https://www.bbr.com/products-20158040561-2015-barolo-vite-talin-luciano-sandrone-piedmont-italy","1854356","20158040561"
"Luciano Sandrone","2016","Barolo, Vite Talin, Luciano Sandrone, Piedmont, Italy","425","Case of 1 Bottles","https://www.bbr.com/products-20168040561-2016-barolo-vite-talin-luciano-sandrone-piedmont-italy","1854356","20168040561"
"Luciano Sandrone","2017","Barolo, Vite Talin, Luciano Sandrone, Piedmont, Italy","250","Case of 1 Bottles","https://www.bbr.com/products-20178040561-2017-barolo-vite-talin-luciano-sandrone-piedmont-italy","1854356","20178040561"
"Scarzello Giorgio e Figli","2008","Barolo, del Comune di Barolo, Scarzello, Piedmont, Italy","225","Case of 6 Bottles","https://www.bbr.com/products-20088200756-2008-barolo-del-comune-di-barolo-scarzello-piedmont-italy","1706642","20088200756"
"Marcarini","2015","Barolo, del Comune di La Morra, Marcarini, Piedmont, Italy","192","Case of 6 Bottles","https://www.bbr.com/products-20158016744-2015-barolo-del-comune-di-la-morra-marcarini-piedmont-italy","1812251","20158016744"
"Marcarini","2016","Barolo, del Comune di La Morra, Marcarini, Piedmont, Italy","195","Case of 6 Bottles","https://www.bbr.com/products-20168016744-2016-barolo-del-comune-di-la-morra-marcarini-piedmont-italy","1812251","20168016744"
"Marcarini","2017","Barolo, del Comune di La Morra, Marcarini, Piedmont, Italy","125","Case of 6 Bottles","https://www.bbr.com/products-20178016744-2017-barolo-del-comune-di-la-morra-marcarini-piedmont-italy","1812251","20178016744"
"Marcarini","2019","Barolo, del Comune di La Morra, Marcarini, Piedmont, Italy","150","Case of 6 Bottles","https://www.bbr.com/products-20198016744-2019-barolo-del-comune-di-la-morra-marcarini-piedmont-italy","1812251","20198016744"
"Roberto Voerzio","2016","Barolo, del Comune di La Morra, Roberto Voerzio, Piedmont, Italy","350","Case of 1 Magnums","https://www.bbr.com/products-20168123581-2016-barolo-del-comune-di-la-morra-roberto-voerzio-piedmont-italy","1871456","20168123581"
"Roberto Voerzio","2019","Barolo, del Comune di La Morra, Roberto Voerzio, Piedmont, Italy","480","Case of 6 Bottles","https://www.bbr.com/products-20198123581-2019-barolo-del-comune-di-la-morra-roberto-voerzio-piedmont-italy","1871456","20198123581"
"Mauro Veglio","2019","Barolo, del Comune di Serralunga d?Alba, Mauro Veglio, Piedmont, Italy","195","Case of 6 Bottles","https://www.bbr.com/products-20198072889-2019-barolo-del-comune-di-serralunga-d-alba-mauro-veglio-piedmont-italy","2820123","20198072889"
"Mauro Veglio","2020","Barolo, del Comune di Serralunga d?Alba, Mauro Veglio, Piedmont, Italy","165","Case of 6 Bottles","https://www.bbr.com/products-20208072889-2020-barolo-del-comune-di-serralunga-d-alba-mauro-veglio-piedmont-italy","2820123","20208072889"
"Barr-Eden Estate","2017","Barr-Eden Estate, Avenue to Gold, Shiraz, Eden Valley, Australia","270","Case of 6 Bottles","https://www.bbr.com/products-20178083780-2017-barr-eden-estate-avenue-to-gold-shiraz-eden-valley-australia","1800874","20178083780"
"Giovanni Montisci, Sardinia","2015","Barrosu, Cannonau Sardegna Riserva Franzisca, Giovanni Montisci","550","Case of 6 Bottles","https://www.bbr.com/products-20158034463-2015-barrosu-cannonau-sardegna-riserva-franzisca-giovanni-montisci","1299887","20158034463"
"Agricola Punica","2010","Barrua, Isola dei Nuraghi, Punica, Sardinia, Italy","180","Case of 3 Magnums","https://www.bbr.com/products-20108027560-2010-barrua-isola-dei-nuraghi-punica-sardinia-italy","1202346","20108027560"
"Agricola Punica","2011","Barrua, Isola dei Nuraghi, Punica, Sardinia, Italy","145","Case of 6 Bottles","https://www.bbr.com/products-20118027560-2011-barrua-isola-dei-nuraghi-punica-sardinia-italy","1202346","20118027560"
"Agricola Punica","2012","Barrua, Isola dei Nuraghi, Punica, Sardinia, Italy","120","Case of 6 Bottles","https://www.bbr.com/products-20128027560-2012-barrua-isola-dei-nuraghi-punica-sardinia-italy","1202346","20128027560"
"Agricola Punica","2013","Barrua, Isola dei Nuraghi, Punica, Sardinia, Italy","129","Case of 3 Magnums","https://www.bbr.com/products-20138027560-2013-barrua-isola-dei-nuraghi-punica-sardinia-italy","1202346","20138027560"
"Agricola Punica","2014","Barrua, Isola dei Nuraghi, Punica, Sardinia, Italy","174","Case of 6 Bottles","https://www.bbr.com/products-20148027560-2014-barrua-isola-dei-nuraghi-punica-sardinia-italy","1202346","20148027560"
"Agricola Punica","2016","Barrua, Isola dei Nuraghi, Punica, Sardinia, Italy","170","Case of 6 Bottles","https://www.bbr.com/products-20168027560-2016-barrua-isola-dei-nuraghi-punica-sardinia-italy","1202346","20168027560"
"Agricola Punica","2017","Barrua, Isola dei Nuraghi, Punica, Sardinia, Italy","150","Case of 6 Bottles","https://www.bbr.com/products-20178027560-2017-barrua-isola-dei-nuraghi-punica-sardinia-italy","1202346","20178027560"
"Agricola Punica","2018","Barrua, Isola dei Nuraghi, Punica, Sardinia, Italy","180","Case of 6 Bottles","https://www.bbr.com/products-20188027560-2018-barrua-isola-dei-nuraghi-punica-sardinia-italy","1202346","20188027560"
"Agricola Punica","2018","Barrua, Isola dei Nuraghi, Punica, Sardinia, Italy","168","Case of 3 Magnums","https://www.bbr.com/products-20188027560-2018-barrua-isola-dei-nuraghi-punica-sardinia-italy","1202346","20188027560"
"Michel Niellon","2008","Batard-Montrachet, Grand Cru, Domaine Michel Niellon, Burgundy","1700","Case of 6 Bottles","https://www.bbr.com/products-20088023504-2008-batard-montrachet-grand-cru-domaine-michel-niellon-burgundy","1077467","20088023504"
"Michel Niellon","2009","Batard-Montrachet, Grand Cru, Domaine Michel Niellon, Burgundy","1750","Case of 6 Bottles","https://www.bbr.com/products-20098023504-2009-batard-montrachet-grand-cru-domaine-michel-niellon-burgundy","1077467","20098023504"
"Michel Niellon","2010","Batard-Montrachet, Grand Cru, Domaine Michel Niellon, Burgundy","1800","Case of 6 Bottles","https://www.bbr.com/products-20108023504-2010-batard-montrachet-grand-cru-domaine-michel-niellon-burgundy","1077467","20108023504"
"Michel Niellon","2011","Batard-Montrachet, Grand Cru, Domaine Michel Niellon, Burgundy","1425","Case of 6 Bottles","https://www.bbr.com/products-20118023504-2011-batard-montrachet-grand-cru-domaine-michel-niellon-burgundy","1077467","20118023504"
"Michel Niellon","2012","Batard-Montrachet, Grand Cru, Domaine Michel Niellon, Burgundy","2200","Case of 6 Bottles","https://www.bbr.com/products-20128023504-2012-batard-montrachet-grand-cru-domaine-michel-niellon-burgundy","1077467","20128023504"
"Michel Niellon","2013","Batard-Montrachet, Grand Cru, Domaine Michel Niellon, Burgundy","1800","Case of 6 Bottles","https://www.bbr.com/products-20138023504-2013-batard-montrachet-grand-cru-domaine-michel-niellon-burgundy","1077467","20138023504"
"Michel Niellon","2014","Batard-Montrachet, Grand Cru, Domaine Michel Niellon, Burgundy","1900","Case of 6 Bottles","https://www.bbr.com/products-20148023504-2014-batard-montrachet-grand-cru-domaine-michel-niellon-burgundy","1077467","20148023504"
"Michel Niellon","2015","Batard-Montrachet, Grand Cru, Domaine Michel Niellon, Burgundy","1800","Case of 6 Bottles","https://www.bbr.com/products-20158023504-2015-batard-montrachet-grand-cru-domaine-michel-niellon-burgundy","1077467","20158023504"
"Jean-Marc Burgaud","2022","Beaujolais Villages, Les Vignes de Lantignie, Jean-Marc Burgaud","203","Case of 12 Bottles","https://www.bbr.com/products-20221731815-2022-beaujolais-villages-les-vignes-de-lantignie-jean-marc-burgaud","1731815","20221731815"
"Domaine Yvon Metras","2019","Beaujolais, Yvon Metras","600","Case of 12 Bottles","https://www.bbr.com/products-20198153081-2019-beaujolais-yvon-metras","1158018","20198153081"
"Domaine Yvon Metras","2020","Beaujolais, Yvon Metras","630","Case of 12 Bottles","https://www.bbr.com/products-20208153081-2020-beaujolais-yvon-metras","1158018","20208153081"
"Beaulieu Vineyard","2019","Beaulieu Vineyard, Georges de Latour Private Reserve, Cabernet Sauvignon, Napa Valley, California, USA","590","Case of 6 Bottles","https://www.bbr.com/products-20198058399-2019-beaulieu-vineyard-georges-de-latour-private-reserve-cabernet-sauvignon-napa-valley-california-usa","1121535","20198058399"
"Jacques Prieur","2021","Beaune Blanc, 1er Cru, Domaine Jacques Prieur, Burgundy","320","Case of 6 Bottles","https://www.bbr.com/products-20218083230-2021-beaune-blanc-1er-cru-domaine-jacques-prieur-burgundy","2815992","20218083230"
"Domaine Chanson","2017","Beaune Blanc, Clos des Mouches, 1er Cru, Domaine Chanson, Burgundy","305","Case of 6 Bottles","https://www.bbr.com/products-20178217183-2017-beaune-blanc-clos-des-mouches-1er-cru-domaine-chanson-burgundy","1063477","20178217183"
"Domaine Seguin-Manuel","2020","Beaune Blanc, Clos des Mouches, 1er Cru, Domaine Seguin-Manuel, Burgundy","800","Case of 6 Bottles","https://www.bbr.com/products-20208255554-2020-beaune-blanc-clos-des-mouches-1er-cru-domaine-seguin-manuel-burgundy","2359911","20208255554"
"Maison Joseph Drouhin","2005","Beaune Blanc, Clos des Mouches, 1er Cru, Joseph Drouhin, Burgundy","2500","Case of 6 Magnums","https://www.bbr.com/products-20058018852-2005-beaune-blanc-clos-des-mouches-1er-cru-joseph-drouhin-burgundy","1067185","20058018852"
"Maison Joseph Drouhin","2016","Beaune Blanc, Clos des Mouches, 1er Cru, Joseph Drouhin, Burgundy","1000","Case of 6 Bottles","https://www.bbr.com/products-20168018852-2016-beaune-blanc-clos-des-mouches-1er-cru-joseph-drouhin-burgundy","1067185","20168018852"
"Maison Joseph Drouhin","2017","Beaune Blanc, Clos des Mouches, 1er Cru, Joseph Drouhin, Burgundy","880","Case of 6 Bottles","https://www.bbr.com/products-20178018852-2017-beaune-blanc-clos-des-mouches-1er-cru-joseph-drouhin-burgundy","1067185","20178018852"
"Maison Joseph Drouhin","2019","Beaune Blanc, Clos des Mouches, 1er Cru, Joseph Drouhin, Burgundy","770","Case of 6 Bottles","https://www.bbr.com/products-20198018852-2019-beaune-blanc-clos-des-mouches-1er-cru-joseph-drouhin-burgundy","1067185","20198018852"
"Maison Joseph Drouhin","2021","Beaune Blanc, Clos des Mouches, 1er Cru, Joseph Drouhin, Burgundy","1600","Case of 3 Magnums","https://www.bbr.com/products-20218018852-2021-beaune-blanc-clos-des-mouches-1er-cru-joseph-drouhin-burgundy","1067185","20218018852"
"Maison Joseph Drouhin","2022","Beaune Blanc, Clos des Mouches, 1er Cru, Joseph Drouhin, Burgundy","1280","Case of 6 Bottles","https://www.bbr.com/products-20228018852-2022-beaune-blanc-clos-des-mouches-1er-cru-joseph-drouhin-burgundy","1067185","20228018852"
"Domaine A-F Gros","2017","Beaune Blanc, Les Montrevenots, 1er Cru, Domaine A.-F. Gros, Burgundy","430","Case of 6 Bottles","https://www.bbr.com/products-20178117193-2017-beaune-blanc-les-montrevenots-1er-cru-domaine-a-f-gros-burgundy","1757585","20178117193"
"Domaine A-F Gros","2019","Beaune Blanc, Les Montrevenots, 1er Cru, Domaine A.-F. Gros, Burgundy","412","Case of 6 Bottles","https://www.bbr.com/products-20198117193-2019-beaune-blanc-les-montrevenots-1er-cru-domaine-a-f-gros-burgundy","1757585","20198117193"
"Domaine A-F Gros","2020","Beaune Blanc, Les Montrevenots, 1er Cru, Domaine A.-F. Gros, Burgundy","412","Case of 6 Bottles","https://www.bbr.com/products-20208117193-2020-beaune-blanc-les-montrevenots-1er-cru-domaine-a-f-gros-burgundy","1757585","20208117193"
"Domaine Chanson","2019","Beaune Greves, 1er Cru, Domaine Chanson Pere &amp; Fils, Burgundy","265","Case of 6 Bottles","https://www.bbr.com/products-20198249342-2019-beaune-greves-1er-cru-domaine-chanson-pere-and-fils-burgundy","1024230","20198249342"
"Bouchard Pere & Fils","2019","Beaune Greves, Vigne de L'Enfant Jesus, 1er Cru, Bouchard Pere & Fils, Burgundy","560","Case of 6 Bottles","https://www.bbr.com/products-20198019918-2019-beaune-greves-vigne-de-l-enfant-jesus-1er-cru-bouchard-pere-fils-burgundy","1021558","20198019918"
"Bouchard Pere & Fils","2010","Beaune Greves, Vigne de L'Enfant Jesus, 1er Cru, Bouchard Pere &amp; Fils, Burgundy","1410","Case of 6 Magnums","https://www.bbr.com/products-20108019918-2010-beaune-greves-vigne-de-l-enfant-jesus-1er-cru-bouchard-pere-and-fils-burgundy","1021558","20108019918"
"Bouchard Pere & Fils","2012","Beaune Greves, Vigne de L'Enfant Jesus, 1er Cru, Bouchard Pere &amp; Fils, Burgundy","620","Case of 6 Bottles","https://www.bbr.com/products-20128019918-2012-beaune-greves-vigne-de-l-enfant-jesus-1er-cru-bouchard-pere-and-fils-burgundy","1021558","20128019918"
"Bouchard Pere & Fils","2017","Beaune Greves, Vigne de L'Enfant Jesus, 1er Cru, Bouchard Pere &amp; Fils, Burgundy","550","Case of 6 Bottles","https://www.bbr.com/products-20178019918-2017-beaune-greves-vigne-de-l-enfant-jesus-1er-cru-bouchard-pere-and-fils-burgundy","1021558","20178019918"
"Bouchard Pere & Fils","2020","Beaune Greves, Vigne de L'Enfant Jesus, 1er Cru, Bouchard Pere &amp; Fils, Burgundy","500","Case of 6 Bottles","https://www.bbr.com/products-20208019918-2020-beaune-greves-vigne-de-l-enfant-jesus-1er-cru-bouchard-pere-and-fils-burgundy","1021558","20208019918"
"Bouchard Pere & Fils","2020","Beaune Greves, Vigne de L'Enfant Jesus, 1er Cru, Bouchard Pere &amp; Fils, Burgundy","175","Case of 1 Magnums","https://www.bbr.com/products-20208019918-2020-beaune-greves-vigne-de-l-enfant-jesus-1er-cru-bouchard-pere-and-fils-burgundy","1021558","20208019918"
"Bouchard Pere & Fils","2021","Beaune Greves, Vigne de L'Enfant Jesus, 1er Cru, Bouchard Pere &amp; Fils, Burgundy","650","Case of 6 Bottles","https://www.bbr.com/products-20218019918-2021-beaune-greves-vigne-de-l-enfant-jesus-1er-cru-bouchard-pere-and-fils-burgundy","1021558","20218019918"
"Bouchard Pere & Fils","2021","Beaune Greves, Vigne de L'Enfant Jesus, 1er Cru, Bouchard Pere &amp; Fils, Burgundy","650","Case of 6 Bottles","https://www.bbr.com/products-20218019918-2021-beaune-greves-vigne-de-l-enfant-jesus-1er-cru-bouchard-pere-and-fils-burgundy","1021558","20218019918"
"Bouchard Pere & Fils","2022","Beaune Greves, Vigne de L'Enfant Jesus, 1er Cru, Bouchard Pere &amp; Fils, Burgundy","600","Case of 6 Bottles","https://www.bbr.com/products-20228019918-2022-beaune-greves-vigne-de-l-enfant-jesus-1er-cru-bouchard-pere-and-fils-burgundy","1021558","20228019918"
"Maison Joseph Drouhin","2015","Beaune Rouge, Champs Pimont, 1er Cru, Joseph Drouhin, Burgundy","302","Case of 6 Bottles","https://www.bbr.com/products-20158249586-2015-beaune-rouge-champs-pimont-1er-cru-joseph-drouhin-burgundy","1028762","20158249586"
"Maison Joseph Drouhin","2016","Beaune Rouge, Champs Pimont, 1er Cru, Joseph Drouhin, Burgundy","300","Case of 6 Bottles","https://www.bbr.com/products-20168249586-2016-beaune-rouge-champs-pimont-1er-cru-joseph-drouhin-burgundy","1028762","20168249586"
"Domaine Michel Lafarge","2017","Beaune Rouge, Clos des Aigrots, 1er Cru, Domaine Michel Lafarge, Burgundy","300","Case of 6 Bottles","https://www.bbr.com/products-20171039865-2017-beaune-rouge-clos-des-aigrots-1er-cru-domaine-michel-lafarge-burgundy","1039865","20171039865"
"Domaine Chanson","2017","Beaune Rouge, Clos des Mouches, 1er Cru, Domaine Chanson, Burgundy","250","Case of 6 Bottles","https://www.bbr.com/products-20178219972-2017-beaune-rouge-clos-des-mouches-1er-cru-domaine-chanson-burgundy","1024197","20178219972"
"Maison Joseph Drouhin","2016","Beaune Rouge, Clos des Mouches, 1er Cru, Joseph Drouhin, Burgundy","450","Case of 6 Bottles","https://www.bbr.com/products-20168018849-2016-beaune-rouge-clos-des-mouches-1er-cru-joseph-drouhin-burgundy","1028775","20168018849"
"Maison Joseph Drouhin","2017","Beaune Rouge, Clos des Mouches, 1er Cru, Joseph Drouhin, Burgundy","485","Case of 6 Bottles","https://www.bbr.com/products-20178018849-2017-beaune-rouge-clos-des-mouches-1er-cru-joseph-drouhin-burgundy","1028775","20178018849"
"Maison Joseph Drouhin","2017","Beaune Rouge, Clos des Mouches, 1er Cru, Joseph Drouhin, Burgundy","475","Case of 6 Bottles","https://www.bbr.com/products-20178018849-2017-beaune-rouge-clos-des-mouches-1er-cru-joseph-drouhin-burgundy","1028775","20178018849"
"Maison Joseph Drouhin","2018","Beaune Rouge, Clos des Mouches, 1er Cru, Joseph Drouhin, Burgundy","495","Case of 6 Bottles","https://www.bbr.com/products-20188018849-2018-beaune-rouge-clos-des-mouches-1er-cru-joseph-drouhin-burgundy","1028775","20188018849"
"Maison Joseph Drouhin","2018","Beaune Rouge, Clos des Mouches, 1er Cru, Joseph Drouhin, Burgundy","513","Case of 3 Magnums","https://www.bbr.com/products-20188018849-2018-beaune-rouge-clos-des-mouches-1er-cru-joseph-drouhin-burgundy","1028775","20188018849"
"Maison Joseph Drouhin","2019","Beaune Rouge, Clos des Mouches, 1er Cru, Joseph Drouhin, Burgundy","630","Case of 6 Bottles","https://www.bbr.com/products-20198018849-2019-beaune-rouge-clos-des-mouches-1er-cru-joseph-drouhin-burgundy","1028775","20198018849"
"Maison Joseph Drouhin","2020","Beaune Rouge, Clos des Mouches, 1er Cru, Joseph Drouhin, Burgundy","485","Case of 6 Bottles","https://www.bbr.com/products-20208018849-2020-beaune-rouge-clos-des-mouches-1er-cru-joseph-drouhin-burgundy","1028775","20208018849"
"Maison Joseph Drouhin","2021","Beaune Rouge, Clos des Mouches, 1er Cru, Joseph Drouhin, Burgundy","315","Case of 3 Bottles","https://www.bbr.com/products-20218018849-2021-beaune-rouge-clos-des-mouches-1er-cru-joseph-drouhin-burgundy","1028775","20218018849"
"Maison Joseph Drouhin","2022","Beaune Rouge, Clos des Mouches, 1er Cru, Joseph Drouhin, Burgundy","590","Case of 6 Bottles","https://www.bbr.com/products-20228018849-2022-beaune-rouge-clos-des-mouches-1er-cru-joseph-drouhin-burgundy","1028775","20228018849"
"Sebastien Magnien","2022","Beaune Rouge, Les Aigrots, 1er Cru, Domaine Sebastien Magnien, Burgundy","230","Case of 6 Bottles","https://www.bbr.com/products-20221171309-2022-beaune-rouge-les-aigrots-1er-cru-domaine-sebastien-magnien-burgundy","1171309","20221171309"
"Domaine Boris Champy","2022","Beaune, Aux Coucherias, 1er Cru, Domaine Boris Champy, Burgundy","210","Case of 6 Bottles","https://www.bbr.com/products-20228079888-2022-beaune-aux-coucherias-1er-cru-domaine-boris-champy-burgundy","1974274","20228079888"
"Maison Camille Giroud","2005","Beaune, Aux Cras, 1er Cru, Camille Giroud, Burgundy","650","Case of 12 Bottles","https://www.bbr.com/products-20058023748-2005-beaune-aux-cras-1er-cru-camille-giroud-burgundy","1034596","20058023748"
"Maison Camille Giroud","2022","Beaune, Aux Cras, 1er Cru, Camille Giroud, Burgundy","600","Case of 6 Bottles","https://www.bbr.com/products-20228023748-2022-beaune-aux-cras-1er-cru-camille-giroud-burgundy","1034596","20228023748"
"Louis Jadot","2015","Beaune, Boucherottes, 1er Cru, Heritiers Louis Jadot, Burgundy","370","Case of 3 Magnums","https://www.bbr.com/products-20158177829-2015-beaune-boucherottes-1er-cru-heritiers-louis-jadot-burgundy","1037731","20158177829"
"Domaine Henri Germain","2023","Beaune, Bressandes, 1er Cru, Domaine Henri Germain &amp; Fils, Burgundy","370","Case of 6 Bottles","https://www.bbr.com/products-20238163549-2023-beaune-bressandes-1er-cru-domaine-henri-germain-and-fils-burgundy","1033342","20238163549"
"Benjamin Leroux","2019","Beaune, Cent Vignes, 1er Cru, Benjamin Leroux, Burgundy","240","Case of 6 Bottles","https://www.bbr.com/products-20198033046-2019-beaune-cent-vignes-1er-cru-benjamin-leroux-burgundy","1841116","20198033046"
"Benjamin Leroux","2021","Beaune, Cent Vignes, 1er Cru, Benjamin Leroux, Burgundy","375","Case of 6 Bottles","https://www.bbr.com/products-20218033046-2021-beaune-cent-vignes-1er-cru-benjamin-leroux-burgundy","1841116","20218033046"
"Benjamin Leroux","2022","Beaune, Cent Vignes, 1er Cru, Benjamin Leroux, Burgundy","420","Case of 6 Bottles","https://www.bbr.com/products-20228033046-2022-beaune-cent-vignes-1er-cru-benjamin-leroux-burgundy","1841116","20228033046"
"Bouchard Pere & Fils","2022","Beaune, Clos Saint-Landry, 1er Cru, Bouchard Pere &amp; Fils, Burgundy","425","Case of 6 Bottles","https://www.bbr.com/products-20228061164-2022-beaune-clos-saint-landry-1er-cru-bouchard-pere-and-fils-burgundy","1021561","20228061164"
"Jacques Prieur","2020","Beaune, Clos de la Feguine, 1er Cru, Domaine Jacques Prieur, Burgundy","503.7","Case of 6 Bottles","https://www.bbr.com/products-20208038908-2020-beaune-clos-de-la-feguine-1er-cru-domaine-jacques-prieur-burgundy","1053182","20208038908"
"Domaine Georges Noellat","2017","Beaune, Clos de la Mignotte, 1er Cru, Domaine Georges Noellat, Burgundy","275","Case of 6 Bottles","https://www.bbr.com/products-20178056177-2017-beaune-clos-de-la-mignotte-1er-cru-domaine-georges-noellat-burgundy","1550186","20178056177"
"Domaine Georges Noellat","2018","Beaune, Clos de la Mignotte, 1er Cru, Domaine Georges Noellat, Burgundy","290","Case of 6 Bottles","https://www.bbr.com/products-20188056177-2018-beaune-clos-de-la-mignotte-1er-cru-domaine-georges-noellat-burgundy","1550186","20188056177"
"Domaine Georges Noellat","2020","Beaune, Clos de la Mignotte, 1er Cru, Domaine Georges Noellat, Burgundy","469","Case of 6 Bottles","https://www.bbr.com/products-20208056177-2020-beaune-clos-de-la-mignotte-1er-cru-domaine-georges-noellat-burgundy","1550186","20208056177"
"Bouchard Pere & Fils","2021","Beaune, Clos de la Mousse, 1er Cru, Bouchard Pere &amp; Fils, Burgundy","350","Case of 6 Bottles","https://www.bbr.com/products-20218061177-2021-beaune-clos-de-la-mousse-1er-cru-bouchard-pere-and-fils-burgundy","1126325","20218061177"
"Domaine Chanson","2017","Beaune, Clos des Feves, 1er Cru, Domaine Chanson, Burgundy","280","Case of 6 Bottles","https://www.bbr.com/products-20178239318-2017-beaune-clos-des-feves-1er-cru-domaine-chanson-burgundy","1024184","20178239318"
"Domaine Chanson","2018","Beaune, Clos des Marconnets, 1er Cru, Domaine Chanson Pere & Fils, Burgundy","170","Case of 6 Bottles","https://www.bbr.com/products-20188238685-2018-beaune-clos-des-marconnets-1er-cru-domaine-chanson-pere-fils-burgundy","1227644","20188238685"
"Albert Bichot","2018","Beaune, Clos des Mouches, 1er Cru, Domaine du Pavillon, Albert Bichot, Burgundy","420","Case of 6 Bottles","https://www.bbr.com/products-20188327934-2018-beaune-clos-des-mouches-1er-cru-domaine-du-pavillon-albert-bichot-burgundy","1477313","20188327934"
"Louis Jadot","2012","Beaune, Clos des Ursules, 1er Cru, Domaine des Heritiers Louis Jadot, Burgundy","330","Case of 6 Bottles","https://www.bbr.com/products-20128021946-2012-beaune-clos-des-ursules-1er-cru-domaine-des-heritiers-louis-jadot-burgundy","1037832","20128021946"
"Louis Jadot","2014","Beaune, Clos des Ursules, 1er Cru, Domaine des Heritiers Louis Jadot, Burgundy","280","Case of 6 Bottles","https://www.bbr.com/products-20148021946-2014-beaune-clos-des-ursules-1er-cru-domaine-des-heritiers-louis-jadot-burgundy","1037832","20148021946"
"Louis Jadot","2017","Beaune, Clos des Ursules, 1er Cru, Domaine des Heritiers Louis Jadot, Burgundy","335","Case of 6 Bottles","https://www.bbr.com/products-20178021946-2017-beaune-clos-des-ursules-1er-cru-domaine-des-heritiers-louis-jadot-burgundy","1037832","20178021946"
"Louis Jadot","2018","Beaune, Clos des Ursules, 1er Cru, Domaine des Heritiers Louis Jadot, Burgundy","315","Case of 6 Bottles","https://www.bbr.com/products-20188021946-2018-beaune-clos-des-ursules-1er-cru-domaine-des-heritiers-louis-jadot-burgundy","1037832","20188021946"
"Louis Jadot","2020","Beaune, Clos des Ursules, 1er Cru, Domaine des Heritiers Louis Jadot, Burgundy","314","Case of 6 Bottles","https://www.bbr.com/products-20208021946-2020-beaune-clos-des-ursules-1er-cru-domaine-des-heritiers-louis-jadot-burgundy","1037832","20208021946"
"Louis Jadot","2021","Beaune, Clos des Ursules, 1er Cru, Domaine des Heritiers Louis Jadot, Burgundy","315","Case of 6 Bottles","https://www.bbr.com/products-20218021946-2021-beaune-clos-des-ursules-1er-cru-domaine-des-heritiers-louis-jadot-burgundy","1037832","20218021946"
"Louis Jadot","2022","Beaune, Clos des Ursules, 1er Cru, Domaine des Heritiers Louis Jadot, Burgundy","330","Case of 6 Bottles","https://www.bbr.com/products-20228021946-2022-beaune-clos-des-ursules-1er-cru-domaine-des-heritiers-louis-jadot-burgundy","1037832","20228021946"
"Maison Joseph Drouhin","2019","Beaune, Cras, 1er Cru, Joseph Drouhin, Burgundy","298","Case of 6 Bottles","https://www.bbr.com/products-20198120463-2019-beaune-cras-1er-cru-joseph-drouhin-burgundy","1761751","20198120463"
"Louis Jadot","2012","Beaune, Celebration, 1er Cru, Louis Jadot, Burgundy","220","Case of 6 Bottles","https://www.bbr.com/products-20128016799-2012-beaune-celebration-1er-cru-louis-jadot-burgundy","1338955","20128016799"
"Louis Jadot","2015","Beaune, Celebration, 1er Cru, Louis Jadot, Burgundy","190","Case of 6 Bottles","https://www.bbr.com/products-20158016799-2015-beaune-celebration-1er-cru-louis-jadot-burgundy","1338955","20158016799"
"Louis Jadot","2015","Beaune, Celebration, 1er Cru, Louis Jadot, Burgundy","354","Case of 1 Jeroboam 300cl","https://www.bbr.com/products-20158016799-2015-beaune-celebration-1er-cru-louis-jadot-burgundy","1338955","20158016799"
"Louis Jadot","2015","Beaune, Celebration, 1er Cru, Louis Jadot, Burgundy","275","Case of 3 Magnums","https://www.bbr.com/products-20158016799-2015-beaune-celebration-1er-cru-louis-jadot-burgundy","1338955","20158016799"
"Louis Jadot","2018","Beaune, Celebration, 1er Cru, Louis Jadot, Burgundy","200","Case of 3 Magnums","https://www.bbr.com/products-20188016799-2018-beaune-celebration-1er-cru-louis-jadot-burgundy","1338955","20188016799"
"Louis Jadot","2020","Beaune, Celebration, 1er Cru, Louis Jadot, Burgundy","220","Case of 1 Jeroboam 300cl","https://www.bbr.com/products-20208016799-2020-beaune-celebration-1er-cru-louis-jadot-burgundy","1338955","20208016799"
"Louis Jadot","2020","Beaune, Celebration, 1er Cru, Louis Jadot, Burgundy","140","Case of 3 Magnums","https://www.bbr.com/products-20208016799-2020-beaune-celebration-1er-cru-louis-jadot-burgundy","1338955","20208016799"
"Domaine des Croix","2008","Beaune, Domaine des Croix, Burgundy","250","Case of 12 Bottles","https://www.bbr.com/products-20088012906-2008-beaune-domaine-des-croix-burgundy","1171107","20088012906"
"Domaine des Croix","2018","Beaune, Domaine des Croix, Burgundy","350","Case of 6 Bottles","https://www.bbr.com/products-20188012906-2018-beaune-domaine-des-croix-burgundy","1171107","20188012906"
"Domaine des Croix","2021","Beaune, Domaine des Croix, Burgundy","240","Case of 6 Bottles","https://www.bbr.com/products-20218012906-2021-beaune-domaine-des-croix-burgundy","1171107","20218012906"
"Dominique Lafon","2009","Beaune, Epenottes, 1er Cru, Dominique Lafon, Burgundy","400","Case of 6 Bottles","https://www.bbr.com/products-20098020819-2009-beaune-epenottes-1er-cru-dominique-lafon-burgundy","1152319","20098020819"
"Dominique Lafon","2021","Beaune, Epenottes, 1er Cru, Dominique Lafon, Burgundy","215","Case of 6 Bottles","https://www.bbr.com/products-20218020819-2021-beaune-epenottes-1er-cru-dominique-lafon-burgundy","1152319","20218020819"
"Maison Camille Giroud","2015","Beaune, Les Avaux, 1er Cru, Camille Giroud, Burgundy","875","Case of 6 Bottles","https://www.bbr.com/products-20158023780-2015-beaune-les-avaux-1er-cru-camille-giroud-burgundy","1313165","20158023780"
"Maison Camille Giroud","2019","Beaune, Les Avaux, 1er Cru, Camille Giroud, Burgundy","400","Case of 6 Bottles","https://www.bbr.com/products-20198023780-2019-beaune-les-avaux-1er-cru-camille-giroud-burgundy","1313165","20198023780"
"Maison Camille Giroud","2020","Beaune, Les Avaux, 1er Cru, Camille Giroud, Burgundy","300","Case of 6 Bottles","https://www.bbr.com/products-20208023780-2020-beaune-les-avaux-1er-cru-camille-giroud-burgundy","1313165","20208023780"
"Maison Camille Giroud","2022","Beaune, Les Avaux, 1er Cru, Camille Giroud, Burgundy","265","Case of 6 Bottles","https://www.bbr.com/products-20228023780-2022-beaune-les-avaux-1er-cru-camille-giroud-burgundy","1313165","20228023780"
"Dominique Lafon","2020","Beaune, Les Avaux, 1er Cru, Dominique Lafon, Burgundy","198","Case of 6 Bottles","https://www.bbr.com/products-20208148850-2020-beaune-les-avaux-1er-cru-dominique-lafon-burgundy","2156217","20208148850"
"Maison Camille Giroud","1976","Beaune, Les Bressandes, 1er Cru, Camille Giroud, Burgundy","1105","Case of 6 Bottles","https://www.bbr.com/products-19768023777-1976-beaune-les-bressandes-1er-cru-camille-giroud-burgundy","1034570","19768023777"
"Domaine des Croix","2010","Beaune, Les Bressandes, 1er Cru, Domaine des Croix, Burgundy","550","Case of 12 Bottles","https://www.bbr.com/products-20101131732-2010-beaune-les-bressandes-1er-cru-domaine-des-croix-burgundy","1131732","20101131732"
"Domaine des Croix","2013","Beaune, Les Bressandes, 1er Cru, Domaine des Croix, Burgundy","620","Case of 6 Bottles","https://www.bbr.com/products-20131131732-2013-beaune-les-bressandes-1er-cru-domaine-des-croix-burgundy","1131732","20131131732"
"Domaine des Croix","2015","Beaune, Les Bressandes, 1er Cru, Domaine des Croix, Burgundy","295","Case of 6 Bottles","https://www.bbr.com/products-20151131732-2015-beaune-les-bressandes-1er-cru-domaine-des-croix-burgundy","1131732","20151131732"
"Domaine des Croix","2017","Beaune, Les Bressandes, 1er Cru, Domaine des Croix, Burgundy","260","Case of 6 Bottles","https://www.bbr.com/products-20171131732-2017-beaune-les-bressandes-1er-cru-domaine-des-croix-burgundy","1131732","20171131732"
"Domaine des Croix","2017","Beaune, Les Bressandes, 1er Cru, Domaine des Croix, Burgundy","175","Case of 1 Jeroboam 300cl","https://www.bbr.com/products-20171131732-2017-beaune-les-bressandes-1er-cru-domaine-des-croix-burgundy","1131732","20171131732"
"Domaine des Croix","2018","Beaune, Les Bressandes, 1er Cru, Domaine des Croix, Burgundy","375","Case of 6 Bottles","https://www.bbr.com/products-20181131732-2018-beaune-les-bressandes-1er-cru-domaine-des-croix-burgundy","1131732","20181131732"
"Domaine des Croix","2019","Beaune, Les Bressandes, 1er Cru, Domaine des Croix, Burgundy","570","Case of 6 Bottles","https://www.bbr.com/products-20191131732-2019-beaune-les-bressandes-1er-cru-domaine-des-croix-burgundy","1131732","20191131732"
"Domaine des Croix","2020","Beaune, Les Bressandes, 1er Cru, Domaine des Croix, Burgundy","255","Case of 6 Bottles","https://www.bbr.com/products-20201131732-2020-beaune-les-bressandes-1er-cru-domaine-des-croix-burgundy","1131732","20201131732"
"Domaine des Croix","2021","Beaune, Les Bressandes, 1er Cru, Domaine des Croix, Burgundy","345","Case of 6 Bottles","https://www.bbr.com/products-20211131732-2021-beaune-les-bressandes-1er-cru-domaine-des-croix-burgundy","1131732","20211131732"
"Domaine des Croix","2022","Beaune, Les Bressandes, 1er Cru, Domaine des Croix, Burgundy","600","Case of 6 Bottles","https://www.bbr.com/products-20221131732-2022-beaune-les-bressandes-1er-cru-domaine-des-croix-burgundy","1131732","20221131732"
"Domaine des Croix","2019","Beaune, Les Cents Vignes, 1er Cru, Domaine des Croix, Burgundy","360","Case of 6 Bottles","https://www.bbr.com/products-20198013059-2019-beaune-les-cents-vignes-1er-cru-domaine-des-croix-burgundy","1472725","20198013059"
"Domaine des Croix","2020","Beaune, Les Cents Vignes, 1er Cru, Domaine des Croix, Burgundy","275","Case of 6 Bottles","https://www.bbr.com/products-20208013059-2020-beaune-les-cents-vignes-1er-cru-domaine-des-croix-burgundy","1472725","20208013059"
"Domaine des Croix","2021","Beaune, Les Cents Vignes, 1er Cru, Domaine des Croix, Burgundy","475","Case of 6 Bottles","https://www.bbr.com/products-20218013059-2021-beaune-les-cents-vignes-1er-cru-domaine-des-croix-burgundy","1472725","20218013059"
"Domaine des Croix","2022","Beaune, Les Cents Vignes, 1er Cru, Domaine des Croix, Burgundy","330","Case of 6 Bottles","https://www.bbr.com/products-20228013059-2022-beaune-les-cents-vignes-1er-cru-domaine-des-croix-burgundy","1472725","20228013059"
"Domaine des Croix","2023","Beaune, Les Cents Vignes, 1er Cru, Domaine des Croix, Burgundy","330","Case of 6 Bottles","https://www.bbr.com/products-20238013059-2023-beaune-les-cents-vignes-1er-cru-domaine-des-croix-burgundy","1472725","20238013059"
"Domaine Michel Lafarge","2010","Beaune, Les Greves, 1er Cru, Domaine Michel Lafarge, Burgundy","710","Case of 6 Bottles","https://www.bbr.com/products-20101039878-2010-beaune-les-greves-1er-cru-domaine-michel-lafarge-burgundy","1039878","20101039878"
"Domaine Michel Lafarge","2021","Beaune, Les Greves, 1er Cru, Domaine Michel Lafarge, Burgundy","600","Case of 6 Bottles","https://www.bbr.com/products-20211039878-2021-beaune-les-greves-1er-cru-domaine-michel-lafarge-burgundy","1039878","20211039878"
"Domaine Michel Lafarge","2023","Beaune, Les Greves, 1er Cru, Domaine Michel Lafarge, Burgundy","520","Case of 6 Bottles","https://www.bbr.com/products-20231039878-2023-beaune-les-greves-1er-cru-domaine-michel-lafarge-burgundy","1039878","20231039878"
"Domaine de Bellene","2008","Beaune, Les Greves, 1er Cru, Domaine de Bellene, Burgundy","180","Case of 6 Bottles","https://www.bbr.com/products-20088139256-2008-beaune-les-greves-1er-cru-domaine-de-bellene-burgundy","1131761","20088139256"
"Domaine de Bellene","2009","Beaune, Les Greves, 1er Cru, Domaine de Bellene, Burgundy","285","Case of 6 Bottles","https://www.bbr.com/products-20098139256-2009-beaune-les-greves-1er-cru-domaine-de-bellene-burgundy","1131761","20098139256"
"Domaine de Bellene","2010","Beaune, Les Greves, 1er Cru, Domaine de Bellene, Burgundy","230","Case of 6 Bottles","https://www.bbr.com/products-20108139256-2010-beaune-les-greves-1er-cru-domaine-de-bellene-burgundy","1131761","20108139256"
"Domaine de Bellene","2014","Beaune, Les Greves, 1er Cru, Domaine de Bellene, Burgundy","350","Case of 6 Bottles","https://www.bbr.com/products-20148139256-2014-beaune-les-greves-1er-cru-domaine-de-bellene-burgundy","1131761","20148139256"
"Domaine de Bellene","2014","Beaune, Les Greves, 1er Cru, Domaine de Bellene, Burgundy","360","Case of 6 Bottles","https://www.bbr.com/products-20148139256-2014-beaune-les-greves-1er-cru-domaine-de-bellene-burgundy","1131761","20148139256"
"Domaine de Montille","2015","Beaune, Les Greves, 1er Cru, Domaine de Montille, Burgundy","320","Case of 6 Bottles","https://www.bbr.com/products-20158018197-2015-beaune-les-greves-1er-cru-domaine-de-montille-burgundy","1047983","20158018197"
"Domaine de Montille","2018","Beaune, Les Greves, 1er Cru, Domaine de Montille, Burgundy","730","Case of 12 Bottles","https://www.bbr.com/products-20188018197-2018-beaune-les-greves-1er-cru-domaine-de-montille-burgundy","1047983","20188018197"
"Domaine de Montille","2019","Beaune, Les Greves, 1er Cru, Domaine de Montille, Burgundy","315","Case of 6 Bottles","https://www.bbr.com/products-20198018197-2019-beaune-les-greves-1er-cru-domaine-de-montille-burgundy","1047983","20198018197"
"Domaine de Montille","2022","Beaune, Les Greves, 1er Cru, Domaine de Montille, Burgundy","650","Case of 6 Bottles","https://www.bbr.com/products-20228018197-2022-beaune-les-greves-1er-cru-domaine-de-montille-burgundy","1047983","20228018197"
"Domaine des Croix","2005","Beaune, Les Greves, 1er Cru, Domaine des Croix, Burgundy","695","Case of 12 Bottles","https://www.bbr.com/products-20058025465-2005-beaune-les-greves-1er-cru-domaine-des-croix-burgundy","1131745","20058025465"
"Domaine des Croix","2012","Beaune, Les Greves, 1er Cru, Domaine des Croix, Burgundy","228","Case of 6 Bottles","https://www.bbr.com/products-20128025465-2012-beaune-les-greves-1er-cru-domaine-des-croix-burgundy","1131745","20128025465"
"Domaine des Croix","2013","Beaune, Les Greves, 1er Cru, Domaine des Croix, Burgundy","425","Case of 6 Bottles","https://www.bbr.com/products-20138025465-2013-beaune-les-greves-1er-cru-domaine-des-croix-burgundy","1131745","20138025465"
"Domaine des Croix","2017","Beaune, Les Greves, 1er Cru, Domaine des Croix, Burgundy","340","Case of 6 Bottles","https://www.bbr.com/products-20178025465-2017-beaune-les-greves-1er-cru-domaine-des-croix-burgundy","1131745","20178025465"
"Domaine des Croix","2020","Beaune, Les Greves, 1er Cru, Domaine des Croix, Burgundy","390","Case of 6 Bottles","https://www.bbr.com/products-20208025465-2020-beaune-les-greves-1er-cru-domaine-des-croix-burgundy","1131745","20208025465"
"Dominique Lafon","2018","Beaune, Les Greves, 1er Cru, Dominique Lafon, Burgundy","375","Case of 6 Bottles","https://www.bbr.com/products-20188020822-2018-beaune-les-greves-1er-cru-dominique-lafon-burgundy","1543544","20188020822"
"Dominique Lafon","2019","Beaune, Les Greves, 1er Cru, Dominique Lafon, Burgundy","270","Case of 6 Bottles","https://www.bbr.com/products-20198020822-2019-beaune-les-greves-1er-cru-dominique-lafon-burgundy","1543544","20198020822"
"Maison Nicolas Potel","2006","Beaune, Les Greves, 1er Cru, Nicolas Potel, Burgundy","350","Case of 12 Bottles","https://www.bbr.com/products-20061051771-2006-beaune-les-greves-1er-cru-nicolas-potel-burgundy","1051771","20061051771"
"Arnaud Baillot","2021","Beaune, Les Montrevnots, Arnaud Baillot, Burgundy","143","Case of 6 Bottles","https://www.bbr.com/products-20218241203-2021-beaune-les-montrevnots-arnaud-baillot-burgundy","1817722","20218241203"
"Domaine de Montille","2009","Beaune, Les Perrieres, 1er Cru, Domaine de Montille, Burgundy","1200","Case of 12 Bottles","https://www.bbr.com/products-20091047996-2009-beaune-les-perrieres-1er-cru-domaine-de-montille-burgundy","1047996","20091047996"
"Domaine de Montille","2016","Beaune, Les Perrieres, 1er Cru, Domaine de Montille, Burgundy","285","Case of 6 Bottles","https://www.bbr.com/products-20161047996-2016-beaune-les-perrieres-1er-cru-domaine-de-montille-burgundy","1047996","20161047996"
"Domaine de Montille","2019","Beaune, Les Perrieres, 1er Cru, Domaine de Montille, Burgundy","330","Case of 6 Bottles","https://www.bbr.com/products-20191047996-2019-beaune-les-perrieres-1er-cru-domaine-de-montille-burgundy","1047996","20191047996"
"Domaine de Montille","2020","Beaune, Les Perrieres, 1er Cru, Domaine de Montille, Burgundy","400","Case of 6 Bottles","https://www.bbr.com/products-20201047996-2020-beaune-les-perrieres-1er-cru-domaine-de-montille-burgundy","1047996","20201047996"
"Domaine de Montille","2020","Beaune, Les Perrieres, 1er Cru, Domaine de Montille, Burgundy","300","Case of 6 Bottles","https://www.bbr.com/products-20201047996-2020-beaune-les-perrieres-1er-cru-domaine-de-montille-burgundy","1047996","20201047996"
"Domaine de Montille","2022","Beaune, Les Perrieres, 1er Cru, Domaine de Montille, Burgundy","295","Case of 6 Bottles","https://www.bbr.com/products-20221047996-2022-beaune-les-perrieres-1er-cru-domaine-de-montille-burgundy","1047996","20221047996"
"Jean-Yves Devevey","2019","Beaune, Les Pertuisots, 1er Cru, Jean-Yves Devevey, Burgundy","650","Case of 6 Magnums","https://www.bbr.com/products-20191178353-2019-beaune-les-pertuisots-1er-cru-jean-yves-devevey-burgundy","1178353","20191178353"
"Jean-Yves Devevey","2021","Beaune, Les Pertuisots, 1er Cru, Jean-Yves Devevey, Burgundy","255","Case of 6 Bottles","https://www.bbr.com/products-20211178353-2021-beaune-les-pertuisots-1er-cru-jean-yves-devevey-burgundy","1178353","20211178353"
"Domaine de Montille","2019","Beaune, Les Sizies, 1er Cru, Domaine de Montille, Burgundy","282","Case of 6 Bottles","https://www.bbr.com/products-20198018201-2019-beaune-les-sizies-1er-cru-domaine-de-montille-burgundy","1048007","20198018201"
"Domaine Rossignol-Trapet","2009","Beaune, Les Teurons, 1er Cru, Domaine Rossignol-Trapet, Burgundy","405","Case of 12 Bottles","https://www.bbr.com/products-20098009115-2009-beaune-les-teurons-1er-cru-domaine-rossignol-trapet-burgundy","1055854","20098009115"
"Domaine Rossignol-Trapet","2015","Beaune, Les Teurons, 1er Cru, Domaine Rossignol-Trapet, Burgundy","158","Case of 6 Bottles","https://www.bbr.com/products-20158009115-2015-beaune-les-teurons-1er-cru-domaine-rossignol-trapet-burgundy","1055854","20158009115"
"Domaine Rossignol-Trapet","2016","Beaune, Les Teurons, 1er Cru, Domaine Rossignol-Trapet, Burgundy","235","Case of 6 Bottles","https://www.bbr.com/products-20168009115-2016-beaune-les-teurons-1er-cru-domaine-rossignol-trapet-burgundy","1055854","20168009115"
"Domaine Rossignol-Trapet","2017","Beaune, Les Teurons, 1er Cru, Domaine Rossignol-Trapet, Burgundy","228","Case of 6 Bottles","https://www.bbr.com/products-20178009115-2017-beaune-les-teurons-1er-cru-domaine-rossignol-trapet-burgundy","1055854","20178009115"
"Domaine Rossignol-Trapet","2018","Beaune, Les Teurons, 1er Cru, Domaine Rossignol-Trapet, Burgundy","238","Case of 6 Bottles","https://www.bbr.com/products-20188009115-2018-beaune-les-teurons-1er-cru-domaine-rossignol-trapet-burgundy","1055854","20188009115"
"Domaine Rossignol-Trapet","2019","Beaune, Les Teurons, 1er Cru, Domaine Rossignol-Trapet, Burgundy","255","Case of 6 Bottles","https://www.bbr.com/products-20198009115-2019-beaune-les-teurons-1er-cru-domaine-rossignol-trapet-burgundy","1055854","20198009115"
"Domaine Rossignol-Trapet","2019","Beaune, Les Teurons, 1er Cru, Domaine Rossignol-Trapet, Burgundy","414","Case of 12 Bottles","https://www.bbr.com/products-20198009115-2019-beaune-les-teurons-1er-cru-domaine-rossignol-trapet-burgundy","1055854","20198009115"
"Domaine Rossignol-Trapet","2019","Beaune, Les Teurons, 1er Cru, Domaine Rossignol-Trapet, Burgundy","250","Case of 6 Bottles","https://www.bbr.com/products-20198009115-2019-beaune-les-teurons-1er-cru-domaine-rossignol-trapet-burgundy","1055854","20198009115"
"Domaine Rossignol-Trapet","2020","Beaune, Les Teurons, 1er Cru, Domaine Rossignol-Trapet, Burgundy","425","Case of 12 Bottles","https://www.bbr.com/products-20208009115-2020-beaune-les-teurons-1er-cru-domaine-rossignol-trapet-burgundy","1055854","20208009115"
"Domaine Rossignol-Trapet","2020","Beaune, Les Teurons, 1er Cru, Domaine Rossignol-Trapet, Burgundy","245","Case of 6 Bottles","https://www.bbr.com/products-20208009115-2020-beaune-les-teurons-1er-cru-domaine-rossignol-trapet-burgundy","1055854","20208009115"
"Domaine Rossignol-Trapet","2021","Beaune, Les Teurons, 1er Cru, Domaine Rossignol-Trapet, Burgundy","320","Case of 6 Bottles","https://www.bbr.com/products-20218009115-2021-beaune-les-teurons-1er-cru-domaine-rossignol-trapet-burgundy","1055854","20218009115"
"Domaine Rossignol-Trapet","2022","Beaune, Les Teurons, 1er Cru, Domaine Rossignol-Trapet, Burgundy","265","Case of 6 Bottles","https://www.bbr.com/products-20228009115-2022-beaune-les-teurons-1er-cru-domaine-rossignol-trapet-burgundy","1055854","20228009115"
"Domaine Rossignol-Trapet","2023","Beaune, Les Teurons, 1er Cru, Domaine Rossignol-Trapet, Burgundy","399","Case of 6 Bottles","https://www.bbr.com/products-20238009115-2023-beaune-les-teurons-1er-cru-domaine-rossignol-trapet-burgundy","1055854","20238009115"
"Domaine Denis Carre","2021","Beaune, Les Tuvilains, 1er Cru, Domaine Denis Carre, Burgundy","216","Case of 6 Bottles","https://www.bbr.com/products-20218017057-2021-beaune-les-tuvilains-1er-cru-domaine-denis-carre-burgundy","1822852","20218017057"
"Domaine des Croix","2019","Beaune, Les Tuvilains, 1er Cru, Domaine Des Croix, Burgundy","257","Case of 6 Bottles","https://www.bbr.com/products-20198013062-2019-beaune-les-tuvilains-1er-cru-domaine-des-croix-burgundy","1766277","20198013062"
"Domaine des Croix","2020","Beaune, Les Tuvilains, 1er Cru, Domaine Des Croix, Burgundy","293","Case of 6 Bottles","https://www.bbr.com/products-20208013062-2020-beaune-les-tuvilains-1er-cru-domaine-des-croix-burgundy","1766277","20208013062"
"Domaine des Croix","2021","Beaune, Les Tuvilains, 1er Cru, Domaine Des Croix, Burgundy","285","Case of 6 Bottles","https://www.bbr.com/products-20218013062-2021-beaune-les-tuvilains-1er-cru-domaine-des-croix-burgundy","1766277","20218013062"
"Domaine des Croix","2022","Beaune, Pertuisots, 1er Cru, Domaine des Croix, Burgundy","360","Case of 6 Bottles","https://www.bbr.com/products-20228025452-2022-beaune-pertuisots-1er-cru-domaine-des-croix-burgundy","1761487","20228025452"
"Arnaud Baillot","2023","Beaune, Teurons, 1er Cru, Arnaud Baillot, Burgundy","389","Case of 6 Bottles","https://www.bbr.com/products-20238241203-2023-beaune-teurons-1er-cru-arnaud-baillot-burgundy","1817722","20238241203"
"Dominique Lafon","2015","Beaune, Vignes Franches, 1er Cru, Dominique Lafon, Burgundy","320","Case of 6 Bottles","https://www.bbr.com/products-20158013684-2015-beaune-vignes-franches-1er-cru-dominique-lafon-burgundy","1437720","20158013684"
"Dominique Lafon","2016","Beaune, Vignes Franches, 1er Cru, Dominique Lafon, Burgundy","380","Case of 6 Bottles","https://www.bbr.com/products-20168013684-2016-beaune-vignes-franches-1er-cru-dominique-lafon-burgundy","1437720","20168013684"
"Dominique Lafon","2018","Beaune, Vignes Franches, 1er Cru, Dominique Lafon, Burgundy","330","Case of 6 Bottles","https://www.bbr.com/products-20188013684-2018-beaune-vignes-franches-1er-cru-dominique-lafon-burgundy","1437720","20188013684"
"Dominique Lafon","2019","Beaune, Vignes Franches, 1er Cru, Dominique Lafon, Burgundy","215","Case of 6 Bottles","https://www.bbr.com/products-20198013684-2019-beaune-vignes-franches-1er-cru-dominique-lafon-burgundy","1437720","20198013684"
"Chateau de Meursault","2017","Beaune-Greves, Les Troix Journaux, 1er Cru, Chateau de Meursault, Burgundy","338","Case of 6 Bottles","https://www.bbr.com/products-20178149059-2017-beaune-greves-les-troix-journaux-1er-cru-chateau-de-meursault-burgundy","1650222","20178149059"
"Beaux Freres, Oregon","2015","Beaux Freres, The Beaux Freres Vineyard Pinot Noir, Ribbon Ridge, Oregon, USA","590","Case of 6 Bottles","https://www.bbr.com/products-20158016760-2015-beaux-freres-the-beaux-freres-vineyard-pinot-noir-ribbon-ridge-oregon-usa","1185070","20158016760"
"Bedrock Wine Co.","2016","Bedrock Wine Co., Old Vine Zinfandel, Sonoma Valley, California, USA","204","Case of 12 Bottles","https://www.bbr.com/products-20168001311-2016-bedrock-wine-co-old-vine-zinfandel-sonoma-valley-california-usa","1463828","20168001311"
"Envinate","2017","Benje, Tinto, Envinate, Tenerife, Spain","295","Case of 6 Bottles","https://www.bbr.com/products-20178059194-2017-benje-tinto-envinate-tenerife-spain","1725238","20178059194"
"Envinate","2019","Benje, Tinto, Envinate, Tenerife, Spain","300","Case of 6 Bottles","https://www.bbr.com/products-20198059194-2019-benje-tinto-envinate-tenerife-spain","1725238","20198059194"
"Envinate","2020","Benje, Tinto, Envinate, Tenerife, Spain","200","Case of 6 Bottles","https://www.bbr.com/products-20208059194-2020-benje-tinto-envinate-tenerife-spain","1725238","20208059194"
"Envinate","2020","Benje, Tinto, Envinate, Tenerife, Spain","315","Case of 3 Magnums","https://www.bbr.com/products-20208059194-2020-benje-tinto-envinate-tenerife-spain","1725238","20208059194"
"Bernard Van Berg","2013","Bernard Van Berg, Le Vin Le Plus Simplement La Rose Rouge, Vin de France","2275","Case of 1 Magnums","https://www.bbr.com/products-20138163611-2013-bernard-van-berg-le-vin-le-plus-simplement-la-rose-rouge-vin-de-france","1231487","20138163611"
"Olivier Bernstein","2012","Bernstein, Premier Cru Horizontal, Six-Bottle Assortment Case","800","Case of 1 6 Bottle Assortments","https://www.bbr.com/products-20128001281-2012-bernstein-premier-cru-horizontal-six-bottle-assortment-case","9003202","20128001281"
"Olivier Bernstein","2013","Bernstein, Premier Cru Horizontal, Six-Bottle Assortment Case","845","Case of 1 6 Bottle Assortments","https://www.bbr.com/products-20138001281-2013-bernstein-premier-cru-horizontal-six-bottle-assortment-case","9003404","20138001281"
"Olivier Bernstein","2014","Bernstein, Premier Cru Horizontal, Six-Bottle Assortment Case","775","Case of 1 6 Bottle Assortments","https://www.bbr.com/products-20148001281-2014-bernstein-premier-cru-horizontal-six-bottle-assortment-case","9003521","20148001281"
"Olivier Bernstein","2015","Bernstein, Premier Cru Horizontal, Six-Bottle Assortment Case","1000","Case of 1 6 Bottle Assortments","https://www.bbr.com/products-20158001281-2015-bernstein-premier-cru-horizontal-six-bottle-assortment-case","9003707","20158001281"
"Olivier Bernstein","2016","Bernstein, Premier Cru Horizontal, Six-Bottle Assortment Case","995","Case of 1 6 Bottle Assortments","https://www.bbr.com/products-20168001281-2016-bernstein-premier-cru-horizontal-six-bottle-assortment-case","1485499","20168001281"
"Olivier Bernstein","2016","Bernstein, Premier Cru Horizontal, Six-Bottle Assortment Case","1190","Case of 1 6 Bottle Assortments","https://www.bbr.com/products-20168001281-2016-bernstein-premier-cru-horizontal-six-bottle-assortment-case","1485499","20168001281"
"Olivier Bernstein","2017","Bernstein, Premier Cru Horizontal, Six-Bottle Assortment Case","800","Case of 1 6 Bottle Assortments","https://www.bbr.com/products-20178001281-2017-bernstein-premier-cru-horizontal-six-bottle-assortment-case","1485499","20178001281"
"Dourthe","2017","Berry Bros. & Rudd Good Ordinary Claret by Iain and Jane, Dourthe, Bordeaux","999","Case of 12 Bottles","https://www.bbr.com/products-20178043575-2017-berry-bros-rudd-good-ordinary-claret-by-iain-and-jane-dourthe-bordeaux","2432292","20178043575"
"Dourthe","2014","Berry Bros. & Rudd Good Ordinary Claret by Luke Edward Hall","999","Case of 6 Bottles","https://www.bbr.com/products-20148106898-2014-berry-bros-rudd-good-ordinary-claret-by-luke-edward-hall","1444388","20148106898"
"Dourthe","2016","Berry Bros. & Rudd Good Ordinary Claret, Limited-Edition Label by Kate Boxer, Dourthe, Bordeaux","999","Case of 12 Bottles","https://www.bbr.com/products-20168010452-2016-berry-bros-rudd-good-ordinary-claret-limited-edition-label-by-kate-boxer-dourthe-bordeaux","1747577","20168010452"
"Dourthe","2019","Berry Bros. & Rudd Good Ordinary Claret, Limited-Edition Label by Tom Frost, Bordeaux","999","Case of 12 Bottles","https://www.bbr.com/products-20198149668-2019-berry-bros-rudd-good-ordinary-claret-limited-edition-label-by-tom-frost-bordeaux","2268785","20198149668"
"Chateau La Mascaronne","2019","Berry Bros. & Rudd Provence Rose by Chateau la Mascaronne","198","Case of 6 Bottles","https://www.bbr.com/products-20198004240-2019-berry-bros-rudd-provence-rose-by-chateau-la-mascaronne","1454875","20198004240"
"Chateau La Mascaronne","2020","Berry Bros. & Rudd Provence Rose by Chateau la Mascaronne","168","Case of 6 Bottles","https://www.bbr.com/products-20208004240-2020-berry-bros-rudd-provence-rose-by-chateau-la-mascaronne","1454875","20208004240"
"Giovanni Rosso","2016","Berry Bros. &amp; Rudd Barolo by Giovanni Rosso, Piedmont, Italy","335","Case of 6 Bottles","https://www.bbr.com/products-20168006198-2016-berry-bros-and-rudd-barolo-by-giovanni-rosso-piedmont-italy","1454758","20168006198"
"Champagne Mailly","2015","Berry Bros. &amp; Rudd Champagne by Mailly, Grand Cru, Extra Brut","295","Case of 3 Magnums","https://www.bbr.com/products-20158000011-2015-berry-bros-and-rudd-champagne-by-mailly-grand-cru-extra-brut","1658374","20158000011"
"Dourthe","2020","Berry Bros. &amp; Rudd Good Ordinary Claret by Dourthe, Bordeaux","300","Case of 6 Magnums","https://www.bbr.com/products-20208004165-2020-berry-bros-and-rudd-good-ordinary-claret-by-dourthe-bordeaux","1325526","20208004165"
"Dourthe","2013","Berry Bros. &amp; Rudd Good Ordinary Claret by Paul Smith","400","Case of 6 Bottles","https://www.bbr.com/products-20138107707-2013-berry-bros-and-rudd-good-ordinary-claret-by-paul-smith","1396296","20138107707"
"Dourthe","2018","Berry Bros. &amp; Rudd Good Ordinary Claret by Poppy Lennox, Dourthe, Bordeaux","1999","Case of 12 Bottles","https://www.bbr.com/products-20188103624-2018-berry-bros-and-rudd-good-ordinary-claret-by-poppy-lennox-dourthe-bordeaux","3104613","20188103624"
"Dourthe","2020","Berry Bros. &amp; Rudd Good Ordinary Claret, Limited-Edition Label, Bordeaux","999","Case of 12 Bottles","https://www.bbr.com/products-20208157584-2020-berry-bros-and-rudd-good-ordinary-claret-limited-edition-label-bordeaux","2856032","20208157584"
"Dourthe","2020","Berry Bros. &amp; Rudd Good Ordinary Claret, Limited-Edition Label, Bordeaux","125","Case of 1 Double Magnums","https://www.bbr.com/products-20208157584-2020-berry-bros-and-rudd-good-ordinary-claret-limited-edition-label-bordeaux","2856032","20208157584"
"Dourthe","2020","Berry Bros. &amp; Rudd Good Ordinary Claret, Limited-Edition Label, Bordeaux","1250","Case of 6 Magnums","https://www.bbr.com/products-20208157584-2020-berry-bros-and-rudd-good-ordinary-claret-limited-edition-label-bordeaux","2856032","20208157584"
"Isabel Estate","2021","Berry Bros. &amp; Rudd New Zealand Sauvignon Blanc by Isabel Estate, Marlborough","65","Case of 6 Bottles","https://www.bbr.com/products-20218042217-2021-berry-bros-and-rudd-new-zealand-sauvignon-blanc-by-isabel-estate-marlborough","1802878","20218042217"
"Chateau Lynch-Bages","2009","Berry Bros. &amp; Rudd Pauillac by Chateau Lynch-Bages, Bordeaux","480","Case of 12 Bottles","https://www.bbr.com/products-20098004208-2009-berry-bros-and-rudd-pauillac-by-chateau-lynch-bages-bordeaux","1325597","20098004208"
"Chateau Feytit-Clinet","2020","Berry Bros. &amp; Rudd Pomerol by Chateau Feytit-Clinet, Bordeaux","250","Case of 12 Bottles","https://www.bbr.com/products-20208004224-2020-berry-bros-and-rudd-pomerol-by-chateau-feytit-clinet-bordeaux","1325571","20208004224"
"J L Terrier & C Collovray","2022","Berry Bros. &amp; Rudd Reserve Red by Collovray &amp; Terrier","92","Case of 12 Bottles","https://www.bbr.com/products-20228006228-2022-berry-bros-and-rudd-reserve-red-by-collovray-and-terrier","1396603","20228006228"
"Au Bon Climat","2017","Berry Bros. &amp; Rudd Santa Barbara County Pinot Noir by Au Bon Climat, California, USA","280","Case of 12 Bottles","https://www.bbr.com/products-20178006404-2017-berry-bros-and-rudd-santa-barbara-county-pinot-noir-by-au-bon-climat-california-usa","1609695","20178006404"
"Chateau Tronquoy-Lalande","2017","Berry Bros. &amp; Rudd St Estephe by Tronquoy-Lalande, Bordeaux","149","Case of 6 Bottles","https://www.bbr.com/products-20178061207-2017-berry-bros-and-rudd-st-estephe-by-tronquoy-lalande-bordeaux","","20178061207"
"Chateau Branaire-Ducru","2019","Berry Bros. &amp; Rudd St Julien by Chateau Branaire-Ducru, Bordeaux","400","Case of 12 Bottles","https://www.bbr.com/products-20198070322-2019-berry-bros-and-rudd-st-julien-by-chateau-branaire-ducru-bordeaux","","20198070322"
"Chateau Leoville Las Cases","2018","Berry Bros. &amp; Rudd St Julien by Chateau Leoville Las Cases, Bordeaux","500","Case of 12 Bottles","https://www.bbr.com/products-20188006446-2018-berry-bros-and-rudd-st-julien-by-chateau-leoville-las-cases-bordeaux","1538948","20188006446"
"The Sadie Family Wines","2023","Berry Bros. &amp; Rudd Swartland Red by The Sadie Family Wines, South Africa","195","Case of 6 Bottles","https://www.bbr.com/products-20238170761-2023-berry-bros-and-rudd-swartland-red-by-the-sadie-family-wines-south-africa","2845492","20238170761"
"The Sadie Family Wines","2023","Berry Bros. &amp; Rudd Swartland White by The Sadie Family Wines, South Africa","265","Case of 6 Bottles","https://www.bbr.com/products-20238170758-2023-berry-bros-and-rudd-swartland-white-by-the-sadie-family-wines-south-africa","2845506","20238170758"
"Symington Family Estates","2011","Berry Bros. &amp; Rudd Vintage Port","222","Case of 6 Bottles","https://www.bbr.com/products-20118129017-2011-berry-bros-and-rudd-vintage-port","1538326","20118129017"
"Symington Family Estates","2011","Berry Bros. &amp; Rudd Vintage Port","195","Case of 3 Magnums","https://www.bbr.com/products-20118129017-2011-berry-bros-and-rudd-vintage-port","1538326","20118129017"
"Symington Family Estates","2016","Berry Bros. &amp; Rudd Vintage Port by Symington Family Estates","295","Case of 6 Bottles","https://www.bbr.com/products-20168129017-2016-berry-bros-and-rudd-vintage-port-by-symington-family-estates","1538326","20168129017"
"Smith Woodhouse","2000","Berrys' Own Selection","750","Case of 12 Bottles","https://www.bbr.com/products-20008105149-2000-berrys-own-selection","1541162","20008105149"
"Smith Woodhouse","2000","Berrys' Own Selection","360","Case of 12 Half Bottles","https://www.bbr.com/products-20008105149-2000-berrys-own-selection","1541162","20008105149"
"Bibi Graetz","2020","Bibi Graetz, Balocchi di Colore (1xBalocchi 1,3,8 / 3xColore), Six- Bottle Assortment Case","1475","Case of 1 6 Bottle Assortments","https://www.bbr.com/products-20208073046-2020-bibi-graetz-balocchi-di-colore-1xbalocchi-1-3-8-3xcolore-six-bottle-assortment-case","2795436","20208073046"
"Domaine Joseph Faiveley","2017","Bienvenues-Batard-Montrachet, Grand Cru, Domaine Faiveley, Burgundy","1045","Case of 3 Bottles","https://www.bbr.com/products-20178020907-2017-bienvenues-batard-montrachet-grand-cru-domaine-faiveley-burgundy","1067895","20178020907"
"Domaine Joseph Faiveley","2017","Bienvenues-Batard-Montrachet, Grand Cru, Domaine Faiveley, Burgundy","2300","Case of 6 Bottles","https://www.bbr.com/products-20178020907-2017-bienvenues-batard-montrachet-grand-cru-domaine-faiveley-burgundy","1067895","20178020907"
"Domaine Joseph Faiveley","2018","Bienvenues-Batard-Montrachet, Grand Cru, Domaine Faiveley, Burgundy","1619","Case of 6 Bottles","https://www.bbr.com/products-20188020907-2018-bienvenues-batard-montrachet-grand-cru-domaine-faiveley-burgundy","1067895","20188020907"
"Domaine Joseph Faiveley","2019","Bienvenues-Batard-Montrachet, Grand Cru, Domaine Faiveley, Burgundy","1748","Case of 6 Bottles","https://www.bbr.com/products-20198020907-2019-bienvenues-batard-montrachet-grand-cru-domaine-faiveley-burgundy","1067895","20198020907"
"Domaine Joseph Faiveley","2020","Bienvenues-Batard-Montrachet, Grand Cru, Domaine Faiveley, Burgundy","1915","Case of 6 Bottles","https://www.bbr.com/products-20208020907-2020-bienvenues-batard-montrachet-grand-cru-domaine-faiveley-burgundy","1067895","20208020907"
"Domaine Jacques Carillon","2016","Bienvenues-Batard-Montrachet, Grand Cru, Domaine Jacques Carillon, Burgundy","3090","Case of 6 Bottles","https://www.bbr.com/products-20161195150-2016-bienvenues-batard-montrachet-grand-cru-domaine-jacques-carillon-burgundy","1195150","20161195150"
"Domaine Jacques Carillon","2021","Bienvenues-Batard-Montrachet, Grand Cru, Domaine Jacques Carillon, Burgundy","1925","Case of 3 Bottles","https://www.bbr.com/products-20211195150-2021-bienvenues-batard-montrachet-grand-cru-domaine-jacques-carillon-burgundy","1195150","20211195150"
"Domaine Leflaive","2018","Bienvenues-Batard-Montrachet, Grand Cru, Domaine Leflaive, Burgundy","2090","Case of 3 Bottles","https://www.bbr.com/products-20181132524-2018-bienvenues-batard-montrachet-grand-cru-domaine-leflaive-burgundy","1132524","20181132524"
"Domaine Leflaive","2020","Bienvenues-Batard-Montrachet, Grand Cru, Domaine Leflaive, Burgundy","2280","Case of 1 Magnums","https://www.bbr.com/products-20201132524-2020-bienvenues-batard-montrachet-grand-cru-domaine-leflaive-burgundy","1132524","20201132524"
"Ramonet","2018","Bienvenues-Batard-Montrachet, Grand Cru, Domaine Ramonet, Burgundy","4850","Case of 6 Bottles","https://www.bbr.com/products-20188119373-2018-bienvenues-batard-montrachet-grand-cru-domaine-ramonet-burgundy","1078930","20188119373"
"Domaine de la Vougeraie","2021","Bienvenues-Batard-Montrachet, Grand Cru, Domaine de la Vougeraie, Burgun","850","Case of 3 Bottles","https://www.bbr.com/products-20218020675-2021-bienvenues-batard-montrachet-grand-cru-domaine-de-la-vougeraie-burgun","1437733","20218020675"
"Domaine de la Vougeraie","2023","Bienvenues-Batard-Montrachet, Grand Cru, Domaine de la Vougeraie, Burgun","1295","Case of 3 Bottles","https://www.bbr.com/products-20238020675-2023-bienvenues-batard-montrachet-grand-cru-domaine-de-la-vougeraie-burgun","1437733","20238020675"
"Domaine de la Vougeraie","2014","Bienvenues-Batard-Montrachet, Grand Cru, Domaine de la Vougeraie, Burgundy","2288","Case of 6 Bottles","https://www.bbr.com/products-20148020675-2014-bienvenues-batard-montrachet-grand-cru-domaine-de-la-vougeraie-burgundy","1437733","20148020675"
"Domaine de la Vougeraie","2015","Bienvenues-Batard-Montrachet, Grand Cru, Domaine de la Vougeraie, Burgundy","3300","Case of 6 Bottles","https://www.bbr.com/products-20158020675-2015-bienvenues-batard-montrachet-grand-cru-domaine-de-la-vougeraie-burgundy","1437733","20158020675"
"Domaine de la Vougeraie","2017","Bienvenues-Batard-Montrachet, Grand Cru, Domaine de la Vougeraie, Burgundy","2300","Case of 6 Bottles","https://www.bbr.com/products-20178020675-2017-bienvenues-batard-montrachet-grand-cru-domaine-de-la-vougeraie-burgundy","1437733","20178020675"
"Domaine de la Vougeraie","2018","Bienvenues-Batard-Montrachet, Grand Cru, Domaine de la Vougeraie, Burgundy","1490","Case of 6 Bottles","https://www.bbr.com/products-20188020675-2018-bienvenues-batard-montrachet-grand-cru-domaine-de-la-vougeraie-burgundy","1437733","20188020675"
"Domaine de la Vougeraie","2019","Bienvenues-Batard-Montrachet, Grand Cru, Domaine de la Vougeraie, Burgundy","1250","Case of 6 Bottles","https://www.bbr.com/products-20198020675-2019-bienvenues-batard-montrachet-grand-cru-domaine-de-la-vougeraie-burgundy","1437733","20198020675"
"Domaine de la Vougeraie","2020","Bienvenues-Batard-Montrachet, Grand Cru, Domaine de la Vougeraie, Burgundy","1550","Case of 6 Bottles","https://www.bbr.com/products-20208020675-2020-bienvenues-batard-montrachet-grand-cru-domaine-de-la-vougeraie-burgundy","1437733","20208020675"
"Henri Boillot","2011","Bienvenues-Batard-Montrachet, Grand Cru, Henri Boillot, Burgundy","1860","Case of 6 Bottles","https://www.bbr.com/products-20118227090-2011-bienvenues-batard-montrachet-grand-cru-henri-boillot-burgundy","1060939","20118227090"
"Jean-Claude Bachelet","2019","Bienvenues-Batard-Montrachet, Grand Cru, Jean-Claude Bachelet & Fils, Burgundy","690","Case of 1 Bottles","https://www.bbr.com/products-20191156942-2019-bienvenues-batard-montrachet-grand-cru-jean-claude-bachelet-fils-burgundy","1156942","20191156942"
"Jean-Claude Bachelet","2014","Bienvenues-Batard-Montrachet, Grand Cru, Jean-Claude Bachelet &amp; Fils, Burgundy","4500","Case of 6 Bottles","https://www.bbr.com/products-20141156942-2014-bienvenues-batard-montrachet-grand-cru-jean-claude-bachelet-and-fils-burgundy","1156942","20141156942"
"Olivier Leflaive","2018","Bienvenues-Batard-Montrachet, Grand Cru, Olivier Leflaive, Burgundy","1390","Case of 3 Bottles","https://www.bbr.com/products-20188030478-2018-bienvenues-batard-montrachet-grand-cru-olivier-leflaive-burgundy","1389856","20188030478"
"Biondi-Santi","","Biondi Santi Collection Case (3bts 2007, 2008, 2009, 2010)","3750","Case of 1 Mixed case (12x75cl)s","https://www.bbr.com/products-10008100098-biondi-santi-collection-case-3bts-2007-2008-2009-2010","9005293","10008100098"
"Romauld Valot","2022","Biosophiste, Beaujolais-Villages, Romauld Valot, Beaujolais","300","Case of 12 Bottles","https://www.bbr.com/products-20228400026-2022-biosophiste-beaujolais-villages-romauld-valot-beaujolais","","20228400026"
"Romauld Valot","2022","Biosophiste, Ni Cru Ni Cuit, Romauld Valot, Beaujolais","300","Case of 12 Bottles","https://www.bbr.com/products-20228245588-2022-biosophiste-ni-cru-ni-cuit-romauld-valot-beaujolais","","20228245588"
"Other Stock Only","","Black Knight Collection (2bts '07, '09, '12)","195","Case of 1 6 Bottle Assortments","https://www.bbr.com/products-10008221984-black-knight-collection-2bts-07-09-12","","10008221984"
"Domaine Comtesse de Cherisey ","2018","Blagny, La Genelotte, 1er Cru, Comtesse de Cherisey, Burgundy","490","Case of 6 Bottles","https://www.bbr.com/products-20181244089-2018-blagny-la-genelotte-1er-cru-comtesse-de-cherisey-burgundy","1244089","20181244089"
"Benjamin Leroux","2016","Blagny, La Piece Sous le Bois, 1er Cru, Benjamin Leroux, Burgundy","480","Case of 6 Bottles","https://www.bbr.com/products-20168025074-2016-blagny-la-piece-sous-le-bois-1er-cru-benjamin-leroux-burgundy","1437746","20168025074"
"Benjamin Leroux","2019","Blagny, La Piece Sous le Bois, 1er Cru, Benjamin Leroux, Burgundy","243","Case of 6 Bottles","https://www.bbr.com/products-20198025074-2019-blagny-la-piece-sous-le-bois-1er-cru-benjamin-leroux-burgundy","1437746","20198025074"
"Benjamin Leroux","2020","Blagny, La Piece Sous le Bois, 1er Cru, Benjamin Leroux, Burgundy","325","Case of 6 Bottles","https://www.bbr.com/products-20208025074-2020-blagny-la-piece-sous-le-bois-1er-cru-benjamin-leroux-burgundy","1437746","20208025074"
"Benjamin Leroux","2022","Blagny, La Piece Sous le Bois, 1er Cru, Benjamin Leroux, Burgundy","315","Case of 6 Bottles","https://www.bbr.com/products-20228025074-2022-blagny-la-piece-sous-le-bois-1er-cru-benjamin-leroux-burgundy","1437746","20228025074"
"Didier Dagueneau","2010","Blanc Fume de Pouilly, Asteroide, Domaine Didier Dagueneau, Loire","1150","Case of 1 Bottles","https://www.bbr.com/products-20108011518-2010-blanc-fume-de-pouilly-asteroide-domaine-didier-dagueneau-loire","1151631","20108011518"
"Didier Dagueneau","2022","Blanc Fume de Pouilly, Buisson Renard, Domaine Didier Dagueneau, Loire","550","Case of 6 Bottles","https://www.bbr.com/products-20228016483-2022-blanc-fume-de-pouilly-buisson-renard-domaine-didier-dagueneau-loire","1106732","20228016483"
"Didier Dagueneau","2014","Blanc Fume de Pouilly, Silex, Domaine Didier Dagueneau, Loire","850","Case of 6 Bottles","https://www.bbr.com/products-20148008525-2014-blanc-fume-de-pouilly-silex-domaine-didier-dagueneau-loire","1106761","20148008525"
"Didier Dagueneau","2022","Blanc Fume de Pouilly, Silex, Domaine Didier Dagueneau, Loire","750","Case of 6 Bottles","https://www.bbr.com/products-20228008525-2022-blanc-fume-de-pouilly-silex-domaine-didier-dagueneau-loire","1106761","20228008525"
"Chateau Lynch-Bages","2010","Blanc de Lynch-Bages, Bordeaux","290","Case of 6 Bottles","https://www.bbr.com/products-20108004804-2010-blanc-de-lynch-bages-bordeaux","1319851","20108004804"
"Chateau Lynch-Bages","2011","Blanc de Lynch-Bages, Bordeaux","300","Case of 6 Bottles","https://www.bbr.com/products-20118004804-2011-blanc-de-lynch-bages-bordeaux","1319851","20118004804"
"Chateau Lynch-Bages","2012","Blanc de Lynch-Bages, Bordeaux","318","Case of 6 Bottles","https://www.bbr.com/products-20128004804-2012-blanc-de-lynch-bages-bordeaux","1319851","20128004804"
"Chateau Lynch-Bages","2013","Blanc de Lynch-Bages, Bordeaux","210","Case of 6 Bottles","https://www.bbr.com/products-20138004804-2013-blanc-de-lynch-bages-bordeaux","1319851","20138004804"
"Chateau Lynch-Bages","2014","Blanc de Lynch-Bages, Bordeaux","260","Case of 6 Bottles","https://www.bbr.com/products-20148004804-2014-blanc-de-lynch-bages-bordeaux","1319851","20148004804"
"Chateau Lynch-Bages","2014","Blanc de Lynch-Bages, Bordeaux","260","Case of 6 Bottles","https://www.bbr.com/products-20148004804-2014-blanc-de-lynch-bages-bordeaux","1319851","20148004804"
"Chateau Lynch-Bages","2015","Blanc de Lynch-Bages, Bordeaux","325","Case of 6 Bottles","https://www.bbr.com/products-20158004804-2015-blanc-de-lynch-bages-bordeaux","1319851","20158004804"
"Chateau Lynch-Bages","2016","Blanc de Lynch-Bages, Bordeaux","300","Case of 6 Bottles","https://www.bbr.com/products-20168004804-2016-blanc-de-lynch-bages-bordeaux","1319851","20168004804"
"Chateau Lynch-Bages","2016","Blanc de Lynch-Bages, Bordeaux","398","Case of 6 Bottles","https://www.bbr.com/products-20168004804-2016-blanc-de-lynch-bages-bordeaux","1319851","20168004804"
"Chateau Lynch-Bages","2017","Blanc de Lynch-Bages, Bordeaux","280","Case of 6 Bottles","https://www.bbr.com/products-20178004804-2017-blanc-de-lynch-bages-bordeaux","1319851","20178004804"
"Chateau Lynch-Bages","2018","Blanc de Lynch-Bages, Bordeaux","300","Case of 6 Bottles","https://www.bbr.com/products-20188004804-2018-blanc-de-lynch-bages-bordeaux","1319851","20188004804"
"Chateau Lynch-Bages","2018","Blanc de Lynch-Bages, Bordeaux","283","Case of 6 Bottles","https://www.bbr.com/products-20188004804-2018-blanc-de-lynch-bages-bordeaux","1319851","20188004804"
"Chateau Lynch-Bages","2019","Blanc de Lynch-Bages, Bordeaux","300","Case of 6 Bottles","https://www.bbr.com/products-20198004804-2019-blanc-de-lynch-bages-bordeaux","1319851","20198004804"
"Chateau Lynch-Bages","2019","Blanc de Lynch-Bages, Bordeaux","255","Case of 6 Bottles","https://www.bbr.com/products-20198004804-2019-blanc-de-lynch-bages-bordeaux","1319851","20198004804"
"Chateau Lynch-Bages","2020","Blanc de Lynch-Bages, Bordeaux","280","Case of 6 Bottles","https://www.bbr.com/products-20208004804-2020-blanc-de-lynch-bages-bordeaux","1319851","20208004804"
"Chateau Lynch-Bages","2021","Blanc de Lynch-Bages, Bordeaux","275","Case of 6 Bottles","https://www.bbr.com/products-20218004804-2021-blanc-de-lynch-bages-bordeaux","1319851","20218004804"
"Chateau Lynch-Bages","2022","Blanc de Lynch-Bages, Bordeaux","300","Case of 6 Bottles","https://www.bbr.com/products-20228004804-2022-blanc-de-lynch-bages-bordeaux","1319851","20228004804"
"Madeira Wine Company","1966","Blandy's, Bual, Madeira, Portugal","300","Case of 1 Bottles","https://www.bbr.com/products-19668114512-1966-blandy-s-bual-madeira-portugal","1141649","19668114512"
"Madeira Wine Company","1991","Blandy's, Malmsey, Madeira, Portugal","390","Case of 1 Bottles","https://www.bbr.com/products-19918110790-1991-blandy-s-malmsey-madeira-portugal","1259643","19918110790"
"Madeira Wine Company","1982","Blandy's, Verdelho, Madeira, Portugal","250","Case of 1 Bottles","https://www.bbr.com/products-19828114280-1982-blandy-s-verdelho-madeira-portugal","1145256","19828114280"
"Blank Canvas","2020","Blank Canvas, Reed Vineyard Chardonnay, Marlborough, New Zealand","300","Case of 6 Bottles","https://www.bbr.com/products-20208159650-2020-blank-canvas-reed-vineyard-chardonnay-marlborough-new-zealand","1573637","20208159650"
"Weingut Moric","","Blaufrankisch, Hausmarke 20S, Moric, Burgenland, Austria","130","Case of 6 Bottles","https://www.bbr.com/products-10008236434-blaufrankisch-hausmarke-20s-moric-burgenland-austria","2901439","10008236434"
"Weingut Moric","2020","Blaufrankisch, Moric, Burgenland, Austria","150","Case of 6 Bottles","https://www.bbr.com/products-20208236421-2020-blaufrankisch-moric-burgenland-austria","1363942","20208236421"
"Pereira D'Oliveira","1908","Boal, Pereira d'Oliveira, Madeira, Portugal","625","Case of 1 Bottles","https://www.bbr.com/products-19088108632-1908-boal-pereira-d-oliveira-madeira-portugal","1357147","19088108632"
"Azienda Agricola Brovia","2016","Boca, Adele, Carlone Davide, Piedmont, Italy","330","Case of 12 Bottles","https://www.bbr.com/products-20168132462-2016-boca-adele-carlone-davide-piedmont-italy","2003944","20168132462"
"Le Piane","2008","Boca, Le Piane, Piedmont, Italy","210","Case of 6 Bottles","https://www.bbr.com/products-20088068310-2008-boca-le-piane-piedmont-italy","1225855","20088068310"
"Weingut Schafer-Frohlich","2016","Bockenauer Felseneck, (19-17) Grosses Gewach, Shafer-Frohlich","330","Case of 6 Bottles","https://www.bbr.com/products-20168201085-2016-bockenauer-felseneck-19-17-grosses-gewach-shafer-frohlich","1679485","20168201085"
"Weingut Schafer-Frohlich","2016","Bockenauer Felseneck, (24-17) Grosses Gewach, Shafer-Frohlich","340","Case of 6 Bottles","https://www.bbr.com/products-20168201072-2016-bockenauer-felseneck-24-17-grosses-gewach-shafer-frohlich","1679498","20168201072"
"Weingut Schafer-Frohlich","2016","Bockenauer Felseneck, (24-17) Grosses Gewach, Shafer-Frohlich","90","Case of 1 Magnums","https://www.bbr.com/products-20168201072-2016-bockenauer-felseneck-24-17-grosses-gewach-shafer-frohlich","1679498","20168201072"
"Bodegas Toro Albala","1929","Bodega Toro Albala, Don PX, Convento Seleccion, Montilla-Moriles, Spain","200","Case of 1 Bottles","https://www.bbr.com/products-19298112231-1929-bodega-toro-albala-don-px-convento-seleccion-montilla-moriles-spain","1214172","19298112231"
"Bodegas Toro Albala","1931","Bodega Toro Albala, Don PX, Convento Seleccion, Montilla-Moriles, Spain","230","Case of 1 Bottles","https://www.bbr.com/products-19318112231-1931-bodega-toro-albala-don-px-convento-seleccion-montilla-moriles-spain","1214172","19318112231"
"Bodegas Toro Albala","1931","Bodega Toro Albala, Don PX, Convento Seleccion, Montilla-Moriles, Spain","260","Case of 1 Bottles","https://www.bbr.com/products-19318112231-1931-bodega-toro-albala-don-px-convento-seleccion-montilla-moriles-spain","1214172","19318112231"
"Bodegas Toro Albala","1946","Bodega Toro Albala, Don PX, Convento Seleccion, Montilla-Moriles, Spain","260","Case of 1 Bottles","https://www.bbr.com/products-19468112231-1946-bodega-toro-albala-don-px-convento-seleccion-montilla-moriles-spain","1214172","19468112231"
"Bodegas Toro Albala","1965","Bodega Toro Albala, Don PX, Seleccion, Montilla-Moriles, Spain","1500","Case of 6 Bottles","https://www.bbr.com/products-19658109105-1965-bodega-toro-albala-don-px-seleccion-montilla-moriles-spain","1332634","19658109105"
"Bodegas Alion","2006","Bodegas Alion, Ribera del Duero, Spain","330","Case of 6 Bottles","https://www.bbr.com/products-20061130429-2006-bodegas-alion-ribera-del-duero-spain","1121304","20061130429"
"Bodegas Alion","2009","Bodegas Alion, Ribera del Duero, Spain","500","Case of 6 Bottles","https://www.bbr.com/products-20091130429-2009-bodegas-alion-ribera-del-duero-spain","1121304","20091130429"
"Bodegas Alion","2013","Bodegas Alion, Ribera del Duero, Spain","315","Case of 6 Bottles","https://www.bbr.com/products-20131130429-2013-bodegas-alion-ribera-del-duero-spain","1121304","20131130429"
"Bodegas Alion","2017","Bodegas Alion, Ribera del Duero, Spain","375","Case of 6 Bottles","https://www.bbr.com/products-20171130429-2017-bodegas-alion-ribera-del-duero-spain","1121304","20171130429"
"Bodegas Alion","2019","Bodegas Alion, Ribera del Duero, Spain","330","Case of 6 Bottles","https://www.bbr.com/products-20191130429-2019-bodegas-alion-ribera-del-duero-spain","1121304","20191130429"
"Bodegas Alion","2020","Bodegas Alion, Ribera del Duero, Spain","150","Case of 1 Magnums","https://www.bbr.com/products-20201130429-2020-bodegas-alion-ribera-del-duero-spain","1121304","20201130429"
"Bodegas Alion","2021","Bodegas Alion, Ribera del Duero, Spain","177","Case of 1 Magnums","https://www.bbr.com/products-20211130429-2021-bodegas-alion-ribera-del-duero-spain","1121304","20211130429"
"Bodegas Caro","2021","Bodegas Caro, Mendoza, Argentina","650","Case of 6 Bottles","https://www.bbr.com/products-20218207957-2021-bodegas-caro-mendoza-argentina","1242548","20218207957"
"Bodegas Caro","2022","Bodegas Caro, Mendoza, Argentina","300","Case of 6 Bottles","https://www.bbr.com/products-20228207957-2022-bodegas-caro-mendoza-argentina","1242548","20228207957"
"Bodegas Emilio Lustau","","Bodegas Lustau, 3 En Rama, Fino, El Puerto de Santa Maria, Spain (2021 release)","105","Case of 6 Half Litres","https://www.bbr.com/products-10008063807-bodegas-lustau-3-en-rama-fino-el-puerto-de-santa-maria-spain-2021-release","1623202","10008063807"
"Bodegas Emilio Lustau","","Bodegas Lustau, 3 En Rama, Fino, El Puerto de Santa Maria, Spain (2022 Release)","115","Case of 6 Half Litres","https://www.bbr.com/products-10008068961-bodegas-lustau-3-en-rama-fino-el-puerto-de-santa-maria-spain-2022-release","1623202","10008068961"
"Bodegas Emilio Lustau","","Bodegas Lustau, 3 En Rama, Fino, El Puerto de Santa Maria, Spain (2024 Release)","115","Case of 6 Half Litres","https://www.bbr.com/products-10008309071-bodegas-lustau-3-en-rama-fino-el-puerto-de-santa-maria-spain-2024-release","3042414","10008309071"
"Bodegas Emilio Lustau","","Bodegas Lustau, 3 En Rama, Fino, Jerez de la Frontera, Spain (2021 release)","110","Case of 6 Half Litres","https://www.bbr.com/products-10008063823-bodegas-lustau-3-en-rama-fino-jerez-de-la-frontera-spain-2021-release","1685411","10008063823"
"Bodegas Emilio Lustau","","Bodegas Lustau, East India Solera, Jerez, Spain","130","Case of 6 Bottles","https://www.bbr.com/products-10001188505-bodegas-lustau-east-india-solera-jerez-spain","1188505","10001188505"
"Bodegas Emilio Lustau","","Bodegas Lustau, Oloroso, Pata de Gallina, Almacenista Jarana, Jerez, Spain","110","Case of 6 Half Litres","https://www.bbr.com/products-10001371813-bodegas-lustau-oloroso-pata-de-gallina-almacenista-jarana-jerez-spain","1371813","10001371813"
"Bodegas Emilio Lustau","","Bodegas Lustau, Palo Cortado, Almacenista Cayetano del Pino y Cia, Jerez, Spain","180","Case of 6 Half Litres","https://www.bbr.com/products-10001532698-bodegas-lustau-palo-cortado-almacenista-cayetano-del-pino-y-cia-jerez-spain","1532698","10001532698"
"Bodegas Pintia","2010","Bodegas Pintia, Toro, Spain","400","Case of 6 Bottles","https://www.bbr.com/products-20101135479-2010-bodegas-pintia-toro-spain","1135479","20101135479"
"Bodegas Pintia","2010","Bodegas Pintia, Toro, Spain","150","Case of 1 Magnums","https://www.bbr.com/products-20101135479-2010-bodegas-pintia-toro-spain","1135479","20101135479"
"Bodegas Pintia","2011","Bodegas Pintia, Toro, Spain","1500","Case of 6 Bottles","https://www.bbr.com/products-20111135479-2011-bodegas-pintia-toro-spain","1135479","20111135479"
"Bodegas Pintia","2015","Bodegas Pintia, Toro, Spain","115","Case of 1 Magnums","https://www.bbr.com/products-20151135479-2015-bodegas-pintia-toro-spain","1135479","20151135479"
"Bodegas Pintia","2016","Bodegas Pintia, Toro, Spain","280","Case of 6 Bottles","https://www.bbr.com/products-20161135479-2016-bodegas-pintia-toro-spain","1135479","20161135479"
"Bodegas Pintia","2017","Bodegas Pintia, Toro, Spain","319","Case of 6 Bottles","https://www.bbr.com/products-20171135479-2017-bodegas-pintia-toro-spain","1135479","20171135479"
"Bodegas Pintia","2018","Bodegas Pintia, Toro, Spain","495","Case of 6 Bottles","https://www.bbr.com/products-20181135479-2018-bodegas-pintia-toro-spain","1135479","20181135479"
"Bodegas Pintia","2020","Bodegas Pintia, Toro, Spain","322","Case of 6 Bottles","https://www.bbr.com/products-20201135479-2020-bodegas-pintia-toro-spain","1135479","20201135479"
"Boekenhoutskloof Winery","2016","Boekenhoutskloof, Cabernet Sauvignon, Franschhoek, South Africa","220","Case of 6 Bottles","https://www.bbr.com/products-20168104517-2016-boekenhoutskloof-cabernet-sauvignon-franschhoek-south-africa","1139914","20168104517"
"Boekenhoutskloof Winery","2016","Boekenhoutskloof, Cabernet Sauvignon, Franschhoek, South Africa","240","Case of 6 Bottles","https://www.bbr.com/products-20168104517-2016-boekenhoutskloof-cabernet-sauvignon-franschhoek-south-africa","1139914","20168104517"
"Boekenhoutskloof Winery","2018","Boekenhoutskloof, Cabernet Sauvignon, Stellenbosch, South Africa","180","Case of 6 Bottles","https://www.bbr.com/products-20188114596-2018-boekenhoutskloof-cabernet-sauvignon-stellenbosch-south-africa","1139914","20188114596"
"Boekenhoutskloof Winery","2020","Boekenhoutskloof, Cabernet Sauvignon, Stellenbosch, South Africa","155","Case of 6 Bottles","https://www.bbr.com/products-20208114596-2020-boekenhoutskloof-cabernet-sauvignon-stellenbosch-south-africa","1139914","20208114596"
"Boekenhoutskloof Winery","2020","Boekenhoutskloof, Semillon, Franschhoek, South Africa","220","Case of 6 Bottles","https://www.bbr.com/products-20208109570-2020-boekenhoutskloof-semillon-franschhoek-south-africa","1317349","20208109570"
"Boekenhoutskloof Winery","2021","Boekenhoutskloof, Semillon, Franschhoek, South Africa","225","Case of 6 Bottles","https://www.bbr.com/products-20218109570-2021-boekenhoutskloof-semillon-franschhoek-south-africa","1317349","20218109570"
"Boekenhoutskloof Winery","2022","Boekenhoutskloof, Semillon, Franschhoek, South Africa","195","Case of 6 Bottles","https://www.bbr.com/products-20228109570-2022-boekenhoutskloof-semillon-franschhoek-south-africa","1317349","20228109570"
"Boekenhoutskloof Winery","2017","Boekenhoutskloof, Syrah, Swartland, South Africa","336","Case of 6 Bottles","https://www.bbr.com/products-20178115216-2017-boekenhoutskloof-syrah-swartland-south-africa","1130139","20178115216"
"Boekenhoutskloof Winery","2017","Boekenhoutskloof, Syrah, Swartland, South Africa","225","Case of 6 Bottles","https://www.bbr.com/products-20178115216-2017-boekenhoutskloof-syrah-swartland-south-africa","1130139","20178115216"
"Boekenhoutskloof Winery","2018","Boekenhoutskloof, Syrah, Swartland, South Africa","162","Case of 6 Bottles","https://www.bbr.com/products-20188115216-2018-boekenhoutskloof-syrah-swartland-south-africa","1130139","20188115216"
"Boekenhoutskloof Winery","2019","Boekenhoutskloof, Syrah, Swartland, South Africa","170","Case of 6 Bottles","https://www.bbr.com/products-20198115216-2019-boekenhoutskloof-syrah-swartland-south-africa","1130139","20198115216"
"Boekenhoutskloof Winery","2019","Boekenhoutskloof, Syrah, Swartland, South Africa","168","Case of 6 Bottles","https://www.bbr.com/products-20198115216-2019-boekenhoutskloof-syrah-swartland-south-africa","1130139","20198115216"
"Boekenhoutskloof Winery","2020","Boekenhoutskloof, Syrah, Swartland, South Africa","150","Case of 6 Bottles","https://www.bbr.com/products-20208115216-2020-boekenhoutskloof-syrah-swartland-south-africa","1130139","20208115216"
"Boekenhoutskloof Winery","2021","Boekenhoutskloof, Syrah, Swartland, South Africa","200","Case of 6 Bottles","https://www.bbr.com/products-20218115216-2021-boekenhoutskloof-syrah-swartland-south-africa","1130139","20218115216"
"Boekenhoutskloof Winery","2022","Boekenhoutskloof, Syrah, Swartland, South Africa","175","Case of 6 Bottles","https://www.bbr.com/products-20228115216-2022-boekenhoutskloof-syrah-swartland-south-africa","1130139","20228115216"
"Boekenhoutskloof Winery","2016","Boekenhoutskloof, The Chocolate Block, Franschhoek, South Africa","120","Case of 6 Bottles","https://www.bbr.com/products-20168029128-2016-boekenhoutskloof-the-chocolate-block-franschhoek-south-africa","1136418","20168029128"
"Boekenhoutskloof Winery","2017","Boekenhoutskloof, The Chocolate Block, Franschhoek, South Africa","108","Case of 6 Bottles","https://www.bbr.com/products-20178029128-2017-boekenhoutskloof-the-chocolate-block-franschhoek-south-africa","1136418","20178029128"
"Boekenhoutskloof Winery","2017","Boekenhoutskloof, The Chocolate Block, Franschhoek, South Africa","190","Case of 3 Magnums","https://www.bbr.com/products-20178029128-2017-boekenhoutskloof-the-chocolate-block-franschhoek-south-africa","1136418","20178029128"
"Boekenhoutskloof Winery","2018","Boekenhoutskloof, The Chocolate Block, Franschhoek, South Africa","120","Case of 6 Bottles","https://www.bbr.com/products-20188029128-2018-boekenhoutskloof-the-chocolate-block-franschhoek-south-africa","1136418","20188029128"
"Boekenhoutskloof Winery","2018","Boekenhoutskloof, The Chocolate Block, Franschhoek, South Africa","120","Case of 3 Magnums","https://www.bbr.com/products-20188029128-2018-boekenhoutskloof-the-chocolate-block-franschhoek-south-africa","1136418","20188029128"
"Boekenhoutskloof Winery","2019","Boekenhoutskloof, The Chocolate Block, Franschhoek, South Africa","115","Case of 6 Bottles","https://www.bbr.com/products-20198029128-2019-boekenhoutskloof-the-chocolate-block-franschhoek-south-africa","1136418","20198029128"
"Boekenhoutskloof Winery","2019","Boekenhoutskloof, The Chocolate Block, Franschhoek, South Africa","130","Case of 3 Magnums","https://www.bbr.com/products-20198029128-2019-boekenhoutskloof-the-chocolate-block-franschhoek-south-africa","1136418","20198029128"
"Boekenhoutskloof Winery","2020","Boekenhoutskloof, The Chocolate Block, Franschhoek, South Africa","99","Case of 6 Bottles","https://www.bbr.com/products-20208029128-2020-boekenhoutskloof-the-chocolate-block-franschhoek-south-africa","1136418","20208029128"
"Boekenhoutskloof Winery","2020","Boekenhoutskloof, The Chocolate Block, Franschhoek, South Africa","140","Case of 3 Magnums","https://www.bbr.com/products-20208029128-2020-boekenhoutskloof-the-chocolate-block-franschhoek-south-africa","1136418","20208029128"
"Boekenhoutskloof Winery","2021","Boekenhoutskloof, The Chocolate Block, Franschhoek, South Africa","139","Case of 6 Bottles","https://www.bbr.com/products-20218029128-2021-boekenhoutskloof-the-chocolate-block-franschhoek-south-africa","1136418","20218029128"
"Boekenhoutskloof Winery","2022","Boekenhoutskloof, The Chocolate Block, Franschhoek, South Africa","125","Case of 6 Bottles","https://www.bbr.com/products-20228029128-2022-boekenhoutskloof-the-chocolate-block-franschhoek-south-africa","1136418","20228029128"
"Boekenhoutskloof Winery","2022","Boekenhoutskloof, The Chocolate Block, Franschhoek, South Africa","145","Case of 3 Magnums","https://www.bbr.com/products-20228029128-2022-boekenhoutskloof-the-chocolate-block-franschhoek-south-africa","1136418","20228029128"
"Boekenhoutskloof Winery","2024","Boekenhoutskloof, The Chocolate Block, Franschhoek, South Africa","186","Case of 6 Bottles","https://www.bbr.com/products-20248029128-2024-boekenhoutskloof-the-chocolate-block-franschhoek-south-africa","1136418","20248029128"
"Boekenhoutskloof Winery","2024","Boekenhoutskloof, The Chocolate Block, Franschhoek, South Africa","120","Case of 6 Half Bottles","https://www.bbr.com/products-20248029128-2024-boekenhoutskloof-the-chocolate-block-franschhoek-south-africa","1136418","20248029128"
"Boekenhoutskloof Winery","2024","Boekenhoutskloof, The Chocolate Block, Franschhoek, South Africa","120","Case of 3 Magnums","https://www.bbr.com/products-20248029128-2024-boekenhoutskloof-the-chocolate-block-franschhoek-south-africa","1136418","20248029128"
"Le Macchiole","2021","Bolgheri Rosso, Le Macchiole, Tuscany, Italy","100","Case of 6 Bottles","https://www.bbr.com/products-20218243890-2021-bolgheri-rosso-le-macchiole-tuscany-italy","1100831","20218243890"
"Castello di Bolgheri","2020","Bolgheri Superiore, Castello di Bolgheri, Tuscany, Italy","289","Case of 6 Bottles","https://www.bbr.com/products-20208171827-2020-bolgheri-superiore-castello-di-bolgheri-tuscany-italy","1467419","20208171827"
"Bond","2016","Bond Terroir Portfolio (1 bottle each: Melbury, Quella, St Eden, Vecina, Pluribus), Five-bottle Assortment Case","2900","Case of 1 Mixed Cases","https://www.bbr.com/products-20168036874-2016-bond-terroir-portfolio-1-bottle-each-melbury-quella-st-eden-vecina-pluribus-five-bottle-assortment-case","1333396","20168036874"
"Bond","2017","Bond Terroir Portfolio (Quella, St Eden, Vecina), Three-bottle Assortment Case","1450","Case of 1 s","https://www.bbr.com/products-20178130660-2017-bond-terroir-portfolio-quella-st-eden-vecina-three-bottle-assortment-case","1333396","20178130660"
"Bond","2018","Bond, St. Eden, Napa Valley, California, USA","1550","Case of 3 Bottles","https://www.bbr.com/products-20188115199-2018-bond-st-eden-napa-valley-california-usa","1130546","20188115199"
"Bond","2012","Bond, Vecina, Napa Valley, California, USA","2100","Case of 6 Bottles","https://www.bbr.com/products-20128114802-2012-bond-vecina-napa-valley-california-usa","1136636","20128114802"
"Bond","2014","Bond, Vecina, Napa Valley, California, USA","2500","Case of 6 Bottles","https://www.bbr.com/products-20148114802-2014-bond-vecina-napa-valley-california-usa","1136636","20148114802"
"Bond","2016","Bond, Vecina, Napa Valley, California, USA","1800","Case of 3 Bottles","https://www.bbr.com/products-20168114802-2016-bond-vecina-napa-valley-california-usa","1136636","20168114802"
"Laurent Ponsot SAS","2019","Bonnes Mares, Cuvee de l'Amandier, Grand Cru, Laurent Ponsot, Burgundy","3200","Case of 6 Bottles","https://www.bbr.com/products-20198151478-2019-bonnes-mares-cuvee-de-l-amandier-grand-cru-laurent-ponsot-burgundy","2212573","20198151478"
"Benjamin Leroux","2010","Bonnes Mares, Grand Cru, Benjamin Leroux, Burgundy","1200","Case of 6 Bottles","https://www.bbr.com/products-20101043451-2010-bonnes-mares-grand-cru-benjamin-leroux-burgundy","1043451","20101043451"
"Benjamin Leroux","2012","Bonnes Mares, Grand Cru, Benjamin Leroux, Burgundy","335","Case of 1 Magnums","https://www.bbr.com/products-20121043451-2012-bonnes-mares-grand-cru-benjamin-leroux-burgundy","1043451","20121043451"
"Benjamin Leroux","2014","Bonnes Mares, Grand Cru, Benjamin Leroux, Burgundy","350","Case of 1 Magnums","https://www.bbr.com/products-20141043451-2014-bonnes-mares-grand-cru-benjamin-leroux-burgundy","1043451","20141043451"
"Benjamin Leroux","2015","Bonnes Mares, Grand Cru, Benjamin Leroux, Burgundy","445","Case of 1 Magnums","https://www.bbr.com/products-20151043451-2015-bonnes-mares-grand-cru-benjamin-leroux-burgundy","1043451","20151043451"
"Benjamin Leroux","2016","Bonnes Mares, Grand Cru, Benjamin Leroux, Burgundy","440","Case of 1 Magnums","https://www.bbr.com/products-20161043451-2016-bonnes-mares-grand-cru-benjamin-leroux-burgundy","1043451","20161043451"
"Benjamin Leroux","2017","Bonnes Mares, Grand Cru, Benjamin Leroux, Burgundy","398","Case of 1 Magnums","https://www.bbr.com/products-20171043451-2017-bonnes-mares-grand-cru-benjamin-leroux-burgundy","1043451","20171043451"
"Benjamin Leroux","2018","Bonnes Mares, Grand Cru, Benjamin Leroux, Burgundy","450","Case of 1 Magnums","https://www.bbr.com/products-20181043451-2018-bonnes-mares-grand-cru-benjamin-leroux-burgundy","1043451","20181043451"
"Benjamin Leroux","2019","Bonnes Mares, Grand Cru, Benjamin Leroux, Burgundy","480","Case of 1 Magnums","https://www.bbr.com/products-20191043451-2019-bonnes-mares-grand-cru-benjamin-leroux-burgundy","1043451","20191043451"
"Benjamin Leroux","2020","Bonnes Mares, Grand Cru, Benjamin Leroux, Burgundy","385","Case of 1 Magnums","https://www.bbr.com/products-20201043451-2020-bonnes-mares-grand-cru-benjamin-leroux-burgundy","1043451","20201043451"
"Benjamin Leroux","2021","Bonnes Mares, Grand Cru, Benjamin Leroux, Burgundy","480","Case of 1 Magnums","https://www.bbr.com/products-20211043451-2021-bonnes-mares-grand-cru-benjamin-leroux-burgundy","1043451","20211043451"
"Domaine Arlaud","2013","Bonnes Mares, Grand Cru, Domaine Arlaud, Burgundy","1860","Case of 6 Bottles","https://www.bbr.com/products-20138220381-2013-bonnes-mares-grand-cru-domaine-arlaud-burgundy","1018422","20138220381"
"Domaine Arlaud","2019","Bonnes Mares, Grand Cru, Domaine Arlaud, Burgundy","2135","Case of 6 Bottles","https://www.bbr.com/products-20198220381-2019-bonnes-mares-grand-cru-domaine-arlaud-burgundy","1018422","20198220381"
"Bruno Clair","2013","Bonnes Mares, Grand Cru, Domaine Bruno Clair, Burgundy","1298","Case of 6 Bottles","https://www.bbr.com/products-20138122467-2013-bonnes-mares-grand-cru-domaine-bruno-clair-burgundy","1025396","20138122467"
"Bruno Clair","2014","Bonnes Mares, Grand Cru, Domaine Bruno Clair, Burgundy","1354","Case of 6 Bottles","https://www.bbr.com/products-20148122467-2014-bonnes-mares-grand-cru-domaine-bruno-clair-burgundy","1025396","20148122467"
"Bruno Clair","2015","Bonnes Mares, Grand Cru, Domaine Bruno Clair, Burgundy","1460","Case of 6 Bottles","https://www.bbr.com/products-20158122467-2015-bonnes-mares-grand-cru-domaine-bruno-clair-burgundy","1025396","20158122467"
"Bruno Clair","2016","Bonnes Mares, Grand Cru, Domaine Bruno Clair, Burgundy","1495","Case of 6 Bottles","https://www.bbr.com/products-20168122467-2016-bonnes-mares-grand-cru-domaine-bruno-clair-burgundy","1025396","20168122467"
"Bruno Clair","2018","Bonnes Mares, Grand Cru, Domaine Bruno Clair, Burgundy","1495","Case of 6 Bottles","https://www.bbr.com/products-20188122467-2018-bonnes-mares-grand-cru-domaine-bruno-clair-burgundy","1025396","20188122467"
"Bruno Clair","2019","Bonnes Mares, Grand Cru, Domaine Bruno Clair, Burgundy","1525","Case of 6 Bottles","https://www.bbr.com/products-20198122467-2019-bonnes-mares-grand-cru-domaine-bruno-clair-burgundy","1025396","20198122467"
"Bruno Clair","2020","Bonnes Mares, Grand Cru, Domaine Bruno Clair, Burgundy","1500","Case of 6 Bottles","https://www.bbr.com/products-20208122467-2020-bonnes-mares-grand-cru-domaine-bruno-clair-burgundy","1025396","20208122467"
"Bruno Clair","2020","Bonnes Mares, Grand Cru, Domaine Bruno Clair, Burgundy","900","Case of 3 Bottles","https://www.bbr.com/products-20208122467-2020-bonnes-mares-grand-cru-domaine-bruno-clair-burgundy","1025396","20208122467"
"Bruno Clair","2021","Bonnes Mares, Grand Cru, Domaine Bruno Clair, Burgundy","1945","Case of 6 Bottles","https://www.bbr.com/products-20218122467-2021-bonnes-mares-grand-cru-domaine-bruno-clair-burgundy","1025396","20218122467"
"Bruno Clair","2021","Bonnes Mares, Grand Cru, Domaine Bruno Clair, Burgundy","1900","Case of 6 Bottles","https://www.bbr.com/products-20218122467-2021-bonnes-mares-grand-cru-domaine-bruno-clair-burgundy","1025396","20218122467"
"Bruno Clair","2022","Bonnes Mares, Grand Cru, Domaine Bruno Clair, Burgundy","2500","Case of 6 Bottles","https://www.bbr.com/products-20228122467-2022-bonnes-mares-grand-cru-domaine-bruno-clair-burgundy","1025396","20228122467"
"Drouhin-Laroze","2002","Bonnes Mares, Grand Cru, Domaine Drouhin-Laroze, Burgundy","1900","Case of 12 Bottles","https://www.bbr.com/products-20021029495-2002-bonnes-mares-grand-cru-domaine-drouhin-laroze-burgundy","1029495","20021029495"
"Drouhin-Laroze","2008","Bonnes Mares, Grand Cru, Domaine Drouhin-Laroze, Burgundy","2050","Case of 6 Magnums","https://www.bbr.com/products-20081029495-2008-bonnes-mares-grand-cru-domaine-drouhin-laroze-burgundy","1029495","20081029495"
"Drouhin-Laroze","2012","Bonnes Mares, Grand Cru, Domaine Drouhin-Laroze, Burgundy","381","Case of 3 Bottles","https://www.bbr.com/products-20121029495-2012-bonnes-mares-grand-cru-domaine-drouhin-laroze-burgundy","1029495","20121029495"
"Drouhin-Laroze","2012","Bonnes Mares, Grand Cru, Domaine Drouhin-Laroze, Burgundy","727","Case of 6 Bottles","https://www.bbr.com/products-20121029495-2012-bonnes-mares-grand-cru-domaine-drouhin-laroze-burgundy","1029495","20121029495"
"Drouhin-Laroze","2013","Bonnes Mares, Grand Cru, Domaine Drouhin-Laroze, Burgundy","1298","Case of 12 Bottles","https://www.bbr.com/products-20131029495-2013-bonnes-mares-grand-cru-domaine-drouhin-laroze-burgundy","1029495","20131029495"
"Drouhin-Laroze","2015","Bonnes Mares, Grand Cru, Domaine Drouhin-Laroze, Burgundy","500","Case of 3 Bottles","https://www.bbr.com/products-20151029495-2015-bonnes-mares-grand-cru-domaine-drouhin-laroze-burgundy","1029495","20151029495"
"Drouhin-Laroze","2017","Bonnes Mares, Grand Cru, Domaine Drouhin-Laroze, Burgundy","840","Case of 6 Bottles","https://www.bbr.com/products-20171029495-2017-bonnes-mares-grand-cru-domaine-drouhin-laroze-burgundy","1029495","20171029495"
"Drouhin-Laroze","2017","Bonnes Mares, Grand Cru, Domaine Drouhin-Laroze, Burgundy","385","Case of 3 Bottles","https://www.bbr.com/products-20171029495-2017-bonnes-mares-grand-cru-domaine-drouhin-laroze-burgundy","1029495","20171029495"
"Drouhin-Laroze","2017","Bonnes Mares, Grand Cru, Domaine Drouhin-Laroze, Burgundy","800","Case of 6 Bottles","https://www.bbr.com/products-20171029495-2017-bonnes-mares-grand-cru-domaine-drouhin-laroze-burgundy","1029495","20171029495"
"Drouhin-Laroze","2018","Bonnes Mares, Grand Cru, Domaine Drouhin-Laroze, Burgundy","762","Case of 6 Bottles","https://www.bbr.com/products-20181029495-2018-bonnes-mares-grand-cru-domaine-drouhin-laroze-burgundy","1029495","20181029495"
"Drouhin-Laroze","2020","Bonnes Mares, Grand Cru, Domaine Drouhin-Laroze, Burgundy","1020","Case of 6 Bottles","https://www.bbr.com/products-20201029495-2020-bonnes-mares-grand-cru-domaine-drouhin-laroze-burgundy","1029495","20201029495"
"Dujac","2007","Bonnes Mares, Grand Cru, Domaine Dujac, Burgundy","5950","Case of 6 Bottles","https://www.bbr.com/products-20071030484-2007-bonnes-mares-grand-cru-domaine-dujac-burgundy","1030484","20071030484"
"Dujac","2009","Bonnes Mares, Grand Cru, Domaine Dujac, Burgundy","4950","Case of 6 Bottles","https://www.bbr.com/products-20091030484-2009-bonnes-mares-grand-cru-domaine-dujac-burgundy","1030484","20091030484"
"Dujac","2017","Bonnes Mares, Grand Cru, Domaine Dujac, Burgundy","2100","Case of 3 Bottles","https://www.bbr.com/products-20171030484-2017-bonnes-mares-grand-cru-domaine-dujac-burgundy","1030484","20171030484"
"Dujac","2018","Bonnes Mares, Grand Cru, Domaine Dujac, Burgundy","2300","Case of 3 Bottles","https://www.bbr.com/products-20181030484-2018-bonnes-mares-grand-cru-domaine-dujac-burgundy","1030484","20181030484"
"Dujac","2018","Bonnes Mares, Grand Cru, Domaine Dujac, Burgundy","2888","Case of 3 Bottles","https://www.bbr.com/products-20181030484-2018-bonnes-mares-grand-cru-domaine-dujac-burgundy","1030484","20181030484"
"Dujac","2019","Bonnes Mares, Grand Cru, Domaine Dujac, Burgundy","2480","Case of 3 Bottles","https://www.bbr.com/products-20191030484-2019-bonnes-mares-grand-cru-domaine-dujac-burgundy","1030484","20191030484"
"Dujac","2022","Bonnes Mares, Grand Cru, Domaine Dujac, Burgundy","3000","Case of 3 Bottles","https://www.bbr.com/products-20221030484-2022-bonnes-mares-grand-cru-domaine-dujac-burgundy","1030484","20221030484"
"Dujac","2022","Bonnes Mares, Grand Cru, Domaine Dujac, Burgundy","2000","Case of 1 Magnums","https://www.bbr.com/products-20221030484-2022-bonnes-mares-grand-cru-domaine-dujac-burgundy","1030484","20221030484"
"Domaine Georges Lignier","2015","Bonnes Mares, Grand Cru, Domaine Georges Lignier & Fils, Burgundy","1650","Case of 3 Magnums","https://www.bbr.com/products-20158120971-2015-bonnes-mares-grand-cru-domaine-georges-lignier-fils-burgundy","1045110","20158120971"
"Domaine Georges Lignier","2020","Bonnes Mares, Grand Cru, Domaine Georges Lignier & Fils, Burgundy","499","Case of 3 Bottles","https://www.bbr.com/products-20208120971-2020-bonnes-mares-grand-cru-domaine-georges-lignier-fils-burgundy","1045110","20208120971"
"Domaine Georges & Christophe Roumier","1989","Bonnes Mares, Grand Cru, Domaine Georges Roumier, Burgundy","26000","Case of 12 Bottles","https://www.bbr.com/products-19898014681-1989-bonnes-mares-grand-cru-domaine-georges-roumier-burgundy","1056789","19898014681"
"Domaine Georges & Christophe Roumier","1996","Bonnes Mares, Grand Cru, Domaine Georges Roumier, Burgundy","1800","Case of 1 Bottles","https://www.bbr.com/products-19968014681-1996-bonnes-mares-grand-cru-domaine-georges-roumier-burgundy","1056789","19968014681"
"Domaine Georges & Christophe Roumier","1998","Bonnes Mares, Grand Cru, Domaine Georges Roumier, Burgundy","1500","Case of 1 Bottles","https://www.bbr.com/products-19988014681-1998-bonnes-mares-grand-cru-domaine-georges-roumier-burgundy","1056789","19988014681"
"Domaine Georges & Christophe Roumier","2007","Bonnes Mares, Grand Cru, Domaine Georges Roumier, Burgundy","1500","Case of 1 Bottles","https://www.bbr.com/products-20078014681-2007-bonnes-mares-grand-cru-domaine-georges-roumier-burgundy","1056789","20078014681"
"Domaine Georges & Christophe Roumier","2011","Bonnes Mares, Grand Cru, Domaine Georges Roumier, Burgundy","6000","Case of 6 Bottles","https://www.bbr.com/products-20118014681-2011-bonnes-mares-grand-cru-domaine-georges-roumier-burgundy","1056789","20118014681"
"Domaine Georges & Christophe Roumier","2012","Bonnes Mares, Grand Cru, Domaine Georges Roumier, Burgundy","1450","Case of 1 Bottles","https://www.bbr.com/products-20128014681-2012-bonnes-mares-grand-cru-domaine-georges-roumier-burgundy","1056789","20128014681"
"Domaine Georges & Christophe Roumier","2014","Bonnes Mares, Grand Cru, Domaine Georges Roumier, Burgundy","3300","Case of 3 Bottles","https://www.bbr.com/products-20148014681-2014-bonnes-mares-grand-cru-domaine-georges-roumier-burgundy","1056789","20148014681"
"Domaine Georges & Christophe Roumier","2017","Bonnes Mares, Grand Cru, Domaine Georges Roumier, Burgundy","3150","Case of 3 Bottles","https://www.bbr.com/products-20178014681-2017-bonnes-mares-grand-cru-domaine-georges-roumier-burgundy","1056789","20178014681"
"Domaine Georges & Christophe Roumier","2018","Bonnes Mares, Grand Cru, Domaine Georges Roumier, Burgundy","5000","Case of 3 Bottles","https://www.bbr.com/products-20188014681-2018-bonnes-mares-grand-cru-domaine-georges-roumier-burgundy","1056789","20188014681"
"Domaine Georges & Christophe Roumier","2019","Bonnes Mares, Grand Cru, Domaine Georges Roumier, Burgundy","3250","Case of 3 Bottles","https://www.bbr.com/products-20198014681-2019-bonnes-mares-grand-cru-domaine-georges-roumier-burgundy","1056789","20198014681"
"Domaine Georges & Christophe Roumier","2022","Bonnes Mares, Grand Cru, Domaine Georges Roumier, Burgundy","3650","Case of 3 Bottles","https://www.bbr.com/products-20228014681-2022-bonnes-mares-grand-cru-domaine-georges-roumier-burgundy","1056789","20228014681"
"Domaine Georges & Christophe Roumier","2023","Bonnes Mares, Grand Cru, Domaine Georges Roumier, Burgundy","4000","Case of 3 Bottles","https://www.bbr.com/products-20238014681-2023-bonnes-mares-grand-cru-domaine-georges-roumier-burgundy","1056789","20238014681"
"Domaine Hudelot-Baillet","2022","Bonnes Mares, Grand Cru, Domaine Hudelot-Baillet, Burgundy","1069","Case of 3 Bottles","https://www.bbr.com/products-20228026938-2022-bonnes-mares-grand-cru-domaine-hudelot-baillet-burgundy","1225624","20228026938"
"Louis Jadot","2020","Bonnes Mares, Grand Cru, Domaine Louis Jadot, Burgundy","990","Case of 3 Bottles","https://www.bbr.com/products-20208021962-2020-bonnes-mares-grand-cru-domaine-louis-jadot-burgundy","1037858","20208021962"
"Domaine Robert Groffier","2017","Bonnes Mares, Grand Cru, Domaine Robert Groffier Pere & Fils, Burgundy","2100","Case of 6 Bottles","https://www.bbr.com/products-20178121877-2017-bonnes-mares-grand-cru-domaine-robert-groffier-pere-fils-burgundy","1035867","20178121877"
"Domaine Robert Groffier","2023","Bonnes Mares, Grand Cru, Domaine Robert Groffier Pere &amp; Fils, Burgundy","2800","Case of 6 Bottles","https://www.bbr.com/products-20238121877-2023-bonnes-mares-grand-cru-domaine-robert-groffier-pere-and-fils-burgundy","1035867","20238121877"
"Domaine de la Vougeraie","2004","Bonnes Mares, Grand Cru, Domaine de la Vougeraie, Burgundy","1870","Case of 6 Bottles","https://www.bbr.com/products-20048005205-2004-bonnes-mares-grand-cru-domaine-de-la-vougeraie-burgundy","1059302","20048005205"
"Domaine de la Vougeraie","2008","Bonnes Mares, Grand Cru, Domaine de la Vougeraie, Burgundy","1350","Case of 6 Bottles","https://www.bbr.com/products-20088005205-2008-bonnes-mares-grand-cru-domaine-de-la-vougeraie-burgundy","1059302","20088005205"
"Domaine de la Vougeraie","2009","Bonnes Mares, Grand Cru, Domaine de la Vougeraie, Burgundy","1750","Case of 6 Bottles","https://www.bbr.com/products-20098005205-2009-bonnes-mares-grand-cru-domaine-de-la-vougeraie-burgundy","1059302","20098005205"
"Domaine de la Vougeraie","2009","Bonnes Mares, Grand Cru, Domaine de la Vougeraie, Burgundy","1300","Case of 3 Magnums","https://www.bbr.com/products-20098005205-2009-bonnes-mares-grand-cru-domaine-de-la-vougeraie-burgundy","1059302","20098005205"
"Domaine de la Vougeraie","2010","Bonnes Mares, Grand Cru, Domaine de la Vougeraie, Burgundy","1434","Case of 6 Bottles","https://www.bbr.com/products-20108005205-2010-bonnes-mares-grand-cru-domaine-de-la-vougeraie-burgundy","1059302","20108005205"
"Domaine de la Vougeraie","2010","Bonnes Mares, Grand Cru, Domaine de la Vougeraie, Burgundy","1400","Case of 6 Bottles","https://www.bbr.com/products-20108005205-2010-bonnes-mares-grand-cru-domaine-de-la-vougeraie-burgundy","1059302","20108005205"
"Domaine de la Vougeraie","2011","Bonnes Mares, Grand Cru, Domaine de la Vougeraie, Burgundy","950","Case of 6 Bottles","https://www.bbr.com/products-20118005205-2011-bonnes-mares-grand-cru-domaine-de-la-vougeraie-burgundy","1059302","20118005205"
"Domaine de la Vougeraie","2011","Bonnes Mares, Grand Cru, Domaine de la Vougeraie, Burgundy","1250","Case of 3 Magnums","https://www.bbr.com/products-20118005205-2011-bonnes-mares-grand-cru-domaine-de-la-vougeraie-burgundy","1059302","20118005205"
"Domaine de la Vougeraie","2012","Bonnes Mares, Grand Cru, Domaine de la Vougeraie, Burgundy","1500","Case of 6 Bottles","https://www.bbr.com/products-20128005205-2012-bonnes-mares-grand-cru-domaine-de-la-vougeraie-burgundy","1059302","20128005205"
"Domaine de la Vougeraie","2012","Bonnes Mares, Grand Cru, Domaine de la Vougeraie, Burgundy","1300","Case of 6 Bottles","https://www.bbr.com/products-20128005205-2012-bonnes-mares-grand-cru-domaine-de-la-vougeraie-burgundy","1059302","20128005205"
"Domaine de la Vougeraie","2012","Bonnes Mares, Grand Cru, Domaine de la Vougeraie, Burgundy","1880","Case of 6 Bottles","https://www.bbr.com/products-20128005205-2012-bonnes-mares-grand-cru-domaine-de-la-vougeraie-burgundy","1059302","20128005205"
"Domaine de la Vougeraie","2013","Bonnes Mares, Grand Cru, Domaine de la Vougeraie, Burgundy","1088","Case of 6 Bottles","https://www.bbr.com/products-20138005205-2013-bonnes-mares-grand-cru-domaine-de-la-vougeraie-burgundy","1059302","20138005205"
"Domaine de la Vougeraie","2013","Bonnes Mares, Grand Cru, Domaine de la Vougeraie, Burgundy","1200","Case of 3 Magnums","https://www.bbr.com/products-20138005205-2013-bonnes-mares-grand-cru-domaine-de-la-vougeraie-burgundy","1059302","20138005205"
"Domaine de la Vougeraie","2014","Bonnes Mares, Grand Cru, Domaine de la Vougeraie, Burgundy","1240","Case of 6 Bottles","https://www.bbr.com/products-20148005205-2014-bonnes-mares-grand-cru-domaine-de-la-vougeraie-burgundy","1059302","20148005205"
"Domaine de la Vougeraie","2014","Bonnes Mares, Grand Cru, Domaine de la Vougeraie, Burgundy","950","Case of 6 Bottles","https://www.bbr.com/products-20148005205-2014-bonnes-mares-grand-cru-domaine-de-la-vougeraie-burgundy","1059302","20148005205"
"Domaine de la Vougeraie","2015","Bonnes Mares, Grand Cru, Domaine de la Vougeraie, Burgundy","1400","Case of 6 Bottles","https://www.bbr.com/products-20158005205-2015-bonnes-mares-grand-cru-domaine-de-la-vougeraie-burgundy","1059302","20158005205"
"Domaine de la Vougeraie","2016","Bonnes Mares, Grand Cru, Domaine de la Vougeraie, Burgundy","1065","Case of 6 Bottles","https://www.bbr.com/products-20168005205-2016-bonnes-mares-grand-cru-domaine-de-la-vougeraie-burgundy","1059302","20168005205"
"Domaine de la Vougeraie","2017","Bonnes Mares, Grand Cru, Domaine de la Vougeraie, Burgundy","940","Case of 6 Bottles","https://www.bbr.com/products-20178005205-2017-bonnes-mares-grand-cru-domaine-de-la-vougeraie-burgundy","1059302","20178005205"
"Domaine de la Vougeraie","2018","Bonnes Mares, Grand Cru, Domaine de la Vougeraie, Burgundy","1050","Case of 6 Bottles","https://www.bbr.com/products-20188005205-2018-bonnes-mares-grand-cru-domaine-de-la-vougeraie-burgundy","1059302","20188005205"
"Domaine de la Vougeraie","2020","Bonnes Mares, Grand Cru, Domaine de la Vougeraie, Burgundy","620","Case of 3 Bottles","https://www.bbr.com/products-20208005205-2020-bonnes-mares-grand-cru-domaine-de-la-vougeraie-burgundy","1059302","20208005205"
"Domaine de la Vougeraie","2020","Bonnes Mares, Grand Cru, Domaine de la Vougeraie, Burgundy","1415","Case of 3 Magnums","https://www.bbr.com/products-20208005205-2020-bonnes-mares-grand-cru-domaine-de-la-vougeraie-burgundy","1059302","20208005205"
"Domaine de la Vougeraie","2021","Bonnes Mares, Grand Cru, Domaine de la Vougeraie, Burgundy","575","Case of 3 Bottles","https://www.bbr.com/products-20218005205-2021-bonnes-mares-grand-cru-domaine-de-la-vougeraie-burgundy","1059302","20218005205"
"Domaine de la Vougeraie","2022","Bonnes Mares, Grand Cru, Domaine de la Vougeraie, Burgundy","840","Case of 3 Bottles","https://www.bbr.com/products-20228005205-2022-bonnes-mares-grand-cru-domaine-de-la-vougeraie-burgundy","1059302","20228005205"
"Frederic Magnien","2014","Bonnes Mares, Grand Cru, Frederic Magnien, Burgundy","987","Case of 6 Bottles","https://www.bbr.com/products-20148218542-2014-bonnes-mares-grand-cru-frederic-magnien-burgundy","1045439","20148218542"
"Henri Boillot","2016","Bonnes Mares, Grand Cru, Henri Boillot, Burgundy","988","Case of 3 Bottles","https://www.bbr.com/products-20168014564-2016-bonnes-mares-grand-cru-henri-boillot-burgundy","1020649","20168014564"
"Maison Joseph Drouhin","2017","Bonnes Mares, Grand Cru, Joseph Drouhin, Burgundy","2280","Case of 6 Bottles","https://www.bbr.com/products-20178018878-2017-bonnes-mares-grand-cru-joseph-drouhin-burgundy","1028805","20178018878"
"Lucien Le Moine","2018","Bonnes Mares, Grand Cru, Lucien Le Moine, Burgundy","2273","Case of 6 Bottles","https://www.bbr.com/products-20188218858-2018-bonnes-mares-grand-cru-lucien-le-moine-burgundy","1042467","20188218858"
"Lucien Le Moine","2019","Bonnes Mares, Grand Cru, Lucien Le Moine, Burgundy","2297","Case of 6 Bottles","https://www.bbr.com/products-20198218858-2019-bonnes-mares-grand-cru-lucien-le-moine-burgundy","1042467","20198218858"
"Maison Roche de Bellene","2022","Bonnes Mares, Grand Cru, Maison Roche de Bellene, Burgundy","3200","Case of 6 Bottles","https://www.bbr.com/products-20228020170-2022-bonnes-mares-grand-cru-maison-roche-de-bellene-burgundy","1124288","20228020170"
"Maison Nicolas Potel","2006","Bonnes Mares, Grand Cru, Nicolas Potel, Burgundy","1150","Case of 6 Bottles","https://www.bbr.com/products-20068140779-2006-bonnes-mares-grand-cru-nicolas-potel-burgundy","1051843","20068140779"
"Domaine Michele et Patrice Rion","2009","Bonnes Mares, Grand Cru, Patrice & Maxime Rion, Burgundy","730","Case of 6 Bottles","https://www.bbr.com/products-20091055030-2009-bonnes-mares-grand-cru-patrice-maxime-rion-burgundy","1055030","20091055030"
"Domaine Michele et Patrice Rion","2010","Bonnes Mares, Grand Cru, Patrice & Maxime Rion, Burgundy","900","Case of 6 Bottles","https://www.bbr.com/products-20101055030-2010-bonnes-mares-grand-cru-patrice-maxime-rion-burgundy","1055030","20101055030"
"Domaine Michele et Patrice Rion","2011","Bonnes Mares, Grand Cru, Patrice & Maxime Rion, Burgundy","700","Case of 6 Bottles","https://www.bbr.com/products-20111055030-2011-bonnes-mares-grand-cru-patrice-maxime-rion-burgundy","1055030","20111055030"
"Domaine Michele et Patrice Rion","2012","Bonnes Mares, Grand Cru, Patrice & Maxime Rion, Burgundy","670","Case of 6 Bottles","https://www.bbr.com/products-20121055030-2012-bonnes-mares-grand-cru-patrice-maxime-rion-burgundy","1055030","20121055030"
"Domaine Michele et Patrice Rion","2013","Bonnes Mares, Grand Cru, Patrice & Maxime Rion, Burgundy","990","Case of 6 Bottles","https://www.bbr.com/products-20131055030-2013-bonnes-mares-grand-cru-patrice-maxime-rion-burgundy","1055030","20131055030"
"Domaine Michele et Patrice Rion","2014","Bonnes Mares, Grand Cru, Patrice & Maxime Rion, Burgundy","680","Case of 6 Bottles","https://www.bbr.com/products-20141055030-2014-bonnes-mares-grand-cru-patrice-maxime-rion-burgundy","1055030","20141055030"
"Domaine Michele et Patrice Rion","2014","Bonnes Mares, Grand Cru, Patrice & Maxime Rion, Burgundy","800","Case of 6 Bottles","https://www.bbr.com/products-20141055030-2014-bonnes-mares-grand-cru-patrice-maxime-rion-burgundy","1055030","20141055030"
"Domaine Michele et Patrice Rion","2015","Bonnes Mares, Grand Cru, Patrice & Maxime Rion, Burgundy","1480","Case of 6 Bottles","https://www.bbr.com/products-20151055030-2015-bonnes-mares-grand-cru-patrice-maxime-rion-burgundy","1055030","20151055030"
"Domaine Robert Groffier","2023","Bonnes Mares, Les Terre Blanches, Grand Cru, Robert Groffier Pere &amp; Fils, Burgundy","1200","Case of 1 Bottles","https://www.bbr.com/products-20238255567-2023-bonnes-mares-les-terre-blanches-grand-cru-robert-groffier-pere-and-fils-burgundy","3065792","20238255567"
"Domaine Moine-Hudelot","1996","Bonnes-Mares, Grand Cru Domaine Moine-Hudelot","1500","Case of 12 Bottles","https://www.bbr.com/products-19968120841-1996-bonnes-mares-grand-cru-domaine-moine-hudelot","1047563","19968120841"
"Domaine Bertheau","2010","Bonnes-Mares, Grand Cru, Domaine Bertheau, Burgundy","1500","Case of 6 Bottles","https://www.bbr.com/products-20108210357-2010-bonnes-mares-grand-cru-domaine-bertheau-burgundy","1174238","20108210357"
"Domaine Bertheau","2018","Bonnes-Mares, Grand Cru, Domaine Bertheau, Burgundy","1175","Case of 6 Bottles","https://www.bbr.com/products-20188210357-2018-bonnes-mares-grand-cru-domaine-bertheau-burgundy","1174238","20188210357"
"Bouchard Pere & Fils","2019","Bonnes-Mares, Grand Cru, Domaine Bouchard Pere &amp; Fils, Burgundy","950","Case of 3 Bottles","https://www.bbr.com/products-20198019921-2019-bonnes-mares-grand-cru-domaine-bouchard-pere-and-fils-burgundy","1021590","20198019921"
"De Vogue","2008","Bonnes-Mares, Grand Cru, Domaine Comte Georges de Vogue, Burgundy","2400","Case of 6 Bottles","https://www.bbr.com/products-20088019442-2008-bonnes-mares-grand-cru-domaine-comte-georges-de-vogue-burgundy","1026771","20088019442"
"De Vogue","2011","Bonnes-Mares, Grand Cru, Domaine Comte Georges de Vogue, Burgundy","2150","Case of 6 Bottles","https://www.bbr.com/products-20118019442-2011-bonnes-mares-grand-cru-domaine-comte-georges-de-vogue-burgundy","1026771","20118019442"
"De Vogue","2015","Bonnes-Mares, Grand Cru, Domaine Comte Georges de Vogue, Burgundy","3450","Case of 6 Bottles","https://www.bbr.com/products-20158019442-2015-bonnes-mares-grand-cru-domaine-comte-georges-de-vogue-burgundy","1026771","20158019442"
"De Vogue","2015","Bonnes-Mares, Grand Cru, Domaine Comte Georges de Vogue, Burgundy","3450","Case of 6 Bottles","https://www.bbr.com/products-20158019442-2015-bonnes-mares-grand-cru-domaine-comte-georges-de-vogue-burgundy","1026771","20158019442"
"De Vogue","2015","Bonnes-Mares, Grand Cru, Domaine Comte Georges de Vogue, Burgundy","2600","Case of 6 Bottles","https://www.bbr.com/products-20158019442-2015-bonnes-mares-grand-cru-domaine-comte-georges-de-vogue-burgundy","1026771","20158019442"
"De Vogue","2017","Bonnes-Mares, Grand Cru, Domaine Comte Georges de Vogue, Burgundy","1450","Case of 3 Bottles","https://www.bbr.com/products-20178019442-2017-bonnes-mares-grand-cru-domaine-comte-georges-de-vogue-burgundy","1026771","20178019442"
"De Vogue","2019","Bonnes-Mares, Grand Cru, Domaine Comte Georges de Vogue, Burgundy","1758","Case of 3 Bottles","https://www.bbr.com/products-20198019442-2019-bonnes-mares-grand-cru-domaine-comte-georges-de-vogue-burgundy","1026771","20198019442"
"De Vogue","2020","Bonnes-Mares, Grand Cru, Domaine Comte Georges de Vogue, Burgundy","1760","Case of 3 Bottles","https://www.bbr.com/products-20208019442-2020-bonnes-mares-grand-cru-domaine-comte-georges-de-vogue-burgundy","1026771","20208019442"
"De Vogue","2021","Bonnes-Mares, Grand Cru, Domaine Comte Georges de Vogue, Burgundy","1995","Case of 3 Bottles","https://www.bbr.com/products-20218019442-2021-bonnes-mares-grand-cru-domaine-comte-georges-de-vogue-burgundy","1026771","20218019442"
"De Vogue","2022","Bonnes-Mares, Grand Cru, Domaine Comte Georges de Vogue, Burgundy","1800","Case of 3 Bottles","https://www.bbr.com/products-20228019442-2022-bonnes-mares-grand-cru-domaine-comte-georges-de-vogue-burgundy","1026771","20228019442"
"De Vogue","2023","Bonnes-Mares, Grand Cru, Domaine Comte Georges de Vogue, Burgundy","1800","Case of 3 Bottles","https://www.bbr.com/products-20238019442-2023-bonnes-mares-grand-cru-domaine-comte-georges-de-vogue-burgundy","1026771","20238019442"
"Philippe Charlopin","2018","Bonnes-Mares, Grand Cru, Domaine Philippe Charlopin, Burgundy","1100","Case of 6 Bottles","https://www.bbr.com/products-20188121659-2018-bonnes-mares-grand-cru-domaine-philippe-charlopin-burgundy","1024621","20188121659"
"Philippe Charlopin","2019","Bonnes-Mares, Grand Cru, Domaine Philippe Charlopin, Burgundy","1254","Case of 6 Bottles","https://www.bbr.com/products-20198121659-2019-bonnes-mares-grand-cru-domaine-philippe-charlopin-burgundy","1024621","20198121659"
"Domaine Jacques-Frederic Mugnier","2006","Bonnes-Mares, Grand Cru, Jean-Frederic Mugnier, Burgundy","1800","Case of 1 Bottles","https://www.bbr.com/products-20068120711-2006-bonnes-mares-grand-cru-jean-frederic-mugnier-burgundy","1049626","20068120711"
"Olivier Bernstein","2009","Bonnes-Mares, Grand Cru, Olivier Bernstein, Burgundy","1650","Case of 6 Bottles","https://www.bbr.com/products-20091019719-2009-bonnes-mares-grand-cru-olivier-bernstein-burgundy","1019719","20091019719"
"Olivier Bernstein","2010","Bonnes-Mares, Grand Cru, Olivier Bernstein, Burgundy","1850","Case of 6 Bottles","https://www.bbr.com/products-20101019719-2010-bonnes-mares-grand-cru-olivier-bernstein-burgundy","1019719","20101019719"
"Olivier Bernstein","2011","Bonnes-Mares, Grand Cru, Olivier Bernstein, Burgundy","1688","Case of 6 Bottles","https://www.bbr.com/products-20111019719-2011-bonnes-mares-grand-cru-olivier-bernstein-burgundy","1019719","20111019719"
"Olivier Bernstein","2012","Bonnes-Mares, Grand Cru, Olivier Bernstein, Burgundy","1550","Case of 6 Bottles","https://www.bbr.com/products-20121019719-2012-bonnes-mares-grand-cru-olivier-bernstein-burgundy","1019719","20121019719"
"Olivier Bernstein","2013","Bonnes-Mares, Grand Cru, Olivier Bernstein, Burgundy","1790","Case of 6 Bottles","https://www.bbr.com/products-20131019719-2013-bonnes-mares-grand-cru-olivier-bernstein-burgundy","1019719","20131019719"
"Olivier Bernstein","2013","Bonnes-Mares, Grand Cru, Olivier Bernstein, Burgundy","1974","Case of 6 Bottles","https://www.bbr.com/products-20131019719-2013-bonnes-mares-grand-cru-olivier-bernstein-burgundy","1019719","20131019719"
"Olivier Bernstein","2014","Bonnes-Mares, Grand Cru, Olivier Bernstein, Burgundy","1899","Case of 6 Bottles","https://www.bbr.com/products-20141019719-2014-bonnes-mares-grand-cru-olivier-bernstein-burgundy","1019719","20141019719"
"Olivier Bernstein","2016","Bonnes-Mares, Grand Cru, Olivier Bernstein, Burgundy","2100","Case of 6 Bottles","https://www.bbr.com/products-20161019719-2016-bonnes-mares-grand-cru-olivier-bernstein-burgundy","1019719","20161019719"
"Olivier Bernstein","2017","Bonnes-Mares, Grand Cru, Olivier Bernstein, Burgundy","2660","Case of 6 Bottles","https://www.bbr.com/products-20171019719-2017-bonnes-mares-grand-cru-olivier-bernstein-burgundy","1019719","20171019719"
"Olivier Bernstein","2019","Bonnes-Mares, Grand Cru, Olivier Bernstein, Burgundy","1450","Case of 3 Bottles","https://www.bbr.com/products-20191019719-2019-bonnes-mares-grand-cru-olivier-bernstein-burgundy","1019719","20191019719"
"Olivier Bernstein","2021","Bonnes-Mares, Grand Cru, Olivier Bernstein, Burgundy","2980","Case of 3 Bottles","https://www.bbr.com/products-20211019719-2021-bonnes-mares-grand-cru-olivier-bernstein-burgundy","1019719","20211019719"
"Olivier Bernstein","2023","Bonnes-Mares, Grand Cru, Olivier Bernstein, Burgundy","2950","Case of 3 Bottles","https://www.bbr.com/products-20231019719-2023-bonnes-mares-grand-cru-olivier-bernstein-burgundy","1019719","20231019719"
"Assortment Mixed Cases","2021","Bordeaux Dry White Selection, Six-Bottle Assortment Case","410","Case of 1 6 Bottle Assortments","https://www.bbr.com/products-20218155128-2021-bordeaux-dry-white-selection-six-bottle-assortment-case","","20218155128"
"Assortment Mixed Cases","2021","Bordeaux Left Bank Selection, Six-Bottle Assortment Case","299","Case of 1 6 Bottle Assortments","https://www.bbr.com/products-20218155102-2021-bordeaux-left-bank-selection-six-bottle-assortment-case","","20218155102"
"Assortment Mixed Cases","2021","Bordeaux Mixed Collection (Haut-Brion, La Mission Haut-Brion, Mouton Rothschild, Petrus), Four-Magnum Assortment Case","11450","Case of 1 s","https://www.bbr.com/products-20218083793-2021-bordeaux-mixed-collection-haut-brion-la-mission-haut-brion-mouton-rothschild-petrus-four-magnum-assortment-case","","20218083793"
"Boschkloof Wines","2017","Boschkloof, Epilogue, Stellenbosch, South Africa","320","Case of 6 Bottles","https://www.bbr.com/products-20178045292-2017-boschkloof-epilogue-stellenbosch-south-africa","1414745","20178045292"
"Boschkloof Wines","2018","Boschkloof, Epilogue, Stellenbosch, South Africa","265","Case of 6 Bottles","https://www.bbr.com/products-20188045292-2018-boschkloof-epilogue-stellenbosch-south-africa","1414745","20188045292"
"Boschkloof Wines","2019","Boschkloof, Epilogue, Stellenbosch, South Africa","274","Case of 6 Bottles","https://www.bbr.com/products-20198045292-2019-boschkloof-epilogue-stellenbosch-south-africa","1414745","20198045292"
"Si Tu Sais","2023","Bourgogne Aligote, Les Vris, Si Tu Sais","350","Case of 6 Bottles","https://www.bbr.com/products-20238401892-2023-bourgogne-aligote-les-vris-si-tu-sais","3013663","20238401892"
"Domaine Boris Champy","2023","Bourgogne Aligote Dore, Presse Verticale 429, Domaine Boris Champy","240","Case of 12 Bottles","https://www.bbr.com/products-20238403782-2023-bourgogne-aligote-dore-presse-verticale-429-domaine-boris-champy","2723798","20238403782"
"Domaine Boisson-Vadot","2020","Bourgogne Aligote, Anne Boisson","275","Case of 12 Bottles","https://www.bbr.com/products-20208151159-2020-bourgogne-aligote-anne-boisson","1194791","20208151159"
"Domaine Arnaud Ente","2016","Bourgogne Aligote, Arnaud Ente","1500","Case of 6 Bottles","https://www.bbr.com/products-20161067765-2016-bourgogne-aligote-arnaud-ente","1067765","20161067765"
"Domaine Jean Fournier","2022","Bourgogne Aligote, Aux Boutieres, Vieilles Vignes, Domaine Jean Fournier","160","Case of 6 Bottles","https://www.bbr.com/products-20228227960-2022-bourgogne-aligote-aux-boutieres-vieilles-vignes-domaine-jean-fournier","2229199","20228227960"
"Benjamin Leroux","2019","Bourgogne Aligote, Benjamin Leroux","150","Case of 6 Bottles","https://www.bbr.com/products-20198025087-2019-bourgogne-aligote-benjamin-leroux","1620881","20198025087"
"Benjamin Leroux","2020","Bourgogne Aligote, Benjamin Leroux","150","Case of 6 Bottles","https://www.bbr.com/products-20208025087-2020-bourgogne-aligote-benjamin-leroux","1620881","20208025087"
"Benjamin Leroux","2021","Bourgogne Aligote, Benjamin Leroux","160","Case of 6 Bottles","https://www.bbr.com/products-20218025087-2021-bourgogne-aligote-benjamin-leroux","1620881","20218025087"
"Benjamin Leroux","2023","Bourgogne Aligote, Benjamin Leroux","145","Case of 6 Bottles","https://www.bbr.com/products-20238025087-2023-bourgogne-aligote-benjamin-leroux","1620881","20238025087"
"Maison Camille Giroud","2023","Bourgogne Aligote, Camille Giroud","105","Case of 6 Bottles","https://www.bbr.com/products-20238048293-2023-bourgogne-aligote-camille-giroud","2108304","20238048293"
"Domaine Thibault Liger-Belair","2018","Bourgogne Aligote, Clos des Perrieres la Combe, Domaine Thibault Liger-Belair","137","Case of 6 Bottles","https://www.bbr.com/products-20188022464-2018-bourgogne-aligote-clos-des-perrieres-la-combe-domaine-thibault-liger-belair","1727870","20188022464"
"Domaine Comte Armand","2017","Bourgogne Aligote, Comte Armand","150","Case of 6 Bottles","https://www.bbr.com/products-20178003504-2017-bourgogne-aligote-comte-armand","1171413","20178003504"
"Domaine Comte Armand","2021","Bourgogne Aligote, Comte Armand","135","Case of 6 Bottles","https://www.bbr.com/products-20218003504-2021-bourgogne-aligote-comte-armand","1171413","20218003504"
"Domaine Comte Armand","2022","Bourgogne Aligote, Comte Armand","135","Case of 6 Bottles","https://www.bbr.com/products-20228003504-2022-bourgogne-aligote-comte-armand","1171413","20228003504"
"Domaine Comte Armand","2023","Bourgogne Aligote, Comte Armand","140","Case of 6 Bottles","https://www.bbr.com/products-20238003504-2023-bourgogne-aligote-comte-armand","1171413","20238003504"
"Domaine Jobard-Morey","2021","Bourgogne Aligote, Domaine Jobard-Morey","240","Case of 6 Bottles","https://www.bbr.com/products-20218179142-2021-bourgogne-aligote-domaine-jobard-morey","2741039","20218179142"
"Domaine Pierre Vincent","2023","Bourgogne Aligote, Domaine Pierre Vincent","340","Case of 6 Bottles","https://www.bbr.com/products-20238182050-2023-bourgogne-aligote-domaine-pierre-vincent","3063075","20238182050"
"Domaine Sylvain Cathiard","2019","Bourgogne Aligote, Domaine Sylvain Cathiard","393","Case of 6 Bottles","https://www.bbr.com/products-20198055066-2019-bourgogne-aligote-domaine-sylvain-cathiard","1882982","20198055066"
"Domaine Sylvain Cathiard","2021","Bourgogne Aligote, Domaine Sylvain Cathiard","126","Case of 6 Bottles","https://www.bbr.com/products-20218055066-2021-bourgogne-aligote-domaine-sylvain-cathiard","1882982","20218055066"
"Domaine Sylvain Cathiard","2023","Bourgogne Aligote, Domaine Sylvain Cathiard","110","Case of 6 Bottles","https://www.bbr.com/products-20238055066-2023-bourgogne-aligote-domaine-sylvain-cathiard","1882982","20238055066"
"La Pierre Ronde","2022","Bourgogne Aligote, Jeunes Vignes, Antoine Lepetit de la Bigne, La Pierre Ronde","168","Case of 6 Bottles","https://www.bbr.com/products-20228312963-2022-bourgogne-aligote-jeunes-vignes-antoine-lepetit-de-la-bigne-la-pierre-ronde","3005398","20228312963"
"Domaine Naudin-Ferrand","2018","Bourgogne Aligote, Le Clou 34, Domaine Naudin-Ferrand, Burgundy","375","Case of 12 Bottles","https://www.bbr.com/products-20181528204-2018-bourgogne-aligote-le-clou-34-domaine-naudin-ferrand-burgundy","1528204","20181528204"
"Jerome Galeyrand","2022","Bourgogne Aligote, Le Cran, Jerome Galeyrand","150","Case of 6 Bottles","https://www.bbr.com/products-20228310376-2022-bourgogne-aligote-le-cran-jerome-galeyrand","1974450","20228310376"
"Domaine Sylvain Pataille","2020","Bourgogne Aligote, Les Auvonnes au Pepe, Domaine Sylvain Pataille, Burgundy","200","Case of 6 Bottles","https://www.bbr.com/products-20208070641-2020-bourgogne-aligote-les-auvonnes-au-pepe-domaine-sylvain-pataille-burgundy","1811456","20208070641"
"Domaine Sylvain Pataille","2022","Bourgogne Aligote, Les Auvonnes au Pepe, Domaine Sylvain Pataille, Burgundy","250","Case of 6 Bottles","https://www.bbr.com/products-20228070641-2022-bourgogne-aligote-les-auvonnes-au-pepe-domaine-sylvain-pataille-burgundy","1811456","20228070641"
"Charles Lachaux","2019","Bourgogne Aligote, Les Champs d'Argent, Charles Lachaux, Burgundy","2800","Case of 6 Bottles","https://www.bbr.com/products-20198183578-2019-bourgogne-aligote-les-champs-d-argent-charles-lachaux-burgundy","1835962","20198183578"
"Domaine Marc Colin","2016","Bourgogne Aligote, Marc Colin &amp; Fils","275","Case of 12 Bottles","https://www.bbr.com/products-20161508640-2016-bourgogne-aligote-marc-colin-and-fils","1508640","20161508640"
"Maison Pierre-Yves Colin-Morey","2021","Bourgogne Aligote, Pierre-Yves Colin-Morey","200","Case of 3 Bottles","https://www.bbr.com/products-20218106830-2021-bourgogne-aligote-pierre-yves-colin-morey","1450284","20218106830"
"Domaine Jean-Marc Vincent","","Bourgogne Aligote, Soler Al, Jean-Marc Vincent","3000","Case of 6 Bottles","https://www.bbr.com/products-10008323457-bourgogne-aligote-soler-al-jean-marc-vincent","2836087","10008323457"
"Domaine d'Auvenay","2018","Bourgogne Aligote, Sous Chatelet, Domaine d'Auvenay","6800","Case of 3 Bottles","https://www.bbr.com/products-20188109684-2018-bourgogne-aligote-sous-chatelet-domaine-d-auvenay","1317017","20188109684"
"Theo Dancer","2021","Bourgogne Aligote, Theo Dancer","245","Case of 6 Bottles","https://www.bbr.com/products-20218075952-2021-bourgogne-aligote-theo-dancer","2667171","20218075952"
"Theo Dancer","2022","Bourgogne Aligote, Theo Dancer","450","Case of 6 Magnums","https://www.bbr.com/products-20228075952-2022-bourgogne-aligote-theo-dancer","2667171","20228075952"
"Theo Dancer","2023","Bourgogne Aligote, Theo Dancer","500","Case of 6 Magnums","https://www.bbr.com/products-20238075952-2023-bourgogne-aligote-theo-dancer","2667171","20238075952"
"Domaine Bruno Clavelier","2022","Bourgogne Aligote, Vieilles Vignes, Domaine Bruno Clavelier, Burgundy","210","Case of 12 Bottles","https://www.bbr.com/products-20228020499-2022-bourgogne-aligote-vieilles-vignes-domaine-bruno-clavelier-burgundy","1525418","20228020499"
"Benjamin Leroux","2020","Bourgogne Blanc, Benjamin Leroux","150","Case of 6 Bottles","https://www.bbr.com/products-20201171370-2020-bourgogne-blanc-benjamin-leroux","1171370","20201171370"
"Benjamin Leroux","2023","Bourgogne Blanc, Benjamin Leroux","145","Case of 6 Bottles","https://www.bbr.com/products-20231171370-2023-bourgogne-blanc-benjamin-leroux","1171370","20231171370"
"Chateau de Puligny-Montrachet","2013","Bourgogne Blanc, Clos-du-Chateau, Chateau de Puligny-Montrachet","165","Case of 12 Bottles","https://www.bbr.com/products-20131063132-2013-bourgogne-blanc-clos-du-chateau-chateau-de-puligny-montrachet","1063132","20131063132"
"Chateau de Puligny-Montrachet","2014","Bourgogne Blanc, Clos-du-Chateau, Chateau de Puligny-Montrachet","260","Case of 12 Bottles","https://www.bbr.com/products-20141063132-2014-bourgogne-blanc-clos-du-chateau-chateau-de-puligny-montrachet","1063132","20141063132"
"Domaine de Montille","2019","Bourgogne Blanc, Clos-du-Chateau, Domaine de Montille","450","Case of 12 Bottles","https://www.bbr.com/products-20198012876-2019-bourgogne-blanc-clos-du-chateau-domaine-de-montille","1063132","20198012876"
"Domaine de Montille","2020","Bourgogne Blanc, Clos-du-Chateau, Domaine de Montille","305","Case of 12 Bottles","https://www.bbr.com/products-20208012876-2020-bourgogne-blanc-clos-du-chateau-domaine-de-montille","1063132","20208012876"
"Domaine Patrick Javillier","2012","Bourgogne Blanc, Cuvee Oligocene, Patrick Javillier","220","Case of 12 Bottles","https://www.bbr.com/products-20128009492-2012-bourgogne-blanc-cuvee-oligocene-patrick-javillier","1071133","20128009492"
"Domaine Patrick Javillier","2014","Bourgogne Blanc, Cuvee Oligocene, Patrick Javillier","340","Case of 12 Bottles","https://www.bbr.com/products-20148009492-2014-bourgogne-blanc-cuvee-oligocene-patrick-javillier","1071133","20148009492"
"Domaine Patrick Javillier","2015","Bourgogne Blanc, Cuvee Oligocene, Patrick Javillier","330","Case of 12 Bottles","https://www.bbr.com/products-20158009492-2015-bourgogne-blanc-cuvee-oligocene-patrick-javillier","1071133","20158009492"
"Domaine Patrick Javillier","2016","Bourgogne Blanc, Cuvee Oligocene, Patrick Javillier","340","Case of 12 Bottles","https://www.bbr.com/products-20168009492-2016-bourgogne-blanc-cuvee-oligocene-patrick-javillier","1071133","20168009492"
"Laurent Ponsot SAS","2019","Bourgogne Blanc, Cuvee du Perce Neige, Laurent Ponsot, Burgundy","160","Case of 6 Bottles","https://www.bbr.com/products-20198242981-2019-bourgogne-blanc-cuvee-du-perce-neige-laurent-ponsot-burgundy","1646203","20198242981"
"Domaine Antoine Jobard","2017","Bourgogne Blanc, Domaine Antoine Jobard","140","Case of 6 Bottles","https://www.bbr.com/products-20171232846-2017-bourgogne-blanc-domaine-antoine-jobard","1232846","20171232846"
"Domaine Antoine Jobard","2019","Bourgogne Blanc, Domaine Antoine Jobard","140","Case of 6 Bottles","https://www.bbr.com/products-20191232846-2019-bourgogne-blanc-domaine-antoine-jobard","1232846","20191232846"
"Domaine Antoine Jobard","2020","Bourgogne Blanc, Domaine Antoine Jobard","155","Case of 6 Bottles","https://www.bbr.com/products-20201232846-2020-bourgogne-blanc-domaine-antoine-jobard","1232846","20201232846"
"Domaine Antoine Jobard","2021","Bourgogne Blanc, Domaine Antoine Jobard","145","Case of 6 Bottles","https://www.bbr.com/products-20211232846-2021-bourgogne-blanc-domaine-antoine-jobard","1232846","20211232846"
"Domaine Antoine Jobard","2023","Bourgogne Blanc, Domaine Antoine Jobard","125","Case of 6 Bottles","https://www.bbr.com/products-20231232846-2023-bourgogne-blanc-domaine-antoine-jobard","1232846","20231232846"
"Domaine Ballot-Millot & Fils","2023","Bourgogne Blanc, Domaine Ballot Millot &amp; Fils, Burgundy","150","Case of 6 Bottles","https://www.bbr.com/products-20238064282-2023-bourgogne-blanc-domaine-ballot-millot-and-fils-burgundy","1231706","20238064282"
"Domaine Henri Germain","2023","Bourgogne Blanc, Domaine Henri Germain &amp; Fils","165","Case of 6 Bottles","https://www.bbr.com/products-20238229254-2023-bourgogne-blanc-domaine-henri-germain-and-fils","1810925","20238229254"
"Jean Marc Boillot","2021","Bourgogne Blanc, Domaine Jean-Marc Boillot","298","Case of 12 Bottles","https://www.bbr.com/products-20211061415-2021-bourgogne-blanc-domaine-jean-marc-boillot","1061415","20211061415"
"Domaine Leflaive","2014","Bourgogne Blanc, Domaine Leflaive","580","Case of 6 Bottles","https://www.bbr.com/products-20141073384-2014-bourgogne-blanc-domaine-leflaive","1073384","20141073384"
"Domaine Leflaive","2015","Bourgogne Blanc, Domaine Leflaive","1200","Case of 12 Bottles","https://www.bbr.com/products-20151073384-2015-bourgogne-blanc-domaine-leflaive","1073384","20151073384"
"Domaine Leflaive","2020","Bourgogne Blanc, Domaine Leflaive","580","Case of 6 Bottles","https://www.bbr.com/products-20201073384-2020-bourgogne-blanc-domaine-leflaive","1073384","20201073384"
"Domaine Leflaive","2022","Bourgogne Blanc, Domaine Leflaive","495","Case of 6 Bottles","https://www.bbr.com/products-20221073384-2022-bourgogne-blanc-domaine-leflaive","1073384","20221073384"
"Dominique Lafon","2018","Bourgogne Blanc, Dominique Lafon, Burgundy","240","Case of 12 Bottles","https://www.bbr.com/products-20181171442-2018-bourgogne-blanc-dominique-lafon-burgundy","1171442","20181171442"
"Dominique Lafon","2020","Bourgogne Blanc, Dominique Lafon, Burgundy","245","Case of 12 Bottles","https://www.bbr.com/products-20201171442-2020-bourgogne-blanc-dominique-lafon-burgundy","1171442","20201171442"
"Dominique Lafon","2022","Bourgogne Blanc, Dominique Lafon, Burgundy","280","Case of 12 Bottles","https://www.bbr.com/products-20221171442-2022-bourgogne-blanc-dominique-lafon-burgundy","1171442","20221171442"
"Pierre Girardin","2017","Bourgogne Blanc, Eclat de Calcaire, Pierre Girardin, Burgundy","240","Case of 6 Bottles","https://www.bbr.com/products-20178051736-2017-bourgogne-blanc-eclat-de-calcaire-pierre-girardin-burgundy","1858471","20178051736"
"Pierre Girardin","2020","Bourgogne Blanc, Eclat de Calcaire, Pierre Girardin, Burgundy","300","Case of 6 Bottles","https://www.bbr.com/products-20208051736-2020-bourgogne-blanc-eclat-de-calcaire-pierre-girardin-burgundy","1858471","20208051736"
"Pierre Girardin","2020","Bourgogne Blanc, Eclat de Calcaire, Pierre Girardin, Burgundy","540","Case of 6 Magnums","https://www.bbr.com/products-20208051736-2020-bourgogne-blanc-eclat-de-calcaire-pierre-girardin-burgundy","1858471","20208051736"
"Henri Boillot","2016","Bourgogne Blanc, Henri Boillot","170","Case of 6 Bottles","https://www.bbr.com/products-20168014652-2016-bourgogne-blanc-henri-boillot","1060942","20168014652"
"Henri Boillot","2019","Bourgogne Blanc, Henri Boillot","348","Case of 12 Bottles","https://www.bbr.com/products-20198014652-2019-bourgogne-blanc-henri-boillot","1060942","20198014652"
"Domaine Roulot","2016","Bourgogne Blanc, Jean-Marc Roulot","600","Case of 6 Bottles","https://www.bbr.com/products-20168037666-2016-bourgogne-blanc-jean-marc-roulot","1079979","20168037666"
"Jean-Philippe Fichet","2017","Bourgogne Blanc, Jean-Philippe Fichet","650","Case of 12 Bottles","https://www.bbr.com/products-20171068368-2017-bourgogne-blanc-jean-philippe-fichet","1068368","20171068368"
"Jean-Philippe Fichet","2019","Bourgogne Blanc, Jean-Philippe Fichet","280","Case of 12 Bottles","https://www.bbr.com/products-20191068368-2019-bourgogne-blanc-jean-philippe-fichet","1068368","20191068368"
"Domaine Boisson-Vadot","2021","Bourgogne Blanc, Les Clous Perrons, Anne Boisson","180","Case of 6 Bottles","https://www.bbr.com/products-20218328524-2021-bourgogne-blanc-les-clous-perrons-anne-boisson","2984384","20218328524"
"Domaine Ghislaine Barthod","2022","Bourgogne Blanc, Les Graviers, Domaine Ghislaine Barthod, Burgundy","285","Case of 12 Bottles","https://www.bbr.com/products-20228234661-2022-bourgogne-blanc-les-graviers-domaine-ghislaine-barthod-burgundy","2818557","20228234661"
"Domaine Ghislaine Barthod","2023","Bourgogne Blanc, Les Graviers, Domaine Ghislaine Barthod, Burgundy","160","Case of 6 Bottles","https://www.bbr.com/products-20238234661-2023-bourgogne-blanc-les-graviers-domaine-ghislaine-barthod-burgundy","2818557","20238234661"
"Domaine Boisson-Vadot","2018","Bourgogne Blanc, Les Herbeux, Pierre Boisson","360","Case of 6 Bottles","https://www.bbr.com/products-20188067384-2018-bourgogne-blanc-les-herbeux-pierre-boisson","2045847","20188067384"
"Maison Leroy","2017","Bourgogne Blanc, Maison Leroy","1630","Case of 12 Bottles","https://www.bbr.com/products-20178064123-2017-bourgogne-blanc-maison-leroy","1074378","20178064123"
"Meo-Camuzet","2019","Bourgogne Blanc, Meo-Camuzet Frere & Soeurs","160","Case of 6 Bottles","https://www.bbr.com/products-20191075245-2019-bourgogne-blanc-meo-camuzet-frere-soeurs","1075245","20191075245"
"Meo-Camuzet","2020","Bourgogne Blanc, Meo-Camuzet Frere & Soeurs","172","Case of 6 Bottles","https://www.bbr.com/products-20201075245-2020-bourgogne-blanc-meo-camuzet-frere-soeurs","1075245","20201075245"
"Meo-Camuzet","2020","Bourgogne Blanc, Meo-Camuzet Frere & Soeurs","170","Case of 6 Bottles","https://www.bbr.com/products-20201075245-2020-bourgogne-blanc-meo-camuzet-frere-soeurs","1075245","20201075245"
"Domaine Boisson-Vadot","2016","Bourgogne Blanc, Pierre Boisson","480","Case of 12 Bottles","https://www.bbr.com/products-20168210155-2016-bourgogne-blanc-pierre-boisson","1177574","20168210155"
"Domaine Boisson-Vadot","2018","Bourgogne Blanc, Pierre Boisson","300","Case of 6 Bottles","https://www.bbr.com/products-20188210155-2018-bourgogne-blanc-pierre-boisson","1177574","20188210155"
"Domaine Boisson-Vadot","2021","Bourgogne Blanc, Pierre Boisson","150","Case of 6 Bottles","https://www.bbr.com/products-20218210155-2021-bourgogne-blanc-pierre-boisson","1177574","20218210155"
"Jean-Philippe Fichet","2013","Bourgogne Blanc, Vieilles Vignes, Jean-Philippe Fichet","400","Case of 12 Bottles","https://www.bbr.com/products-20131300589-2013-bourgogne-blanc-vieilles-vignes-jean-philippe-fichet","1300589","20131300589"
"Jean-Philippe Fichet","2014","Bourgogne Blanc, Vieilles Vignes, Jean-Philippe Fichet","490","Case of 12 Bottles","https://www.bbr.com/products-20141300589-2014-bourgogne-blanc-vieilles-vignes-jean-philippe-fichet","1300589","20141300589"
"Jean-Philippe Fichet","2015","Bourgogne Blanc, Vieilles Vignes, Jean-Philippe Fichet","276","Case of 12 Bottles","https://www.bbr.com/products-20151300589-2015-bourgogne-blanc-vieilles-vignes-jean-philippe-fichet","1300589","20151300589"
"Jean-Philippe Fichet","2017","Bourgogne Blanc, Vieilles Vignes, Jean-Philippe Fichet","245","Case of 12 Bottles","https://www.bbr.com/products-20171300589-2017-bourgogne-blanc-vieilles-vignes-jean-philippe-fichet","1300589","20171300589"
"Jean-Philippe Fichet","2019","Bourgogne Blanc, Vieilles Vignes, Jean-Philippe Fichet","225","Case of 12 Bottles","https://www.bbr.com/products-20191300589-2019-bourgogne-blanc-vieilles-vignes-jean-philippe-fichet","1300589","20191300589"
"Jean-Philippe Fichet","2021","Bourgogne Blanc, Vieilles Vignes, Jean-Philippe Fichet","140","Case of 6 Bottles","https://www.bbr.com/products-20211300589-2021-bourgogne-blanc-vieilles-vignes-jean-philippe-fichet","1300589","20211300589"
"Vincent Dancer","2021","Bourgogne Blanc, Vincent Dancer","280","Case of 6 Bottles","https://www.bbr.com/products-20218217138-2021-bourgogne-blanc-vincent-dancer","1066306","20218217138"
"Domaine Arnaud Ente","2014","Bourgogne Chardonnay, Arnaud Ente","1250","Case of 6 Bottles","https://www.bbr.com/products-20141067778-2014-bourgogne-chardonnay-arnaud-ente","1067778","20141067778"
"Domaine Duroche","2018","Bourgogne Chardonnay, Domaine Duroche","250","Case of 12 Bottles","https://www.bbr.com/products-20188404499-2018-bourgogne-chardonnay-domaine-duroche","1597547","20188404499"
"Domaine Jobard-Morey","2019","Bourgogne Chardonnay, Domaine Jobard- Morey","360","Case of 6 Bottles","https://www.bbr.com/products-20198067993-2019-bourgogne-chardonnay-domaine-jobard-morey","2306771","20198067993"
"Domaine Jobard-Morey","2020","Bourgogne Chardonnay, Domaine Jobard- Morey","480","Case of 6 Bottles","https://www.bbr.com/products-20208067993-2020-bourgogne-chardonnay-domaine-jobard-morey","2306771","20208067993"
"Domaine Hubert Lamy","2020","Bourgogne Chardonnay, Les Chataigners, Domaine Hubert Lamy","695","Case of 12 Bottles","https://www.bbr.com/products-20208055327-2020-bourgogne-chardonnay-les-chataigners-domaine-hubert-lamy","1214329","20208055327"
"Xavier Monnot","2019","Bourgogne Chardonnay, Les Grandes Coutures, Xavier Monnot","190","Case of 12 Bottles","https://www.bbr.com/products-20198063126-2019-bourgogne-chardonnay-les-grandes-coutures-xavier-monnot","1421589","20198063126"
"Domaine Joseph Colin","2023","Bourgogne Chardonnay, Les Hauts de la Combe , Domaine Joseph Colin, Burgundy","150","Case of 6 Bottles","https://www.bbr.com/products-20238149567-2023-bourgogne-chardonnay-les-hauts-de-la-combe-domaine-joseph-colin-burgundy","8149567","20238149567"
"Domaine Michel Bouzereau","2016","Bourgogne Chardonnay, Michel Bouzereau & Fils","225","Case of 12 Bottles","https://www.bbr.com/products-20161062324-2016-bourgogne-chardonnay-michel-bouzereau-fils","1062324","20161062324"
"Maison Pierre-Yves Colin-Morey","2015","Bourgogne Chardonnay, Pierre-Yves Colin-Morey","600","Case of 6 Bottles","https://www.bbr.com/products-20158119764-2015-bourgogne-chardonnay-pierre-yves-colin-morey","1065527","20158119764"
"Maison Pierre-Yves Colin-Morey","2018","Bourgogne Chardonnay, Pierre-Yves Colin-Morey","399","Case of 6 Bottles","https://www.bbr.com/products-20188119764-2018-bourgogne-chardonnay-pierre-yves-colin-morey","1065527","20188119764"
"Si Tu Sais","2023","Bourgogne Chardonnay, Si Tu Sais","450","Case of 6 Bottles","https://www.bbr.com/products-20238401889-2023-bourgogne-chardonnay-si-tu-sais","3013663","20238401889"
"Domaine Michel Bouzereau","2020","Bourgogne Cote d'Or Chardonnay, Michel Bouzereau &amp; Fils","230","Case of 12 Bottles","https://www.bbr.com/products-20208017406-2020-bourgogne-cote-d-or-chardonnay-michel-bouzereau-and-fils","1062324","20208017406"
"Domaine Henri Magnien","2019","Bourgogne Cote d'Or Pinot Noir, Domaine Henri Magnien","300","Case of 12 Bottles","https://www.bbr.com/products-20198159302-2019-bourgogne-cote-d-or-pinot-noir-domaine-henri-magnien","2215499","20198159302"
"Domaine Patrick Javillier","2019","Bourgogne Cote d'Or Blanc, Cuvee Oligocene, Patrick Javillier","300","Case of 12 Bottles","https://www.bbr.com/products-20198019253-2019-bourgogne-cote-d-or-blanc-cuvee-oligocene-patrick-javillier","1071133","20198019253"
"Domaine Henri Germain","2022","Bourgogne Cote d'Or Blanc, Domaine Henri Germain &amp; Fils","150","Case of 6 Bottles","https://www.bbr.com/products-20228229300-2022-bourgogne-cote-d-or-blanc-domaine-henri-germain-and-fils","1810925","20228229300"
"Ramonet","2021","Bourgogne Cote d'Or Blanc, Jean-Claude Ramonet","545","Case of 6 Bottles","https://www.bbr.com/products-20218303109-2021-bourgogne-cote-d-or-blanc-jean-claude-ramonet","3056606","20218303109"
"Domaine Francois Carillon","2018","Bourgogne Cote d'Or Chardonnay, Le Vieux Clos, Francois Carillon","240","Case of 12 Bottles","https://www.bbr.com/products-20188164184-2018-bourgogne-cote-d-or-chardonnay-le-vieux-clos-francois-carillon","1684456","20188164184"
"Domaine Pierre Guillemot","2023","Bourgogne Cote d'Or Rouge, Domaine Pierre Guillemot","110","Case of 6 Bottles","https://www.bbr.com/products-20238317649-2023-bourgogne-cote-d-or-rouge-domaine-pierre-guillemot","3084519","20238317649"
"Domaine Guyon","2022","Bourgogne Cote d'Or Rouge, Jean-Pierre Guyon","335","Case of 6 Bottles","https://www.bbr.com/products-20221447086-2022-bourgogne-cote-d-or-rouge-jean-pierre-guyon","1447086","20221447086"
"Arnaud Baillot","2021","Bourgogne Cote d'Or, Chardonnay, Arnaud Baillot","365","Case of 12 Bottles","https://www.bbr.com/products-20218241418-2021-bourgogne-cote-d-or-chardonnay-arnaud-baillot","2765460","20218241418"
"Meo-Camuzet","2020","Bourgogne Cote d'Or, Hemisphere Nord, Meo-Camuzet Frere &amp; Soeurs","220","Case of 6 Bottles","https://www.bbr.com/products-20208047993-2020-bourgogne-cote-d-or-hemisphere-nord-meo-camuzet-frere-and-soeurs","1866560","20208047993"
"Arnaud Baillot","2021","Bourgogne Cote d'Or, Pinot Noir, Arnaud Baillot","399","Case of 12 Bottles","https://www.bbr.com/products-20218169873-2021-bourgogne-cote-d-or-pinot-noir-arnaud-baillot","2765620","20218169873"
"Jean-Philippe Fichet","2020","Bourgogne Cote d?Or Blanc, Vieilles Vignes, Jean-Philippe Fichet","140","Case of 3 Magnums","https://www.bbr.com/products-20208148834-2020-bourgogne-cote-d-or-blanc-vieilles-vignes-jean-philippe-fichet","1300589","20208148834"
"Roland Lavantureux","2021","Bourgogne Epineuil, Les Fauconniers, Roland Lavantureux","90","Case of 6 Bottles","https://www.bbr.com/products-20218252348-2021-bourgogne-epineuil-les-fauconniers-roland-lavantureux","2375522","20218252348"
"Jean-Yves Devevey","2019","Bourgogne Hautes Cotes de Beaune, 18 Lunes, Jean-Yves Devevey, Burgundy","315","Case of 12 Bottles","https://www.bbr.com/products-20198031156-2019-bourgogne-hautes-cotes-de-beaune-18-lunes-jean-yves-devevey-burgundy","1764345","20198031156"
"Domaine Denis Carre","2023","Bourgogne Hautes Cotes de Beaune, Chardonnay, Domaine Denis Carre","110","Case of 6 Bottles","https://www.bbr.com/products-20238017015-2023-bourgogne-hautes-cotes-de-beaune-chardonnay-domaine-denis-carre","1822836","20238017015"
"Domaine Jobard-Morey","2021","Bourgogne Hautes Cotes de Beaune, Domaine Jobard-Morey","300","Case of 6 Bottles","https://www.bbr.com/products-20218179155-2021-bourgogne-hautes-cotes-de-beaune-domaine-jobard-morey","2998967","20218179155"
"Domaine Denis Carre","2020","Bourgogne Hautes Cotes de Beaune, La Perriere, Domaine Denis Carre","210","Case of 12 Bottles","https://www.bbr.com/products-20208016874-2020-bourgogne-hautes-cotes-de-beaune-la-perriere-domaine-denis-carre","1802605","20208016874"
"Domaine Denis Carre","2023","Bourgogne Hautes Cotes de Beaune, La Perriere, Domaine Denis Carre","165","Case of 6 Bottles","https://www.bbr.com/products-20238016874-2023-bourgogne-hautes-cotes-de-beaune-la-perriere-domaine-denis-carre","1802605","20238016874"
"Domaine Sylvain Cathiard","2020","Bourgogne Hautes Cotes de Nuits Blanc, Domaine Sylvain Cathiard","395","Case of 6 Bottles","https://www.bbr.com/products-20208148948-2020-bourgogne-hautes-cotes-de-nuits-blanc-domaine-sylvain-cathiard","2202220","20208148948"
"Domaine Sylvain Cathiard","2020","Bourgogne Hautes Cotes de Nuits Blanc, Domaine Sylvain Cathiard","450","Case of 6 Bottles","https://www.bbr.com/products-20208148948-2020-bourgogne-hautes-cotes-de-nuits-blanc-domaine-sylvain-cathiard","2202220","20208148948"
"Gros Frere et Soeur","2019","Bourgogne Hautes Cotes de Nuits Rouge, Domaine Gros Frere &amp; Soeur","222","Case of 6 Bottles","https://www.bbr.com/products-20198321466-2019-bourgogne-hautes-cotes-de-nuits-rouge-domaine-gros-frere-and-soeur","1036369","20198321466"
"Maxime Cheurlin Noellat","2015","Bourgogne Hautes Cotes de Nuits, Maxime Cheurlin Noellat","155","Case of 6 Bottles","https://www.bbr.com/products-20158048424-2015-bourgogne-hautes-cotes-de-nuits-maxime-cheurlin-noellat","1503108","20158048424"
"Maxime Cheurlin Noellat","2018","Bourgogne Hautes Cotes de Nuits, Maxime Cheurlin Noellat","100","Case of 6 Bottles","https://www.bbr.com/products-20188048424-2018-bourgogne-hautes-cotes-de-nuits-maxime-cheurlin-noellat","1503108","20188048424"
"Domaine Naudin-Ferrand","2020","Bourgogne Hautes-Cotes de Beaune Blanc, Bellis Perennis, Domaine Naudin Ferrand","375","Case of 6 Bottles","https://www.bbr.com/products-20201382381-2020-bourgogne-hautes-cotes-de-beaune-blanc-bellis-perennis-domaine-naudin-ferrand","1382381","20201382381"
"Domaine Naudin-Ferrand","2021","Bourgogne Hautes-Cotes de Beaune Blanc, Bellis Perennis, Domaine Naudin Ferrand","325","Case of 6 Bottles","https://www.bbr.com/products-20211382381-2021-bourgogne-hautes-cotes-de-beaune-blanc-bellis-perennis-domaine-naudin-ferrand","1382381","20211382381"
"Domaine Naudin-Ferrand","2022","Bourgogne Hautes-Cotes de Beaune Blanc, Bellis Perennis, Domaine Naudin Ferrand","260","Case of 6 Bottles","https://www.bbr.com/products-20221382381-2022-bourgogne-hautes-cotes-de-beaune-blanc-bellis-perennis-domaine-naudin-ferrand","1382381","20221382381"
"Domaine Naudin-Ferrand","2019","Bourgogne Hautes-Cotes de Beaune Blanc, Bellis Perennis, DomaineNaudin Ferrand","300","Case of 6 Bottles","https://www.bbr.com/products-20191382381-2019-bourgogne-hautes-cotes-de-beaune-blanc-bellis-perennis-domainenaudin-ferrand","1382381","20191382381"
"Etienne Sauzet","2019","Bourgogne Hautes-Cotes de Beaune Blanc, Jardin du Calvaire, Etienne Sauzet","216","Case of 6 Bottles","https://www.bbr.com/products-20198154769-2019-bourgogne-hautes-cotes-de-beaune-blanc-jardin-du-calvaire-etienne-sauzet","1867916","20198154769"
"Domaine Boris Champy","2022","Bourgogne Hautes-Cotes de Beaune Blanc, Montagne 382, Domaine Boris Champy","360","Case of 12 Bottles","https://www.bbr.com/products-20228303079-2022-bourgogne-hautes-cotes-de-beaune-blanc-montagne-382-domaine-boris-champy","2669364","20228303079"
"Domaine Boris Champy","2023","Bourgogne Hautes-Cotes de Beaune Blanc, Montagne 382, Domaine Boris Champy","260","Case of 12 Bottles","https://www.bbr.com/products-20238303079-2023-bourgogne-hautes-cotes-de-beaune-blanc-montagne-382-domaine-boris-champy","2669364","20238303079"
"Vincent Dancer","2023","Bourgogne Hautes-Cotes de Beaune Blanc, Vincent Dancer","300","Case of 6 Bottles","https://www.bbr.com/products-20238183510-2023-bourgogne-hautes-cotes-de-beaune-blanc-vincent-dancer","2763163","20238183510"
"Domaine de Cassiopee","2022","Bourgogne Hautes-Cotes de Beaune Rouge, Les Cotes, Domaine de Cassiopee","610","Case of 12 Bottles","https://www.bbr.com/products-20228179937-2022-bourgogne-hautes-cotes-de-beaune-rouge-les-cotes-domaine-de-cassiopee","2556394","20228179937"
"Domaine Boris Champy","2021","Bourgogne Hautes-Cotes de Beaune, Altitude 377, Domaine Boris Champy","234","Case of 6 Bottles","https://www.bbr.com/products-20218072560-2021-bourgogne-hautes-cotes-de-beaune-altitude-377-domaine-boris-champy","1974203","20218072560"
"La Pierre Ronde","2023","Bourgogne Hautes-Cotes de Beaune, Chardonnay, Antoine Lepetit de la Bigne, La Pierre Ronde","150","Case of 6 Bottles","https://www.bbr.com/products-20238079282-2023-bourgogne-hautes-cotes-de-beaune-chardonnay-antoine-lepetit-de-la-bigne-la-pierre-ronde","3012099","20238079282"
"Sebastien Magnien","2015","Bourgogne Hautes-Cotes de Beaune, Clos de la Perriere, Domaine Sebastien Magnien","200","Case of 12 Bottles","https://www.bbr.com/products-20151171312-2015-bourgogne-hautes-cotes-de-beaune-clos-de-la-perriere-domaine-sebastien-magnien","1171312","20151171312"
"Sebastien Magnien","2019","Bourgogne Hautes-Cotes de Beaune, Clos de la Perriere, Domaine Sebastien Magnien","220","Case of 12 Bottles","https://www.bbr.com/products-20191171312-2019-bourgogne-hautes-cotes-de-beaune-clos-de-la-perriere-domaine-sebastien-magnien","1171312","20191171312"
"Sebastien Magnien","2020","Bourgogne Hautes-Cotes de Beaune, Clos de la Perriere, Domaine Sebastien Magnien","240","Case of 12 Bottles","https://www.bbr.com/products-20201171312-2020-bourgogne-hautes-cotes-de-beaune-clos-de-la-perriere-domaine-sebastien-magnien","1171312","20201171312"
"Sebastien Magnien","2021","Bourgogne Hautes-Cotes de Beaune, Clos de la Perriere, Domaine Sebastien Magnien","210","Case of 12 Bottles","https://www.bbr.com/products-20211171312-2021-bourgogne-hautes-cotes-de-beaune-clos-de-la-perriere-domaine-sebastien-magnien","1171312","20211171312"
"Sebastien Magnien","2014","Bourgogne Hautes-Cotes de Beaune, Clos de la Perriere, DomaineSebastien Magnien","230","Case of 12 Bottles","https://www.bbr.com/products-20141171312-2014-bourgogne-hautes-cotes-de-beaune-clos-de-la-perriere-domainesebastien-magnien","1171312","20141171312"
"Sebastien Magnien","2018","Bourgogne Hautes-Cotes de Beaune, Clos de la Perriere, DomaineSebastien Magnien","230","Case of 12 Bottles","https://www.bbr.com/products-20181171312-2018-bourgogne-hautes-cotes-de-beaune-clos-de-la-perriere-domainesebastien-magnien","1171312","20181171312"
"Domaine Boris Champy","2021","Bourgogne Hautes-Cotes de Beaune, Clou 377, Domaine Boris Champy, Burgundy","135","Case of 6 Bottles","https://www.bbr.com/products-20218243148-2021-bourgogne-hautes-cotes-de-beaune-clou-377-domaine-boris-champy-burgundy","1974203","20218243148"
"Domaine Hoffmann-Jayer","2019","Bourgogne Hautes-Cotes de Beaune, Domaine Hoffmann-Jayer","295","Case of 6 Bottles","https://www.bbr.com/products-20198168313-2019-bourgogne-hautes-cotes-de-beaune-domaine-hoffmann-jayer","1039083","20198168313"
"Domaine Naudin-Ferrand","2019","Bourgogne Hautes-Cotes de Beaune, Orchis Mascula, Domaine Naudin- Ferrand","290","Case of 6 Bottles","https://www.bbr.com/products-20198011374-2019-bourgogne-hautes-cotes-de-beaune-orchis-mascula-domaine-naudin-ferrand","1363287","20198011374"
"Domaine Naudin-Ferrand","2020","Bourgogne Hautes-Cotes de Beaune, Orchis Mascula, Domaine Naudin- Ferrand","275","Case of 6 Bottles","https://www.bbr.com/products-20208011374-2020-bourgogne-hautes-cotes-de-beaune-orchis-mascula-domaine-naudin-ferrand","1363287","20208011374"
"Domaine Naudin-Ferrand","2021","Bourgogne Hautes-Cotes de Beaune, Orchis Mascula, Domaine Naudin- Ferrand","235","Case of 6 Bottles","https://www.bbr.com/products-20218011374-2021-bourgogne-hautes-cotes-de-beaune-orchis-mascula-domaine-naudin-ferrand","1363287","20218011374"
"Domaine Naudin-Ferrand","2022","Bourgogne Hautes-Cotes de Beaune, Orchis Mascula, Domaine Naudin- Ferrand","228","Case of 6 Bottles","https://www.bbr.com/products-20228011374-2022-bourgogne-hautes-cotes-de-beaune-orchis-mascula-domaine-naudin-ferrand","1363287","20228011374"
"Domaine Naudin-Ferrand","2023","Bourgogne Hautes-Cotes de Beaune, Orchis Mascula, Domaine Naudin- Ferrand","200","Case of 6 Bottles","https://www.bbr.com/products-20238011374-2023-bourgogne-hautes-cotes-de-beaune-orchis-mascula-domaine-naudin-ferrand","1363287","20238011374"
"Domaine Jean-Noel Gagnard","2020","Bourgogne Hautes-Cotes de Beaune, Sous Eguisons, Domaine Jean-Noel Gagnard","350","Case of 12 Bottles","https://www.bbr.com/products-20201171208-2020-bourgogne-hautes-cotes-de-beaune-sous-eguisons-domaine-jean-noel-gagnard","1171208","20201171208"
"Meo-Camuzet","2021","Bourgogne Hautes-Cotes de Nuits Blanc, Clos Saint-Philibert, Domaine Meo-Camuzet","300","Case of 6 Bottles","https://www.bbr.com/products-20211075261-2021-bourgogne-hautes-cotes-de-nuits-blanc-clos-saint-philibert-domaine-meo-camuzet","1403873","20211075261"
"Domaine A-F Gros","2021","Bourgogne Hautes-Cotes de Nuits Blanc, Domaine A.-F. Gros","195","Case of 6 Bottles","https://www.bbr.com/products-20218148720-2021-bourgogne-hautes-cotes-de-nuits-blanc-domaine-a-f-gros","2167176","20218148720"
"Domaine A-F Gros","2022","Bourgogne Hautes-Cotes de Nuits Rouge, Domaine A.-F. Gros","200","Case of 6 Bottles","https://www.bbr.com/products-20228156646-2022-bourgogne-hautes-cotes-de-nuits-rouge-domaine-a-f-gros","2375519","20228156646"
"Domaine A-F Gros","2023","Bourgogne Hautes-Cotes de Nuits Rouge, Domaine A.-F. Gros","120","Case of 6 Bottles","https://www.bbr.com/products-20238156646-2023-bourgogne-hautes-cotes-de-nuits-rouge-domaine-a-f-gros","2375519","20238156646"
"Domaine Sylvain Cathiard","2019","Bourgogne Hautes-Cotes de Nuits, Aux Chaumes, Domaine Sylvain Cathiard","270","Case of 6 Bottles","https://www.bbr.com/products-20198060444-2019-bourgogne-hautes-cotes-de-nuits-aux-chaumes-domaine-sylvain-cathiard","1973046","20198060444"
"Domaine Sylvain Cathiard","2020","Bourgogne Hautes-Cotes de Nuits, Aux Chaumes, Domaine Sylvain Cathiard","300","Case of 6 Bottles","https://www.bbr.com/products-20208060444-2020-bourgogne-hautes-cotes-de-nuits-aux-chaumes-domaine-sylvain-cathiard","1973046","20208060444"
"Domaine Sylvain Cathiard","2021","Bourgogne Hautes-Cotes de Nuits, Aux Chaumes, Domaine Sylvain Cathiard","275","Case of 6 Bottles","https://www.bbr.com/products-20218060444-2021-bourgogne-hautes-cotes-de-nuits-aux-chaumes-domaine-sylvain-cathiard","1973046","20218060444"
"Domaine Sylvain Cathiard","2021","Bourgogne Hautes-Cotes de Nuits, Aux Chaumes, Domaine Sylvain Cathiard","368","Case of 6 Bottles","https://www.bbr.com/products-20218060444-2021-bourgogne-hautes-cotes-de-nuits-aux-chaumes-domaine-sylvain-cathiard","1973046","20218060444"
"Domaine Sylvain Cathiard","2022","Bourgogne Hautes-Cotes de Nuits, Aux Chaumes, Domaine Sylvain Cathiard","295","Case of 6 Bottles","https://www.bbr.com/products-20228060444-2022-bourgogne-hautes-cotes-de-nuits-aux-chaumes-domaine-sylvain-cathiard","1973046","20228060444"
"Domaine Sylvain Cathiard","2023","Bourgogne Hautes-Cotes de Nuits, Aux Chaumes, Domaine Sylvain Cathiard","240","Case of 6 Bottles","https://www.bbr.com/products-20238060444-2023-bourgogne-hautes-cotes-de-nuits-aux-chaumes-domaine-sylvain-cathiard","1973046","20238060444"
"Domaine Thibault Liger-Belair","2021","Bourgogne Hautes-Cotes de Nuits, La Corvee de Villy, Thibault Liger-Belair","145","Case of 6 Bottles","https://www.bbr.com/products-20218022565-2021-bourgogne-hautes-cotes-de-nuits-la-corvee-de-villy-thibault-liger-belair","1044894","20218022565"
"Domaine Sylvain Cathiard","2019","Bourgogne Hautes-Cotes de Nuits, Les Dames Huguettes, Domaine Sylvain Cathiard","300","Case of 6 Bottles","https://www.bbr.com/products-20198128300-2019-bourgogne-hautes-cotes-de-nuits-les-dames-huguettes-domaine-sylvain-cathiard","1973059","20198128300"
"Domaine Sylvain Cathiard","2019","Bourgogne Hautes-Cotes de Nuits, Les Dames Huguettes, Domaine Sylvain Cathiard","300","Case of 6 Bottles","https://www.bbr.com/products-20198128300-2019-bourgogne-hautes-cotes-de-nuits-les-dames-huguettes-domaine-sylvain-cathiard","1973059","20198128300"
"Domaine Sylvain Cathiard","2020","Bourgogne Hautes-Cotes de Nuits, Les Dames Huguettes, Domaine Sylvain Cathiard","240","Case of 6 Bottles","https://www.bbr.com/products-20208128300-2020-bourgogne-hautes-cotes-de-nuits-les-dames-huguettes-domaine-sylvain-cathiard","1973059","20208128300"
"Domaine Sylvain Cathiard","2021","Bourgogne Hautes-Cotes de Nuits, Les Dames Huguettes, Domaine Sylvain Cathiard","279","Case of 6 Bottles","https://www.bbr.com/products-20218128300-2021-bourgogne-hautes-cotes-de-nuits-les-dames-huguettes-domaine-sylvain-cathiard","1973059","20218128300"
"Domaine Sylvain Cathiard","2023","Bourgogne Hautes-Cotes de Nuits, Les Dames Huguettes, Domaine Sylvain Cathiard","315","Case of 6 Bottles","https://www.bbr.com/products-20238128300-2023-bourgogne-hautes-cotes-de-nuits-les-dames-huguettes-domaine-sylvain-cathiard","1973059","20238128300"
"Domaine Naudin-Ferrand","2020","Bourgogne Hautes-Cotes de Nuits, Myosotis Arvensis, Claire Naudin","250","Case of 6 Bottles","https://www.bbr.com/products-20201363290-2020-bourgogne-hautes-cotes-de-nuits-myosotis-arvensis-claire-naudin","1363290","20201363290"
"Domaine Naudin-Ferrand","2021","Bourgogne Hautes-Cotes de Nuits, Myosotis Arvensis, Claire Naudin","275","Case of 6 Bottles","https://www.bbr.com/products-20211363290-2021-bourgogne-hautes-cotes-de-nuits-myosotis-arvensis-claire-naudin","1363290","20211363290"
"Domaine Naudin-Ferrand","2022","Bourgogne Hautes-Cotes de Nuits, Myosotis Arvensis, Claire Naudin","275","Case of 6 Bottles","https://www.bbr.com/products-20221363290-2022-bourgogne-hautes-cotes-de-nuits-myosotis-arvensis-claire-naudin","1363290","20221363290"
"Domaine Michel Lafarge","2014","Bourgogne Passetoutgrain, L'Exception, Domaine Michel Lafarge","115","Case of 6 Bottles","https://www.bbr.com/products-20141150689-2014-bourgogne-passetoutgrain-l-exception-domaine-michel-lafarge","1150689","20141150689"
"Domaine Michel Lafarge","2015","Bourgogne Passetoutgrain, L'Exception, Domaine Michel Lafarge","169","Case of 6 Bottles","https://www.bbr.com/products-20151150689-2015-bourgogne-passetoutgrain-l-exception-domaine-michel-lafarge","1150689","20151150689"
"Domaine Michel Lafarge","2017","Bourgogne Passetoutgrain, L'Exception, Domaine Michel Lafarge","180","Case of 12 Bottles","https://www.bbr.com/products-20171150689-2017-bourgogne-passetoutgrain-l-exception-domaine-michel-lafarge","1150689","20171150689"
"Domaine A-F Gros","2020","Bourgogne Pinot Noir, A.-F. Gros","180","Case of 6 Bottles","https://www.bbr.com/products-20208149020-2020-bourgogne-pinot-noir-a-f-gros","1036141","20208149020"
"Domaine Arnaud Ente","2015","Bourgogne Pinot Noir, Arnaud Ente","595","Case of 6 Bottles","https://www.bbr.com/products-20151425718-2015-bourgogne-pinot-noir-arnaud-ente","1425718","20151425718"
"Domaine A-F Gros","2018","Bourgogne Pinot Noir, Domaine A.-F. Gros","115","Case of 6 Bottles","https://www.bbr.com/products-20181036141-2018-bourgogne-pinot-noir-domaine-a-f-gros","1036141","20181036141"
"Domaine Boigey Freres","2022","Bourgogne Pinot Noir, Domaine Boigey Freres","388","Case of 6 Bottles","https://www.bbr.com/products-20228314824-2022-bourgogne-pinot-noir-domaine-boigey-freres","2988467","20228314824"
"Domaine Boigey Freres","2022","Bourgogne Pinot Noir, Domaine Boigey Freres","145","Case of 1 Magnums","https://www.bbr.com/products-20228314824-2022-bourgogne-pinot-noir-domaine-boigey-freres","2988467","20228314824"
"Domaine Hudelot-Noellat","2018","Bourgogne Pinot Noir, Domaine Hudelot-Noellat","300","Case of 12 Bottles","https://www.bbr.com/products-20188121574-2018-bourgogne-pinot-noir-domaine-hudelot-noellat","1037294","20188121574"
"Domaine Hudelot-Noellat","2021","Bourgogne Pinot Noir, Domaine Hudelot-Noellat","285","Case of 6 Bottles","https://www.bbr.com/products-20218121574-2021-bourgogne-pinot-noir-domaine-hudelot-noellat","1037294","20218121574"
"Domaine Hudelot-Noellat","2022","Bourgogne Pinot Noir, Domaine Hudelot-Noellat","190","Case of 6 Bottles","https://www.bbr.com/products-20228121574-2022-bourgogne-pinot-noir-domaine-hudelot-noellat","1037294","20228121574"
"Domaine Jean Chauvenet","2020","Bourgogne Pinot Noir, Domaine Jean Chauvenet","260","Case of 12 Bottles","https://www.bbr.com/products-20201320505-2020-bourgogne-pinot-noir-domaine-jean-chauvenet","1320505","20201320505"
"Domaine Michel Lafarge","2016","Bourgogne Pinot Noir, Domaine Michel Lafarge","180","Case of 12 Bottles","https://www.bbr.com/products-20161039894-2016-bourgogne-pinot-noir-domaine-michel-lafarge","1039894","20161039894"
"Domaine Michel Lafarge","2020","Bourgogne Pinot Noir, Domaine Michel Lafarge","360","Case of 12 Bottles","https://www.bbr.com/products-20201039894-2020-bourgogne-pinot-noir-domaine-michel-lafarge","1039894","20201039894"
"Domaine Michel Lafarge","2023","Bourgogne Pinot Noir, Domaine Michel Lafarge","126","Case of 6 Bottles","https://www.bbr.com/products-20231039894-2023-bourgogne-pinot-noir-domaine-michel-lafarge","1039894","20231039894"
"Domaine Sylvain Pataille","2022","Bourgogne Pinot Noir, Domaine Sylvain Pataille","128","Case of 6 Bottles","https://www.bbr.com/products-20228158868-2022-bourgogne-pinot-noir-domaine-sylvain-pataille","1491887","20228158868"
"Domaine Lignier-Michelot","2014","Bourgogne Pinot Noir, Lignier-Michelot","220","Case of 3 Magnums","https://www.bbr.com/products-20148029724-2014-bourgogne-pinot-noir-lignier-michelot","1198715","20148029724"
"Domaine Paul Pillot","2021","Bourgogne Pinot Noir, Paul Pillot","150","Case of 6 Bottles","https://www.bbr.com/products-20218181402-2021-bourgogne-pinot-noir-paul-pillot","1491063","20218181402"
"Sylvain Loichet","2010","Bourgogne Pinot Noir, Sylvain Loichet","658","Case of 12 Bottles","https://www.bbr.com/products-20108023429-2010-bourgogne-pinot-noir-sylvain-loichet","1182398","20108023429"
"Domaine Parent","2022","Bourgogne Pinot Noir, Selection Pomone, Domaine Parent","300","Case of 6 Bottles","https://www.bbr.com/products-20228168980-2022-bourgogne-pinot-noir-selection-pomone-domaine-parent","1902930","20228168980"
"Pierre Girardin","2020","Bourgogne Pinot Noir, Eclat de Calcaire, Pierre Girardin, Burgundy","225","Case of 6 Bottles","https://www.bbr.com/products-20208229863-2020-bourgogne-pinot-noir-eclat-de-calcaire-pierre-girardin-burgundy","1858468","20208229863"
"Frederic Cossard","2019","Bourgogne Rouge, Bedeau, Frederic Cossard, Burgundy","600","Case of 6 Bottles","https://www.bbr.com/products-20198037839-2019-bourgogne-rouge-bedeau-frederic-cossard-burgundy","1642944","20198037839"
"Benjamin Leroux","2015","Bourgogne Rouge, Benjamin Leroux","125","Case of 6 Bottles","https://www.bbr.com/products-20151043464-2015-bourgogne-rouge-benjamin-leroux","1043464","20151043464"
"Benjamin Leroux","2017","Bourgogne Rouge, Benjamin Leroux","175","Case of 6 Bottles","https://www.bbr.com/products-20171043464-2017-bourgogne-rouge-benjamin-leroux","1043464","20171043464"
"Benjamin Leroux","2018","Bourgogne Rouge, Benjamin Leroux","110","Case of 6 Bottles","https://www.bbr.com/products-20181043464-2018-bourgogne-rouge-benjamin-leroux","1043464","20181043464"
"Benjamin Leroux","2019","Bourgogne Rouge, Benjamin Leroux","125","Case of 6 Bottles","https://www.bbr.com/products-20191043464-2019-bourgogne-rouge-benjamin-leroux","1043464","20191043464"
"Benjamin Leroux","2020","Bourgogne Rouge, Benjamin Leroux","150","Case of 6 Bottles","https://www.bbr.com/products-20201043464-2020-bourgogne-rouge-benjamin-leroux","1043464","20201043464"
"Maison Camille Giroud","2020","Bourgogne Rouge, Camille Giroud","100","Case of 6 Bottles","https://www.bbr.com/products-20208010986-2020-bourgogne-rouge-camille-giroud","1034626","20208010986"
"Maison Camille Giroud","2021","Bourgogne Rouge, Camille Giroud","105","Case of 6 Bottles","https://www.bbr.com/products-20218010986-2021-bourgogne-rouge-camille-giroud","1034626","20218010986"
"Domaine Claude-Dugat","2021","Bourgogne Rouge, Claude Dugat","238","Case of 6 Bottles","https://www.bbr.com/products-20218122122-2021-bourgogne-rouge-claude-dugat","1029932","20218122122"
"Denis Mortet","2016","Bourgogne Rouge, Cuvee de Noble Souche, Domaine Denis Mortet","365","Case of 6 Bottles","https://www.bbr.com/products-20161049017-2016-bourgogne-rouge-cuvee-de-noble-souche-domaine-denis-mortet","1048993","20161049017"
"Denis Mortet","2018","Bourgogne Rouge, Cuvee de Noble Souche, Domaine Denis Mortet","215","Case of 6 Bottles","https://www.bbr.com/products-20181049017-2018-bourgogne-rouge-cuvee-de-noble-souche-domaine-denis-mortet","1048993","20181049017"
"Denis Mortet","2018","Bourgogne Rouge, Cuvee de Noble Souche, Domaine Denis Mortet","250","Case of 6 Bottles","https://www.bbr.com/products-20181049017-2018-bourgogne-rouge-cuvee-de-noble-souche-domaine-denis-mortet","1048993","20181049017"
"Denis Mortet","2019","Bourgogne Rouge, Cuvee de Noble Souche, Domaine Denis Mortet","250","Case of 6 Bottles","https://www.bbr.com/products-20191049017-2019-bourgogne-rouge-cuvee-de-noble-souche-domaine-denis-mortet","1048993","20191049017"
"Denis Mortet","2020","Bourgogne Rouge, Cuvee de Noble Souche, Domaine Denis Mortet","275","Case of 6 Bottles","https://www.bbr.com/products-20201049017-2020-bourgogne-rouge-cuvee-de-noble-souche-domaine-denis-mortet","1048993","20201049017"
"Denis Mortet","2022","Bourgogne Rouge, Cuvee de Noble Souche, Domaine Denis Mortet","250","Case of 6 Bottles","https://www.bbr.com/products-20221049017-2022-bourgogne-rouge-cuvee-de-noble-souche-domaine-denis-mortet","1048993","20221049017"
"Domaine Castagnier","2016","Bourgogne Rouge, Domaine Castagnier","126","Case of 6 Bottles","https://www.bbr.com/products-20168023591-2016-bourgogne-rouge-domaine-castagnier","1363304","20168023591"
"Domaine Castagnier","2019","Bourgogne Rouge, Domaine Castagnier","260","Case of 6 Bottles","https://www.bbr.com/products-20198023591-2019-bourgogne-rouge-domaine-castagnier","1363304","20198023591"
"Domaine Castagnier","2020","Bourgogne Rouge, Domaine Castagnier","150","Case of 6 Bottles","https://www.bbr.com/products-20208023591-2020-bourgogne-rouge-domaine-castagnier","1363304","20208023591"
"Domaine Castagnier","2021","Bourgogne Rouge, Domaine Castagnier","175","Case of 6 Bottles","https://www.bbr.com/products-20218023591-2021-bourgogne-rouge-domaine-castagnier","1363304","20218023591"
"Domaine Coquard Loison Fleurot","2023","Bourgogne Rouge, Domaine Coquard Loison-Fleurot","220","Case of 6 Bottles","https://www.bbr.com/products-20238036281-2023-bourgogne-rouge-domaine-coquard-loison-fleurot","1339880","20238036281"
"Domaine Denis Bachelet","2022","Bourgogne Rouge, Domaine Denis Bachelet","268","Case of 6 Bottles","https://www.bbr.com/products-20228030188-2022-bourgogne-rouge-domaine-denis-bachelet","1019230","20228030188"
"Dugat-Py","2017","Bourgogne Rouge, Domaine Dugat-Py","200","Case of 6 Bottles","https://www.bbr.com/products-20178016672-2017-bourgogne-rouge-domaine-dugat-py","1030123","20178016672"
"Domaine Dureuil-Janthial","2020","Bourgogne Rouge, Domaine Dureuil-Janthial","320","Case of 12 Bottles","https://www.bbr.com/products-20208182672-2020-bourgogne-rouge-domaine-dureuil-janthial","1030774","20208182672"
"Domaine Georges & Christophe Roumier","2015","Bourgogne Rouge, Domaine Georges Roumier","1360","Case of 6 Bottles","https://www.bbr.com/products-20158227159-2015-bourgogne-rouge-domaine-georges-roumier","1056792","20158227159"
"Domaine Georges & Christophe Roumier","2017","Bourgogne Rouge, Domaine Georges Roumier","1095","Case of 6 Bottles","https://www.bbr.com/products-20178227159-2017-bourgogne-rouge-domaine-georges-roumier","1056792","20178227159"
"Domaine Georges & Christophe Roumier","2018","Bourgogne Rouge, Domaine Georges Roumier","840","Case of 6 Bottles","https://www.bbr.com/products-20188227159-2018-bourgogne-rouge-domaine-georges-roumier","1056792","20188227159"
"Domaine Georges & Christophe Roumier","2019","Bourgogne Rouge, Domaine Georges Roumier","1200","Case of 6 Bottles","https://www.bbr.com/products-20198227159-2019-bourgogne-rouge-domaine-georges-roumier","1056792","20198227159"
"Domaine Georges & Christophe Roumier","2023","Bourgogne Rouge, Domaine Georges Roumier","1500","Case of 6 Bottles","https://www.bbr.com/products-20238227159-2023-bourgogne-rouge-domaine-georges-roumier","1056792","20238227159"
"Domaine Ghislaine Barthod","2009","Bourgogne Rouge, Domaine Ghislaine Barthod","335","Case of 6 Bottles","https://www.bbr.com/products-20091019445-2009-bourgogne-rouge-domaine-ghislaine-barthod","1019445","20091019445"
"Domaine Ghislaine Barthod","2010","Bourgogne Rouge, Domaine Ghislaine Barthod","395","Case of 6 Bottles","https://www.bbr.com/products-20101019445-2010-bourgogne-rouge-domaine-ghislaine-barthod","1019445","20101019445"
"Domaine Ghislaine Barthod","2014","Bourgogne Rouge, Domaine Ghislaine Barthod","233","Case of 6 Bottles","https://www.bbr.com/products-20141019445-2014-bourgogne-rouge-domaine-ghislaine-barthod","1019445","20141019445"
"Domaine Ghislaine Barthod","2015","Bourgogne Rouge, Domaine Ghislaine Barthod","245","Case of 6 Bottles","https://www.bbr.com/products-20151019445-2015-bourgogne-rouge-domaine-ghislaine-barthod","1019445","20151019445"
"Domaine Ghislaine Barthod","2016","Bourgogne Rouge, Domaine Ghislaine Barthod","225","Case of 6 Bottles","https://www.bbr.com/products-20161019445-2016-bourgogne-rouge-domaine-ghislaine-barthod","1019445","20161019445"
"Domaine Ghislaine Barthod","2017","Bourgogne Rouge, Domaine Ghislaine Barthod","175","Case of 6 Bottles","https://www.bbr.com/products-20171019445-2017-bourgogne-rouge-domaine-ghislaine-barthod","1019445","20171019445"
"Domaine Ghislaine Barthod","2017","Bourgogne Rouge, Domaine Ghislaine Barthod","250","Case of 3 Magnums","https://www.bbr.com/products-20171019445-2017-bourgogne-rouge-domaine-ghislaine-barthod","1019445","20171019445"
"Domaine Ghislaine Barthod","2018","Bourgogne Rouge, Domaine Ghislaine Barthod","185","Case of 6 Bottles","https://www.bbr.com/products-20181019445-2018-bourgogne-rouge-domaine-ghislaine-barthod","1019445","20181019445"
"Domaine Ghislaine Barthod","2019","Bourgogne Rouge, Domaine Ghislaine Barthod","295","Case of 6 Bottles","https://www.bbr.com/products-20191019445-2019-bourgogne-rouge-domaine-ghislaine-barthod","1019445","20191019445"
"Domaine Ghislaine Barthod","2023","Bourgogne Rouge, Domaine Ghislaine Barthod","245","Case of 6 Bottles","https://www.bbr.com/products-20231019445-2023-bourgogne-rouge-domaine-ghislaine-barthod","1019445","20231019445"
"Domaine Felettig","2020","Bourgogne Rouge, Domaine Gilbert & Christine Felettig, Burgundy","126","Case of 6 Bottles","https://www.bbr.com/products-20208072007-2020-bourgogne-rouge-domaine-gilbert-christine-felettig-burgundy","1225318","20208072007"
"Domaine Guyon","2016","Bourgogne Rouge, Domaine Guyon","175","Case of 6 Bottles","https://www.bbr.com/products-20161447086-2016-bourgogne-rouge-domaine-guyon","1447086","20161447086"
"Domaine Guyon","2018","Bourgogne Rouge, Domaine Guyon","395","Case of 6 Bottles","https://www.bbr.com/products-20181447086-2018-bourgogne-rouge-domaine-guyon","1447086","20181447086"
"Domaine Guyon","2019","Bourgogne Rouge, Domaine Guyon","200","Case of 6 Bottles","https://www.bbr.com/products-20191447086-2019-bourgogne-rouge-domaine-guyon","1447086","20191447086"
"Domaine Guyon","2020","Bourgogne Rouge, Domaine Guyon","250","Case of 6 Bottles","https://www.bbr.com/products-20201447086-2020-bourgogne-rouge-domaine-guyon","1447086","20201447086"
"Domaine Guyon","2021","Bourgogne Rouge, Domaine Guyon","250","Case of 6 Bottles","https://www.bbr.com/products-20211447086-2021-bourgogne-rouge-domaine-guyon","1447086","20211447086"
"Domaine Jean Grivot","2016","Bourgogne Rouge, Domaine Jean Grivot","280","Case of 6 Bottles","https://www.bbr.com/products-20161035535-2016-bourgogne-rouge-domaine-jean-grivot","1035535","20161035535"
"Domaine Jean Grivot","2017","Bourgogne Rouge, Domaine Jean Grivot","200","Case of 6 Bottles","https://www.bbr.com/products-20171035535-2017-bourgogne-rouge-domaine-jean-grivot","1035535","20171035535"
"Domaine Jean Grivot","2019","Bourgogne Rouge, Domaine Jean Grivot","195","Case of 6 Bottles","https://www.bbr.com/products-20191035535-2019-bourgogne-rouge-domaine-jean-grivot","1035535","20191035535"
"Domaine Jean Grivot","2019","Bourgogne Rouge, Domaine Jean Grivot","216","Case of 6 Bottles","https://www.bbr.com/products-20191035535-2019-bourgogne-rouge-domaine-jean-grivot","1035535","20191035535"
"Domaine Jean Grivot","2020","Bourgogne Rouge, Domaine Jean Grivot","234","Case of 6 Bottles","https://www.bbr.com/products-20201035535-2020-bourgogne-rouge-domaine-jean-grivot","1035535","20201035535"
"Domaine Marc Roy","2022","Bourgogne Rouge, Domaine Marc Roy","210","Case of 6 Bottles","https://www.bbr.com/products-20228255277-2022-bourgogne-rouge-domaine-marc-roy","1406917","20228255277"
"Domaine Sylvain Cathiard","2011","Bourgogne Rouge, Domaine Sylvain Cathiard","690","Case of 6 Bottles","https://www.bbr.com/products-20118015330-2011-bourgogne-rouge-domaine-sylvain-cathiard","1023552","20118015330"
"Domaine Sylvain Cathiard","2012","Bourgogne Rouge, Domaine Sylvain Cathiard","575","Case of 6 Bottles","https://www.bbr.com/products-20128015330-2012-bourgogne-rouge-domaine-sylvain-cathiard","1023552","20128015330"
"Domaine Sylvain Cathiard","2014","Bourgogne Rouge, Domaine Sylvain Cathiard","595","Case of 6 Bottles","https://www.bbr.com/products-20148015330-2014-bourgogne-rouge-domaine-sylvain-cathiard","1023552","20148015330"
"Domaine Sylvain Cathiard","2015","Bourgogne Rouge, Domaine Sylvain Cathiard","650","Case of 6 Bottles","https://www.bbr.com/products-20158015330-2015-bourgogne-rouge-domaine-sylvain-cathiard","1023552","20158015330"
"Domaine Sylvain Cathiard","2018","Bourgogne Rouge, Domaine Sylvain Cathiard","695","Case of 6 Bottles","https://www.bbr.com/products-20188015330-2018-bourgogne-rouge-domaine-sylvain-cathiard","1023552","20188015330"
"Domaine Sylvain Cathiard","2019","Bourgogne Rouge, Domaine Sylvain Cathiard","400","Case of 6 Bottles","https://www.bbr.com/products-20198015330-2019-bourgogne-rouge-domaine-sylvain-cathiard","1023552","20198015330"
"Domaine Sylvain Cathiard","2020","Bourgogne Rouge, Domaine Sylvain Cathiard","420","Case of 6 Bottles","https://www.bbr.com/products-20208015330-2020-bourgogne-rouge-domaine-sylvain-cathiard","1023552","20208015330"
"Domaine Sylvain Cathiard","2021","Bourgogne Rouge, Domaine Sylvain Cathiard","390","Case of 6 Bottles","https://www.bbr.com/products-20218015330-2021-bourgogne-rouge-domaine-sylvain-cathiard","1023552","20218015330"
"Domaine Serafin Pere & Fils","2019","Bourgogne Rouge, Domaine Serafin Pere & Fils","200","Case of 6 Bottles","https://www.bbr.com/products-20198018113-2019-bourgogne-rouge-domaine-serafin-pere-fils","1057601","20198018113"
"Domaine Serafin Pere & Fils","2015","Bourgogne Rouge, Domaine Serafin Pere &amp; Fils","249","Case of 6 Bottles","https://www.bbr.com/products-20158018113-2015-bourgogne-rouge-domaine-serafin-pere-and-fils","1057601","20158018113"
"Domaine Serafin Pere & Fils","2016","Bourgogne Rouge, Domaine Serafin Pere &amp; Fils","295","Case of 6 Bottles","https://www.bbr.com/products-20168018113-2016-bourgogne-rouge-domaine-serafin-pere-and-fils","1057601","20168018113"
"Tollot-Beaut","2017","Bourgogne Rouge, Domaine Tollot-Beaut, Burgundy","312","Case of 6 Bottles","https://www.bbr.com/products-20171058392-2017-bourgogne-rouge-domaine-tollot-beaut-burgundy","1058392","20171058392"
"Domaine de Montille","2020","Bourgogne Rouge, Domaine de Montille","120","Case of 6 Bottles","https://www.bbr.com/products-20208018214-2020-bourgogne-rouge-domaine-de-montille","1048010","20208018214"
"Domaine Georges Noellat","2018","Bourgogne Rouge, Georges Noellat","250","Case of 6 Bottles","https://www.bbr.com/products-20188207885-2018-bourgogne-rouge-georges-noellat","1244308","20188207885"
"Domaine Georges Noellat","2019","Bourgogne Rouge, Georges Noellat, Burgundy","100","Case of 6 Bottles","https://www.bbr.com/products-20198207885-2019-bourgogne-rouge-georges-noellat-burgundy","1244308","20198207885"
"Domaine Georges Noellat","2019","Bourgogne Rouge, Georges Noellat, Burgundy","245","Case of 6 Bottles","https://www.bbr.com/products-20198207885-2019-bourgogne-rouge-georges-noellat-burgundy","1244308","20198207885"
"Domaine Georges Noellat","2020","Bourgogne Rouge, Georges Noellat, Burgundy","170","Case of 6 Bottles","https://www.bbr.com/products-20208207885-2020-bourgogne-rouge-georges-noellat-burgundy","1244308","20208207885"
"Ramonet","2021","Bourgogne Rouge, Jean-Claude Ramonet","250","Case of 6 Bottles","https://www.bbr.com/products-20218170282-2021-bourgogne-rouge-jean-claude-ramonet","1053935","20218170282"
"Domaine Claude-Dugat","2021","Bourgogne Rouge, La Gibryotte, Domaine Claude-Dugat","258","Case of 6 Bottles","https://www.bbr.com/products-20218171335-2021-bourgogne-rouge-la-gibryotte-domaine-claude-dugat","1271706","20218171335"
"Domaine Jean Fournier","2015","Bourgogne Rouge, Le Chapitre, Vieilles Vignes, Domaine Jean Fournier","175","Case of 6 Bottles","https://www.bbr.com/products-20151325409-2015-bourgogne-rouge-le-chapitre-vieilles-vignes-domaine-jean-fournier","1325409","20151325409"
"Domaine Jean Fournier","2016","Bourgogne Rouge, Le Chapitre, Vieilles Vignes, Domaine Jean Fournier","145","Case of 6 Bottles","https://www.bbr.com/products-20161325409-2016-bourgogne-rouge-le-chapitre-vieilles-vignes-domaine-jean-fournier","1325409","20161325409"
"Domaine Jean Fournier","2017","Bourgogne Rouge, Le Chapitre, Vieilles Vignes, Domaine Jean Fournier","160","Case of 6 Bottles","https://www.bbr.com/products-20171325409-2017-bourgogne-rouge-le-chapitre-vieilles-vignes-domaine-jean-fournier","1325409","20171325409"
"Olivier Merlin","2016","Bourgogne Rouge, Les Cras, Olivier Merlin","280","Case of 12 Bottles","https://www.bbr.com/products-20168017129-2016-bourgogne-rouge-les-cras-olivier-merlin","1171282","20168017129"
"Olivier Merlin","2019","Bourgogne Rouge, Les Cras, Olivier Merlin","336","Case of 12 Bottles","https://www.bbr.com/products-20198017129-2019-bourgogne-rouge-les-cras-olivier-merlin","1171282","20198017129"
"Ramonet","2021","Bourgogne Rouge, Les Durots, Jean-Claude Ramonet","390","Case of 6 Bottles","https://www.bbr.com/products-20218249658-2021-bourgogne-rouge-les-durots-jean-claude-ramonet","3013432","20218249658"
"Domaine Thibault Liger-Belair","2012","Bourgogne Rouge, Les Grands Chaillots, Domaine Thibault Liger-Belair","135","Case of 6 Bottles","https://www.bbr.com/products-20128015633-2012-bourgogne-rouge-les-grands-chaillots-domaine-thibault-liger-belair","1125458","20128015633"
"Domaine Thibault Liger-Belair","2017","Bourgogne Rouge, Les Grands Chaillots, Domaine Thibault Liger-Belair","120","Case of 3 Magnums","https://www.bbr.com/products-20178015633-2017-bourgogne-rouge-les-grands-chaillots-domaine-thibault-liger-belair","1125458","20178015633"
"Domaine Thibault Liger-Belair","2020","Bourgogne Rouge, Les Grands Chaillots, Domaine Thibault Liger-Belair","130","Case of 3 Magnums","https://www.bbr.com/products-20208015633-2020-bourgogne-rouge-les-grands-chaillots-domaine-thibault-liger-belair","1125458","20208015633"
"Domaine Thibault Liger-Belair","2022","Bourgogne Rouge, Les Grands Chaillots, Domaine Thibault Liger-Belair","260","Case of 6 Bottles","https://www.bbr.com/products-20228015633-2022-bourgogne-rouge-les-grands-chaillots-domaine-thibault-liger-belair","1125458","20228015633"
"Domaine Denis Carre","2022","Bourgogne Rouge, Les Lormes, Domaine Denis Carre","210","Case of 12 Bottles","https://www.bbr.com/products-20228047023-2022-bourgogne-rouge-les-lormes-domaine-denis-carre","1866384","20228047023"
"Maison Leroy","2015","Bourgogne Rouge, Maison Leroy","1275","Case of 12 Bottles","https://www.bbr.com/products-20158121402-2015-bourgogne-rouge-maison-leroy","1043767","20158121402"
"Maison Leroy","2017","Bourgogne Rouge, Maison Leroy","1600","Case of 12 Bottles","https://www.bbr.com/products-20178121402-2017-bourgogne-rouge-maison-leroy","1043767","20178121402"
"Meo-Camuzet","2015","Bourgogne Rouge, Meo-Camuzet Frere & Soeurs","190","Case of 6 Bottles","https://www.bbr.com/products-20151046641-2015-bourgogne-rouge-meo-camuzet-frere-soeurs","1046641","20151046641"
"Nathalie Vigot","2021","Bourgogne Rouge, Nathalie Vigot","186","Case of 3 Bottles","https://www.bbr.com/products-20218073769-2021-bourgogne-rouge-nathalie-vigot","1359314","20218073769"
"Nathalie Vigot","2022","Bourgogne Rouge, Nathalie Vigot","179","Case of 3 Bottles","https://www.bbr.com/products-20228073769-2022-bourgogne-rouge-nathalie-vigot","1359314","20228073769"
"Domaine Arlaud","2020","Bourgogne Rouge, Roncevie, Domaine Arlaud, Burgundy","130","Case of 6 Bottles","https://www.bbr.com/products-20208212306-2020-bourgogne-rouge-roncevie-domaine-arlaud-burgundy","1127205","20208212306"
"Domaine de la Vougeraie","2016","Bourgogne Rouge, Terres de Famille, Domaine de la Vougeraie","253","Case of 6 Bottles","https://www.bbr.com/products-20168005221-2016-bourgogne-rouge-terres-de-famille-domaine-de-la-vougeraie","1059328","20168005221"
"Domaine de la Vougeraie","2017","Bourgogne Rouge, Terres de Famille, Domaine de la Vougeraie","200","Case of 6 Bottles","https://www.bbr.com/products-20178005221-2017-bourgogne-rouge-terres-de-famille-domaine-de-la-vougeraie","1059328","20178005221"
"Domaine de la Vougeraie","2020","Bourgogne Rouge, Terres de Famille, Domaine de la Vougeraie","125","Case of 6 Bottles","https://www.bbr.com/products-20208005221-2020-bourgogne-rouge-terres-de-famille-domaine-de-la-vougeraie","1059328","20208005221"
"Domaine de la Vougeraie","2021","Bourgogne Rouge, Terres de Famille, Domaine de la Vougeraie","174","Case of 6 Bottles","https://www.bbr.com/products-20218005221-2021-bourgogne-rouge-terres-de-famille-domaine-de-la-vougeraie","1059328","20218005221"
"Domaine de la Vougeraie","2022","Bourgogne Rouge, Terres de Famille, Domaine de la Vougeraie","290","Case of 6 Bottles","https://www.bbr.com/products-20228005221-2022-bourgogne-rouge-terres-de-famille-domaine-de-la-vougeraie","1059328","20228005221"
"Domaine Comte Armand","2022","Bourgogne, Blanc, Condemaine, Domaine Comte Armand","130","Case of 6 Bottles","https://www.bbr.com/products-20228060994-2022-bourgogne-blanc-condemaine-domaine-comte-armand","1698749","20228060994"
"Marc Morey, Chassagne-Montrachet","2014","Bourgogne, Blanc, Domaine Marc Morey, Burgundy","590","Case of 12 Bottles","https://www.bbr.com/products-20148062129-2014-bourgogne-blanc-domaine-marc-morey-burgundy","1077106","20148062129"
"Domaine Paul Pillot","2023","Bourgogne, Chardonnay, Domaine Paul Pillot, Burgundy","200","Case of 6 Bottles","https://www.bbr.com/products-20238216346-2023-bourgogne-chardonnay-domaine-paul-pillot-burgundy","1077991","20238216346"
"Laurent Ponsot SAS","2019","Bourgogne, Cuvee des Peupliers, Laurent Ponsot, Burgundy","144","Case of 6 Bottles","https://www.bbr.com/products-20198242994-2019-bourgogne-cuvee-des-peupliers-laurent-ponsot-burgundy","1629770","20198242994"
"Domaine de Villaine","2020","Bourgogne, Cote Chalonnaise, Les Clous Aime, Domaine de Villaine","350","Case of 6 Bottles","https://www.bbr.com/products-20208175056-2020-bourgogne-cote-chalonnaise-les-clous-aime-domaine-de-villaine","1508363","20208175056"
"Domaine Caire-Deveze","2022","Bourgogne, Cote d'Or Chardonnay, Domaine Caire-Deveze","250","Case of 12 Bottles","https://www.bbr.com/products-20228180522-2022-bourgogne-cote-d-or-chardonnay-domaine-caire-deveze","","20228180522"
"Dugat-Py","2015","Bourgogne, Halinard, Domaine Dugat-Py","275","Case of 6 Bottles","https://www.bbr.com/products-20158122076-2015-bourgogne-halinard-domaine-dugat-py","1030110","20158122076"
"Dugat-Py","2017","Bourgogne, Halinard, Domaine Dugat-Py","338","Case of 6 Bottles","https://www.bbr.com/products-20178122076-2017-bourgogne-halinard-domaine-dugat-py","1030110","20178122076"
"Dugat-Py","2019","Bourgogne, Halinard, Domaine Dugat-Py","570","Case of 12 Bottles","https://www.bbr.com/products-20198122076-2019-bourgogne-halinard-domaine-dugat-py","1030110","20198122076"
"Dugat-Py","2019","Bourgogne, Halinard, Domaine Dugat-Py","275","Case of 6 Bottles","https://www.bbr.com/products-20198122076-2019-bourgogne-halinard-domaine-dugat-py","1030110","20198122076"
"Dugat-Py","2020","Bourgogne, Halinard, Domaine Dugat-Py","325","Case of 6 Bottles","https://www.bbr.com/products-20208122076-2020-bourgogne-halinard-domaine-dugat-py","1030110","20208122076"
"Maison Pierre-Yves Colin-Morey","2023","Bourgogne, Hautes-Cotes de Beaune, Au Bout du Monde, Pierre-Yves Colin-M","280","Case of 6 Bottles","https://www.bbr.com/products-20238054388-2023-bourgogne-hautes-cotes-de-beaune-au-bout-du-monde-pierre-yves-colin-m","1873577","20238054388"
"Maison Pierre-Yves Colin-Morey","2021","Bourgogne, Hautes-Cotes de Beaune, Au Bout du Monde, Pierre-Yves Colin-Morey, Burgundy","320","Case of 6 Bottles","https://www.bbr.com/products-20218054388-2021-bourgogne-hautes-cotes-de-beaune-au-bout-du-monde-pierre-yves-colin-morey-burgundy","1873577","20218054388"
"Maison Pierre-Yves Colin-Morey","2022","Bourgogne, Hautes-Cotes de Beaune, Au Bout du Monde, Pierre-Yves Colin-Morey, Burgundy","260","Case of 6 Bottles","https://www.bbr.com/products-20228054388-2022-bourgogne-hautes-cotes-de-beaune-au-bout-du-monde-pierre-yves-colin-morey-burgundy","1873577","20228054388"
"Domaine Sylvain Cathiard","2021","Bourgogne, Hautes-Cotes de Nuits, Domaine Sylvain Cathiard","250","Case of 6 Bottles","https://www.bbr.com/products-20218164995-2021-bourgogne-hautes-cotes-de-nuits-domaine-sylvain-cathiard","2746757","20218164995"
"Domaine Sylvain Cathiard","2023","Bourgogne, Hautes-Cotes de Nuits, Domaine Sylvain Cathiard","220","Case of 6 Bottles","https://www.bbr.com/products-20238164995-2023-bourgogne-hautes-cotes-de-nuits-domaine-sylvain-cathiard","2746757","20238164995"
"Domaine Bernard-Bonin","2019","Bourgogne, Initiales B.B., Domaine Bernard-Bonin","1330","Case of 6 Bottles","https://www.bbr.com/products-20198042406-2019-bourgogne-initiales-b-b-domaine-bernard-bonin","1773431","20198042406"
"Domaine Michele et Patrice Rion","2016","Bourgogne, Les Bons Batons, Domaine Michele &amp; Patrice Rion, Burgundy","270","Case of 12 Bottles","https://www.bbr.com/products-20161055043-2016-bourgogne-les-bons-batons-domaine-michele-and-patrice-rion-burgundy","1055043","20161055043"
"Domaine Michele et Patrice Rion","2017","Bourgogne, Les Bons Batons, Domaine Michele &amp; Patrice Rion, Burgundy","205","Case of 12 Bottles","https://www.bbr.com/products-20171055043-2017-bourgogne-les-bons-batons-domaine-michele-and-patrice-rion-burgundy","1055043","20171055043"
"Domaine Michele et Patrice Rion","2018","Bourgogne, Les Bons Batons, Domaine Michele &amp; Patrice Rion, Burgundy","240","Case of 12 Bottles","https://www.bbr.com/products-20181055043-2018-bourgogne-les-bons-batons-domaine-michele-and-patrice-rion-burgundy","1055043","20181055043"
"Domaine Michele et Patrice Rion","2020","Bourgogne, Les Bons Batons, Domaine Michele &amp; Patrice Rion, Burgundy","295","Case of 12 Bottles","https://www.bbr.com/products-20201055043-2020-bourgogne-les-bons-batons-domaine-michele-and-patrice-rion-burgundy","1055043","20201055043"
"Domaine Michele et Patrice Rion","2021","Bourgogne, Les Bons Batons, Domaine Michele &amp; Patrice Rion, Burgundy","150","Case of 6 Bottles","https://www.bbr.com/products-20211055043-2021-bourgogne-les-bons-batons-domaine-michele-and-patrice-rion-burgundy","1055043","20211055043"
"Domaine Michele et Patrice Rion","2023","Bourgogne, Les Bons Batons, Domaine Michele &amp; Patrice Rion, Burgundy","175","Case of 6 Bottles","https://www.bbr.com/products-20231055043-2023-bourgogne-les-bons-batons-domaine-michele-and-patrice-rion-burgundy","1055043","20231055043"
"Domaine Pierre Vincent","2023","Bourgogne, Les Pellans, Domaine Pierre Vincent","450","Case of 6 Bottles","https://www.bbr.com/products-20238182063-2023-bourgogne-les-pellans-domaine-pierre-vincent","3064694","20238182063"
"Olivier Leflaive","2017","Bourgogne, Oncle Vincent, Olivier Leflaive, Burgundy","204","Case of 6 Bottles","https://www.bbr.com/products-20178016148-2017-bourgogne-oncle-vincent-olivier-leflaive-burgundy","1719563","20178016148"
"Olivier Leflaive","2018","Bourgogne, Oncle Vincent, Olivier Leflaive, Burgundy","390","Case of 12 Bottles","https://www.bbr.com/products-20188016148-2018-bourgogne-oncle-vincent-olivier-leflaive-burgundy","1719563","20188016148"
"Olivier Leflaive","2022","Bourgogne, Oncle Vincent, Olivier Leflaive, Burgundy","191","Case of 6 Bottles","https://www.bbr.com/products-20228016148-2022-bourgogne-oncle-vincent-olivier-leflaive-burgundy","1719563","20228016148"
"Olivier Leflaive","2023","Bourgogne, Oncle Vincent, Olivier Leflaive, Burgundy","165","Case of 6 Bottles","https://www.bbr.com/products-20238016148-2023-bourgogne-oncle-vincent-olivier-leflaive-burgundy","1719563","20238016148"
"Domaine Castagnier","2021","Bourgogne, Passetoutgrain, Domaine Castagnier","162","Case of 6 Bottles","https://www.bbr.com/products-20218023605-2021-bourgogne-passetoutgrain-domaine-castagnier","1369087","20218023605"
"Domaine Michele et Patrice Rion","2020","Bourgogne-Hautes Cotes de Nuits, Les Dames Huguettes, Patrice & Maxime Rion, Burgundy","120","Case of 6 Bottles","https://www.bbr.com/products-20201550216-2020-bourgogne-hautes-cotes-de-nuits-les-dames-huguettes-patrice-maxime-rion-burgundy","1550216","20201550216"
"Domaine du Bel Air","2017","Bourgueil, Clos Nouveau, Domaine du Bel Air, Loire","450","Case of 6 Bottles","https://www.bbr.com/products-20178103871-2017-bourgueil-clos-nouveau-domaine-du-bel-air-loire","1808421","20178103871"
"Domaine du Bel Air","2019","Bourgueil, Clos Nouveau, Domaine du Bel Air, Loire","250","Case of 3 Bottles","https://www.bbr.com/products-20198103871-2019-bourgueil-clos-nouveau-domaine-du-bel-air-loire","1808421","20198103871"
"Domaine du Bel Air","2020","Bourgueil, Clos Nouveau, Domaine du Bel Air, Loire","573","Case of 6 Bottles","https://www.bbr.com/products-20208103871-2020-bourgueil-clos-nouveau-domaine-du-bel-air-loire","1808421","20208103871"
"Domaine Lame Delisle Boucard","2009","Bourgueil, Cuvee Prestige, Domaine Lame Delisle Boucard, Loire","265","Case of 6 Bottles","https://www.bbr.com/products-20091265422-2009-bourgueil-cuvee-prestige-domaine-lame-delisle-boucard-loire","1265422","20091265422"
"Domaine Lame Delisle Boucard","2014","Bourgueil, Cuvee Prestige, Domaine Lame Delisle Boucard, Loire","145","Case of 6 Bottles","https://www.bbr.com/products-20141265422-2014-bourgueil-cuvee-prestige-domaine-lame-delisle-boucard-loire","1265422","20141265422"
"Domaine du Bel Air","2019","Bourgueil, Grand-Mont, Domaine du Bel Air, Loire","230","Case of 6 Bottles","https://www.bbr.com/products-20198066781-2019-bourgueil-grand-mont-domaine-du-bel-air-loire","2147219","20198066781"
"Domaine du Bel Air","2021","Bourgueil, Les Vingt Lieux Dits, Domaine du Bel Air, Loire","110","Case of 6 Bottles","https://www.bbr.com/products-20218059790-2021-bourgueil-les-vingt-lieux-dits-domaine-du-bel-air-loire","1843950","20218059790"
"Domaine du Bel Air","2022","Bourgueil, Les Vingt Lieux Dits, Domaine du Bel Air, Loire","75","Case of 6 Bottles","https://www.bbr.com/products-20228059790-2022-bourgueil-les-vingt-lieux-dits-domaine-du-bel-air-loire","1843950","20228059790"
"Domaine de Villaine","2021","Bouzeron, Domaine de Villaine, Burgundy","400","Case of 12 Bottles","https://www.bbr.com/products-20218162438-2021-bouzeron-domaine-de-villaine-burgundy","1316720","20218162438"
"Domaine de Villaine","2023","Bouzeron, Domaine de Villaine, Burgundy","145","Case of 6 Bottles","https://www.bbr.com/products-20238162438-2023-bouzeron-domaine-de-villaine-burgundy","1316720","20238162438"
"Pierre-Olivier Garcia","2020","Brouilly, La Folie, Pierre-Oliver Garcia, Beaujolais","200","Case of 6 Bottles","https://www.bbr.com/products-20208183943-2020-brouilly-la-folie-pierre-oliver-garcia-beaujolais","2031235","20208183943"
"Jean-Claude Lapalu","2023","Brouilly, Vieilles Vignes, Jean-Claude Lapalu, Beaujolais","180","Case of 6 Bottles","https://www.bbr.com/products-20238115984-2023-brouilly-vieilles-vignes-jean-claude-lapalu-beaujolais","1138164","20238115984"
"Argiano","2015","Brunello di Montalcino, Argiano, Tuscany, Italy","180","Case of 6 Bottles","https://www.bbr.com/products-20158118044-2015-brunello-di-montalcino-argiano-tuscany-italy","1095421","20158118044"
"Argiano","2015","Brunello di Montalcino, Argiano, Tuscany, Italy","353","Case of 1 Double Magnums","https://www.bbr.com/products-20158118044-2015-brunello-di-montalcino-argiano-tuscany-italy","1095421","20158118044"
"Argiano","2016","Brunello di Montalcino, Argiano, Tuscany, Italy","200","Case of 6 Bottles","https://www.bbr.com/products-20168118044-2016-brunello-di-montalcino-argiano-tuscany-italy","1095421","20168118044"
"Argiano","2016","Brunello di Montalcino, Argiano, Tuscany, Italy","100","Case of 1 Magnums","https://www.bbr.com/products-20168118044-2016-brunello-di-montalcino-argiano-tuscany-italy","1095421","20168118044"
"Pian dell'Orino","2012","Brunello di Montalcino, Bassolino Di Sopra, Pian Dell'Orino, Italy","645","Case of 6 Bottles","https://www.bbr.com/products-20128214153-2012-brunello-di-montalcino-bassolino-di-sopra-pian-dell-orino-italy","1102590","20128214153"
"Pian dell'Orino","2010","Brunello di Montalcino, Bassolino Di Sopra, Pian Dell'Orino, Tuscany, Italy","1450","Case of 6 Bottles","https://www.bbr.com/products-20108214153-2010-brunello-di-montalcino-bassolino-di-sopra-pian-dell-orino-tuscany-italy","1102590","20108214153"
"Biondi-Santi","2007","Brunello di Montalcino, Biondi-Santi, Tuscany, Italy","798","Case of 6 Bottles","https://www.bbr.com/products-20078113791-2007-brunello-di-montalcino-biondi-santi-tuscany-italy","1157327","20078113791"
"Biondi-Santi","2008","Brunello di Montalcino, Biondi-Santi, Tuscany, Italy","610","Case of 6 Bottles","https://www.bbr.com/products-20088113791-2008-brunello-di-montalcino-biondi-santi-tuscany-italy","1157327","20088113791"
"Biondi-Santi","2010","Brunello di Montalcino, Biondi-Santi, Tuscany, Italy","575","Case of 6 Bottles","https://www.bbr.com/products-20108113791-2010-brunello-di-montalcino-biondi-santi-tuscany-italy","1157327","20108113791"
"Biondi-Santi","2011","Brunello di Montalcino, Biondi-Santi, Tuscany, Italy","495","Case of 6 Bottles","https://www.bbr.com/products-20118113791-2011-brunello-di-montalcino-biondi-santi-tuscany-italy","1157327","20118113791"
"Biondi-Santi","2015","Brunello di Montalcino, Biondi-Santi, Tuscany, Italy","780","Case of 6 Bottles","https://www.bbr.com/products-20158113791-2015-brunello-di-montalcino-biondi-santi-tuscany-italy","1157327","20158113791"
"Biondi-Santi","2016","Brunello di Montalcino, Biondi-Santi, Tuscany, Italy","450","Case of 1 Magnums","https://www.bbr.com/products-20168113791-2016-brunello-di-montalcino-biondi-santi-tuscany-italy","1157327","20168113791"
"Canalicchio di Sopra","2010","Brunello di Montalcino, Canalicchio di Sopra, Tuscany, Italy","345","Case of 6 Bottles","https://www.bbr.com/products-20108212191-2010-brunello-di-montalcino-canalicchio-di-sopra-tuscany-italy","1129182","20108212191"
"Casanova di Neri","2016","Brunello di Montalcino, Casanova de Neri, Tuscany, Italy","269","Case of 6 Bottles","https://www.bbr.com/products-20168211804-2016-brunello-di-montalcino-casanova-de-neri-tuscany-italy","1139187","20168211804"
"Casanova di Neri","2018","Brunello di Montalcino, Casanova de Neri, Tuscany, Italy","260","Case of 6 Bottles","https://www.bbr.com/products-20188211804-2018-brunello-di-montalcino-casanova-de-neri-tuscany-italy","1139187","20188211804"
"Casanova di Neri","2019","Brunello di Montalcino, Casanova de Neri, Tuscany, Italy","220","Case of 6 Bottles","https://www.bbr.com/products-20198211804-2019-brunello-di-montalcino-casanova-de-neri-tuscany-italy","1139187","20198211804"
"Azienda Agricola Le Ragnaie","2015","Brunello di Montalcino, Casanovina Montosoli, Le Ragnaie, Tuscany, Italy","405","Case of 6 Bottles","https://www.bbr.com/products-20158062158-2015-brunello-di-montalcino-casanovina-montosoli-le-ragnaie-tuscany-italy","1879625","20158062158"
"Azienda Agricola Le Ragnaie","2015","Brunello di Montalcino, Casanovina Montosoli, Le Ragnaie, Tuscany, Italy","450","Case of 3 Magnums","https://www.bbr.com/products-20158062158-2015-brunello-di-montalcino-casanovina-montosoli-le-ragnaie-tuscany-italy","1879625","20158062158"
"Marchesi De Frescobaldi","2010","Brunello di Montalcino, CastelGiocondo, Frescobaldi, Tuscany, Italy","220","Case of 6 Bottles","https://www.bbr.com/products-20108214599-2010-brunello-di-montalcino-castelgiocondo-frescobaldi-tuscany-italy","1099357","20108214599"
"Marchesi De Frescobaldi","2015","Brunello di Montalcino, CastelGiocondo, Frescobaldi, Tuscany, Italy","190","Case of 6 Bottles","https://www.bbr.com/products-20158214599-2015-brunello-di-montalcino-castelgiocondo-frescobaldi-tuscany-italy","1099357","20158214599"
"Castello Romitorio","2017","Brunello di Montalcino, Castello Romitorio, Tuscany, Italy","235","Case of 6 Bottles","https://www.bbr.com/products-20178213749-2017-brunello-di-montalcino-castello-romitorio-tuscany-italy","1104435","20178213749"
"Cerbaiona, Tuscany","2004","Brunello di Montalcino, Cerbaiona, Tuscany, Italy","1025","Case of 1 Jeroboam 300cl","https://www.bbr.com/products-20048027919-2004-brunello-di-montalcino-cerbaiona-tuscany-italy","1097568","20048027919"
"Cerbaiona, Tuscany","2004","Brunello di Montalcino, Cerbaiona, Tuscany, Italy","1450","Case of 3 Magnums","https://www.bbr.com/products-20048027919-2004-brunello-di-montalcino-cerbaiona-tuscany-italy","1097568","20048027919"
"Cerbaiona, Tuscany","2008","Brunello di Montalcino, Cerbaiona, Tuscany, Italy","570","Case of 6 Bottles","https://www.bbr.com/products-20088027919-2008-brunello-di-montalcino-cerbaiona-tuscany-italy","1097568","20088027919"
"Cerbaiona, Tuscany","2009","Brunello di Montalcino, Cerbaiona, Tuscany, Italy","740","Case of 6 Bottles","https://www.bbr.com/products-20098027919-2009-brunello-di-montalcino-cerbaiona-tuscany-italy","1097568","20098027919"
"Cerbaiona, Tuscany","2010","Brunello di Montalcino, Cerbaiona, Tuscany, Italy","1400","Case of 6 Bottles","https://www.bbr.com/products-20108027919-2010-brunello-di-montalcino-cerbaiona-tuscany-italy","1097568","20108027919"
"Cerbaiona, Tuscany","2011","Brunello di Montalcino, Cerbaiona, Tuscany, Italy","485","Case of 6 Bottles","https://www.bbr.com/products-20118027919-2011-brunello-di-montalcino-cerbaiona-tuscany-italy","1097568","20118027919"
"Cerbaiona, Tuscany","2012","Brunello di Montalcino, Cerbaiona, Tuscany, Italy","475","Case of 6 Bottles","https://www.bbr.com/products-20128027919-2012-brunello-di-montalcino-cerbaiona-tuscany-italy","1097568","20128027919"
"Cerbaiona, Tuscany","2013","Brunello di Montalcino, Cerbaiona, Tuscany, Italy","650","Case of 6 Bottles","https://www.bbr.com/products-20138027919-2013-brunello-di-montalcino-cerbaiona-tuscany-italy","1097568","20138027919"
"Cerbaiona, Tuscany","2016","Brunello di Montalcino, Cerbaiona, Tuscany, Italy","1000","Case of 6 Bottles","https://www.bbr.com/products-20168027919-2016-brunello-di-montalcino-cerbaiona-tuscany-italy","1097568","20168027919"
"Cerbaiona, Tuscany","2019","Brunello di Montalcino, Cerbaiona, Tuscany, Italy","650","Case of 6 Bottles","https://www.bbr.com/products-20198027919-2019-brunello-di-montalcino-cerbaiona-tuscany-italy","1097568","20198027919"
"Cerbaiona, Tuscany","2019","Brunello di Montalcino, Cerbaiona, Tuscany, Italy","650","Case of 6 Bottles","https://www.bbr.com/products-20198027919-2019-brunello-di-montalcino-cerbaiona-tuscany-italy","1097568","20198027919"
"Cerbaiona, Tuscany","2020","Brunello di Montalcino, Cerbaiona, Tuscany, Italy","720","Case of 6 Bottles","https://www.bbr.com/products-20208027919-2020-brunello-di-montalcino-cerbaiona-tuscany-italy","1097568","20208027919"
"Casanova di Neri","2013","Brunello di Montalcino, Cerretalto, Casanova di Neri, Tuscany, Italy","480","Case of 1 Magnums","https://www.bbr.com/products-20138029317-2013-brunello-di-montalcino-cerretalto-casanova-di-neri-tuscany-italy","1097092","20138029317"
"Casanova di Neri","2015","Brunello di Montalcino, Cerretalto, Casanova di Neri, Tuscany, Italy","769","Case of 3 Bottles","https://www.bbr.com/products-20158029317-2015-brunello-di-montalcino-cerretalto-casanova-di-neri-tuscany-italy","1097092","20158029317"
"Casanova di Neri","2016","Brunello di Montalcino, Cerretalto, Casanova di Neri, Tuscany, Italy","900","Case of 3 Bottles","https://www.bbr.com/products-20168029317-2016-brunello-di-montalcino-cerretalto-casanova-di-neri-tuscany-italy","1097092","20168029317"
"Ciacci Piccolomini d'Aragona","2013","Brunello di Montalcino, Ciacci Piccolomini d'Aragona, Tuscany, Italy","268","Case of 6 Bottles","https://www.bbr.com/products-20138214948-2013-brunello-di-montalcino-ciacci-piccolomini-d-aragona-tuscany-italy","1097858","20138214948"
"Ciacci Piccolomini d'Aragona","2015","Brunello di Montalcino, Ciacci Piccolomini d'Aragona, Tuscany, Italy","330","Case of 6 Bottles","https://www.bbr.com/products-20158214948-2015-brunello-di-montalcino-ciacci-piccolomini-d-aragona-tuscany-italy","1097858","20158214948"
"Ciacci Piccolomini d'Aragona","2016","Brunello di Montalcino, Ciacci Piccolomini d'Aragona, Tuscany, Italy","245","Case of 6 Bottles","https://www.bbr.com/products-20168214948-2016-brunello-di-montalcino-ciacci-piccolomini-d-aragona-tuscany-italy","1097858","20168214948"
"Ciacci Piccolomini d'Aragona","2017","Brunello di Montalcino, Ciacci Piccolomini d'Aragona, Tuscany, Italy","170","Case of 6 Bottles","https://www.bbr.com/products-20178214948-2017-brunello-di-montalcino-ciacci-piccolomini-d-aragona-tuscany-italy","1097858","20178214948"
"Ciacci Piccolomini d'Aragona","2019","Brunello di Montalcino, Ciacci Piccolomini d'Aragona, Tuscany, Italy","235","Case of 6 Bottles","https://www.bbr.com/products-20198214948-2019-brunello-di-montalcino-ciacci-piccolomini-d-aragona-tuscany-italy","1097858","20198214948"
"La Magia","2013","Brunello di Montalcino, Ciliegio, La Magia, Tuscany","500","Case of 6 Bottles","https://www.bbr.com/products-20138128209-2013-brunello-di-montalcino-ciliegio-la-magia-tuscany","1610365","20138128209"
"La Magia","2015","Brunello di Montalcino, Ciliegio, La Magia, Tuscany","270","Case of 3 Bottles","https://www.bbr.com/products-20158128209-2015-brunello-di-montalcino-ciliegio-la-magia-tuscany","1610365","20158128209"
"La Magia","2015","Brunello di Montalcino, Ciliegio, La Magia, Tuscany","325","Case of 1 Magnums","https://www.bbr.com/products-20158128209-2015-brunello-di-montalcino-ciliegio-la-magia-tuscany","1610365","20158128209"
"La Magia","2016","Brunello di Montalcino, Ciliegio, La Magia, Tuscany, Italy","359","Case of 3 Bottles","https://www.bbr.com/products-20168128209-2016-brunello-di-montalcino-ciliegio-la-magia-tuscany-italy","1610365","20168128209"
"La Magia","2017","Brunello di Montalcino, Ciliegio, La Magia, Tuscany, Italy","210","Case of 3 Bottles","https://www.bbr.com/products-20178128209-2017-brunello-di-montalcino-ciliegio-la-magia-tuscany-italy","1610365","20178128209"
"La Magia","2019","Brunello di Montalcino, Ciliegio, La Magia, Tuscany, Italy","503","Case of 3 Bottles","https://www.bbr.com/products-20198128209-2019-brunello-di-montalcino-ciliegio-la-magia-tuscany-italy","1610365","20198128209"
"Col d'Orcia","2016","Brunello di Montalcino, Col d'Orcia, Tuscany, Italy","185","Case of 6 Bottles","https://www.bbr.com/products-20168116789-2016-brunello-di-montalcino-col-d-orcia-tuscany-italy","1098057","20168116789"
"Tassi","2017","Brunello di Montalcino, Colombaiolo, Tassi, Tuscany, Italy","499","Case of 6 Bottles","https://www.bbr.com/products-20178150211-2017-brunello-di-montalcino-colombaiolo-tassi-tuscany-italy","1980154","20178150211"
"Costanti","2008","Brunello di Montalcino, Conti Costanti, Tuscany, Italy","724","Case of 6 Bottles","https://www.bbr.com/products-20088106322-2008-brunello-di-montalcino-conti-costanti-tuscany-italy","1098493","20088106322"
"Costanti","2010","Brunello di Montalcino, Conti Costanti, Tuscany, Italy","380","Case of 6 Bottles","https://www.bbr.com/products-20108106322-2010-brunello-di-montalcino-conti-costanti-tuscany-italy","1098493","20108106322"
"Costanti","2010","Brunello di Montalcino, Conti Costanti, Tuscany, Italy","680","Case of 6 Magnums","https://www.bbr.com/products-20108106322-2010-brunello-di-montalcino-conti-costanti-tuscany-italy","1098493","20108106322"
"Costanti","2012","Brunello di Montalcino, Conti Costanti, Tuscany, Italy","740","Case of 6 Magnums","https://www.bbr.com/products-20128106322-2012-brunello-di-montalcino-conti-costanti-tuscany-italy","1098493","20128106322"
"Costanti","2013","Brunello di Montalcino, Conti Costanti, Tuscany, Italy","470","Case of 6 Bottles","https://www.bbr.com/products-20138106322-2013-brunello-di-montalcino-conti-costanti-tuscany-italy","1098493","20138106322"
"Costanti","2015","Brunello di Montalcino, Conti Costanti, Tuscany, Italy","315","Case of 6 Bottles","https://www.bbr.com/products-20158106322-2015-brunello-di-montalcino-conti-costanti-tuscany-italy","1098493","20158106322"
"Costanti","2016","Brunello di Montalcino, Conti Costanti, Tuscany, Italy","330","Case of 6 Bottles","https://www.bbr.com/products-20168106322-2016-brunello-di-montalcino-conti-costanti-tuscany-italy","1098493","20168106322"
"Costanti","2016","Brunello di Montalcino, Conti Costanti, Tuscany, Italy","315","Case of 6 Bottles","https://www.bbr.com/products-20168106322-2016-brunello-di-montalcino-conti-costanti-tuscany-italy","1098493","20168106322"
"Costanti","2016","Brunello di Montalcino, Conti Costanti, Tuscany, Italy","660","Case of 6 Magnums","https://www.bbr.com/products-20168106322-2016-brunello-di-montalcino-conti-costanti-tuscany-italy","1098493","20168106322"
"Costanti","2016","Brunello di Montalcino, Conti Costanti, Tuscany, Italy","140","Case of 1 Magnums","https://www.bbr.com/products-20168106322-2016-brunello-di-montalcino-conti-costanti-tuscany-italy","1098493","20168106322"
"Costanti","2017","Brunello di Montalcino, Conti Costanti, Tuscany, Italy","140","Case of 1 Magnums","https://www.bbr.com/products-20178106322-2017-brunello-di-montalcino-conti-costanti-tuscany-italy","1098493","20178106322"
"Costanti","2019","Brunello di Montalcino, Conti Costanti, Tuscany, Italy","736","Case of 6 Bottles","https://www.bbr.com/products-20198106322-2019-brunello-di-montalcino-conti-costanti-tuscany-italy","1098493","20198106322"
"Costanti","2019","Brunello di Montalcino, Conti Costanti, Tuscany, Italy","440","Case of 6 Bottles","https://www.bbr.com/products-20198106322-2019-brunello-di-montalcino-conti-costanti-tuscany-italy","1098493","20198106322"
"Cupano","2010","Brunello di Montalcino, Cupano, Tuscany, Italy","500","Case of 6 Bottles","https://www.bbr.com/products-20108214762-2010-brunello-di-montalcino-cupano-tuscany-italy","1098738","20108214762"
"Castello Romitorio","2010","Brunello di Montalcino, Filo di Seta, Castello Romitorio, Tuscany, Italy","450","Case of 6 Bottles","https://www.bbr.com/products-20108205722-2010-brunello-di-montalcino-filo-di-seta-castello-romitorio-tuscany-italy","1337189","20108205722"
"Castello Romitorio","2016","Brunello di Montalcino, Filo di Seta, Castello Romitorio, Tuscany, Italy","550","Case of 6 Bottles","https://www.bbr.com/products-20168205722-2016-brunello-di-montalcino-filo-di-seta-castello-romitorio-tuscany-italy","1337189","20168205722"
"La Fornace","2016","Brunello di Montalcino, Fornace, Le Ragnaie, Tuscany, Italy","190","Case of 1 Magnums","https://www.bbr.com/products-20168207120-2016-brunello-di-montalcino-fornace-le-ragnaie-tuscany-italy","1279988","20168207120"
"Tassi","2018","Brunello di Montalcino, Franci, Tassi, Tuscany, Italy","700","Case of 6 Bottles","https://www.bbr.com/products-20188167938-2018-brunello-di-montalcino-franci-tassi-tuscany-italy","1169599","20188167938"
"Fuligni","2016","Brunello di Montalcino, Fuligni, Tuscany, Italy","369","Case of 6 Bottles","https://www.bbr.com/products-20168214560-2016-brunello-di-montalcino-fuligni-tuscany-italy","1099533","20168214560"
"La Serena, Tuscany","2006","Brunello di Montalcino, Gemini, Riserva, La Serena, Tuscany, Italy","1500","Case of 6 Bottles","https://www.bbr.com/products-20061133866-2006-brunello-di-montalcino-gemini-riserva-la-serena-tuscany-italy","1533321","20061133866"
"La Serena, Tuscany","2010","Brunello di Montalcino, Gemini, Riserva, La Serena, Tuscany, Italy","419","Case of 6 Bottles","https://www.bbr.com/products-20101133866-2010-brunello-di-montalcino-gemini-riserva-la-serena-tuscany-italy","1533321","20101133866"
"La Serena, Tuscany","2012","Brunello di Montalcino, Gemini, Riserva, La Serena, Tuscany, Italy","340","Case of 6 Bottles","https://www.bbr.com/products-20121133866-2012-brunello-di-montalcino-gemini-riserva-la-serena-tuscany-italy","1533321","20121133866"
"La Serena, Tuscany","2015","Brunello di Montalcino, Gemini, Riserva, La Serena, Tuscany, Italy","260","Case of 6 Bottles","https://www.bbr.com/products-20151133866-2015-brunello-di-montalcino-gemini-riserva-la-serena-tuscany-italy","1533321","20151133866"
"La Serena, Tuscany","2017","Brunello di Montalcino, Gemini, Riserva, La Serena, Tuscany, Italy","340","Case of 6 Bottles","https://www.bbr.com/products-20171133866-2017-brunello-di-montalcino-gemini-riserva-la-serena-tuscany-italy","1533321","20171133866"
"La Serena, Tuscany","2018","Brunello di Montalcino, Gemini, Riserva, La Serena, Tuscany, Italy","280","Case of 6 Bottles","https://www.bbr.com/products-20181133866-2018-brunello-di-montalcino-gemini-riserva-la-serena-tuscany-italy","1533321","20181133866"
"La Serena, Tuscany","2019","Brunello di Montalcino, Gemini, Riserva, La Serena, Tuscany, Italy","425","Case of 6 Bottles","https://www.bbr.com/products-20191133866-2019-brunello-di-montalcino-gemini-riserva-la-serena-tuscany-italy","1533321","20191133866"
"Gianni Brunelli","2015","Brunello di Montalcino, Gianni Brunelli, Tuscany, Italy","320","Case of 6 Bottles","https://www.bbr.com/products-20158215147-2015-brunello-di-montalcino-gianni-brunelli-tuscany-italy","1096284","20158215147"
"Gianni Brunelli","2015","Brunello di Montalcino, Gianni Brunelli, Tuscany, Italy","285","Case of 6 Bottles","https://www.bbr.com/products-20158215147-2015-brunello-di-montalcino-gianni-brunelli-tuscany-italy","1096284","20158215147"
"Gianni Brunelli","2016","Brunello di Montalcino, Gianni Brunelli, Tuscany, Italy","530","Case of 6 Bottles","https://www.bbr.com/products-20168215147-2016-brunello-di-montalcino-gianni-brunelli-tuscany-italy","1096284","20168215147"
"Gianni Brunelli","2017","Brunello di Montalcino, Gianni Brunelli, Tuscany, Italy","99","Case of 1 Magnums","https://www.bbr.com/products-20178215147-2017-brunello-di-montalcino-gianni-brunelli-tuscany-italy","1096284","20178215147"
"Gianni Brunelli","2020","Brunello di Montalcino, Gianni Brunelli, Tuscany, Italy","500","Case of 6 Bottles","https://www.bbr.com/products-20208215147-2020-brunello-di-montalcino-gianni-brunelli-tuscany-italy","1096284","20208215147"
"Podere Giodo","2013","Brunello di Montalcino, Giodo, Tuscany, Italy","528","Case of 6 Bottles","https://www.bbr.com/products-20138202705-2013-brunello-di-montalcino-giodo-tuscany-italy","1527542","20138202705"
"Podere Giodo","2016","Brunello di Montalcino, Giodo, Tuscany, Italy","580","Case of 6 Bottles","https://www.bbr.com/products-20168202705-2016-brunello-di-montalcino-giodo-tuscany-italy","1527542","20168202705"
"Podere Giodo","2016","Brunello di Montalcino, Giodo, Tuscany, Italy","555","Case of 6 Bottles","https://www.bbr.com/products-20168202705-2016-brunello-di-montalcino-giodo-tuscany-italy","1527542","20168202705"
"Casanova di Neri","2019","Brunello di Montalcino, Giovanni Neri, Casanova di Neri, Tuscany, Italy","480","Case of 3 Bottles","https://www.bbr.com/products-20198241795-2019-brunello-di-montalcino-giovanni-neri-casanova-di-neri-tuscany-italy","1097119","20198241795"
"Tassi","2019","Brunello di Montalcino, Giuseppe Tassi, Tassi, Tuscany, Italy","610","Case of 6 Bottles","https://www.bbr.com/products-20198248185-2019-brunello-di-montalcino-giuseppe-tassi-tassi-tuscany-italy","1980167","20198248185"
"Az Agr San Polino","2016","Brunello di Montalcino, Helichrysum, San Polino, Tuscany, Italy","250","Case of 6 Bottles","https://www.bbr.com/products-20168210663-2016-brunello-di-montalcino-helichrysum-san-polino-tuscany-italy","1169225","20168210663"
"Il Colle","2013","Brunello di Montalcino, Il Colle, Tuscany, Italy","225","Case of 6 Bottles","https://www.bbr.com/products-20138048974-2013-brunello-di-montalcino-il-colle-tuscany-italy","1452507","20138048974"
"Il Marroneto","2004","Brunello di Montalcino, Il Marroneto, Tuscany, Italy","625","Case of 6 Bottles","https://www.bbr.com/products-20048117584-2004-brunello-di-montalcino-il-marroneto-tuscany-italy","1101186","20048117584"
"Il Marroneto","2007","Brunello di Montalcino, Il Marroneto, Tuscany, Italy","685","Case of 6 Bottles","https://www.bbr.com/products-20078117584-2007-brunello-di-montalcino-il-marroneto-tuscany-italy","1101186","20078117584"
"Il Marroneto","2016","Brunello di Montalcino, Il Marroneto, Tuscany, Italy","550","Case of 6 Bottles","https://www.bbr.com/products-20168117584-2016-brunello-di-montalcino-il-marroneto-tuscany-italy","1101186","20168117584"
"Il Marroneto","2016","Brunello di Montalcino, Il Marroneto, Tuscany, Italy","180","Case of 1 Magnums","https://www.bbr.com/products-20168117584-2016-brunello-di-montalcino-il-marroneto-tuscany-italy","1101186","20168117584"
"Il Poggione","2007","Brunello di Montalcino, Il Poggione, Tuscany, Italy","290","Case of 6 Bottles","https://www.bbr.com/products-20071103180-2007-brunello-di-montalcino-il-poggione-tuscany-italy","1103180","20071103180"
"Il Poggione","2008","Brunello di Montalcino, Il Poggione, Tuscany, Italy","380","Case of 6 Bottles","https://www.bbr.com/products-20081103180-2008-brunello-di-montalcino-il-poggione-tuscany-italy","1103180","20081103180"
"Il Poggione","2010","Brunello di Montalcino, Il Poggione, Tuscany, Italy","280","Case of 6 Bottles","https://www.bbr.com/products-20101103180-2010-brunello-di-montalcino-il-poggione-tuscany-italy","1103180","20101103180"
"Il Poggione","2010","Brunello di Montalcino, Il Poggione, Tuscany, Italy","280","Case of 6 Bottles","https://www.bbr.com/products-20101103180-2010-brunello-di-montalcino-il-poggione-tuscany-italy","1103180","20101103180"
"Il Poggione","2010","Brunello di Montalcino, Il Poggione, Tuscany, Italy","110","Case of 1 Magnums","https://www.bbr.com/products-20101103180-2010-brunello-di-montalcino-il-poggione-tuscany-italy","1103180","20101103180"
"Il Poggione","2011","Brunello di Montalcino, Il Poggione, Tuscany, Italy","180","Case of 6 Bottles","https://www.bbr.com/products-20111103180-2011-brunello-di-montalcino-il-poggione-tuscany-italy","1103180","20111103180"
"Il Poggione","2011","Brunello di Montalcino, Il Poggione, Tuscany, Italy","210","Case of 6 Bottles","https://www.bbr.com/products-20111103180-2011-brunello-di-montalcino-il-poggione-tuscany-italy","1103180","20111103180"
"Il Poggione","2011","Brunello di Montalcino, Il Poggione, Tuscany, Italy","70","Case of 1 Magnums","https://www.bbr.com/products-20111103180-2011-brunello-di-montalcino-il-poggione-tuscany-italy","1103180","20111103180"
"Il Poggione","2012","Brunello di Montalcino, Il Poggione, Tuscany, Italy","220","Case of 6 Bottles","https://www.bbr.com/products-20121103180-2012-brunello-di-montalcino-il-poggione-tuscany-italy","1103180","20121103180"
"Il Poggione","2012","Brunello di Montalcino, Il Poggione, Tuscany, Italy","170","Case of 6 Bottles","https://www.bbr.com/products-20121103180-2012-brunello-di-montalcino-il-poggione-tuscany-italy","1103180","20121103180"
"Il Poggione","2012","Brunello di Montalcino, Il Poggione, Tuscany, Italy","271","Case of 1 Double Magnums","https://www.bbr.com/products-20121103180-2012-brunello-di-montalcino-il-poggione-tuscany-italy","1103180","20121103180"
"Il Poggione","2013","Brunello di Montalcino, Il Poggione, Tuscany, Italy","178","Case of 6 Bottles","https://www.bbr.com/products-20131103180-2013-brunello-di-montalcino-il-poggione-tuscany-italy","1103180","20131103180"
"Il Poggione","2014","Brunello di Montalcino, Il Poggione, Tuscany, Italy","140","Case of 6 Bottles","https://www.bbr.com/products-20141103180-2014-brunello-di-montalcino-il-poggione-tuscany-italy","1103180","20141103180"
"Il Poggione","2015","Brunello di Montalcino, Il Poggione, Tuscany, Italy","170","Case of 6 Bottles","https://www.bbr.com/products-20151103180-2015-brunello-di-montalcino-il-poggione-tuscany-italy","1103180","20151103180"
"Il Poggione","2015","Brunello di Montalcino, Il Poggione, Tuscany, Italy","200","Case of 1 Double Magnums","https://www.bbr.com/products-20151103180-2015-brunello-di-montalcino-il-poggione-tuscany-italy","1103180","20151103180"
"Il Poggione","2016","Brunello di Montalcino, Il Poggione, Tuscany, Italy","200","Case of 6 Bottles","https://www.bbr.com/products-20161103180-2016-brunello-di-montalcino-il-poggione-tuscany-italy","1103180","20161103180"
"Il Poggione","2016","Brunello di Montalcino, Il Poggione, Tuscany, Italy","184","Case of 6 Bottles","https://www.bbr.com/products-20161103180-2016-brunello-di-montalcino-il-poggione-tuscany-italy","1103180","20161103180"
"Il Poggione","2016","Brunello di Montalcino, Il Poggione, Tuscany, Italy","180","Case of 1 Double Magnums","https://www.bbr.com/products-20161103180-2016-brunello-di-montalcino-il-poggione-tuscany-italy","1103180","20161103180"
"Il Poggione","2017","Brunello di Montalcino, Il Poggione, Tuscany, Italy","195","Case of 6 Bottles","https://www.bbr.com/products-20171103180-2017-brunello-di-montalcino-il-poggione-tuscany-italy","1103180","20171103180"
"Il Poggione","2017","Brunello di Montalcino, Il Poggione, Tuscany, Italy","232","Case of 6 Bottles","https://www.bbr.com/products-20171103180-2017-brunello-di-montalcino-il-poggione-tuscany-italy","1103180","20171103180"
"Il Poggione","2018","Brunello di Montalcino, Il Poggione, Tuscany, Italy","190","Case of 6 Bottles","https://www.bbr.com/products-20181103180-2018-brunello-di-montalcino-il-poggione-tuscany-italy","1103180","20181103180"
"Il Poggione","2018","Brunello di Montalcino, Il Poggione, Tuscany, Italy","225","Case of 1 Double Magnums","https://www.bbr.com/products-20181103180-2018-brunello-di-montalcino-il-poggione-tuscany-italy","1103180","20181103180"
"Il Poggione","2018","Brunello di Montalcino, Il Poggione, Tuscany, Italy","75","Case of 1 Magnums","https://www.bbr.com/products-20181103180-2018-brunello-di-montalcino-il-poggione-tuscany-italy","1103180","20181103180"
"Il Poggione","2019","Brunello di Montalcino, Il Poggione, Tuscany, Italy","195","Case of 6 Bottles","https://www.bbr.com/products-20191103180-2019-brunello-di-montalcino-il-poggione-tuscany-italy","1103180","20191103180"
"Il Poggione","2019","Brunello di Montalcino, Il Poggione, Tuscany, Italy","200","Case of 6 Bottles","https://www.bbr.com/products-20191103180-2019-brunello-di-montalcino-il-poggione-tuscany-italy","1103180","20191103180"
"La Magia","2015","Brunello di Montalcino, La Magia, Tuscany, Italy","300","Case of 6 Bottles","https://www.bbr.com/products-20151165982-2015-brunello-di-montalcino-la-magia-tuscany-italy","1165982","20151165982"
"La Magia","2016","Brunello di Montalcino, La Magia, Tuscany, Italy","193","Case of 6 Bottles","https://www.bbr.com/products-20161165982-2016-brunello-di-montalcino-la-magia-tuscany-italy","1165982","20161165982"
"La Magia","2016","Brunello di Montalcino, La Magia, Tuscany, Italy","100","Case of 1 Magnums","https://www.bbr.com/products-20161165982-2016-brunello-di-montalcino-la-magia-tuscany-italy","1165982","20161165982"
"La Magia","2017","Brunello di Montalcino, La Magia, Tuscany, Italy","160","Case of 6 Bottles","https://www.bbr.com/products-20171165982-2017-brunello-di-montalcino-la-magia-tuscany-italy","1165982","20171165982"
"La Magia","2018","Brunello di Montalcino, La Magia, Tuscany, Italy","200","Case of 6 Bottles","https://www.bbr.com/products-20181165982-2018-brunello-di-montalcino-la-magia-tuscany-italy","1165982","20181165982"
"La Magia","2019","Brunello di Montalcino, La Magia, Tuscany, Italy","185","Case of 6 Bottles","https://www.bbr.com/products-20191165982-2019-brunello-di-montalcino-la-magia-tuscany-italy","1165982","20191165982"
"La Magia","2020","Brunello di Montalcino, La Magia, Tuscany, Italy","300","Case of 6 Bottles","https://www.bbr.com/products-20201165982-2020-brunello-di-montalcino-la-magia-tuscany-italy","1165982","20201165982"
"La Serena, Tuscany","2008","Brunello di Montalcino, La Serena, Tuscany, Italy","373","Case of 6 Bottles","https://www.bbr.com/products-20081105269-2008-brunello-di-montalcino-la-serena-tuscany-italy","1105269","20081105269"
"La Serena, Tuscany","2010","Brunello di Montalcino, La Serena, Tuscany, Italy","540","Case of 6 Bottles","https://www.bbr.com/products-20101105269-2010-brunello-di-montalcino-la-serena-tuscany-italy","1105269","20101105269"
"La Serena, Tuscany","2012","Brunello di Montalcino, La Serena, Tuscany, Italy","220","Case of 6 Bottles","https://www.bbr.com/products-20121105269-2012-brunello-di-montalcino-la-serena-tuscany-italy","1105269","20121105269"
"La Serena, Tuscany","2013","Brunello di Montalcino, La Serena, Tuscany, Italy","350","Case of 6 Bottles","https://www.bbr.com/products-20131105269-2013-brunello-di-montalcino-la-serena-tuscany-italy","1105269","20131105269"
"La Serena, Tuscany","2016","Brunello di Montalcino, La Serena, Tuscany, Italy","175","Case of 6 Bottles","https://www.bbr.com/products-20161105269-2016-brunello-di-montalcino-la-serena-tuscany-italy","1105269","20161105269"
"La Serena, Tuscany","2017","Brunello di Montalcino, La Serena, Tuscany, Italy","180","Case of 6 Bottles","https://www.bbr.com/products-20171105269-2017-brunello-di-montalcino-la-serena-tuscany-italy","1105269","20171105269"
"La Serena, Tuscany","2018","Brunello di Montalcino, La Serena, Tuscany, Italy","200","Case of 6 Bottles","https://www.bbr.com/products-20181105269-2018-brunello-di-montalcino-la-serena-tuscany-italy","1105269","20181105269"
"La Serena, Tuscany","2019","Brunello di Montalcino, La Serena, Tuscany, Italy","190","Case of 6 Bottles","https://www.bbr.com/products-20191105269-2019-brunello-di-montalcino-la-serena-tuscany-italy","1105269","20191105269"
"Biondi-Santi","1985","Brunello di Montalcino, La Storica, Riserva, Biondi-Santi, Tuscany, Italy","1200","Case of 1 Bottles","https://www.bbr.com/products-19858152202-1985-brunello-di-montalcino-la-storica-riserva-biondi-santi-tuscany-italy","1174687","19858152202"
"Azienda Vinicola Lazzeretti Marco","2006","Brunello di Montalcino, Lazzeretti, Tuscany, Italy","398","Case of 6 Bottles","https://www.bbr.com/products-20068210722-2006-brunello-di-montalcino-lazzeretti-tuscany-italy","1165706","20068210722"
"Azienda Agricola Le Ragnaie","2013","Brunello di Montalcino, Le Ragnaie, Tuscany, Italy","280","Case of 6 Bottles","https://www.bbr.com/products-20138039383-2013-brunello-di-montalcino-le-ragnaie-tuscany-italy","1153417","20138039383"
"Azienda Agricola Le Ragnaie","2016","Brunello di Montalcino, Le Ragnaie, Tuscany, Italy","290","Case of 6 Bottles","https://www.bbr.com/products-20168039383-2016-brunello-di-montalcino-le-ragnaie-tuscany-italy","1153417","20168039383"
"Azienda Agricola Le Ragnaie","2016","Brunello di Montalcino, Le Ragnaie, Tuscany, Italy","230","Case of 6 Bottles","https://www.bbr.com/products-20168039383-2016-brunello-di-montalcino-le-ragnaie-tuscany-italy","1153417","20168039383"
"Lisini, Tuscany","2004","Brunello di Montalcino, Lisini, Tuscany, Italy","320","Case of 6 Bottles","https://www.bbr.com/products-20041100772-2004-brunello-di-montalcino-lisini-tuscany-italy","1100772","20041100772"
"Lisini, Tuscany","2006","Brunello di Montalcino, Lisini, Tuscany, Italy","350","Case of 6 Bottles","https://www.bbr.com/products-20061100772-2006-brunello-di-montalcino-lisini-tuscany-italy","1100772","20061100772"
"Lisini, Tuscany","2012","Brunello di Montalcino, Lisini, Tuscany, Italy","220","Case of 6 Bottles","https://www.bbr.com/products-20121100772-2012-brunello-di-montalcino-lisini-tuscany-italy","1100772","20121100772"
"Lisini, Tuscany","2015","Brunello di Montalcino, Lisini, Tuscany, Italy","225","Case of 6 Bottles","https://www.bbr.com/products-20151100772-2015-brunello-di-montalcino-lisini-tuscany-italy","1100772","20151100772"
"Lisini, Tuscany","2016","Brunello di Montalcino, Lisini, Tuscany, Italy","275","Case of 6 Bottles","https://www.bbr.com/products-20161100772-2016-brunello-di-montalcino-lisini-tuscany-italy","1100772","20161100772"
"Lisini, Tuscany","2017","Brunello di Montalcino, Lisini, Tuscany, Italy","300","Case of 6 Bottles","https://www.bbr.com/products-20171100772-2017-brunello-di-montalcino-lisini-tuscany-italy","1100772","20171100772"
"Lisini, Tuscany","2018","Brunello di Montalcino, Lisini, Tuscany, Italy","290","Case of 6 Bottles","https://www.bbr.com/products-20181100772-2018-brunello-di-montalcino-lisini-tuscany-italy","1100772","20181100772"
"Lisini, Tuscany","2019","Brunello di Montalcino, Lisini, Tuscany, Italy","275","Case of 6 Bottles","https://www.bbr.com/products-20191100772-2019-brunello-di-montalcino-lisini-tuscany-italy","1100772","20191100772"
"Lisini, Tuscany","2020","Brunello di Montalcino, Lisini, Tuscany, Italy","205","Case of 6 Bottles","https://www.bbr.com/products-20201100772-2020-brunello-di-montalcino-lisini-tuscany-italy","1100772","20201100772"
"Luce della Vite","2006","Brunello di Montalcino, Luce della Vite, Tuscany, Italy","275","Case of 3 Bottles","https://www.bbr.com/products-20068201258-2006-brunello-di-montalcino-luce-della-vite-tuscany-italy","1533435","20068201258"
"Luce della Vite","2013","Brunello di Montalcino, Luce della Vite, Tuscany, Italy","800","Case of 3 Bottles","https://www.bbr.com/products-20138201258-2013-brunello-di-montalcino-luce-della-vite-tuscany-italy","1533435","20138201258"
"Valdicava","2007","Brunello di Montalcino, Madonna del Piano, Riserva, Valdicava, Tuscany, Italy","961","Case of 6 Bottles","https://www.bbr.com/products-20078117353-2007-brunello-di-montalcino-madonna-del-piano-riserva-valdicava-tuscany-italy","1105966","20078117353"
"Valdicava","2013","Brunello di Montalcino, Madonna del Piano, Riserva, Valdicava, Tuscany, Italy","900","Case of 6 Bottles","https://www.bbr.com/products-20138117353-2013-brunello-di-montalcino-madonna-del-piano-riserva-valdicava-tuscany-italy","1105966","20138117353"
"Valdicava","2015","Brunello di Montalcino, Madonna del Piano, Riserva, Valdicava, Tuscany, Italy","1000","Case of 6 Bottles","https://www.bbr.com/products-20158117353-2015-brunello-di-montalcino-madonna-del-piano-riserva-valdicava-tuscany-italy","1105966","20158117353"
"Il Marroneto","2015","Brunello di Montalcino, Madonna delle Grazie, Il Marroneto, Tuscany, Italy","450","Case of 1 Magnums","https://www.bbr.com/products-20158101822-2015-brunello-di-montalcino-madonna-delle-grazie-il-marroneto-tuscany-italy","1101199","20158101822"
"Mastrojanni","2010","Brunello di Montalcino, Mastrojanni, Tuscany, Italy","555","Case of 6 Bottles","https://www.bbr.com/products-20108214267-2010-brunello-di-montalcino-mastrojanni-tuscany-italy","1101476","20108214267"
"Molino di Sant'Antimo","2019","Brunello di Montalcino, Molino di Sant'Antimo, Tuscany, Italy","200","Case of 6 Bottles","https://www.bbr.com/products-20198247670-2019-brunello-di-montalcino-molino-di-sant-antimo-tuscany-italy","1101740","20198247670"
"Molino di Sant'Antimo","2020","Brunello di Montalcino, Molino di Sant'Antimo, Tuscany, Italy","193","Case of 6 Bottles","https://www.bbr.com/products-20208247670-2020-brunello-di-montalcino-molino-di-sant-antimo-tuscany-italy","1101740","20208247670"
"Mate Winery","2013","Brunello di Montalcino, Mate, Tuscany, Italy","200","Case of 6 Bottles","https://www.bbr.com/products-20131166237-2013-brunello-di-montalcino-mate-tuscany-italy","1166237","20131166237"
"Mate Winery","2016","Brunello di Montalcino, Mate, Tuscany, Italy","195","Case of 6 Bottles","https://www.bbr.com/products-20161166237-2016-brunello-di-montalcino-mate-tuscany-italy","1166237","20161166237"
"Mate Winery","2017","Brunello di Montalcino, Mate, Tuscany, Italy","180","Case of 6 Bottles","https://www.bbr.com/products-20171166237-2017-brunello-di-montalcino-mate-tuscany-italy","1166237","20171166237"
"Mate Winery","2018","Brunello di Montalcino, Mate, Tuscany, Italy","220","Case of 6 Bottles","https://www.bbr.com/products-20181166237-2018-brunello-di-montalcino-mate-tuscany-italy","1166237","20181166237"
"Mate Winery","2019","Brunello di Montalcino, Mate, Tuscany, Italy","215","Case of 6 Bottles","https://www.bbr.com/products-20191166237-2019-brunello-di-montalcino-mate-tuscany-italy","1166237","20191166237"
"Mate Winery","2020","Brunello di Montalcino, Mate, Tuscany, Italy","299","Case of 6 Bottles","https://www.bbr.com/products-20201166237-2020-brunello-di-montalcino-mate-tuscany-italy","1166237","20201166237"
"Podere Salicutti","2012","Brunello di Montalcino, Piaggione, Salicutti, Tuscany, Italy","250","Case of 6 Bottles","https://www.bbr.com/products-20128213723-2012-brunello-di-montalcino-piaggione-salicutti-tuscany-italy","1104523","20128213723"
"Ciacci Piccolomini d'Aragona","2015","Brunello di Montalcino, Pianrosso, Ciacci Piccolomini d'Aragona, Tuscany, Italy","395","Case of 6 Bottles","https://www.bbr.com/products-20158209674-2015-brunello-di-montalcino-pianrosso-ciacci-piccolomini-d-aragona-tuscany-italy","1097874","20158209674"
"Ciacci Piccolomini d'Aragona","2016","Brunello di Montalcino, Pianrosso, Ciacci Piccolomini d'Aragona, Tuscany, Italy","315","Case of 6 Bottles","https://www.bbr.com/products-20168209674-2016-brunello-di-montalcino-pianrosso-ciacci-piccolomini-d-aragona-tuscany-italy","1097874","20168209674"
"Ciacci Piccolomini d'Aragona","2017","Brunello di Montalcino, Pianrosso, Ciacci Piccolomini d'Aragona, Tuscany, Italy","205","Case of 6 Bottles","https://www.bbr.com/products-20178209674-2017-brunello-di-montalcino-pianrosso-ciacci-piccolomini-d-aragona-tuscany-italy","1097874","20178209674"
"Ciacci Piccolomini d'Aragona","2018","Brunello di Montalcino, Pianrosso, Ciacci Piccolomini d'Aragona, Tuscany, Italy","225","Case of 6 Bottles","https://www.bbr.com/products-20188209674-2018-brunello-di-montalcino-pianrosso-ciacci-piccolomini-d-aragona-tuscany-italy","1097874","20188209674"
"Ciacci Piccolomini d'Aragona","2019","Brunello di Montalcino, Pianrosso, Ciacci Piccolomini d'Aragona, Tuscany, Italy","320","Case of 6 Bottles","https://www.bbr.com/products-20198209674-2019-brunello-di-montalcino-pianrosso-ciacci-piccolomini-d-aragona-tuscany-italy","1097874","20198209674"
"Ciacci Piccolomini d'Aragona","2019","Brunello di Montalcino, Pianrosso, Ciacci Piccolomini d'Aragona, Tuscany, Italy","140","Case of 1 Magnums","https://www.bbr.com/products-20198209674-2019-brunello-di-montalcino-pianrosso-ciacci-piccolomini-d-aragona-tuscany-italy","1097874","20198209674"
"Ciacci Piccolomini d'Aragona","2007","Brunello di Montalcino, Pianrosso, Santa Caterina d'Oro, Riserva, Ciacci Piccolomini d'Aragona, Tuscany, Italy","586","Case of 6 Bottles","https://www.bbr.com/products-20078209687-2007-brunello-di-montalcino-pianrosso-santa-caterina-d-oro-riserva-ciacci-piccolomini-d-aragona-tuscany-italy","1097887","20078209687"
"Gaja","2012","Brunello di Montalcino, Pieve di Santa Restituta, Gaja, Tuscany, Italy","320","Case of 6 Bottles","https://www.bbr.com/products-20128111898-2012-brunello-di-montalcino-pieve-di-santa-restituta-gaja-tuscany-italy","1220078","20128111898"
"Gaja","2013","Brunello di Montalcino, Pieve di Santa Restituta, Gaja, Tuscany, Italy","310","Case of 6 Bottles","https://www.bbr.com/products-20138111898-2013-brunello-di-montalcino-pieve-di-santa-restituta-gaja-tuscany-italy","1220078","20138111898"
"Gaja","2015","Brunello di Montalcino, Pieve di Santa Restituta, Gaja, Tuscany, Italy","330","Case of 6 Bottles","https://www.bbr.com/products-20158111898-2015-brunello-di-montalcino-pieve-di-santa-restituta-gaja-tuscany-italy","1220078","20158111898"
"Gaja","2015","Brunello di Montalcino, Pieve di Santa Restituta, Gaja, Tuscany, Italy","150","Case of 1 Magnums","https://www.bbr.com/products-20158111898-2015-brunello-di-montalcino-pieve-di-santa-restituta-gaja-tuscany-italy","1220078","20158111898"
"Gaja","2016","Brunello di Montalcino, Pieve di Santa Restituta, Gaja, Tuscany, Italy","299","Case of 6 Bottles","https://www.bbr.com/products-20168111898-2016-brunello-di-montalcino-pieve-di-santa-restituta-gaja-tuscany-italy","1220078","20168111898"
"Gaja","2016","Brunello di Montalcino, Pieve di Santa Restituta, Gaja, Tuscany, Italy","150","Case of 1 Magnums","https://www.bbr.com/products-20168111898-2016-brunello-di-montalcino-pieve-di-santa-restituta-gaja-tuscany-italy","1220078","20168111898"
"Gaja","2019","Brunello di Montalcino, Pieve di Santa Restituta, Gaja, Tuscany, Italy","358","Case of 6 Bottles","https://www.bbr.com/products-20198111898-2019-brunello-di-montalcino-pieve-di-santa-restituta-gaja-tuscany-italy","1220078","20198111898"
"Pinino","2019","Brunello di Montalcino, Pinino, Tuscany, Italy","133","Case of 6 Bottles","https://www.bbr.com/products-20198320502-2019-brunello-di-montalcino-pinino-tuscany-italy","1102675","20198320502"
"Podere La Vigna","2013","Brunello di Montalcino, Podere La Vigna, Tuscany, Italy","260","Case of 6 Bottles","https://www.bbr.com/products-20131129717-2013-brunello-di-montalcino-podere-la-vigna-tuscany-italy","1129717","20131129717"
"Poggio di Sotto","2005","Brunello di Montalcino, Poggio di Sotto, Tuscany, Italy","2780","Case of 12 Bottles","https://www.bbr.com/products-20058000082-2005-brunello-di-montalcino-poggio-di-sotto-tuscany-italy","1103076","20058000082"
"Poggio di Sotto","2008","Brunello di Montalcino, Poggio di Sotto, Tuscany, Italy","800","Case of 6 Bottles","https://www.bbr.com/products-20088000082-2008-brunello-di-montalcino-poggio-di-sotto-tuscany-italy","1103076","20088000082"
"Poggio di Sotto","2015","Brunello di Montalcino, Poggio di Sotto, Tuscany, Italy","795","Case of 6 Bottles","https://www.bbr.com/products-20158000082-2015-brunello-di-montalcino-poggio-di-sotto-tuscany-italy","1103076","20158000082"
"Poggio di Sotto","2016","Brunello di Montalcino, Poggio di Sotto, Tuscany, Italy","750","Case of 6 Bottles","https://www.bbr.com/products-20168000082-2016-brunello-di-montalcino-poggio-di-sotto-tuscany-italy","1103076","20168000082"
"Poggio di Sotto","2016","Brunello di Montalcino, Poggio di Sotto, Tuscany, Italy","745","Case of 6 Bottles","https://www.bbr.com/products-20168000082-2016-brunello-di-montalcino-poggio-di-sotto-tuscany-italy","1103076","20168000082"
"Poggio di Sotto","2017","Brunello di Montalcino, Poggio di Sotto, Tuscany, Italy","610","Case of 6 Bottles","https://www.bbr.com/products-20178000082-2017-brunello-di-montalcino-poggio-di-sotto-tuscany-italy","1103076","20178000082"
"Poggio di Sotto","2018","Brunello di Montalcino, Poggio di Sotto, Tuscany, Italy","900","Case of 6 Bottles","https://www.bbr.com/products-20188000082-2018-brunello-di-montalcino-poggio-di-sotto-tuscany-italy","1103076","20188000082"
"Poggio di Sotto","2019","Brunello di Montalcino, Poggio di Sotto, Tuscany, Italy","350","Case of 3 Bottles","https://www.bbr.com/products-20198000082-2019-brunello-di-montalcino-poggio-di-sotto-tuscany-italy","1103076","20198000082"
"Poggio di Sotto","2019","Brunello di Montalcino, Poggio di Sotto, Tuscany, Italy","750","Case of 6 Bottles","https://www.bbr.com/products-20198000082-2019-brunello-di-montalcino-poggio-di-sotto-tuscany-italy","1103076","20198000082"
"Azienda Agricola Le Ragnaie","2013","Brunello di Montalcino, Ragnaie V.V., Le Ragnaie, Tuscany, Italy","400","Case of 6 Bottles","https://www.bbr.com/products-20138039396-2013-brunello-di-montalcino-ragnaie-v-v-le-ragnaie-tuscany-italy","1279991","20138039396"
"Azienda Agricola Le Ragnaie","2016","Brunello di Montalcino, Ragnaie V.V., Le Ragnaie, Tuscany, Italy","540","Case of 6 Bottles","https://www.bbr.com/products-20168039396-2016-brunello-di-montalcino-ragnaie-v-v-le-ragnaie-tuscany-italy","1279991","20168039396"
"Renieri di Montalcino","2015","Brunello di Montalcino, Renieri, Tuscany, Italy","300","Case of 6 Bottles","https://www.bbr.com/products-20158055822-2015-brunello-di-montalcino-renieri-tuscany-italy","1167061","20158055822"
"Renieri di Montalcino","2016","Brunello di Montalcino, Renieri, Tuscany, Italy","385","Case of 6 Bottles","https://www.bbr.com/products-20168055822-2016-brunello-di-montalcino-renieri-tuscany-italy","1167061","20168055822"
"Gaja","2010","Brunello di Montalcino, Rennina, Pieve di Santa Restituta, Gaja, Tuscany, Italy","649","Case of 6 Bottles","https://www.bbr.com/products-20108117803-2010-brunello-di-montalcino-rennina-pieve-di-santa-restituta-gaja-tuscany-italy","1099650","20108117803"
"Gaja","2015","Brunello di Montalcino, Rennina, Pieve di Santa Restituta, Gaja, Tuscany, Italy","500","Case of 6 Bottles","https://www.bbr.com/products-20158117803-2015-brunello-di-montalcino-rennina-pieve-di-santa-restituta-gaja-tuscany-italy","1099650","20158117803"
"Gaja","2015","Brunello di Montalcino, Rennina, Pieve di Santa Restituta, Gaja, Tuscany, Italy","300","Case of 1 Magnums","https://www.bbr.com/products-20158117803-2015-brunello-di-montalcino-rennina-pieve-di-santa-restituta-gaja-tuscany-italy","1099650","20158117803"
"Gaja","2016","Brunello di Montalcino, Rennina, Pieve di Santa Restituta, Gaja, Tuscany, Italy","1046","Case of 6 Bottles","https://www.bbr.com/products-20168117803-2016-brunello-di-montalcino-rennina-pieve-di-santa-restituta-gaja-tuscany-italy","1099650","20168117803"
"Gaja","2019","Brunello di Montalcino, Rennina, Pieve di Santa Restituta, Gaja, Tuscany, Italy","690","Case of 6 Bottles","https://www.bbr.com/products-20198117803-2019-brunello-di-montalcino-rennina-pieve-di-santa-restituta-gaja-tuscany-italy","1099650","20198117803"
"Marchesi De Frescobaldi","2016","Brunello di Montalcino, Ripe al Convento, Riserva, CastelGiocondo, Frescobaldi, Tuscany, Italy","300","Case of 3 Bottles","https://www.bbr.com/products-20168063676-2016-brunello-di-montalcino-ripe-al-convento-riserva-castelgiocondo-frescobaldi-tuscany-italy","1380257","20168063676"
"Marchesi De Frescobaldi","2016","Brunello di Montalcino, Ripe al Convento, Riserva, CastelGiocondo, Frescobaldi, Tuscany, Italy","254","Case of 3 Bottles","https://www.bbr.com/products-20168063676-2016-brunello-di-montalcino-ripe-al-convento-riserva-castelgiocondo-frescobaldi-tuscany-italy","1380257","20168063676"
"Biondi-Santi","2006","Brunello di Montalcino, Riserva, Biondi-Santi, Tuscany, Italy","1430","Case of 3 Bottles","https://www.bbr.com/products-20068113414-2006-brunello-di-montalcino-riserva-biondi-santi-tuscany-italy","1174687","20068113414"
"Biondi-Santi","2012","Brunello di Montalcino, Riserva, Biondi-Santi, Tuscany, Italy","810","Case of 3 Bottles","https://www.bbr.com/products-20128113414-2012-brunello-di-montalcino-riserva-biondi-santi-tuscany-italy","1174687","20128113414"
"Biondi-Santi","2013","Brunello di Montalcino, Riserva, Biondi-Santi, Tuscany, Italy","850","Case of 3 Bottles","https://www.bbr.com/products-20138113414-2013-brunello-di-montalcino-riserva-biondi-santi-tuscany-italy","1174687","20138113414"
"Biondi-Santi","2015","Brunello di Montalcino, Riserva, Biondi-Santi, Tuscany, Italy","1399.5","Case of 3 Bottles","https://www.bbr.com/products-20158113414-2015-brunello-di-montalcino-riserva-biondi-santi-tuscany-italy","1174687","20158113414"
"Biondi-Santi","2015","Brunello di Montalcino, Riserva, Biondi-Santi, Tuscany, Italy","1178","Case of 3 Bottles","https://www.bbr.com/products-20158113414-2015-brunello-di-montalcino-riserva-biondi-santi-tuscany-italy","1174687","20158113414"
"Biondi-Santi","2015","Brunello di Montalcino, Riserva, Biondi-Santi, Tuscany, Italy","1000","Case of 1 Magnums","https://www.bbr.com/products-20158113414-2015-brunello-di-montalcino-riserva-biondi-santi-tuscany-italy","1174687","20158113414"
"Biondi-Santi","2016","Brunello di Montalcino, Riserva, Biondi-Santi, Tuscany, Italy","1450","Case of 3 Bottles","https://www.bbr.com/products-20168113414-2016-brunello-di-montalcino-riserva-biondi-santi-tuscany-italy","1174687","20168113414"
"Canalicchio di Sopra","2010","Brunello di Montalcino, Riserva, Canalicchio Di Sopra, Tuscany, Italy","1050","Case of 6 Bottles","https://www.bbr.com/products-20108052759-2010-brunello-di-montalcino-riserva-canalicchio-di-sopra-tuscany-italy","1167423","20108052759"
"Costanti","2010","Brunello di Montalcino, Riserva, Conti Costanti, Tuscany, Italy","1300","Case of 6 Bottles","https://www.bbr.com/products-20108043504-2010-brunello-di-montalcino-riserva-conti-costanti-tuscany-italy","1098507","20108043504"
"Costanti","2016","Brunello di Montalcino, Riserva, Conti Costanti, Tuscany, Italy","495","Case of 6 Bottles","https://www.bbr.com/products-20168043504-2016-brunello-di-montalcino-riserva-conti-costanti-tuscany-italy","1098507","20168043504"
"Fuligni","2015","Brunello di Montalcino, Riserva, Fuligni, Tuscany, Italy","482","Case of 6 Bottles","https://www.bbr.com/products-20158214544-2015-brunello-di-montalcino-riserva-fuligni-tuscany-italy","1099575","20158214544"
"Fuligni","2016","Brunello di Montalcino, Riserva, Fuligni, Tuscany, Italy","210","Case of 1 Magnums","https://www.bbr.com/products-20168214544-2016-brunello-di-montalcino-riserva-fuligni-tuscany-italy","1099575","20168214544"
"Fuligni","2019","Brunello di Montalcino, Riserva, Fuligni, Tuscany, Italy","200","Case of 1 Magnums","https://www.bbr.com/products-20198214544-2019-brunello-di-montalcino-riserva-fuligni-tuscany-italy","1099575","20198214544"
"Gianni Brunelli","2016","Brunello di Montalcino, Riserva, Gianni Brunelli, Tuscany","900","Case of 6 Bottles","https://www.bbr.com/products-20168215134-2016-brunello-di-montalcino-riserva-gianni-brunelli-tuscany","1096297","20168215134"
"La Magia","2012","Brunello di Montalcino, Riserva, La Magia, Tuscany, Italy","350","Case of 6 Bottles","https://www.bbr.com/products-20121600429-2012-brunello-di-montalcino-riserva-la-magia-tuscany-italy","1600429","20121600429"
"La Magia","2015","Brunello di Montalcino, Riserva, La Magia, Tuscany, Italy","350","Case of 6 Bottles","https://www.bbr.com/products-20151600429-2015-brunello-di-montalcino-riserva-la-magia-tuscany-italy","1600429","20151600429"
"La Magia","2016","Brunello di Montalcino, Riserva, La Magia, Tuscany, Italy","410","Case of 6 Bottles","https://www.bbr.com/products-20161600429-2016-brunello-di-montalcino-riserva-la-magia-tuscany-italy","1600429","20161600429"
"Lisini, Tuscany","2008","Brunello di Montalcino, Riserva, Lisini, Tuscany, Italy","666","Case of 6 Bottles","https://www.bbr.com/products-20081100785-2008-brunello-di-montalcino-riserva-lisini-tuscany-italy","1100785","20081100785"
"Lisini, Tuscany","2010","Brunello di Montalcino, Riserva, Lisini, Tuscany, Italy","790","Case of 6 Bottles","https://www.bbr.com/products-20101100785-2010-brunello-di-montalcino-riserva-lisini-tuscany-italy","1100785","20101100785"
"Lisini, Tuscany","2012","Brunello di Montalcino, Riserva, Lisini, Tuscany, Italy","400","Case of 6 Bottles","https://www.bbr.com/products-20121100785-2012-brunello-di-montalcino-riserva-lisini-tuscany-italy","1100785","20121100785"
"Lisini, Tuscany","2019","Brunello di Montalcino, Riserva, Lisini, Tuscany, Italy","435","Case of 6 Bottles","https://www.bbr.com/products-20191100785-2019-brunello-di-montalcino-riserva-lisini-tuscany-italy","1100785","20191100785"
"Mate Winery","2015","Brunello di Montalcino, Riserva, Mate, Tuscany, Italy","300","Case of 6 Bottles","https://www.bbr.com/products-20158000109-2015-brunello-di-montalcino-riserva-mate-tuscany-italy","1610408","20158000109"
"Mate Winery","2016","Brunello di Montalcino, Riserva, Mate, Tuscany, Italy","398","Case of 6 Bottles","https://www.bbr.com/products-20168000109-2016-brunello-di-montalcino-riserva-mate-tuscany-italy","1610408","20168000109"
"Mate Winery","2019","Brunello di Montalcino, Riserva, Mate, Tuscany, Italy","740","Case of 6 Bottles","https://www.bbr.com/products-20198000109-2019-brunello-di-montalcino-riserva-mate-tuscany-italy","1610408","20198000109"
"Poggio Antico","2016","Brunello di Montalcino, Riserva, Poggio Antico, Tuscany, Italy","355","Case of 6 Bottles","https://www.bbr.com/products-20168214078-2016-brunello-di-montalcino-riserva-poggio-antico-tuscany-italy","1102978","20168214078"
"Poggio di Sotto","2016","Brunello di Montalcino, Riserva, Poggio di Sotto, Tuscany, Italy","890","Case of 3 Bottles","https://www.bbr.com/products-20168000125-2016-brunello-di-montalcino-riserva-poggio-di-sotto-tuscany-italy","1175251","20168000125"
"Renieri di Montalcino","2015","Brunello di Montalcino, Riserva, Renieri, Tuscany, Italy","469","Case of 6 Bottles","https://www.bbr.com/products-20158225100-2015-brunello-di-montalcino-riserva-renieri-tuscany-italy","1168651","20158225100"
"Renieri di Montalcino","2015","Brunello di Montalcino, Riserva, Renieri, Tuscany, Italy","464","Case of 6 Bottles","https://www.bbr.com/products-20158225100-2015-brunello-di-montalcino-riserva-renieri-tuscany-italy","1168651","20158225100"
"San Giuseppe, Tuscany","2009","Brunello di Montalcino, Riserva, San Giuseppe, Stella di Campalto, Tuscany, Italy","2250","Case of 6 Bottles","https://www.bbr.com/products-20098006000-2009-brunello-di-montalcino-riserva-san-giuseppe-stella-di-campalto-tuscany-italy","1496550","20098006000"
"San Giuseppe, Tuscany","2010","Brunello di Montalcino, Riserva, San Giuseppe, Stella di Campalto, Tuscany, Italy","2490","Case of 6 Bottles","https://www.bbr.com/products-20108006000-2010-brunello-di-montalcino-riserva-san-giuseppe-stella-di-campalto-tuscany-italy","1496550","20108006000"
"San Giuseppe, Tuscany","2010","Brunello di Montalcino, Riserva, San Giuseppe, Stella di Campalto, Tuscany, Italy","2900","Case of 6 Bottles","https://www.bbr.com/products-20108006000-2010-brunello-di-montalcino-riserva-san-giuseppe-stella-di-campalto-tuscany-italy","1496550","20108006000"
"Pertimali Sassetti Livio","2015","Brunello di Montalcino, Riserva, Sassetti Livio Pertimali, Tuscany, Italy","280","Case of 6 Bottles","https://www.bbr.com/products-20158206442-2015-brunello-di-montalcino-riserva-sassetti-livio-pertimali-tuscany-italy","1313064","20158206442"
"Tenuta Le Potazzine","2015","Brunello di Montalcino, Riserva, le Potazzine, Tuscany, Italy","970","Case of 6 Bottles","https://www.bbr.com/products-20158208778-2015-brunello-di-montalcino-riserva-le-potazzine-tuscany-italy","1220241","20158208778"
"Podere Salicutti","2011","Brunello di Montalcino, Salicutti, Tuscany, Italy","225","Case of 6 Bottles","https://www.bbr.com/products-20118213736-2011-brunello-di-montalcino-salicutti-tuscany-italy","1104510","20118213736"
"Salvioni","1997","Brunello di Montalcino, Salvioni, La Cerbaiola, Tuscany, Italy","1750","Case of 6 Bottles","https://www.bbr.com/products-19978213707-1997-brunello-di-montalcino-salvioni-la-cerbaiola-tuscany-italy","1104549","19978213707"
"Salvioni","2010","Brunello di Montalcino, Salvioni, La Cerbaiola, Tuscany, Italy","1225","Case of 6 Bottles","https://www.bbr.com/products-20108213707-2010-brunello-di-montalcino-salvioni-la-cerbaiola-tuscany-italy","1104549","20108213707"
"Salvioni","2016","Brunello di Montalcino, Salvioni, La Cerbaiola, Tuscany, Italy","810","Case of 6 Bottles","https://www.bbr.com/products-20168213707-2016-brunello-di-montalcino-salvioni-la-cerbaiola-tuscany-italy","1104549","20168213707"
"San Giuseppe, Tuscany","2007","Brunello di Montalcino, San Giuseppe, Stella di Campalto, Tuscany, Italy","2000","Case of 6 Bottles","https://www.bbr.com/products-20078027821-2007-brunello-di-montalcino-san-giuseppe-stella-di-campalto-tuscany-italy","1226386","20078027821"
"San Giuseppe, Tuscany","2008","Brunello di Montalcino, San Giuseppe, Stella di Campalto, Tuscany, Italy","1899","Case of 6 Bottles","https://www.bbr.com/products-20088027821-2008-brunello-di-montalcino-san-giuseppe-stella-di-campalto-tuscany-italy","1226386","20088027821"
"San Giuseppe, Tuscany","2008","Brunello di Montalcino, San Giuseppe, Stella di Campalto, Tuscany, Italy","1900","Case of 6 Bottles","https://www.bbr.com/products-20088027821-2008-brunello-di-montalcino-san-giuseppe-stella-di-campalto-tuscany-italy","1226386","20088027821"
"Pertimali Sassetti Livio","2013","Brunello di Montalcino, Sassetti Livio Pertimali, Tuscany, Italy","275","Case of 6 Bottles","https://www.bbr.com/products-20138206455-2013-brunello-di-montalcino-sassetti-livio-pertimali-tuscany-italy","1313051","20138206455"
"Pertimali Sassetti Livio","2015","Brunello di Montalcino, Sassetti Livio Pertimali, Tuscany, Italy","220","Case of 6 Bottles","https://www.bbr.com/products-20158206455-2015-brunello-di-montalcino-sassetti-livio-pertimali-tuscany-italy","1313051","20158206455"
"Pertimali Sassetti Livio","2016","Brunello di Montalcino, Sassetti Livio Pertimali, Tuscany, Italy","255","Case of 6 Bottles","https://www.bbr.com/products-20168206455-2016-brunello-di-montalcino-sassetti-livio-pertimali-tuscany-italy","1313051","20168206455"
"Pertimali Sassetti Livio","2017","Brunello di Montalcino, Sassetti Livio Pertimali, Tuscany, Italy","190","Case of 6 Bottles","https://www.bbr.com/products-20178206455-2017-brunello-di-montalcino-sassetti-livio-pertimali-tuscany-italy","1313051","20178206455"
"Scopetone, Tuscany","2010","Brunello di Montalcino, Scopetone, Tuscany, Italy","270","Case of 6 Bottles","https://www.bbr.com/products-20101105139-2010-brunello-di-montalcino-scopetone-tuscany-italy","1105139","20101105139"
"Scopetone, Tuscany","2011","Brunello di Montalcino, Scopetone, Tuscany, Italy","220","Case of 6 Bottles","https://www.bbr.com/products-20111105139-2011-brunello-di-montalcino-scopetone-tuscany-italy","1105139","20111105139"
"Scopetone, Tuscany","2012","Brunello di Montalcino, Scopetone, Tuscany, Italy","288","Case of 6 Bottles","https://www.bbr.com/products-20121105139-2012-brunello-di-montalcino-scopetone-tuscany-italy","1105139","20121105139"
"Scopetone, Tuscany","2013","Brunello di Montalcino, Scopetone, Tuscany, Italy","295","Case of 6 Bottles","https://www.bbr.com/products-20131105139-2013-brunello-di-montalcino-scopetone-tuscany-italy","1105139","20131105139"
"Scopetone, Tuscany","2015","Brunello di Montalcino, Scopetone, Tuscany, Italy","268","Case of 6 Bottles","https://www.bbr.com/products-20151105139-2015-brunello-di-montalcino-scopetone-tuscany-italy","1105139","20151105139"
"Scopetone, Tuscany","2016","Brunello di Montalcino, Scopetone, Tuscany, Italy","220","Case of 6 Bottles","https://www.bbr.com/products-20161105139-2016-brunello-di-montalcino-scopetone-tuscany-italy","1105139","20161105139"
"Scopetone, Tuscany","2017","Brunello di Montalcino, Scopetone, Tuscany, Italy","200","Case of 6 Bottles","https://www.bbr.com/products-20171105139-2017-brunello-di-montalcino-scopetone-tuscany-italy","1105139","20171105139"
"Scopetone, Tuscany","2020","Brunello di Montalcino, Scopetone, Tuscany, Italy","195","Case of 6 Bottles","https://www.bbr.com/products-20201105139-2020-brunello-di-montalcino-scopetone-tuscany-italy","1105139","20201105139"
"Siro Pacenti","2004","Brunello di Montalcino, Siro Pacenti, Tuscany, Italy","450","Case of 6 Bottles","https://www.bbr.com/products-20048117382-2004-brunello-di-montalcino-siro-pacenti-tuscany-italy","1105360","20048117382"
"Siro Pacenti","2007","Brunello di Montalcino, Siro Pacenti, Tuscany, Italy","340","Case of 6 Bottles","https://www.bbr.com/products-20078117382-2007-brunello-di-montalcino-siro-pacenti-tuscany-italy","1105360","20078117382"
"Casse Basse di Gianfranco Soldera","2009","Brunello di Montalcino, Soldera Case Basse, Tuscany, Italy","4700","Case of 6 Bottles","https://www.bbr.com/products-20098206644-2009-brunello-di-montalcino-soldera-case-basse-tuscany-italy","1193853","20098206644"
"Gaja","2010","Brunello di Montalcino, Sugarille, Pieve di Santa Restituta, Gaja, Tuscany, Italy","625","Case of 6 Bottles","https://www.bbr.com/products-20108111755-2010-brunello-di-montalcino-sugarille-pieve-di-santa-restituta-gaja-tuscany-italy","1224135","20108111755"
"Gaja","2015","Brunello di Montalcino, Sugarille, Pieve di Santa Restituta, Gaja, Tuscany, Italy","850","Case of 6 Bottles","https://www.bbr.com/products-20158111755-2015-brunello-di-montalcino-sugarille-pieve-di-santa-restituta-gaja-tuscany-italy","1224135","20158111755"
"Gaja","2015","Brunello di Montalcino, Sugarille, Pieve di Santa Restituta, Gaja, Tuscany, Italy","300","Case of 1 Magnums","https://www.bbr.com/products-20158111755-2015-brunello-di-montalcino-sugarille-pieve-di-santa-restituta-gaja-tuscany-italy","1224135","20158111755"
"Gaja","2016","Brunello di Montalcino, Sugarille, Pieve di Santa Restituta, Gaja, Tuscany, Italy","765","Case of 6 Bottles","https://www.bbr.com/products-20168111755-2016-brunello-di-montalcino-sugarille-pieve-di-santa-restituta-gaja-tuscany-italy","1224135","20168111755"
"Tassi","2017","Brunello di Montalcino, Tassi, Tuscany, Italy","178","Case of 6 Bottles","https://www.bbr.com/products-20178150194-2017-brunello-di-montalcino-tassi-tuscany-italy","1105533","20178150194"
"Tassi","2020","Brunello di Montalcino, Tassi, Tuscany, Italy","230","Case of 6 Bottles","https://www.bbr.com/products-20208150194-2020-brunello-di-montalcino-tassi-tuscany-italy","1105533","20208150194"
"Marchesi De Frescobaldi","2010","Brunello di Montalcino, Tenuta Luce della Vite","300","Case of 3 Bottles","https://www.bbr.com/products-20108202297-2010-brunello-di-montalcino-tenuta-luce-della-vite","1610509","20108202297"
"Casanova di Neri","2007","Brunello di Montalcino, Tenuta Nuova, Casanova di Neri, Tuscany, Italy","365","Case of 6 Bottles","https://www.bbr.com/products-20078117975-2007-brunello-di-montalcino-tenuta-nuova-casanova-di-neri-tuscany-italy","1097119","20078117975"
"Casanova di Neri","2010","Brunello di Montalcino, Tenuta Nuova, Casanova di Neri, Tuscany, Italy","800","Case of 6 Bottles","https://www.bbr.com/products-20108117975-2010-brunello-di-montalcino-tenuta-nuova-casanova-di-neri-tuscany-italy","1097119","20108117975"
"Casanova di Neri","2015","Brunello di Montalcino, Tenuta Nuova, Casanova di Neri, Tuscany, Italy","330","Case of 6 Bottles","https://www.bbr.com/products-20158117975-2015-brunello-di-montalcino-tenuta-nuova-casanova-di-neri-tuscany-italy","1097119","20158117975"
"Casanova di Neri","2015","Brunello di Montalcino, Tenuta Nuova, Casanova di Neri, Tuscany, Italy","414","Case of 6 Bottles","https://www.bbr.com/products-20158117975-2015-brunello-di-montalcino-tenuta-nuova-casanova-di-neri-tuscany-italy","1097119","20158117975"
"Casanova di Neri","2015","Brunello di Montalcino, Tenuta Nuova, Casanova di Neri, Tuscany, Italy","160","Case of 1 Magnums","https://www.bbr.com/products-20158117975-2015-brunello-di-montalcino-tenuta-nuova-casanova-di-neri-tuscany-italy","1097119","20158117975"
"Casanova di Neri","2016","Brunello di Montalcino, Tenuta Nuova, Casanova di Neri, Tuscany, Italy","324","Case of 6 Bottles","https://www.bbr.com/products-20168117975-2016-brunello-di-montalcino-tenuta-nuova-casanova-di-neri-tuscany-italy","1097119","20168117975"
"Casanova di Neri","2016","Brunello di Montalcino, Tenuta Nuova, Casanova di Neri, Tuscany, Italy","375","Case of 6 Bottles","https://www.bbr.com/products-20168117975-2016-brunello-di-montalcino-tenuta-nuova-casanova-di-neri-tuscany-italy","1097119","20168117975"
"Casanova di Neri","2016","Brunello di Montalcino, Tenuta Nuova, Casanova di Neri, Tuscany, Italy","230","Case of 1 Magnums","https://www.bbr.com/products-20168117975-2016-brunello-di-montalcino-tenuta-nuova-casanova-di-neri-tuscany-italy","1097119","20168117975"
"Casanova di Neri","2017","Brunello di Montalcino, Tenuta Nuova, Casanova di Neri, Tuscany, Italy","334","Case of 6 Bottles","https://www.bbr.com/products-20178117975-2017-brunello-di-montalcino-tenuta-nuova-casanova-di-neri-tuscany-italy","1097119","20178117975"
"Casanova di Neri","2018","Brunello di Montalcino, Tenuta Nuova, Casanova di Neri, Tuscany, Italy","260","Case of 1 Magnums","https://www.bbr.com/products-20188117975-2018-brunello-di-montalcino-tenuta-nuova-casanova-di-neri-tuscany-italy","1097119","20188117975"
"Casanova di Neri","2019","Brunello di Montalcino, Tenuta Nuova, Casanova di Neri, Tuscany, Italy","450","Case of 6 Bottles","https://www.bbr.com/products-20198117975-2019-brunello-di-montalcino-tenuta-nuova-casanova-di-neri-tuscany-italy","1097119","20198117975"
"Tenuta La Fuga","2009","Brunello di Montalcino, Tenuta la Fuga, Tuscany, Italy","445","Case of 6 Bottles","https://www.bbr.com/products-20098214573-2009-brunello-di-montalcino-tenuta-la-fuga-tuscany-italy","1099520","20098214573"
"Uccelliera","2010","Brunello di Montalcino, Uccelliera, Tuscany, Italy","960","Case of 12 Bottles","https://www.bbr.com/products-20108213390-2010-brunello-di-montalcino-uccelliera-tuscany-italy","1105849","20108213390"
"Lisini, Tuscany","2004","Brunello di Montalcino, Ugolaia, Lisini, Tuscany, Italy","440","Case of 6 Bottles","https://www.bbr.com/products-20041100802-2004-brunello-di-montalcino-ugolaia-lisini-tuscany-italy","1100802","20041100802"
"Lisini, Tuscany","2008","Brunello di Montalcino, Ugolaia, Lisini, Tuscany, Italy","300","Case of 6 Bottles","https://www.bbr.com/products-20081100802-2008-brunello-di-montalcino-ugolaia-lisini-tuscany-italy","1100802","20081100802"
"Lisini, Tuscany","2009","Brunello di Montalcino, Ugolaia, Lisini, Tuscany, Italy","525","Case of 6 Bottles","https://www.bbr.com/products-20091100802-2009-brunello-di-montalcino-ugolaia-lisini-tuscany-italy","1100802","20091100802"
"Lisini, Tuscany","2011","Brunello di Montalcino, Ugolaia, Lisini, Tuscany, Italy","450","Case of 6 Bottles","https://www.bbr.com/products-20111100802-2011-brunello-di-montalcino-ugolaia-lisini-tuscany-italy","1100802","20111100802"
"Lisini, Tuscany","2015","Brunello di Montalcino, Ugolaia, Lisini, Tuscany, Italy","450","Case of 6 Bottles","https://www.bbr.com/products-20151100802-2015-brunello-di-montalcino-ugolaia-lisini-tuscany-italy","1100802","20151100802"
"Lisini, Tuscany","2016","Brunello di Montalcino, Ugolaia, Lisini, Tuscany, Italy","495","Case of 6 Bottles","https://www.bbr.com/products-20161100802-2016-brunello-di-montalcino-ugolaia-lisini-tuscany-italy","1100802","20161100802"
"Valdicava","2016","Brunello di Montalcino, Valdicava, Tuscany, Italy","550","Case of 6 Bottles","https://www.bbr.com/products-20168117366-2016-brunello-di-montalcino-valdicava-tuscany-italy","1105940","20168117366"
"Siro Pacenti","2012","Brunello di Montalcino, Vecchie Vigne, Siro Pacenti, Tuscany, Italy","337.5","Case of 6 Bottles","https://www.bbr.com/products-20128108313-2012-brunello-di-montalcino-vecchie-vigne-siro-pacenti-tuscany-italy","1372650","20128108313"
"Siro Pacenti","2015","Brunello di Montalcino, Vecchie Vigne, Siro Pacenti, Tuscany, Italy","490","Case of 6 Bottles","https://www.bbr.com/products-20158108313-2015-brunello-di-montalcino-vecchie-vigne-siro-pacenti-tuscany-italy","1372650","20158108313"
"Mate Winery","2020","Brunello di Montalcino, Veltha, Mate, Tuscany, Italy","285","Case of 6 Bottles","https://www.bbr.com/products-20208184070-2020-brunello-di-montalcino-veltha-mate-tuscany-italy","3068399","20208184070"
"Il Poggione","2010","Brunello di Montalcino, Vigna Paganelli, Riserva, Il Poggione, Tuscany, Italy","400","Case of 6 Bottles","https://www.bbr.com/products-20108012326-2010-brunello-di-montalcino-vigna-paganelli-riserva-il-poggione-tuscany-italy","1174906","20108012326"
"Il Poggione","2012","Brunello di Montalcino, Vigna Paganelli, Riserva, Il Poggione, Tuscany, Italy","258","Case of 6 Bottles","https://www.bbr.com/products-20128012326-2012-brunello-di-montalcino-vigna-paganelli-riserva-il-poggione-tuscany-italy","1174906","20128012326"
"Il Poggione","2012","Brunello di Montalcino, Vigna Paganelli, Riserva, Il Poggione, Tuscany, Italy","257","Case of 6 Bottles","https://www.bbr.com/products-20128012326-2012-brunello-di-montalcino-vigna-paganelli-riserva-il-poggione-tuscany-italy","1174906","20128012326"
"Il Poggione","2015","Brunello di Montalcino, Vigna Paganelli, Riserva, Il Poggione, Tuscany, Italy","282","Case of 6 Bottles","https://www.bbr.com/products-20158012326-2015-brunello-di-montalcino-vigna-paganelli-riserva-il-poggione-tuscany-italy","1174906","20158012326"
"Il Poggione","2015","Brunello di Montalcino, Vigna Paganelli, Riserva, Il Poggione, Tuscany, Italy","275","Case of 1 Double Magnums","https://www.bbr.com/products-20158012326-2015-brunello-di-montalcino-vigna-paganelli-riserva-il-poggione-tuscany-italy","1174906","20158012326"
"Il Poggione","2015","Brunello di Montalcino, Vigna Paganelli, Riserva, Il Poggione, Tuscany, Italy","92","Case of 1 Magnums","https://www.bbr.com/products-20158012326-2015-brunello-di-montalcino-vigna-paganelli-riserva-il-poggione-tuscany-italy","1174906","20158012326"
"Il Poggione","2016","Brunello di Montalcino, Vigna Paganelli, Riserva, Il Poggione, Tuscany, Italy","245","Case of 6 Bottles","https://www.bbr.com/products-20168012326-2016-brunello-di-montalcino-vigna-paganelli-riserva-il-poggione-tuscany-italy","1174906","20168012326"
"Il Poggione","2016","Brunello di Montalcino, Vigna Paganelli, Riserva, Il Poggione, Tuscany, Italy","245","Case of 6 Bottles","https://www.bbr.com/products-20168012326-2016-brunello-di-montalcino-vigna-paganelli-riserva-il-poggione-tuscany-italy","1174906","20168012326"
"Il Poggione","2016","Brunello di Montalcino, Vigna Paganelli, Riserva, Il Poggione, Tuscany, Italy","240","Case of 1 Double Magnums","https://www.bbr.com/products-20168012326-2016-brunello-di-montalcino-vigna-paganelli-riserva-il-poggione-tuscany-italy","1174906","20168012326"
"Il Poggione","2016","Brunello di Montalcino, Vigna Paganelli, Riserva, Il Poggione, Tuscany, Italy","200","Case of 1 Magnums","https://www.bbr.com/products-20168012326-2016-brunello-di-montalcino-vigna-paganelli-riserva-il-poggione-tuscany-italy","1174906","20168012326"
"Il Poggione","2016","Brunello di Montalcino, Vigna Paganelli, Riserva, Il Poggione, Tuscany, Italy","120","Case of 1 Magnums","https://www.bbr.com/products-20168012326-2016-brunello-di-montalcino-vigna-paganelli-riserva-il-poggione-tuscany-italy","1174906","20168012326"
"Il Poggione","2019","Brunello di Montalcino, Vigna Paganelli, Riserva, Il Poggione, Tuscany, Italy","475","Case of 6 Bottles","https://www.bbr.com/products-20198012326-2019-brunello-di-montalcino-vigna-paganelli-riserva-il-poggione-tuscany-italy","1174906","20198012326"
"Il Poggione","2019","Brunello di Montalcino, Vigna Paganelli, Riserva, Il Poggione, Tuscany, Italy","140","Case of 1 Magnums","https://www.bbr.com/products-20198012326-2019-brunello-di-montalcino-vigna-paganelli-riserva-il-poggione-tuscany-italy","1174906","20198012326"
"Il Poggione","2006","Brunello di Montalcino, Vigna Paganelli, Riserva, Il Poggione,Tuscany, Italy","350","Case of 6 Bottles","https://www.bbr.com/products-20068012326-2006-brunello-di-montalcino-vigna-paganelli-riserva-il-poggione-tuscany-italy","1174906","20068012326"
"Il Poggione","2007","Brunello di Montalcino, Vigna Paganelli, Riserva, Il Poggione,Tuscany, Italy","340","Case of 6 Bottles","https://www.bbr.com/products-20078012326-2007-brunello-di-montalcino-vigna-paganelli-riserva-il-poggione-tuscany-italy","1174906","20078012326"
"Il Poggione","2007","Brunello di Montalcino, Vigna Paganelli, Riserva, Il Poggione,Tuscany, Italy","300","Case of 6 Bottles","https://www.bbr.com/products-20078012326-2007-brunello-di-montalcino-vigna-paganelli-riserva-il-poggione-tuscany-italy","1174906","20078012326"
"Pian dell'Orino","2015","Brunello di Montalcino, Vigneti del Versante, Pian dell'Orino,Tuscany, Italy","490","Case of 6 Bottles","https://www.bbr.com/products-20158204969-2015-brunello-di-montalcino-vigneti-del-versante-pian-dell-orino-tuscany-italy","1375420","20158204969"
"Villa I Cipressi","2010","Brunello di Montalcino, Zebras, Villa i Cipressi, Tuscany, Italy","250","Case of 6 Bottles","https://www.bbr.com/products-20108150064-2010-brunello-di-montalcino-zebras-villa-i-cipressi-tuscany-italy","1699081","20108150064"
"Bryant Family Vineyard","2016","Bryant Estate, Bryant Family Vineyard Cabernet Sauvignon, Napa Valley, California, USA","3750","Case of 6 Bottles","https://www.bbr.com/products-20168043416-2016-bryant-estate-bryant-family-vineyard-cabernet-sauvignon-napa-valley-california-usa","1130559","20168043416"
"Burn Cottage Vineyard","2014","Burn Cottage Vineyard, Moonlight Race, Pinot Noir, Central Otago, New Zealand","300","Case of 12 Bottles","https://www.bbr.com/products-20148036122-2014-burn-cottage-vineyard-moonlight-race-pinot-noir-central-otago-new-zealand","1439056","20148036122"
"Burn Cottage Vineyard","2016","Burn Cottage Vineyard, Moonlight Race, Pinot Noir, Central Otago, New Zealand","290","Case of 12 Bottles","https://www.bbr.com/products-20168036122-2016-burn-cottage-vineyard-moonlight-race-pinot-noir-central-otago-new-zealand","1439056","20168036122"
"Burn Cottage Vineyard","2014","Burn Cottage, Burn Cottage Vineyard Pinot Noir, Central Otago, New Zealand","300","Case of 6 Bottles","https://www.bbr.com/products-20148036135-2014-burn-cottage-burn-cottage-vineyard-pinot-noir-central-otago-new-zealand","1249417","20148036135"
"Burn Cottage Vineyard","2017","Burn Cottage, Burn Cottage Vineyard Pinot Noir, Central Otago, New Zealand","420","Case of 6 Bottles","https://www.bbr.com/products-20178036135-2017-burn-cottage-burn-cottage-vineyard-pinot-noir-central-otago-new-zealand","1249417","20178036135"
"Burn Cottage Vineyard","2018","Burn Cottage, Burn Cottage Vineyard Pinot Noir, Central Otago, New Zealand","375","Case of 6 Bottles","https://www.bbr.com/products-20188036135-2018-burn-cottage-burn-cottage-vineyard-pinot-noir-central-otago-new-zealand","1249417","20188036135"
"Burn Cottage Vineyard","2020","Burn Cottage, Burn Cottage Vineyard Pinot Noir, Central Otago, New Zealand","247","Case of 6 Bottles","https://www.bbr.com/products-20208036135-2020-burn-cottage-burn-cottage-vineyard-pinot-noir-central-otago-new-zealand","1249417","20208036135"
"Burn Cottage Vineyard","2018","Burn Cottage, Sauvage Vineyard Pinot Noir, Bannockburn, Central Otago, New Zealand","225","Case of 6 Bottles","https://www.bbr.com/products-20188150325-2018-burn-cottage-sauvage-vineyard-pinot-noir-bannockburn-central-otago-new-zealand","2069089","20188150325"
"Burn Cottage Vineyard","2021","Burn Cottage, Sauvage Vineyard Pinot Noir, Bannockburn, Central Otago, New Zealand","395","Case of 6 Bottles","https://www.bbr.com/products-20218150325-2021-burn-cottage-sauvage-vineyard-pinot-noir-bannockburn-central-otago-new-zealand","2069089","20218150325"
"By Farr and Farr Rising Wines","2018","By Farr, GC Cote Vineyard Chardonnay, Geelong, Australia","579","Case of 6 Bottles","https://www.bbr.com/products-20188112488-2018-by-farr-gc-cote-vineyard-chardonnay-geelong-australia","1743843","20188112488"
"By Farr and Farr Rising Wines","2019","By Farr, Shiraz, Geelong, Australia","344","Case of 6 Bottles","https://www.bbr.com/products-20198151931-2019-by-farr-shiraz-geelong-australia","1208348","20198151931"
"By Farr and Farr Rising Wines","2023","By Farr, Tout Pres Pinot Noir, Geelong, Australia","563","Case of 6 Bottles","https://www.bbr.com/products-20238111120-2023-by-farr-tout-pres-pinot-noir-geelong-australia","1242724","20238111120"
"Laurent Ponsot SAS","2018","Batard Montrachet, Cuvee des Lilas, Laurent Ponsot, Burgundy","1700","Case of 6 Bottles","https://www.bbr.com/products-20188252263-2018-batard-montrachet-cuvee-des-lilas-laurent-ponsot-burgundy","1906202","20188252263"
"Alex Moreau","2021","Batard-Montrachet, Grand Cru, Alex Moreau, Burgundy","1888","Case of 3 Bottles","https://www.bbr.com/products-20218249892-2021-batard-montrachet-grand-cru-alex-moreau-burgundy","1226096","20218249892"
"Benjamin Leroux","2010","Batard-Montrachet, Grand Cru, Benjamin Leroux, Burgundy","2250","Case of 6 Bottles","https://www.bbr.com/products-20108025061-2010-batard-montrachet-grand-cru-benjamin-leroux-burgundy","1131947","20108025061"
"Benjamin Leroux","2014","Batard-Montrachet, Grand Cru, Benjamin Leroux, Burgundy","2200","Case of 3 Bottles","https://www.bbr.com/products-20148025061-2014-batard-montrachet-grand-cru-benjamin-leroux-burgundy","1131947","20148025061"
"Benjamin Leroux","2016","Batard-Montrachet, Grand Cru, Benjamin Leroux, Burgundy","660","Case of 1 Magnums","https://www.bbr.com/products-20168025061-2016-batard-montrachet-grand-cru-benjamin-leroux-burgundy","1131947","20168025061"
"Benjamin Leroux","2017","Batard-Montrachet, Grand Cru, Benjamin Leroux, Burgundy","690","Case of 1 Magnums","https://www.bbr.com/products-20178025061-2017-batard-montrachet-grand-cru-benjamin-leroux-burgundy","1131947","20178025061"
"Benjamin Leroux","2018","Batard-Montrachet, Grand Cru, Benjamin Leroux, Burgundy","875","Case of 1 Magnums","https://www.bbr.com/products-20188025061-2018-batard-montrachet-grand-cru-benjamin-leroux-burgundy","1131947","20188025061"
"Benjamin Leroux","2019","Batard-Montrachet, Grand Cru, Benjamin Leroux, Burgundy","715","Case of 1 Magnums","https://www.bbr.com/products-20198025061-2019-batard-montrachet-grand-cru-benjamin-leroux-burgundy","1131947","20198025061"
"Benjamin Leroux","2020","Batard-Montrachet, Grand Cru, Benjamin Leroux, Burgundy","995","Case of 1 Magnums","https://www.bbr.com/products-20208025061-2020-batard-montrachet-grand-cru-benjamin-leroux-burgundy","1131947","20208025061"
"Benjamin Leroux","2021","Batard-Montrachet, Grand Cru, Benjamin Leroux, Burgundy","1149","Case of 1 Magnums","https://www.bbr.com/products-20218025061-2021-batard-montrachet-grand-cru-benjamin-leroux-burgundy","1131947","20218025061"
"Benjamin Leroux","2022","Batard-Montrachet, Grand Cru, Benjamin Leroux, Burgundy","2601","Case of 1 Magnums","https://www.bbr.com/products-20228025061-2022-batard-montrachet-grand-cru-benjamin-leroux-burgundy","1131947","20228025061"
"Benjamin Leroux","2023","Batard-Montrachet, Grand Cru, Benjamin Leroux, Burgundy","540","Case of 1 Bottles","https://www.bbr.com/products-20238025061-2023-batard-montrachet-grand-cru-benjamin-leroux-burgundy","1131947","20238025061"
"Bouchard Pere & Fils","2018","Batard-Montrachet, Grand Cru, Bouchard Pere &amp; Fils, Burgundy","1398","Case of 3 Bottles","https://www.bbr.com/products-20188048596-2018-batard-montrachet-grand-cru-bouchard-pere-and-fils-burgundy","1061835","20188048596"
"Domaine Bachelet-Monnot","2014","Batard-Montrachet, Grand Cru, Domaine Bachelet-Monnot, Burgundy","6800","Case of 6 Bottles","https://www.bbr.com/products-20148019729-2014-batard-montrachet-grand-cru-domaine-bachelet-monnot-burgundy","1060186","20148019729"
"Domaine Bachelet-Monnot","2017","Batard-Montrachet, Grand Cru, Domaine Bachelet-Monnot, Burgundy","1988","Case of 3 Bottles","https://www.bbr.com/products-20178019729-2017-batard-montrachet-grand-cru-domaine-bachelet-monnot-burgundy","1060186","20178019729"
"Domaine Bachelet-Monnot","2022","Batard-Montrachet, Grand Cru, Domaine Bachelet-Monnot, Burgundy","3250","Case of 6 Bottles","https://www.bbr.com/products-20228019729-2022-batard-montrachet-grand-cru-domaine-bachelet-monnot-burgundy","1060186","20228019729"
"Domaine Blain-Gagnard","2023","Batard-Montrachet, Grand Cru, Domaine Blain-Gagnard, Burgundy","810","Case of 3 Bottles","https://www.bbr.com/products-20238217314-2023-batard-montrachet-grand-cru-domaine-blain-gagnard-burgundy","1060812","20238217314"
"Domaine Joseph Faiveley","2016","Batard-Montrachet, Grand Cru, Domaine Faiveley, Burgundy","306","Case of 1 Bottles","https://www.bbr.com/products-20168020893-2016-batard-montrachet-grand-cru-domaine-faiveley-burgundy","1067882","20168020893"
"Domaine Joseph Faiveley","2020","Batard-Montrachet, Grand Cru, Domaine Faiveley, Burgundy","895","Case of 3 Bottles","https://www.bbr.com/products-20208020893-2020-batard-montrachet-grand-cru-domaine-faiveley-burgundy","1067882","20208020893"
"Domaine Joseph Faiveley","2020","Batard-Montrachet, Grand Cru, Domaine Faiveley, Burgundy","1775","Case of 6 Bottles","https://www.bbr.com/products-20208020893-2020-batard-montrachet-grand-cru-domaine-faiveley-burgundy","1067882","20208020893"
"Domaine Joseph Faiveley","2021","Batard-Montrachet, Grand Cru, Domaine Faiveley, Burgundy","805","Case of 3 Bottles","https://www.bbr.com/products-20218020893-2021-batard-montrachet-grand-cru-domaine-faiveley-burgundy","1067882","20218020893"
"Domaine Joseph Faiveley","2022","Batard-Montrachet, Grand Cru, Domaine Faiveley, Burgundy","875","Case of 3 Bottles","https://www.bbr.com/products-20228020893-2022-batard-montrachet-grand-cru-domaine-faiveley-burgundy","1067882","20228020893"
"Domaine Fontaine-Gagnard","2023","Batard-Montrachet, Grand Cru, Domaine Fontaine-Gagnard, Burgundy","780","Case of 3 Bottles","https://www.bbr.com/products-20238217008-2023-batard-montrachet-grand-cru-domaine-fontaine-gagnard-burgundy","1068485","20238217008"
"Henri Boillot","2007","Batard-Montrachet, Grand Cru, Domaine Henri Boillot, Burgundy","1088","Case of 1 Magnums","https://www.bbr.com/products-20078227104-2007-batard-montrachet-grand-cru-domaine-henri-boillot-burgundy","1060926","20078227104"
"Jean Marc Boillot","2020","Batard-Montrachet, Grand Cru, Domaine Jean-Marc Boillot, Burgundy","1200","Case of 3 Bottles","https://www.bbr.com/products-20201061398-2020-batard-montrachet-grand-cru-domaine-jean-marc-boillot-burgundy","1061398","20201061398"
"Jean Marc Boillot","2020","Batard-Montrachet, Grand Cru, Domaine Jean-Marc Boillot, Burgundy","1198","Case of 3 Bottles","https://www.bbr.com/products-20201061398-2020-batard-montrachet-grand-cru-domaine-jean-marc-boillot-burgundy","1061398","20201061398"
"Jean Marc Boillot","2022","Batard-Montrachet, Grand Cru, Domaine Jean-Marc Boillot, Burgundy","1700","Case of 6 Bottles","https://www.bbr.com/products-20221061398-2022-batard-montrachet-grand-cru-domaine-jean-marc-boillot-burgundy","1061398","20221061398"
"Jean Marc Boillot","2023","Batard-Montrachet, Grand Cru, Domaine Jean-Marc Boillot, Burgundy","1200","Case of 3 Bottles","https://www.bbr.com/products-20231061398-2023-batard-montrachet-grand-cru-domaine-jean-marc-boillot-burgundy","1061398","20231061398"
"Domaine Jean-Noel Gagnard","2005","Batard-Montrachet, Grand Cru, Domaine Jean-Noel Gagnard, Burgundy","2850","Case of 12 Bottles","https://www.bbr.com/products-20058023689-2005-batard-montrachet-grand-cru-domaine-jean-noel-gagnard-burgundy","1068704","20058023689"
"Domaine Jean-Noel Gagnard","2011","Batard-Montrachet, Grand Cru, Domaine Jean-Noel Gagnard, Burgundy","1488","Case of 6 Bottles","https://www.bbr.com/products-20118023689-2011-batard-montrachet-grand-cru-domaine-jean-noel-gagnard-burgundy","1068704","20118023689"
"Domaine Jean-Noel Gagnard","2015","Batard-Montrachet, Grand Cru, Domaine Jean-Noel Gagnard, Burgundy","2200","Case of 6 Bottles","https://www.bbr.com/products-20158023689-2015-batard-montrachet-grand-cru-domaine-jean-noel-gagnard-burgundy","1068704","20158023689"
"Domaine Jean-Noel Gagnard","2016","Batard-Montrachet, Grand Cru, Domaine Jean-Noel Gagnard, Burgundy","2170","Case of 6 Bottles","https://www.bbr.com/products-20168023689-2016-batard-montrachet-grand-cru-domaine-jean-noel-gagnard-burgundy","1068704","20168023689"
"Domaine Jean-Noel Gagnard","2017","Batard-Montrachet, Grand Cru, Domaine Jean-Noel Gagnard, Burgundy","2900","Case of 6 Bottles","https://www.bbr.com/products-20178023689-2017-batard-montrachet-grand-cru-domaine-jean-noel-gagnard-burgundy","1068704","20178023689"
"Domaine Jean-Noel Gagnard","2018","Batard-Montrachet, Grand Cru, Domaine Jean-Noel Gagnard, Burgundy","2565","Case of 6 Bottles","https://www.bbr.com/products-20188023689-2018-batard-montrachet-grand-cru-domaine-jean-noel-gagnard-burgundy","1068704","20188023689"
"Domaine Jean-Noel Gagnard","2019","Batard-Montrachet, Grand Cru, Domaine Jean-Noel Gagnard, Burgundy","1350","Case of 3 Bottles","https://www.bbr.com/products-20198023689-2019-batard-montrachet-grand-cru-domaine-jean-noel-gagnard-burgundy","1068704","20198023689"
"Domaine Jean-Noel Gagnard","2021","Batard-Montrachet, Grand Cru, Domaine Jean-Noel Gagnard, Burgundy","1795","Case of 3 Bottles","https://www.bbr.com/products-20218023689-2021-batard-montrachet-grand-cru-domaine-jean-noel-gagnard-burgundy","1068704","20218023689"
"Domaine Jean-Noel Gagnard","2023","Batard-Montrachet, Grand Cru, Domaine Jean-Noel Gagnard, Burgundy","3150","Case of 3 Bottles","https://www.bbr.com/products-20238023689-2023-batard-montrachet-grand-cru-domaine-jean-noel-gagnard-burgundy","1068704","20238023689"
"Domaine Leflaive","2011","Batard-Montrachet, Grand Cru, Domaine Leflaive, Burgundy","5500","Case of 6 Bottles","https://www.bbr.com/products-20118025058-2011-batard-montrachet-grand-cru-domaine-leflaive-burgundy","1073368","20118025058"
"Domaine Leflaive","2011","Batard-Montrachet, Grand Cru, Domaine Leflaive, Burgundy","5300","Case of 6 Bottles","https://www.bbr.com/products-20118025058-2011-batard-montrachet-grand-cru-domaine-leflaive-burgundy","1073368","20118025058"
"Domaine Leflaive","2011","Batard-Montrachet, Grand Cru, Domaine Leflaive, Burgundy","5880","Case of 3 Magnums","https://www.bbr.com/products-20118025058-2011-batard-montrachet-grand-cru-domaine-leflaive-burgundy","1073368","20118025058"
"Domaine Leflaive","2012","Batard-Montrachet, Grand Cru, Domaine Leflaive, Burgundy","3500","Case of 3 Bottles","https://www.bbr.com/products-20128025058-2012-batard-montrachet-grand-cru-domaine-leflaive-burgundy","1073368","20128025058"
"Domaine Leflaive","2013","Batard-Montrachet, Grand Cru, Domaine Leflaive, Burgundy","2800","Case of 3 Bottles","https://www.bbr.com/products-20138025058-2013-batard-montrachet-grand-cru-domaine-leflaive-burgundy","1073368","20138025058"
"Olivier Leflaive","2017","Batard-Montrachet, Grand Cru, Domaine Olivier Leflaive, Burgundy","1550","Case of 3 Bottles","https://www.bbr.com/products-20171073560-2017-batard-montrachet-grand-cru-domaine-olivier-leflaive-burgundy","1760640","20171073560"
"Olivier Leflaive","2018","Batard-Montrachet, Grand Cru, Domaine Olivier Leflaive, Burgundy","1500","Case of 3 Bottles","https://www.bbr.com/products-20181073560-2018-batard-montrachet-grand-cru-domaine-olivier-leflaive-burgundy","1760640","20181073560"
"Domaine Paul Pernot et ses Fils","2019","Batard-Montrachet, Grand Cru, Domaine Paul Pernot, Burgundy","2200","Case of 6 Bottles","https://www.bbr.com/products-20198216492-2019-batard-montrachet-grand-cru-domaine-paul-pernot-burgundy","1077672","20198216492"
"Ramonet","2017","Batard-Montrachet, Grand Cru, Domaine Ramonet, Burgundy","5100","Case of 6 Bottles","https://www.bbr.com/products-20178119386-2017-batard-montrachet-grand-cru-domaine-ramonet-burgundy","1078927","20178119386"
"Domaine de la Vougeraie","2012","Batard-Montrachet, Grand Cru, Domaine de la Vougeraie, Burgundy","1700","Case of 6 Bottles","https://www.bbr.com/products-20128005191-2012-batard-montrachet-grand-cru-domaine-de-la-vougeraie-burgundy","1171631","20128005191"
"Domaine de la Vougeraie","2013","Batard-Montrachet, Grand Cru, Domaine de la Vougeraie, Burgundy","1670","Case of 6 Bottles","https://www.bbr.com/products-20138005191-2013-batard-montrachet-grand-cru-domaine-de-la-vougeraie-burgundy","1171631","20138005191"
"Domaine de la Vougeraie","2014","Batard-Montrachet, Grand Cru, Domaine de la Vougeraie, Burgundy","1900","Case of 6 Bottles","https://www.bbr.com/products-20148005191-2014-batard-montrachet-grand-cru-domaine-de-la-vougeraie-burgundy","1171631","20148005191"
"Domaine de la Vougeraie","2014","Batard-Montrachet, Grand Cru, Domaine de la Vougeraie, Burgundy","2300","Case of 3 Magnums","https://www.bbr.com/products-20148005191-2014-batard-montrachet-grand-cru-domaine-de-la-vougeraie-burgundy","1171631","20148005191"
"Domaine de la Vougeraie","2015","Batard-Montrachet, Grand Cru, Domaine de la Vougeraie, Burgundy","1575","Case of 6 Bottles","https://www.bbr.com/products-20158005191-2015-batard-montrachet-grand-cru-domaine-de-la-vougeraie-burgundy","1171631","20158005191"
"Domaine de la Vougeraie","2015","Batard-Montrachet, Grand Cru, Domaine de la Vougeraie, Burgundy","1800","Case of 3 Magnums","https://www.bbr.com/products-20158005191-2015-batard-montrachet-grand-cru-domaine-de-la-vougeraie-burgundy","1171631","20158005191"
"Domaine de la Vougeraie","2017","Batard-Montrachet, Grand Cru, Domaine de la Vougeraie, Burgundy","2100","Case of 6 Bottles","https://www.bbr.com/products-20178005191-2017-batard-montrachet-grand-cru-domaine-de-la-vougeraie-burgundy","1171631","20178005191"
"Domaine de la Vougeraie","2017","Batard-Montrachet, Grand Cru, Domaine de la Vougeraie, Burgundy","2300","Case of 3 Magnums","https://www.bbr.com/products-20178005191-2017-batard-montrachet-grand-cru-domaine-de-la-vougeraie-burgundy","1171631","20178005191"
"Domaine de la Vougeraie","2018","Batard-Montrachet, Grand Cru, Domaine de la Vougeraie, Burgundy","1350","Case of 6 Bottles","https://www.bbr.com/products-20188005191-2018-batard-montrachet-grand-cru-domaine-de-la-vougeraie-burgundy","1171631","20188005191"
"Domaine de la Vougeraie","2019","Batard-Montrachet, Grand Cru, Domaine de la Vougeraie, Burgundy","1800","Case of 6 Bottles","https://www.bbr.com/products-20198005191-2019-batard-montrachet-grand-cru-domaine-de-la-vougeraie-burgundy","1171631","20198005191"
"Domaine de la Vougeraie","2020","Batard-Montrachet, Grand Cru, Domaine de la Vougeraie, Burgundy","1600","Case of 6 Bottles","https://www.bbr.com/products-20208005191-2020-batard-montrachet-grand-cru-domaine-de-la-vougeraie-burgundy","1171631","20208005191"
"Domaine de la Vougeraie","2020","Batard-Montrachet, Grand Cru, Domaine de la Vougeraie, Burgundy","1458","Case of 3 Magnums","https://www.bbr.com/products-20208005191-2020-batard-montrachet-grand-cru-domaine-de-la-vougeraie-burgundy","1171631","20208005191"
"Domaine de la Vougeraie","2021","Batard-Montrachet, Grand Cru, Domaine de la Vougeraie, Burgundy","1150","Case of 3 Bottles","https://www.bbr.com/products-20218005191-2021-batard-montrachet-grand-cru-domaine-de-la-vougeraie-burgundy","1171631","20218005191"
"Domaine de la Vougeraie","2022","Batard-Montrachet, Grand Cru, Domaine de la Vougeraie, Burgundy","885","Case of 3 Bottles","https://www.bbr.com/products-20228005191-2022-batard-montrachet-grand-cru-domaine-de-la-vougeraie-burgundy","1171631","20228005191"
"Domaine de la Vougeraie","2023","Batard-Montrachet, Grand Cru, Domaine de la Vougeraie, Burgundy","569","Case of 1 Magnums","https://www.bbr.com/products-20238005191-2023-batard-montrachet-grand-cru-domaine-de-la-vougeraie-burgundy","1171631","20238005191"
"Etienne Sauzet","2015","Batard-Montrachet, Grand Cru, Etienne Sauzet, Burgundy","4010","Case of 6 Bottles","https://www.bbr.com/products-20158023025-2015-batard-montrachet-grand-cru-etienne-sauzet-burgundy","1080157","20158023025"
"Maison Joseph Drouhin","2015","Batard-Montrachet, Grand Cru, Joseph Drouhin, Burgundy","2115","Case of 6 Bottles","https://www.bbr.com/products-20158018836-2015-batard-montrachet-grand-cru-joseph-drouhin-burgundy","1067169","20158018836"
"Maison Joseph Drouhin","2017","Batard-Montrachet, Grand Cru, Joseph Drouhin, Burgundy","2200","Case of 6 Bottles","https://www.bbr.com/products-20178018836-2017-batard-montrachet-grand-cru-joseph-drouhin-burgundy","1067169","20178018836"
"Domaine Marc Colin","2018","Batard-Montrachet, Grand Cru, Marc Colin &amp; Fils, Burgundy","525","Case of 1 Bottles","https://www.bbr.com/products-20181065123-2018-batard-montrachet-grand-cru-marc-colin-and-fils-burgundy","1065123","20181065123"
"Morey-Coffinet","2014","Batard-Montrachet, Grand Cru, Morey-Coffinet, Burgundy","2840","Case of 6 Bottles","https://www.bbr.com/products-20148226950-2014-batard-montrachet-grand-cru-morey-coffinet-burgundy","1076880","20148226950"
"Noel Ramonet","2023","Batard-Montrachet, Grand Cru, Noel Ramonet, Burgundy","3880","Case of 6 Bottles","https://www.bbr.com/products-20238256173-2023-batard-montrachet-grand-cru-noel-ramonet-burgundy","3104541","20238256173"
"Olivier Leflaive","2020","Batard-Montrachet, Grand Cru, Olivier Leflaive, Burgundy","2000","Case of 3 Bottles","https://www.bbr.com/products-20208148759-2020-batard-montrachet-grand-cru-olivier-leflaive-burgundy","1073560","20208148759"
"Olivier Leflaive","2021","Batard-Montrachet, Grand Cru, Olivier Leflaive, Burgundy","560","Case of 1 Bottles","https://www.bbr.com/products-20218148759-2021-batard-montrachet-grand-cru-olivier-leflaive-burgundy","1073560","20218148759"
"Olivier Leflaive","2023","Batard-Montrachet, Grand Cru, Olivier Leflaive, Burgundy","588","Case of 1 Bottles","https://www.bbr.com/products-20238148759-2023-batard-montrachet-grand-cru-olivier-leflaive-burgundy","1073560","20238148759"
"Pierre Girardin","2020","Batard-Montrachet, Grand Cru, Pierre Girardin, Burgundy","1680","Case of 1 Magnums","https://www.bbr.com/products-20208163262-2020-batard-montrachet-grand-cru-pierre-girardin-burgundy","2044215","20208163262"
"Domaine Vacheron-Pouizin","2010","CNDP, Le Clos du Caillou, Reserve Domaine Clos du Caillou","500","Case of 6 Bottles","https://www.bbr.com/products-20108213143-2010-cndp-le-clos-du-caillou-reserve-domaine-clos-du-caillou","1110285","20108213143"
"Gaja","2016","Ca'Marcanda, Camarcanda, Gaja, Tuscany, Italy","1250","Case of 6 Bottles","https://www.bbr.com/products-20168117799-2016-ca-marcanda-camarcanda-gaja-tuscany-italy","1099689","20168117799"
"Gaja","2019","Ca'Marcanda, Camarcanda, Gaja, Tuscany, Italy","620","Case of 6 Bottles","https://www.bbr.com/products-20198117799-2019-ca-marcanda-camarcanda-gaja-tuscany-italy","1099689","20198117799"
"Gaja","2017","Ca'Marcanda, Magari, Gaja, Tuscany, Italy","260","Case of 6 Bottles","https://www.bbr.com/products-20178117728-2017-ca-marcanda-magari-gaja-tuscany-italy","1099780","20178117728"
"Tenuta San Leonardo","2020","Cabernet Franc, San Leonardo, Trentino-Alto Adige, Italy","115","Case of 1 Magnums","https://www.bbr.com/products-20208076409-2020-cabernet-franc-san-leonardo-trentino-alto-adige-italy","2855080","20208076409"
"Caiarossa, Tuscany","2015","Caiarossa, Tuscany, Italy","270","Case of 6 Bottles","https://www.bbr.com/products-20158117568-2015-caiarossa-tuscany-italy","1101984","20158117568"
"Caiarossa, Tuscany","2016","Caiarossa, Tuscany, Italy","299","Case of 6 Bottles","https://www.bbr.com/products-20168117568-2016-caiarossa-tuscany-italy","1101984","20168117568"
"Caiarossa, Tuscany","2018","Caiarossa, Tuscany, Italy","249.5","Case of 6 Bottles","https://www.bbr.com/products-20188117568-2018-caiarossa-tuscany-italy","1101984","20188117568"
"Caiarossa, Tuscany","2019","Caiarossa, Tuscany, Italy","185","Case of 6 Bottles","https://www.bbr.com/products-20198117568-2019-caiarossa-tuscany-italy","1101984","20198117568"
"Domaine de l'Oratoire Saint Martin","2017","Cairanne Rouge, Haut-Coustias, Domaine Oratoire Saint Martin, Rhone","115","Case of 6 Bottles","https://www.bbr.com/products-20178031068-2017-cairanne-rouge-haut-coustias-domaine-oratoire-saint-martin-rhone","1145520","20178031068"
"Domaine de l'Oratoire Saint Martin","2015","Cairanne, Les Douyes, Domaine Oratoire Saint Martin, Rhone","220","Case of 12 Bottles","https://www.bbr.com/products-20151369205-2015-cairanne-les-douyes-domaine-oratoire-saint-martin-rhone","1369205","20151369205"
"Domaine de l'Oratoire Saint Martin","2016","Cairanne, Les Douyes, Domaine Oratoire Saint Martin, Rhone","175","Case of 12 Bottles","https://www.bbr.com/products-20161369205-2016-cairanne-les-douyes-domaine-oratoire-saint-martin-rhone","1369205","20161369205"
"Finca Allende","2005","Calvario, Finca Allende, Rioja, Spain","695","Case of 6 Bottles","https://www.bbr.com/products-20051151905-2005-calvario-finca-allende-rioja-spain","1119712","20051151905"
"Podere le Cinciole","2018","Camalaione, Podere Le Cinciole, Tuscany, Italy","195","Case of 6 Bottles","https://www.bbr.com/products-20188181356-2018-camalaione-podere-le-cinciole-tuscany-italy","1163597","20188181356"
"Querciabella","2004","Camartina, Querciabella, Tuscany, Italy","530","Case of 6 Bottles","https://www.bbr.com/products-20048213853-2004-camartina-querciabella-tuscany-italy","1103744","20048213853"
"Querciabella","2010","Camartina, Querciabella, Tuscany, Italy","300","Case of 1 Double Magnums","https://www.bbr.com/products-20108213853-2010-camartina-querciabella-tuscany-italy","1103744","20108213853"
"Querciabella","2013","Camartina, Querciabella, Tuscany, Italy","450","Case of 6 Bottles","https://www.bbr.com/products-20138213853-2013-camartina-querciabella-tuscany-italy","1103744","20138213853"
"Querciabella","2015","Camartina, Querciabella, Tuscany, Italy","300","Case of 6 Bottles","https://www.bbr.com/products-20158213853-2015-camartina-querciabella-tuscany-italy","1103744","20158213853"
"Querciabella","2015","Camartina, Querciabella, Tuscany, Italy","240","Case of 1 Magnums","https://www.bbr.com/products-20158213853-2015-camartina-querciabella-tuscany-italy","1103744","20158213853"
"Querciabella","2016","Camartina, Querciabella, Tuscany, Italy","562","Case of 6 Bottles","https://www.bbr.com/products-20168213853-2016-camartina-querciabella-tuscany-italy","1103744","20168213853"
"Querciabella","2016","Camartina, Querciabella, Tuscany, Italy","500","Case of 6 Bottles","https://www.bbr.com/products-20168213853-2016-camartina-querciabella-tuscany-italy","1103744","20168213853"
"Daniel Gomez Jimenez-Landi","2014","Cantos del Diablo, Daniel Gomez Jimenez-Landi, Mentrida, Spain","1830","Case of 6 Bottles","https://www.bbr.com/products-20148103709-2014-cantos-del-diablo-daniel-gomez-jimenez-landi-mentrida-spain","1316863","20148103709"
"Daniel Gomez Jimenez-Landi","2016","Cantos del Diablo, Daniel Gomez Jimenez-Landi, Mentrida, Spain","500","Case of 6 Bottles","https://www.bbr.com/products-20168103709-2016-cantos-del-diablo-daniel-gomez-jimenez-landi-mentrida-spain","1316863","20168103709"
"Quinta do Vesuvio","2007","Capela da Quinta do Vesuvio, Port, Portugal","285","Case of 3 Bottles","https://www.bbr.com/products-20078110019-2007-capela-da-quinta-do-vesuvio-port-portugal","1312559","20078110019"
"Quinta do Vesuvio","2011","Capela da Quinta do Vesuvio, Port, Portugal","325","Case of 3 Bottles","https://www.bbr.com/products-20118110019-2011-capela-da-quinta-do-vesuvio-port-portugal","1312559","20118110019"
"Quinta do Vesuvio","2016","Capela da Quinta do Vesuvio, Port, Portugal","240","Case of 3 Bottles","https://www.bbr.com/products-20168110019-2016-capela-da-quinta-do-vesuvio-port-portugal","1312559","20168110019"
"Quinta do Vesuvio","2016","Capela da Quinta do Vesuvio, Port, Portugal","245","Case of 3 Bottles","https://www.bbr.com/products-20168110019-2016-capela-da-quinta-do-vesuvio-port-portugal","1312559","20168110019"
"Quinta do Vesuvio","2016","Capela da Quinta do Vesuvio, Port, Portugal","270","Case of 1 s","https://www.bbr.com/products-20168110019-2016-capela-da-quinta-do-vesuvio-port-portugal","1312559","20168110019"
"Quinta do Vesuvio","2017","Capela da Quinta do Vesuvio, Port, Portugal","230","Case of 3 Bottles","https://www.bbr.com/products-20178110019-2017-capela-da-quinta-do-vesuvio-port-portugal","1312559","20178110019"
"Quinta do Vesuvio","2017","Capela da Quinta do Vesuvio, Port, Portugal","200","Case of 3 Bottles","https://www.bbr.com/products-20178110019-2017-capela-da-quinta-do-vesuvio-port-portugal","1312559","20178110019"
"Cardinale Estate","2008","Cardinale, Napa Valley, California, USA","950","Case of 6 Bottles","https://www.bbr.com/products-20088115186-2008-cardinale-napa-valley-california-usa","1130562","20088115186"
"Cardinale Estate","2011","Cardinale, Napa Valley, California, USA","798","Case of 6 Bottles","https://www.bbr.com/products-20118115186-2011-cardinale-napa-valley-california-usa","1130562","20118115186"
"Cardinale Estate","2014","Cardinale, Napa Valley, California, USA","380","Case of 3 Bottles","https://www.bbr.com/products-20148115186-2014-cardinale-napa-valley-california-usa","1130562","20148115186"
"Ferrando","2016","Carema, Nebbiolo, Etichetta Bianca, Ferrando, Piedmont, Italy","350","Case of 6 Bottles","https://www.bbr.com/products-20168059370-2016-carema-nebbiolo-etichetta-bianca-ferrando-piedmont-italy","1447422","20168059370"
"Chateau Angelus","2015","Carillon d'Angelus, St Emilion, Bordeaux","380","Case of 6 Bottles","https://www.bbr.com/products-20158124979-2015-carillon-d-angelus-st-emilion-bordeaux","1007781","20158124979"
"Chateau Angelus","2018","Carillon d'Angelus, St Emilion, Bordeaux","540","Case of 6 Bottles","https://www.bbr.com/products-20188124979-2018-carillon-d-angelus-st-emilion-bordeaux","1007781","20188124979"
"Chateau Angelus","2020","Carillon d'Angelus, St Emilion, Bordeaux","770","Case of 12 Bottles","https://www.bbr.com/products-20208124979-2020-carillon-d-angelus-st-emilion-bordeaux","1007781","20208124979"
"Chateau Angelus","2021","Carillon d'Angelus, St Emilion, Bordeaux","388","Case of 6 Bottles","https://www.bbr.com/products-20218124979-2021-carillon-d-angelus-st-emilion-bordeaux","1007781","20218124979"
"Chateau Lafite Rothschild","2005","Carruades de Lafite, Pauillac, Bordeaux","2000","Case of 12 Bottles","https://www.bbr.com/products-20058015109-2005-carruades-de-lafite-pauillac-bordeaux","1007840","20058015109"
"Chateau Lafite Rothschild","2005","Carruades de Lafite, Pauillac, Bordeaux","1925","Case of 12 Bottles","https://www.bbr.com/products-20058015109-2005-carruades-de-lafite-pauillac-bordeaux","1007840","20058015109"
"Chateau Lafite Rothschild","2006","Carruades de Lafite, Pauillac, Bordeaux","2125","Case of 12 Bottles","https://www.bbr.com/products-20068015109-2006-carruades-de-lafite-pauillac-bordeaux","1007840","20068015109"
"Chateau Lafite Rothschild","2009","Carruades de Lafite, Pauillac, Bordeaux","1050","Case of 6 Bottles","https://www.bbr.com/products-20098015109-2009-carruades-de-lafite-pauillac-bordeaux","1007840","20098015109"
"Chateau Lafite Rothschild","2010","Carruades de Lafite, Pauillac, Bordeaux","1400","Case of 6 Bottles","https://www.bbr.com/products-20108015109-2010-carruades-de-lafite-pauillac-bordeaux","1007840","20108015109"
"Chateau Lafite Rothschild","2010","Carruades de Lafite, Pauillac, Bordeaux","1375","Case of 6 Bottles","https://www.bbr.com/products-20108015109-2010-carruades-de-lafite-pauillac-bordeaux","1007840","20108015109"
"Chateau Lafite Rothschild","2011","Carruades de Lafite, Pauillac, Bordeaux","850","Case of 6 Bottles","https://www.bbr.com/products-20118015109-2011-carruades-de-lafite-pauillac-bordeaux","1007840","20118015109"
"Chateau Lafite Rothschild","2011","Carruades de Lafite, Pauillac, Bordeaux","805","Case of 6 Bottles","https://www.bbr.com/products-20118015109-2011-carruades-de-lafite-pauillac-bordeaux","1007840","20118015109"
"Chateau Lafite Rothschild","2013","Carruades de Lafite, Pauillac, Bordeaux","1388","Case of 3 Magnums","https://www.bbr.com/products-20138015109-2013-carruades-de-lafite-pauillac-bordeaux","1007840","20138015109"
"Chateau Lafite Rothschild","2015","Carruades de Lafite, Pauillac, Bordeaux","1025","Case of 6 Bottles","https://www.bbr.com/products-20158015109-2015-carruades-de-lafite-pauillac-bordeaux","1007840","20158015109"
"Chateau Lafite Rothschild","2017","Carruades de Lafite, Pauillac, Bordeaux","1333","Case of 6 Bottles","https://www.bbr.com/products-20178015109-2017-carruades-de-lafite-pauillac-bordeaux","1007840","20178015109"
"Chateau Lafite Rothschild","2018","Carruades de Lafite, Pauillac, Bordeaux","1800","Case of 6 Bottles","https://www.bbr.com/products-20188015109-2018-carruades-de-lafite-pauillac-bordeaux","1007840","20188015109"
"Chateau Lafite Rothschild","2018","Carruades de Lafite, Pauillac, Bordeaux","900","Case of 6 Bottles","https://www.bbr.com/products-20188015109-2018-carruades-de-lafite-pauillac-bordeaux","1007840","20188015109"
"Chateau Lafite Rothschild","2019","Carruades de Lafite, Pauillac, Bordeaux","1069","Case of 6 Bottles","https://www.bbr.com/products-20198015109-2019-carruades-de-lafite-pauillac-bordeaux","1007840","20198015109"
"Chateau Lafite Rothschild","2019","Carruades de Lafite, Pauillac, Bordeaux","925","Case of 6 Bottles","https://www.bbr.com/products-20198015109-2019-carruades-de-lafite-pauillac-bordeaux","1007840","20198015109"
"Chateau Lafite Rothschild","2020","Carruades de Lafite, Pauillac, Bordeaux","550","Case of 3 Bottles","https://www.bbr.com/products-20208015109-2020-carruades-de-lafite-pauillac-bordeaux","1007840","20208015109"
"Chateau Lafite Rothschild","2020","Carruades de Lafite, Pauillac, Bordeaux","600","Case of 3 Bottles","https://www.bbr.com/products-20208015109-2020-carruades-de-lafite-pauillac-bordeaux","1007840","20208015109"
"Chateau Lafite Rothschild","2020","Carruades de Lafite, Pauillac, Bordeaux","1078","Case of 6 Bottles","https://www.bbr.com/products-20208015109-2020-carruades-de-lafite-pauillac-bordeaux","1007840","20208015109"
"Chateau Lafite Rothschild","2020","Carruades de Lafite, Pauillac, Bordeaux","1190","Case of 3 Magnums","https://www.bbr.com/products-20208015109-2020-carruades-de-lafite-pauillac-bordeaux","1007840","20208015109"
"Chateau Lafite Rothschild","2021","Carruades de Lafite, Pauillac, Bordeaux","560","Case of 3 Bottles","https://www.bbr.com/products-20218015109-2021-carruades-de-lafite-pauillac-bordeaux","1007840","20218015109"
"Chateau Lafite Rothschild","2021","Carruades de Lafite, Pauillac, Bordeaux","558","Case of 3 Bottles","https://www.bbr.com/products-20218015109-2021-carruades-de-lafite-pauillac-bordeaux","1007840","20218015109"
"Chateau Lafite Rothschild","2021","Carruades de Lafite, Pauillac, Bordeaux","963","Case of 6 Bottles","https://www.bbr.com/products-20218015109-2021-carruades-de-lafite-pauillac-bordeaux","1007840","20218015109"
"Chateau Lafite Rothschild","2022","Carruades de Lafite, Pauillac, Bordeaux","500","Case of 3 Bottles","https://www.bbr.com/products-20228015109-2022-carruades-de-lafite-pauillac-bordeaux","1007840","20228015109"
"Chateau Lafite Rothschild","2022","Carruades de Lafite, Pauillac, Bordeaux","1075","Case of 6 Bottles","https://www.bbr.com/products-20228015109-2022-carruades-de-lafite-pauillac-bordeaux","1007840","20228015109"
"Chateau Lafite Rothschild","2023","Carruades de Lafite, Pauillac, Bordeaux","850","Case of 6 Bottles","https://www.bbr.com/products-20238015109-2023-carruades-de-lafite-pauillac-bordeaux","1007840","20238015109"
"Chateau Lafite Rothschild","2023","Carruades de Lafite, Pauillac, Bordeaux","390","Case of 3 Bottles","https://www.bbr.com/products-20238015109-2023-carruades-de-lafite-pauillac-bordeaux","1007840","20238015109"
"Chateau Lafite Rothschild","2023","Carruades de Lafite, Pauillac, Bordeaux","1200","Case of 3 Magnums","https://www.bbr.com/products-20238015109-2023-carruades-de-lafite-pauillac-bordeaux","1007840","20238015109"
"Bibi Graetz","2023","Casamatta Bianco, Bibi Graetz, Tuscany, Italy","165","Case of 6 Bottles","https://www.bbr.com/products-20238307732-2023-casamatta-bianco-bibi-graetz-tuscany-italy","1165432","20238307732"
"Bibi Graetz","2024","Casamatta Bianco, Bibi Graetz, Tuscany, Italy","170","Case of 6 Bottles","https://www.bbr.com/products-20248307732-2024-casamatta-bianco-bibi-graetz-tuscany-italy","1165432","20248307732"
"Marques de Murrieta","2005","Castillo Ygay, Gran Reserva Especial, Marques de Murrieta, Rioja, Spain","1000","Case of 6 Bottles","https://www.bbr.com/products-20058139445-2005-castillo-ygay-gran-reserva-especial-marques-de-murrieta-rioja-spain","1120482","20058139445"
"Marques de Murrieta","2009","Castillo Ygay, Gran Reserva Especial, Marques de Murrieta, Rioja, Spain","670","Case of 6 Bottles","https://www.bbr.com/products-20098139445-2009-castillo-ygay-gran-reserva-especial-marques-de-murrieta-rioja-spain","1120482","20098139445"
"Marques de Murrieta","2009","Castillo Ygay, Gran Reserva Especial, Marques de Murrieta, Rioja, Spain","800","Case of 1 Double Magnums","https://www.bbr.com/products-20098139445-2009-castillo-ygay-gran-reserva-especial-marques-de-murrieta-rioja-spain","1120482","20098139445"
"Marques de Murrieta","2009","Castillo Ygay, Gran Reserva Especial, Marques de Murrieta, Rioja, Spain","336","Case of 1 Magnums","https://www.bbr.com/products-20098139445-2009-castillo-ygay-gran-reserva-especial-marques-de-murrieta-rioja-spain","1120482","20098139445"
"Marques de Murrieta","2009","Castillo Ygay, Gran Reserva Especial, Marques de Murrieta, Rioja, Spain","350","Case of 1 Magnums","https://www.bbr.com/products-20098139445-2009-castillo-ygay-gran-reserva-especial-marques-de-murrieta-rioja-spain","1120482","20098139445"
"Marques de Murrieta","2011","Castillo Ygay, Gran Reserva Especial, Marques de Murrieta, Rioja, Spain","880","Case of 6 Bottles","https://www.bbr.com/products-20118139445-2011-castillo-ygay-gran-reserva-especial-marques-de-murrieta-rioja-spain","1120482","20118139445"
"Marques de Murrieta","2012","Castillo Ygay, Gran Reserva Especial, Marques de Murrieta, Rioja, Spain","1000","Case of 6 Bottles","https://www.bbr.com/products-20128139445-2012-castillo-ygay-gran-reserva-especial-marques-de-murrieta-rioja-spain","1120482","20128139445"
"Marques de Murrieta","1970","Castillo Ygay, Gran Reserva Especial, Marques de Murrieta, Rioja,Spain","1400","Case of 3 Bottles","https://www.bbr.com/products-19708139445-1970-castillo-ygay-gran-reserva-especial-marques-de-murrieta-rioja-spain","1120482","19708139445"
"Marques de Murrieta","2004","Castillo Ygay, Gran Reserva Especial, Marques de Murrieta, Rioja,Spain","1300","Case of 6 Bottles","https://www.bbr.com/products-20048139445-2004-castillo-ygay-gran-reserva-especial-marques-de-murrieta-rioja-spain","1120482","20048139445"
"Marques de Murrieta","2004","Castillo Ygay, Gran Reserva Especial, Marques de Murrieta, Rioja,Spain","950","Case of 6 Bottles","https://www.bbr.com/products-20048139445-2004-castillo-ygay-gran-reserva-especial-marques-de-murrieta-rioja-spain","1120482","20048139445"
"Marques de Murrieta","2010","Castillo Ygay, Gran Reserva Especial, Marques de Murrieta, Rioja,Spain","900","Case of 6 Bottles","https://www.bbr.com/products-20108139445-2010-castillo-ygay-gran-reserva-especial-marques-de-murrieta-rioja-spain","1120482","20108139445"
"Bodega Catena Zapata","2017","Catena Zapata, Argentino, Malbec, Mendoza, Argentina","455","Case of 4 Bottles","https://www.bbr.com/products-20178057493-2017-catena-zapata-argentino-malbec-mendoza-argentina","1232123","20178057493"
"Bodega Catena Zapata","2019","Catena Zapata, Argentino, Malbec, Mendoza, Argentina","339","Case of 4 Bottles","https://www.bbr.com/products-20198057493-2019-catena-zapata-argentino-malbec-mendoza-argentina","1232123","20198057493"
"Bodega Catena Zapata","2020","Catena Zapata, Argentino, Malbec, Mendoza, Argentina","190","Case of 1 Magnums","https://www.bbr.com/products-20208057493-2020-catena-zapata-argentino-malbec-mendoza-argentina","1232123","20208057493"
"Bodega Catena Zapata","2008","Catena Zapata, Nicolas, Mendoza, Argentina","1150","Case of 6 Bottles","https://www.bbr.com/products-20088208257-2008-catena-zapata-nicolas-mendoza-argentina","1232107","20088208257"
"Bodega Catena Zapata","2016","Catena Zapata, Nicolas, Mendoza, Argentina","360","Case of 6 Bottles","https://www.bbr.com/products-20168208257-2016-catena-zapata-nicolas-mendoza-argentina","1232107","20168208257"
"Bodega Catena Zapata","2016","Catena Zapata, Nicolas, Mendoza, Argentina","255","Case of 6 Bottles","https://www.bbr.com/products-20168208257-2016-catena-zapata-nicolas-mendoza-argentina","1232107","20168208257"
"Bodega Catena Zapata","2017","Catena Zapata, Nicolas, Mendoza, Argentina","344","Case of 6 Bottles","https://www.bbr.com/products-20178208257-2017-catena-zapata-nicolas-mendoza-argentina","1232107","20178208257"
"Bodega Catena Zapata","2018","Catena Zapata, Nicolas, Mendoza, Argentina","700","Case of 6 Bottles","https://www.bbr.com/products-20188208257-2018-catena-zapata-nicolas-mendoza-argentina","1232107","20188208257"
"Bodega Catena Zapata","2019","Catena Zapata, Nicolas, Mendoza, Argentina","395","Case of 6 Bottles","https://www.bbr.com/products-20198208257-2019-catena-zapata-nicolas-mendoza-argentina","1232107","20198208257"
"Bodega Catena Zapata","2020","Catena Zapata, Nicolas, Mendoza, Argentina","290","Case of 6 Bottles","https://www.bbr.com/products-20208208257-2020-catena-zapata-nicolas-mendoza-argentina","1232107","20208208257"
"Cathiard Vineyard","2020","Cathiard Vineyard, Napa Valley, California, USA","640","Case of 3 Bottles","https://www.bbr.com/products-20208072788-2020-cathiard-vineyard-napa-valley-california-usa","2730561","20208072788"
"Julie Balagny","2018","Cayenne, Vin de France, Julie Balagny","400","Case of 1 Magnums","https://www.bbr.com/products-20188044758-2018-cayenne-vin-de-france-julie-balagny","1412406","20188044758"
"Cayuse Vineyards","2011","Cayuse Vineyards, Armada Syrah, Walla Walla Valley, Washington, USA","305","Case of 3 Bottles","https://www.bbr.com/products-20118114958-2011-cayuse-vineyards-armada-syrah-walla-walla-valley-washington-usa","1135684","20118114958"
"Cayuse Vineyards","2014","Cayuse Vineyards, Armada Syrah, Walla Walla Valley, Washington, USA","694","Case of 3 Bottles","https://www.bbr.com/products-20148114958-2014-cayuse-vineyards-armada-syrah-walla-walla-valley-washington-usa","1135684","20148114958"
"Cayuse Vineyards","2019","Cayuse Vineyards, Armada Syrah, Walla Walla Valley, Washington, USA","310","Case of 3 Bottles","https://www.bbr.com/products-20198114958-2019-cayuse-vineyards-armada-syrah-walla-walla-valley-washington-usa","1135684","20198114958"
"Cayuse Vineyards","2016","Cayuse Vineyards, Bionic Frog, Syrah, Walla Walla Valley, Washington, USA","1075","Case of 3 Bottles","https://www.bbr.com/products-20168114945-2016-cayuse-vineyards-bionic-frog-syrah-walla-walla-valley-washington-usa","1135697","20168114945"
"Cayuse Vineyards","2017","Cayuse Vineyards, Bionic Frog, Syrah, Walla Walla Valley, Washington, USA","680","Case of 3 Bottles","https://www.bbr.com/products-20178114945-2017-cayuse-vineyards-bionic-frog-syrah-walla-walla-valley-washington-usa","1135697","20178114945"
"Cayuse Vineyards","2005","Cayuse Vineyards, Cailloux Syrah, Walla Walla Valley, Washington, USA","399","Case of 3 Bottles","https://www.bbr.com/products-20058012049-2005-cayuse-vineyards-cailloux-syrah-walla-walla-valley-washington-usa","1135701","20058012049"
"Cayuse Vineyards","2008","Cayuse Vineyards, Cailloux Syrah, Walla Walla Valley, Washington, USA","450","Case of 3 Bottles","https://www.bbr.com/products-20088012049-2008-cayuse-vineyards-cailloux-syrah-walla-walla-valley-washington-usa","1135701","20088012049"
"Cayuse Vineyards","2009","Cayuse Vineyards, Cailloux Syrah, Walla Walla Valley, Washington, USA","888","Case of 3 Bottles","https://www.bbr.com/products-20098012049-2009-cayuse-vineyards-cailloux-syrah-walla-walla-valley-washington-usa","1135701","20098012049"
"Cayuse Vineyards","2011","Cayuse Vineyards, Cailloux Syrah, Walla Walla Valley, Washington, USA","300","Case of 3 Bottles","https://www.bbr.com/products-20118012049-2011-cayuse-vineyards-cailloux-syrah-walla-walla-valley-washington-usa","1135701","20118012049"
"Cayuse Vineyards","2013","Cayuse Vineyards, Cailloux Syrah, Walla Walla Valley, Washington, USA","360","Case of 3 Bottles","https://www.bbr.com/products-20138012049-2013-cayuse-vineyards-cailloux-syrah-walla-walla-valley-washington-usa","1135701","20138012049"
"Cayuse Vineyards","2013","Cayuse Vineyards, Cailloux Syrah, Walla Walla Valley, Washington, USA","388","Case of 3 Bottles","https://www.bbr.com/products-20138012049-2013-cayuse-vineyards-cailloux-syrah-walla-walla-valley-washington-usa","1135701","20138012049"
"Cayuse Vineyards","2014","Cayuse Vineyards, Cailloux Syrah, Walla Walla Valley, Washington, USA","450","Case of 3 Bottles","https://www.bbr.com/products-20148012049-2014-cayuse-vineyards-cailloux-syrah-walla-walla-valley-washington-usa","1135701","20148012049"
"Cayuse Vineyards","2014","Cayuse Vineyards, Cailloux Syrah, Walla Walla Valley, Washington, USA","450","Case of 3 Bottles","https://www.bbr.com/products-20148012049-2014-cayuse-vineyards-cailloux-syrah-walla-walla-valley-washington-usa","1135701","20148012049"
"Cayuse Vineyards","2016","Cayuse Vineyards, Cailloux Syrah, Walla Walla Valley, Washington, USA","367","Case of 3 Bottles","https://www.bbr.com/products-20168012049-2016-cayuse-vineyards-cailloux-syrah-walla-walla-valley-washington-usa","1135701","20168012049"
"Cayuse Vineyards","2017","Cayuse Vineyards, Cailloux Syrah, Walla Walla Valley, Washington, USA","378","Case of 3 Bottles","https://www.bbr.com/products-20178012049-2017-cayuse-vineyards-cailloux-syrah-walla-walla-valley-washington-usa","1135701","20178012049"
"Cayuse Vineyards","2018","Cayuse Vineyards, Cailloux Syrah, Walla Walla Valley, Washington, USA","330","Case of 3 Bottles","https://www.bbr.com/products-20188012049-2018-cayuse-vineyards-cailloux-syrah-walla-walla-valley-washington-usa","1135701","20188012049"
"Cayuse Vineyards","2018","Cayuse Vineyards, Cailloux Syrah, Walla Walla Valley, Washington, USA","388","Case of 3 Bottles","https://www.bbr.com/products-20188012049-2018-cayuse-vineyards-cailloux-syrah-walla-walla-valley-washington-usa","1135701","20188012049"
"Cayuse Vineyards","2012","Cayuse Vineyards, En Cerise Syrah, Walla Walla Valley, Washington, USA","290","Case of 3 Bottles","https://www.bbr.com/products-20128114206-2012-cayuse-vineyards-en-cerise-syrah-walla-walla-valley-washington-usa","1147351","20128114206"
"Cayuse Vineyards","2013","Cayuse Vineyards, En Cerise Syrah, Walla Walla Valley, Washington, USA","310","Case of 3 Bottles","https://www.bbr.com/products-20138114206-2013-cayuse-vineyards-en-cerise-syrah-walla-walla-valley-washington-usa","1147351","20138114206"
"Cayuse Vineyards","2013","Cayuse Vineyards, En Cerise Syrah, Walla Walla Valley, Washington, USA","315","Case of 3 Bottles","https://www.bbr.com/products-20138114206-2013-cayuse-vineyards-en-cerise-syrah-walla-walla-valley-washington-usa","1147351","20138114206"
"Cayuse Vineyards","2014","Cayuse Vineyards, En Cerise Syrah, Walla Walla Valley, Washington, USA","270","Case of 3 Bottles","https://www.bbr.com/products-20148114206-2014-cayuse-vineyards-en-cerise-syrah-walla-walla-valley-washington-usa","1147351","20148114206"
"Cayuse Vineyards","2016","Cayuse Vineyards, En Cerise Syrah, Walla Walla Valley, Washington, USA","425","Case of 3 Bottles","https://www.bbr.com/products-20168114206-2016-cayuse-vineyards-en-cerise-syrah-walla-walla-valley-washington-usa","1147351","20168114206"
"Cayuse Vineyards","2018","Cayuse Vineyards, En Cerise Syrah, Walla Walla Valley, Washington, USA","420","Case of 3 Bottles","https://www.bbr.com/products-20188114206-2018-cayuse-vineyards-en-cerise-syrah-walla-walla-valley-washington-usa","1147351","20188114206"
"Cayuse Vineyards","2018","Cayuse Vineyards, En Cerise Syrah, Walla Walla Valley, Washington, USA","425","Case of 3 Bottles","https://www.bbr.com/products-20188114206-2018-cayuse-vineyards-en-cerise-syrah-walla-walla-valley-washington-usa","1147351","20188114206"
"Cayuse Vineyards","2012","Cayuse Vineyards, God Only Knows, Walla Walla Valley, Washington, USA","330","Case of 3 Bottles","https://www.bbr.com/products-20128108977-2012-cayuse-vineyards-god-only-knows-walla-walla-valley-washington-usa","1337264","20128108977"
"Cayuse Vineyards","2013","Cayuse Vineyards, God Only Knows, Walla Walla Valley, Washington, USA","350","Case of 3 Bottles","https://www.bbr.com/products-20138108977-2013-cayuse-vineyards-god-only-knows-walla-walla-valley-washington-usa","1337264","20138108977"
"Cayuse Vineyards","2014","Cayuse Vineyards, God Only Knows, Walla Walla Valley, Washington, USA","335","Case of 3 Bottles","https://www.bbr.com/products-20148108977-2014-cayuse-vineyards-god-only-knows-walla-walla-valley-washington-usa","1337264","20148108977"
"Cayuse Vineyards","2015","Cayuse Vineyards, God Only Knows, Walla Walla Valley, Washington, USA","385","Case of 3 Bottles","https://www.bbr.com/products-20158108977-2015-cayuse-vineyards-god-only-knows-walla-walla-valley-washington-usa","1337264","20158108977"
"Cayuse Vineyards","2016","Cayuse Vineyards, God Only Knows, Walla Walla Valley, Washington, USA","400","Case of 3 Bottles","https://www.bbr.com/products-20168108977-2016-cayuse-vineyards-god-only-knows-walla-walla-valley-washington-usa","1337264","20168108977"
"Cayuse Vineyards","2017","Cayuse Vineyards, God Only Knows, Walla Walla Valley, Washington, USA","450","Case of 3 Bottles","https://www.bbr.com/products-20178108977-2017-cayuse-vineyards-god-only-knows-walla-walla-valley-washington-usa","1337264","20178108977"
"Cayuse Vineyards","2017","Cayuse Vineyards, God Only Knows, Walla Walla Valley, Washington, USA","450","Case of 3 Bottles","https://www.bbr.com/products-20178108977-2017-cayuse-vineyards-god-only-knows-walla-walla-valley-washington-usa","1337264","20178108977"
"Weingut Rudolf Furst","2019","Centgrafenberg,Spatburgunder Gro?es Gewachs,Rudolf Furst","650","Case of 6 Bottles","https://www.bbr.com/products-20198113443-2019-centgrafenberg-spatburgunder-gro-es-gewachs-rudolf-furst","1174267","20198113443"
"Dominio de Tares","2009","Cepas Viejas, Dominio de Tares","90","Case of 6 Bottles","https://www.bbr.com/products-20098207074-2009-cepas-viejas-dominio-de-tares","1282085","20098207074"
"Isole e Olena","2009","Cepparello, Isole e Olena, Tuscany, Italy","450","Case of 6 Bottles","https://www.bbr.com/products-20091100408-2009-cepparello-isole-e-olena-tuscany-italy","1100408","20091100408"
"Isole e Olena","2010","Cepparello, Isole e Olena, Tuscany, Italy","475","Case of 6 Bottles","https://www.bbr.com/products-20101100408-2010-cepparello-isole-e-olena-tuscany-italy","1100408","20101100408"
"Isole e Olena","2011","Cepparello, Isole e Olena, Tuscany, Italy","468","Case of 6 Bottles","https://www.bbr.com/products-20111100408-2011-cepparello-isole-e-olena-tuscany-italy","1100408","20111100408"
"Isole e Olena","2012","Cepparello, Isole e Olena, Tuscany, Italy","375","Case of 6 Bottles","https://www.bbr.com/products-20121100408-2012-cepparello-isole-e-olena-tuscany-italy","1100408","20121100408"
"Isole e Olena","2012","Cepparello, Isole e Olena, Tuscany, Italy","370","Case of 6 Bottles","https://www.bbr.com/products-20121100408-2012-cepparello-isole-e-olena-tuscany-italy","1100408","20121100408"
"Isole e Olena","2014","Cepparello, Isole e Olena, Tuscany, Italy","310","Case of 6 Bottles","https://www.bbr.com/products-20141100408-2014-cepparello-isole-e-olena-tuscany-italy","1100408","20141100408"
"Isole e Olena","2015","Cepparello, Isole e Olena, Tuscany, Italy","395","Case of 6 Bottles","https://www.bbr.com/products-20151100408-2015-cepparello-isole-e-olena-tuscany-italy","1100408","20151100408"
"Isole e Olena","2015","Cepparello, Isole e Olena, Tuscany, Italy","140","Case of 1 Magnums","https://www.bbr.com/products-20151100408-2015-cepparello-isole-e-olena-tuscany-italy","1100408","20151100408"
"Isole e Olena","2016","Cepparello, Isole e Olena, Tuscany, Italy","518","Case of 6 Bottles","https://www.bbr.com/products-20161100408-2016-cepparello-isole-e-olena-tuscany-italy","1100408","20161100408"
"Isole e Olena","2016","Cepparello, Isole e Olena, Tuscany, Italy","370","Case of 6 Bottles","https://www.bbr.com/products-20161100408-2016-cepparello-isole-e-olena-tuscany-italy","1100408","20161100408"
"Isole e Olena","2016","Cepparello, Isole e Olena, Tuscany, Italy","160","Case of 1 Magnums","https://www.bbr.com/products-20161100408-2016-cepparello-isole-e-olena-tuscany-italy","1100408","20161100408"
"Isole e Olena","2017","Cepparello, Isole e Olena, Tuscany, Italy","317","Case of 6 Bottles","https://www.bbr.com/products-20171100408-2017-cepparello-isole-e-olena-tuscany-italy","1100408","20171100408"
"Isole e Olena","2018","Cepparello, Isole e Olena, Tuscany, Italy","280","Case of 6 Bottles","https://www.bbr.com/products-20181100408-2018-cepparello-isole-e-olena-tuscany-italy","1100408","20181100408"
"Isole e Olena","2018","Cepparello, Isole e Olena, Tuscany, Italy","298","Case of 6 Bottles","https://www.bbr.com/products-20181100408-2018-cepparello-isole-e-olena-tuscany-italy","1100408","20181100408"
"Isole e Olena","2018","Cepparello, Isole e Olena, Tuscany, Italy","150","Case of 1 Magnums","https://www.bbr.com/products-20181100408-2018-cepparello-isole-e-olena-tuscany-italy","1100408","20181100408"
"Isole e Olena","2019","Cepparello, Isole e Olena, Tuscany, Italy","355","Case of 6 Bottles","https://www.bbr.com/products-20191100408-2019-cepparello-isole-e-olena-tuscany-italy","1100408","20191100408"
"Isole e Olena","2019","Cepparello, Isole e Olena, Tuscany, Italy","475","Case of 6 Bottles","https://www.bbr.com/products-20191100408-2019-cepparello-isole-e-olena-tuscany-italy","1100408","20191100408"
"Isole e Olena","2019","Cepparello, Isole e Olena, Tuscany, Italy","135","Case of 1 Magnums","https://www.bbr.com/products-20191100408-2019-cepparello-isole-e-olena-tuscany-italy","1100408","20191100408"
"Isole e Olena","2020","Cepparello, Isole e Olena, Tuscany, Italy","400","Case of 6 Bottles","https://www.bbr.com/products-20201100408-2020-cepparello-isole-e-olena-tuscany-italy","1100408","20201100408"
"Isole e Olena","2021","Cepparello, Isole e Olena, Tuscany, Italy","600","Case of 1 Double Magnums","https://www.bbr.com/products-20211100408-2021-cepparello-isole-e-olena-tuscany-italy","1100408","20211100408"
"Ceritas","2019","Ceritas, Cuvee Annabelle, Pinot Noir, Sonoma Coast, California, USA","415","Case of 6 Bottles","https://www.bbr.com/products-20198164777-2019-ceritas-cuvee-annabelle-pinot-noir-sonoma-coast-california-usa","2426048","20198164777"
"Ceritas","2019","Ceritas, Hellenthal Vineyard Old Shop Block Pinot Noir, Sonoma Coast, California, USA","450","Case of 6 Bottles","https://www.bbr.com/products-20198247188-2019-ceritas-hellenthal-vineyard-old-shop-block-pinot-noir-sonoma-coast-california-usa","1690176","20198247188"
"Ceritas","2019","Ceritas, Trout Gulch Vineyard Chardonnay, Santa Cruz Mountains, California, USA","450","Case of 6 Bottles","https://www.bbr.com/products-20198064859-2019-ceritas-trout-gulch-vineyard-chardonnay-santa-cruz-mountains-california-usa","1582707","20198064859"
"Ceritas","2020","Ceritas, Trout Gulch Vineyard Chardonnay, Santa Cruz Mountains, California, USA","450","Case of 6 Bottles","https://www.bbr.com/products-20208064859-2020-ceritas-trout-gulch-vineyard-chardonnay-santa-cruz-mountains-california-usa","1582707","20208064859"
"Cervantes Family Vineyards","2018","Cervantes, Blacktail, Napa Valley, California, USA","680","Case of 6 Bottles","https://www.bbr.com/products-20188165631-2018-cervantes-blacktail-napa-valley-california-usa","2114864","20188165631"
"Cervantes Family Vineyards","2019","Cervantes, Cabernet Sauvignon, Napa Valley, California, USA","750","Case of 6 Bottles","https://www.bbr.com/products-20198162005-2019-cervantes-cabernet-sauvignon-napa-valley-california-usa","1879537","20198162005"
"Antinori","2009","Cervaro della Sala, Antinori, Umbria, Italy","525","Case of 6 Bottles","https://www.bbr.com/products-20098012111-2009-cervaro-della-sala-antinori-umbria-italy","1238398","20098012111"
"Antinori","2012","Cervaro della Sala, Antinori, Umbria, Italy","450","Case of 6 Bottles","https://www.bbr.com/products-20128012111-2012-cervaro-della-sala-antinori-umbria-italy","1238398","20128012111"
"Antinori","2016","Cervaro della Sala, Antinori, Umbria, Italy","400","Case of 6 Bottles","https://www.bbr.com/products-20168012111-2016-cervaro-della-sala-antinori-umbria-italy","1238398","20168012111"
"Antinori","2018","Cervaro della Sala, Antinori, Umbria, Italy","350","Case of 6 Bottles","https://www.bbr.com/products-20188012111-2018-cervaro-della-sala-antinori-umbria-italy","1238398","20188012111"
"Antinori","2019","Cervaro della Sala, Antinori, Umbria, Italy","395","Case of 6 Bottles","https://www.bbr.com/products-20198012111-2019-cervaro-della-sala-antinori-umbria-italy","1238398","20198012111"
"Antinori","2019","Cervaro della Sala, Antinori, Umbria, Italy","340","Case of 6 Bottles","https://www.bbr.com/products-20198012111-2019-cervaro-della-sala-antinori-umbria-italy","1238398","20198012111"
"Antinori","2021","Cervaro della Sala, Antinori, Umbria, Italy","525","Case of 6 Bottles","https://www.bbr.com/products-20218012111-2021-cervaro-della-sala-antinori-umbria-italy","1238398","20218012111"
"Antinori","2022","Cervaro della Sala, Antinori, Umbria, Italy","425","Case of 6 Bottles","https://www.bbr.com/products-20228012111-2022-cervaro-della-sala-antinori-umbria-italy","1238398","20228012111"
"Antinori","2023","Cervaro della Sala, Antinori, Umbria, Italy","495","Case of 6 Bottles","https://www.bbr.com/products-20238012111-2023-cervaro-della-sala-antinori-umbria-italy","1238398","20238012111"
"Antinori","2023","Cervaro della Sala, Antinori, Umbria, Italy","500","Case of 6 Bottles","https://www.bbr.com/products-20238012111-2023-cervaro-della-sala-antinori-umbria-italy","1238398","20238012111"
"Domaine Laurent Tribut","2023","Chablis, 1er Cru, Montmains Domaine Laurent Tribut, Burgundy","270","Case of 6 Bottles","https://www.bbr.com/products-20238212247-2023-chablis-1er-cru-montmains-domaine-laurent-tribut-burgundy","1128710","20238212247"
"Philippe Pacalet","2019","Chablis, Beauroy, 1er Cru, Philippe Pacalet, Burgundy","1150","Case of 12 Bottles","https://www.bbr.com/products-20198400068-2019-chablis-beauroy-1er-cru-philippe-pacalet-burgundy","1502387","20198400068"
"Domaine William Fevre","2014","Chablis, Bougros, Cote Bouguerots, Grand Cru, Domaine William Fevre, Burgundy","790","Case of 6 Bottles","https://www.bbr.com/products-20148018520-2014-chablis-bougros-cote-bouguerots-grand-cru-domaine-william-fevre-burgundy","1314218","20148018520"
"Domaine William Fevre","2018","Chablis, Bougros, Cote Bouguerots, Grand Cru, Domaine William Fevre, Burgundy","2400","Case of 6 Bottles","https://www.bbr.com/products-20188018520-2018-chablis-bougros-cote-bouguerots-grand-cru-domaine-william-fevre-burgundy","1314218","20188018520"
"Domaine William Fevre","2020","Chablis, Bougros, Cote Bouguerots, Grand Cru, Domaine William Fevre, Burgundy","478","Case of 6 Bottles","https://www.bbr.com/products-20208018520-2020-chablis-bougros-cote-bouguerots-grand-cru-domaine-william-fevre-burgundy","1314218","20208018520"
"Domaine William Fevre","2022","Chablis, Bougros, Cote Bouguerots, Grand Cru, Domaine William Fevre, Burgundy","270","Case of 1 Magnums","https://www.bbr.com/products-20228018520-2022-chablis-bougros-cote-bouguerots-grand-cru-domaine-william-fevre-burgundy","1314218","20228018520"
"Domaine William Fevre","2017","Chablis, Bougros, Grand Cru, Domaine William Fevre, Burgundy","300","Case of 6 Bottles","https://www.bbr.com/products-20178018533-2017-chablis-bougros-grand-cru-domaine-william-fevre-burgundy","1068140","20178018533"
"Domaine William Fevre","2019","Chablis, Bougros, Grand Cru, Domaine William Fevre, Burgundy","60","Case of 1 Bottles","https://www.bbr.com/products-20198018533-2019-chablis-bougros-grand-cru-domaine-william-fevre-burgundy","1068140","20198018533"
"Domaine William Fevre","2020","Chablis, Bougros, Grand Cru, Domaine William Fevre, Burgundy","140","Case of 1 Magnums","https://www.bbr.com/products-20208018533-2020-chablis-bougros-grand-cru-domaine-william-fevre-burgundy","1068140","20208018533"
"Domaine William Fevre","2022","Chablis, Bougros, Grand Cru, Domaine William Fevre, Burgundy","164","Case of 1 Magnums","https://www.bbr.com/products-20228018533-2022-chablis-bougros-grand-cru-domaine-william-fevre-burgundy","1068140","20228018533"
"Samuel Billaud","2021","Chablis, Bougros, Grand Cru, Samuel Billaud, Burgundy","500","Case of 6 Bottles","https://www.bbr.com/products-20218007586-2021-chablis-bougros-grand-cru-samuel-billaud-burgundy","1495898","20218007586"
"Domaine Louis Michel","2020","Chablis, Butteaux, Vieilles Vignes, 1er Cru, Louis Michel &amp; Fils, Burgundy","240","Case of 6 Bottles","https://www.bbr.com/products-20208011026-2020-chablis-butteaux-vieilles-vignes-1er-cru-louis-michel-and-fils-burgundy","1364112","20208011026"
"Domaine Louis Michel","2022","Chablis, Butteaux, Vieilles Vignes, 1er Cru, Louis Michel &amp; Fils, Burgundy","308","Case of 6 Bottles","https://www.bbr.com/products-20228011026-2022-chablis-butteaux-vieilles-vignes-1er-cru-louis-michel-and-fils-burgundy","1364112","20228011026"
"Domaine Louis Michel","2023","Chablis, Butteaux, Vieilles Vignes, 1er Cru, Louis Michel &amp; Fils, Burgundy","215","Case of 6 Bottles","https://www.bbr.com/products-20238011026-2023-chablis-butteaux-vieilles-vignes-1er-cru-louis-michel-and-fils-burgundy","1364112","20238011026"
"Domaine Eleni et Edouard Vocoret","2023","Chablis, Chatains, 1er Cru, Domaine Eleni &amp; Edouard Vocoret, Burgundy","306","Case of 6 Bottles","https://www.bbr.com/products-20238311634-2023-chablis-chatains-1er-cru-domaine-eleni-and-edouard-vocoret-burgundy","3064421","20238311634"
"Chateau de Beru","2018","Chablis, Clos Beru, Chateau de Beru, Burgundy","870","Case of 12 Bottles","https://www.bbr.com/products-20188083025-2018-chablis-clos-beru-chateau-de-beru-burgundy","1902767","20188083025"
"Domaine Pinson","2019","Chablis, Cuvee Mademoiselle, Domaine Pinson Freres, Burgundy","300","Case of 12 Bottles","https://www.bbr.com/products-20198020633-2019-chablis-cuvee-mademoiselle-domaine-pinson-freres-burgundy","1171569","20198020633"
"Chateau de Beru","2019","Chablis, Cote aux Pretres, Chateau de Beru, Burgundy","450","Case of 12 Bottles","https://www.bbr.com/products-20198083012-2019-chablis-cote-aux-pretres-chateau-de-beru-burgundy","1555569","20198083012"
"Domaine Vincent Dampt","2019","Chablis, Cote de Lechet, 1er Cru, Domaine Vincent Dampt, Burgundy","430","Case of 12 Bottles","https://www.bbr.com/products-20198157669-2019-chablis-cote-de-lechet-1er-cru-domaine-vincent-dampt-burgundy","1221307","20198157669"
"Domaine Sebastien Dampt","2019","Chablis, Cote de Lechet, 1er Cru, Domaine Sebastien Dampt, Burgundy","360","Case of 12 Bottles","https://www.bbr.com/products-20191335589-2019-chablis-cote-de-lechet-1er-cru-domaine-sebastien-dampt-burgundy","1335589","20191335589"
"Domaine Sebastien Dampt","2020","Chablis, Cote de Lechet, 1er Cru, Domaine Sebastien Dampt, Burgundy","295","Case of 12 Bottles","https://www.bbr.com/products-20201335589-2020-chablis-cote-de-lechet-1er-cru-domaine-sebastien-dampt-burgundy","1335589","20201335589"
"Domaine Sebastien Dampt","2021","Chablis, Cote de Lechet, 1er Cru, Domaine Sebastien Dampt, Burgundy","200","Case of 6 Bottles","https://www.bbr.com/products-20211335589-2021-chablis-cote-de-lechet-1er-cru-domaine-sebastien-dampt-burgundy","1335589","20211335589"
"Didier & Pascal Picq","2018","Chablis, Dessus La Carriere, Didier &amp; Pascal Picq, Burgundy","249","Case of 12 Bottles","https://www.bbr.com/products-20181364125-2018-chablis-dessus-la-carriere-didier-and-pascal-picq-burgundy","1364125","20181364125"
"Didier & Pascal Picq","2020","Chablis, Dessus La Carriere, Didier &amp; Pascal Picq, Burgundy","225","Case of 12 Bottles","https://www.bbr.com/products-20201364125-2020-chablis-dessus-la-carriere-didier-and-pascal-picq-burgundy","1364125","20201364125"
"Didier & Pascal Picq","2023","Chablis, Dessus La Carriere, Didier &amp; Pascal Picq, Burgundy","230","Case of 12 Bottles","https://www.bbr.com/products-20231364125-2023-chablis-dessus-la-carriere-didier-and-pascal-picq-burgundy","1364125","20231364125"
"Domaine 47?N 3?E Guillaume Michaut","2022","Chablis, Domaine 47?N 3?E, Guillaume Michaut, Burgundy","180","Case of 6 Bottles","https://www.bbr.com/products-20228071710-2022-chablis-domaine-47-n-3-e-guillaume-michaut-burgundy","2328922","20228071710"
"Domaine Sebastien Dampt","2020","Chablis, Domaine Sebastien Dampt, Burgundy","390","Case of 12 Bottles","https://www.bbr.com/products-20208000141-2020-chablis-domaine-sebastien-dampt-burgundy","1335576","20208000141"
"Domaine William Fevre","2023","Chablis, Domaine William Fevre, Burgundy","165","Case of 6 Bottles","https://www.bbr.com/products-20238013903-2023-chablis-domaine-william-fevre-burgundy","1068111","20238013903"
"Domaine Eleni et Edouard Vocoret","2021","Chablis, En Boucheran, Eleni &amp; Edouard Vocoret, Burgundy","460","Case of 12 Bottles","https://www.bbr.com/products-20218026808-2021-chablis-en-boucheran-eleni-and-edouard-vocoret-burgundy","1844999","20218026808"
"Domaine Eleni et Edouard Vocoret","2023","Chablis, Forets, 1er Cru, Domaine Eleni &amp; Edouard Vocoret, Burgundy","324","Case of 6 Bottles","https://www.bbr.com/products-20238311647-2023-chablis-forets-1er-cru-domaine-eleni-and-edouard-vocoret-burgundy","1436879","20238311647"
"Domaine Gerard Duplessis","2018","Chablis, Fourchaume, 1er Cru, Domaine Gerard Duplessis, Burgundy","220","Case of 6 Bottles","https://www.bbr.com/products-20188011231-2018-chablis-fourchaume-1er-cru-domaine-gerard-duplessis-burgundy","1030716","20188011231"
"Domaine Gerard Duplessis","2019","Chablis, Fourchaume, 1er Cru, Domaine Gerard Duplessis, Burgundy","390","Case of 6 Bottles","https://www.bbr.com/products-20198011231-2019-chablis-fourchaume-1er-cru-domaine-gerard-duplessis-burgundy","1030716","20198011231"
"Jean-Paul & Benoit Droin","2018","Chablis, Fourchaume, 1er Cru, Jean-Paul & Benoit Droin, Burgundy","258","Case of 6 Bottles","https://www.bbr.com/products-20188009737-2018-chablis-fourchaume-1er-cru-jean-paul-benoit-droin-burgundy","1067055","20188009737"
"Le Domaine d'Henri","2016","Chablis, Fourchaume, 1er Cru, Le Domaine d'Henri, Burgundy","260","Case of 6 Bottles","https://www.bbr.com/products-20161510854-2016-chablis-fourchaume-1er-cru-le-domaine-d-henri-burgundy","1510854","20161510854"
"Le Domaine d'Henri","2020","Chablis, Fourchaume, 1er Cru, Le Domaine d'Henri, Burgundy","220","Case of 6 Bottles","https://www.bbr.com/products-20201510854-2020-chablis-fourchaume-1er-cru-le-domaine-d-henri-burgundy","1510854","20201510854"
"Le Domaine d'Henri","2021","Chablis, Fourchaume, 1er Cru, Le Domaine d'Henri, Burgundy","160","Case of 6 Bottles","https://www.bbr.com/products-20211510854-2021-chablis-fourchaume-1er-cru-le-domaine-d-henri-burgundy","1510854","20211510854"
"Le Domaine d'Henri","2022","Chablis, Fourchaume, 1er Cru, Le Domaine d'Henri, Burgundy","172.5","Case of 6 Bottles","https://www.bbr.com/products-20221510854-2022-chablis-fourchaume-1er-cru-le-domaine-d-henri-burgundy","1510854","20221510854"
"Remoissenet Pere et Fils","2018","Chablis, Fourchaume, 1er Cru, Remoissenet Pere &amp; Fils, Burgundy","285","Case of 6 Bottles","https://www.bbr.com/products-20188319438-2018-chablis-fourchaume-1er-cru-remoissenet-pere-and-fils-burgundy","1234619","20188319438"
"Le Domaine d'Henri","2012","Chablis, Fourchaume, 1er Cru, Vieilles Vignes, Le Domaine d'Henri","250","Case of 6 Bottles","https://www.bbr.com/products-20128136213-2012-chablis-fourchaume-1er-cru-vieilles-vignes-le-domaine-d-henri","1358199","20128136213"
"Le Domaine d'Henri","2017","Chablis, Fourchaume, Heritage, 1er Cru, Le Domaine d'Henri","288","Case of 6 Bottles","https://www.bbr.com/products-20178018096-2017-chablis-fourchaume-heritage-1er-cru-le-domaine-d-henri","1373572","20178018096"
"Le Domaine d'Henri","2019","Chablis, Fourchaume, Heritage, 1er Cru, Le Domaine d'Henri","180","Case of 6 Bottles","https://www.bbr.com/products-20198018096-2019-chablis-fourchaume-heritage-1er-cru-le-domaine-d-henri","1373572","20198018096"
"Le Domaine d'Henri","2020","Chablis, Fourchaume, Heritage, 1er Cru, Le Domaine d'Henri","215","Case of 6 Bottles","https://www.bbr.com/products-20208018096-2020-chablis-fourchaume-heritage-1er-cru-le-domaine-d-henri","1373572","20208018096"
"Le Domaine d'Henri","2023","Chablis, Fourchaume, Heritage, 1er Cru, Le Domaine d'Henri","288","Case of 6 Bottles","https://www.bbr.com/products-20238018096-2023-chablis-fourchaume-heritage-1er-cru-le-domaine-d-henri","1373572","20238018096"
"Jean-Paul & Benoit Droin","2018","Chablis, Grenouilles, Grand Cru, Jean-Paul & Benoit Droin, Burgundy","450","Case of 6 Bottles","https://www.bbr.com/products-20181067068-2018-chablis-grenouilles-grand-cru-jean-paul-benoit-droin-burgundy","1067068","20181067068"
"Jean-Paul & Benoit Droin","2023","Chablis, Grenouilles, Grand Cru, Jean-Paul & Benoit Droin, Burgundy","454","Case of 6 Bottles","https://www.bbr.com/products-20231067068-2023-chablis-grenouilles-grand-cru-jean-paul-benoit-droin-burgundy","1067068","20231067068"
"Jean-Paul & Benoit Droin","2023","Chablis, Grenouilles, Grand Cru, Jean-Paul & Benoit Droin, Burgundy","453","Case of 6 Bottles","https://www.bbr.com/products-20231067068-2023-chablis-grenouilles-grand-cru-jean-paul-benoit-droin-burgundy","1067068","20231067068"
"Jean-Paul & Benoit Droin","2017","Chablis, Grenouilles, Grand Cru, Jean-Paul &amp; Benoit Droin, Burgundy","490","Case of 6 Bottles","https://www.bbr.com/products-20171067068-2017-chablis-grenouilles-grand-cru-jean-paul-and-benoit-droin-burgundy","1067068","20171067068"
"Jean-Paul & Benoit Droin","2019","Chablis, Grenouilles, Grand Cru, Jean-Paul &amp; Benoit Droin, Burgundy","470","Case of 6 Bottles","https://www.bbr.com/products-20191067068-2019-chablis-grenouilles-grand-cru-jean-paul-and-benoit-droin-burgundy","1067068","20191067068"
"Jean-Paul & Benoit Droin","2020","Chablis, Grenouilles, Grand Cru, Jean-Paul &amp; Benoit Droin, Burgundy","410","Case of 6 Bottles","https://www.bbr.com/products-20201067068-2020-chablis-grenouilles-grand-cru-jean-paul-and-benoit-droin-burgundy","1067068","20201067068"
"Jean-Paul & Benoit Droin","2022","Chablis, Grenouilles, Grand Cru, Jean-Paul &amp; Benoit Droin, Burgundy","468","Case of 6 Bottles","https://www.bbr.com/products-20221067068-2022-chablis-grenouilles-grand-cru-jean-paul-and-benoit-droin-burgundy","1067068","20221067068"
"Domaine Louis Michel","2010","Chablis, Grenouilles, Grand Cru, Louis Michel & Fils, Burgundy","650","Case of 12 Bottles","https://www.bbr.com/products-20108026723-2010-chablis-grenouilles-grand-cru-louis-michel-fils-burgundy","1075346","20108026723"
"Domaine Louis Michel","2019","Chablis, Grenouilles, Grand Cru, Louis Michel &amp; Fils, Burgundy","285","Case of 6 Bottles","https://www.bbr.com/products-20198026723-2019-chablis-grenouilles-grand-cru-louis-michel-and-fils-burgundy","1075346","20198026723"
"Jean-Paul & Benoit Droin","2020","Chablis, Hommage a Louis, Grand Cru, Jean-Paul & Benoit Droin, Burgundy","460","Case of 6 Bottles","https://www.bbr.com/products-20208147257-2020-chablis-hommage-a-louis-grand-cru-jean-paul-benoit-droin-burgundy","1067039","20208147257"
"Jean-Paul & Benoit Droin","2021","Chablis, Hommage a Louis, Grand Cru, Jean-Paul &amp; Benoit Droin, Burgundy","360","Case of 6 Bottles","https://www.bbr.com/products-20218147257-2021-chablis-hommage-a-louis-grand-cru-jean-paul-and-benoit-droin-burgundy","1067039","20218147257"
"Jean-Paul & Benoit Droin","2022","Chablis, Hommage a Louis, Grand Cru, Jean-Paul &amp; Benoit Droin, Burgundy","450","Case of 6 Bottles","https://www.bbr.com/products-20228147257-2022-chablis-hommage-a-louis-grand-cru-jean-paul-and-benoit-droin-burgundy","1067039","20228147257"
"Jean-Paul & Benoit Droin","2018","Chablis, Jean-Paul &amp; Benoit Droin, Burgundy","305","Case of 12 Bottles","https://www.bbr.com/products-20181067013-2018-chablis-jean-paul-and-benoit-droin-burgundy","1067013","20181067013"
"Le Domaine d'Henri","2019","Chablis, L'Homme Mort, Vieilles Vignes, 1er Cru, Le Domaine d'Henri, Burgundy","169","Case of 6 Bottles","https://www.bbr.com/products-20198011068-2019-chablis-l-homme-mort-vieilles-vignes-1er-cru-le-domaine-d-henri-burgundy","1510867","20198011068"
"Le Domaine d'Henri","2020","Chablis, L'Homme Mort, Vieilles Vignes, 1er Cru, Le Domaine d'Henri, Burgundy","212","Case of 6 Bottles","https://www.bbr.com/products-20208011068-2020-chablis-l-homme-mort-vieilles-vignes-1er-cru-le-domaine-d-henri-burgundy","1510867","20208011068"
"Le Domaine d'Henri","2021","Chablis, L'Homme Mort, Vieilles Vignes, 1er Cru, Le Domaine d'Henri, Burgundy","210","Case of 6 Bottles","https://www.bbr.com/products-20218011068-2021-chablis-l-homme-mort-vieilles-vignes-1er-cru-le-domaine-d-henri-burgundy","1510867","20218011068"
"Le Domaine d'Henri","2022","Chablis, L'Homme Mort, Vieilles Vignes, 1er Cru, Le Domaine d'Henri, Burgundy","220","Case of 6 Bottles","https://www.bbr.com/products-20228011068-2022-chablis-l-homme-mort-vieilles-vignes-1er-cru-le-domaine-d-henri-burgundy","1510867","20228011068"
"Le Domaine d'Henri","2023","Chablis, L'Homme Mort, Vieilles Vignes, 1er Cru, Le Domaine d'Henri, Burgundy","210","Case of 6 Bottles","https://www.bbr.com/products-20238011068-2023-chablis-l-homme-mort-vieilles-vignes-1er-cru-le-domaine-d-henri-burgundy","1510867","20238011068"
"Le Domaine d'Henri","2018","Chablis, L'Homme Mort, Vieilles Vignes, 1er Cru, Le Domaine d'Henri,Burgundy","207","Case of 6 Bottles","https://www.bbr.com/products-20188011068-2018-chablis-l-homme-mort-vieilles-vignes-1er-cru-le-domaine-d-henri-burgundy","1510867","20188011068"
"Vincent Dauvissat","","Chablis, La Forest Vertical (2007-2012), 1er Cru, Vincent Dauvissat, 12-Bottle Assortment Case","2400","Case of 1 Mixed case (12x75cl)s","https://www.bbr.com/products-10008100535-chablis-la-forest-vertical-2007-2012-1er-cru-vincent-dauvissat-12-bottle-assortment-case","9004616","10008100535"
"Vincent Dauvissat","2017","Chablis, La Forest, 1er Cru, Domaine Dauvissat-Camus, Burgundy","1900","Case of 12 Bottles","https://www.bbr.com/products-20178041249-2017-chablis-la-forest-1er-cru-domaine-dauvissat-camus-burgundy","1277607","20178041249"
"Vincent Dauvissat","2014","Chablis, La Forest, 1er Cru, Vincent Dauvissat, Burgundy","2500","Case of 12 Bottles","https://www.bbr.com/products-20148109785-2014-chablis-la-forest-1er-cru-vincent-dauvissat-burgundy","1316195","20148109785"
"Vincent Dauvissat","2019","Chablis, La Forest, 1er Cru, Vincent Dauvissat, Burgundy","777","Case of 6 Bottles","https://www.bbr.com/products-20198109785-2019-chablis-la-forest-1er-cru-vincent-dauvissat-burgundy","1316195","20198109785"
"Vincent Dauvissat","2019","Chablis, La Forest, 1er Cru, Vincent Dauvissat, Burgundy","745","Case of 6 Bottles","https://www.bbr.com/products-20198109785-2019-chablis-la-forest-1er-cru-vincent-dauvissat-burgundy","1316195","20198109785"
"Vincent Dauvissat","2019","Chablis, La Forest, 1er Cru, Vincent Dauvissat, Burgundy","1500","Case of 12 Bottles","https://www.bbr.com/products-20198109785-2019-chablis-la-forest-1er-cru-vincent-dauvissat-burgundy","1316195","20198109785"
"Vincent Dauvissat","2023","Chablis, La Forest, 1er Cru, Vincent Dauvissat, Burgundy","550","Case of 6 Bottles","https://www.bbr.com/products-20238109785-2023-chablis-la-forest-1er-cru-vincent-dauvissat-burgundy","1316195","20238109785"
"Jean-Claude Bessin","2020","Chablis, La Foret, 1er Cru, Bessin-Tremblay, Burgundy","225","Case of 6 Bottles","https://www.bbr.com/products-20208026390-2020-chablis-la-foret-1er-cru-bessin-tremblay-burgundy","1138278","20208026390"
"Domaine Pinson","2019","Chablis, La Foret, 1er Cru, Domaine Pinson Freres, Burgundy","360","Case of 12 Bottles","https://www.bbr.com/products-20198020604-2019-chablis-la-foret-1er-cru-domaine-pinson-freres-burgundy","1124536","20198020604"
"Jean-Claude Bessin","2017","Chablis, La Fourchaume, 1er Cru, Jean-Claude Bessin, Burgundy","310","Case of 6 Bottles","https://www.bbr.com/products-20171128156-2017-chablis-la-fourchaume-1er-cru-jean-claude-bessin-burgundy","1128156","20171128156"
"Jean-Claude Bessin","2018","Chablis, La Fourchaume, 1er Cru, Jean-Claude Bessin, Burgundy","238","Case of 6 Bottles","https://www.bbr.com/products-20181128156-2018-chablis-la-fourchaume-1er-cru-jean-claude-bessin-burgundy","1128156","20181128156"
"Jean-Claude Bessin","2019","Chablis, La Fourchaume, 1er Cru, Jean-Claude Bessin, Burgundy","200","Case of 6 Bottles","https://www.bbr.com/products-20191128156-2019-chablis-la-fourchaume-1er-cru-jean-claude-bessin-burgundy","1128156","20191128156"
"Jean-Claude Bessin","2020","Chablis, La Fourchaume, 1er Cru, La Piece au Comte, Bessin-Tremblay, Burgundy","320","Case of 6 Bottles","https://www.bbr.com/products-20208029623-2020-chablis-la-fourchaume-1er-cru-la-piece-au-comte-bessin-tremblay-burgundy","1244799","20208029623"
"Jean-Claude Bessin","2018","Chablis, La Fourchaume, 1er Cru, La Piece au Comte, Jean-Claude Bessin, Burgundy","239","Case of 6 Bottles","https://www.bbr.com/products-20188029623-2018-chablis-la-fourchaume-1er-cru-la-piece-au-comte-jean-claude-bessin-burgundy","1244799","20188029623"
"Jean-Claude Bessin","2019","Chablis, La Fourchaume, 1er Cru, La Piece au Comte, Jean-Claude Bessin, Burgundy","265","Case of 6 Bottles","https://www.bbr.com/products-20198029623-2019-chablis-la-fourchaume-1er-cru-la-piece-au-comte-jean-claude-bessin-burgundy","1244799","20198029623"
"Domaine Long-Depaquit","2014","Chablis, La Moutonne, Grand Cru, Domaine Long-Depaquit, Burgundy","890","Case of 6 Bottles","https://www.bbr.com/products-20148027241-2014-chablis-la-moutonne-grand-cru-domaine-long-depaquit-burgundy","1060564","20148027241"
"Famille Grossot","2022","Chablis, La Part des Anges, Famille Grossot, Burgundy","245","Case of 6 Bottles","https://www.bbr.com/products-20228304034-2022-chablis-la-part-des-anges-famille-grossot-burgundy","1070178","20228304034"
"Domaine Eleni et Edouard Vocoret","2019","Chablis, Le Bas de Chapelot, Domaine Eleni & Edouard Vocoret, Burgundy","370","Case of 12 Bottles","https://www.bbr.com/products-20191364138-2019-chablis-le-bas-de-chapelot-domaine-eleni-edouard-vocoret-burgundy","1364138","20191364138"
"Domaine Eleni et Edouard Vocoret","2020","Chablis, Le Bas de Chapelot, Domaine Eleni &amp; Edouard Vocoret, Burgundy","320","Case of 12 Bottles","https://www.bbr.com/products-20201364138-2020-chablis-le-bas-de-chapelot-domaine-eleni-and-edouard-vocoret-burgundy","1364138","20201364138"
"Domaine Eleni et Edouard Vocoret","2020","Chablis, Le Bas de Chapelot, Domaine Eleni &amp; Edouard Vocoret, Burgundy","290","Case of 6 Magnums","https://www.bbr.com/products-20201364138-2020-chablis-le-bas-de-chapelot-domaine-eleni-and-edouard-vocoret-burgundy","1364138","20201364138"
"Domaine Eleni et Edouard Vocoret","2021","Chablis, Le Bas de Chapelot, Domaine Eleni &amp; Edouard Vocoret, Burgundy","1500","Case of 12 Bottles","https://www.bbr.com/products-20211364138-2021-chablis-le-bas-de-chapelot-domaine-eleni-and-edouard-vocoret-burgundy","1364138","20211364138"
"Domaine Sebastien Dampt","2019","Chablis, Les Beugnons, 1er Cru, Domaine Sebastien Dampt, Burgundy","650","Case of 12 Bottles","https://www.bbr.com/products-20198060268-2019-chablis-les-beugnons-1er-cru-domaine-sebastien-dampt-burgundy","1335765","20198060268"
"Domaine Sebastien Dampt","2020","Chablis, Les Beugnons, 1er Cru, Domaine Sebastien Dampt, Burgundy","300","Case of 12 Bottles","https://www.bbr.com/products-20208060268-2020-chablis-les-beugnons-1er-cru-domaine-sebastien-dampt-burgundy","1335765","20208060268"
"Domaine Sebastien Dampt","2021","Chablis, Les Beugnons, 1er Cru, Domaine Sebastien Dampt, Burgundy","160","Case of 6 Bottles","https://www.bbr.com/products-20218060268-2021-chablis-les-beugnons-1er-cru-domaine-sebastien-dampt-burgundy","1335765","20218060268"
"Domaine Sebastien Dampt","2023","Chablis, Les Beugnons, 1er Cru, Domaine Sebastien Dampt, Burgundy","155","Case of 6 Bottles","https://www.bbr.com/products-20238060268-2023-chablis-les-beugnons-1er-cru-domaine-sebastien-dampt-burgundy","1335765","20238060268"
"Domaine Eleni et Edouard Vocoret","2013","Chablis, Les Butteaux, 1er Cru, Domaine Eleni & Edouard Vocoret,Burgundy","350","Case of 6 Bottles","https://www.bbr.com/products-20138026853-2013-chablis-les-butteaux-1er-cru-domaine-eleni-edouard-vocoret-burgundy","1360374","20138026853"
"Domaine Eleni et Edouard Vocoret","2018","Chablis, Les Butteaux, 1er Cru, Domaine Eleni &amp; Edouard Vocoret, Burgundy","280","Case of 6 Bottles","https://www.bbr.com/products-20188026853-2018-chablis-les-butteaux-1er-cru-domaine-eleni-and-edouard-vocoret-burgundy","1360374","20188026853"
"Domaine Eleni et Edouard Vocoret","2019","Chablis, Les Butteaux, 1er Cru, Domaine Eleni &amp; Edouard Vocoret, Burgundy","325","Case of 6 Bottles","https://www.bbr.com/products-20198026853-2019-chablis-les-butteaux-1er-cru-domaine-eleni-and-edouard-vocoret-burgundy","1360374","20198026853"
"Domaine Eleni et Edouard Vocoret","2020","Chablis, Les Butteaux, 1er Cru, Domaine Eleni &amp; Edouard Vocoret, Burgundy","395","Case of 6 Bottles","https://www.bbr.com/products-20208026853-2020-chablis-les-butteaux-1er-cru-domaine-eleni-and-edouard-vocoret-burgundy","1360374","20208026853"
"Domaine Eleni et Edouard Vocoret","2021","Chablis, Les Butteaux, 1er Cru, Domaine Eleni &amp; Edouard Vocoret, Burgundy","325","Case of 6 Bottles","https://www.bbr.com/products-20218026853-2021-chablis-les-butteaux-1er-cru-domaine-eleni-and-edouard-vocoret-burgundy","1360374","20218026853"
"Domaine Eleni et Edouard Vocoret","2022","Chablis, Les Butteaux, 1er Cru, Domaine Eleni &amp; Edouard Vocoret, Burgundy","410","Case of 6 Bottles","https://www.bbr.com/products-20228026853-2022-chablis-les-butteaux-1er-cru-domaine-eleni-and-edouard-vocoret-burgundy","1360374","20228026853"
"Domaine Eleni et Edouard Vocoret","2023","Chablis, Les Butteaux, 1er Cru, Domaine Eleni &amp; Edouard Vocoret, Burgundy","280","Case of 6 Bottles","https://www.bbr.com/products-20238026853-2023-chablis-les-butteaux-1er-cru-domaine-eleni-and-edouard-vocoret-burgundy","1360374","20238026853"
"Charles Van Canneyt","2019","Chablis, Les Clos, Grand Cru, Charles Van Canneyt, Burgundy","350","Case of 6 Bottles","https://www.bbr.com/products-20198324177-2019-chablis-les-clos-grand-cru-charles-van-canneyt-burgundy","2180249","20198324177"
"Domaine Gerard Duplessis","2018","Chablis, Les Clos, Grand Cru, Domaine Gerard Duplessis, Burgundy","316","Case of 6 Bottles","https://www.bbr.com/products-20188011202-2018-chablis-les-clos-grand-cru-domaine-gerard-duplessis-burgundy","1067664","20188011202"
"Domaine Patrick Piuze","2020","Chablis, Les Clos, Grand Cru, Domaine Patrick Piuze, Burgundy","1248","Case of 12 Bottles","https://www.bbr.com/products-20208069841-2020-chablis-les-clos-grand-cru-domaine-patrick-piuze-burgundy","1234592","20208069841"
"Domaine Pinson","2011","Chablis, Les Clos, Grand Cru, Domaine Pinson Freres, Burgundy","695","Case of 12 Bottles","https://www.bbr.com/products-20118013697-2011-chablis-les-clos-grand-cru-domaine-pinson-freres-burgundy","1078116","20118013697"
"Domaine Pinson","2012","Chablis, Les Clos, Grand Cru, Domaine Pinson Freres, Burgundy","295","Case of 6 Bottles","https://www.bbr.com/products-20128013697-2012-chablis-les-clos-grand-cru-domaine-pinson-freres-burgundy","1078116","20128013697"
"Domaine Pinson","2014","Chablis, Les Clos, Grand Cru, Domaine Pinson Freres, Burgundy","800","Case of 12 Bottles","https://www.bbr.com/products-20148013697-2014-chablis-les-clos-grand-cru-domaine-pinson-freres-burgundy","1078116","20148013697"
"Domaine Pinson","2016","Chablis, Les Clos, Grand Cru, Domaine Pinson Freres, Burgundy","780","Case of 12 Bottles","https://www.bbr.com/products-20168013697-2016-chablis-les-clos-grand-cru-domaine-pinson-freres-burgundy","1078116","20168013697"
"Domaine Pinson","2017","Chablis, Les Clos, Grand Cru, Domaine Pinson Freres, Burgundy","630","Case of 12 Bottles","https://www.bbr.com/products-20178013697-2017-chablis-les-clos-grand-cru-domaine-pinson-freres-burgundy","1078116","20178013697"
"Domaine Pinson","2018","Chablis, Les Clos, Grand Cru, Domaine Pinson Freres, Burgundy","675","Case of 12 Bottles","https://www.bbr.com/products-20188013697-2018-chablis-les-clos-grand-cru-domaine-pinson-freres-burgundy","1078116","20188013697"
"Domaine Pinson","2018","Chablis, Les Clos, Grand Cru, Domaine Pinson Freres, Burgundy","675","Case of 12 Bottles","https://www.bbr.com/products-20188013697-2018-chablis-les-clos-grand-cru-domaine-pinson-freres-burgundy","1078116","20188013697"
"Domaine Pinson","2019","Chablis, Les Clos, Grand Cru, Domaine Pinson Freres, Burgundy","310","Case of 6 Bottles","https://www.bbr.com/products-20198013697-2019-chablis-les-clos-grand-cru-domaine-pinson-freres-burgundy","1078116","20198013697"
"Domaine Pinson","2020","Chablis, Les Clos, Grand Cru, Domaine Pinson Freres, Burgundy","290","Case of 6 Bottles","https://www.bbr.com/products-20208013697-2020-chablis-les-clos-grand-cru-domaine-pinson-freres-burgundy","1078116","20208013697"
"Domaine Pinson","2021","Chablis, Les Clos, Grand Cru, Domaine Pinson Freres, Burgundy","310","Case of 6 Bottles","https://www.bbr.com/products-20218013697-2021-chablis-les-clos-grand-cru-domaine-pinson-freres-burgundy","1078116","20218013697"
"Domaine Pinson","2022","Chablis, Les Clos, Grand Cru, Domaine Pinson Freres, Burgundy","356","Case of 6 Bottles","https://www.bbr.com/products-20228013697-2022-chablis-les-clos-grand-cru-domaine-pinson-freres-burgundy","1078116","20228013697"
"Domaine Pinson","2023","Chablis, Les Clos, Grand Cru, Domaine Pinson Freres, Burgundy","354","Case of 6 Bottles","https://www.bbr.com/products-20238013697-2023-chablis-les-clos-grand-cru-domaine-pinson-freres-burgundy","1078116","20238013697"
"Domaine William Fevre","2009","Chablis, Les Clos, Grand Cru, Domaine William Fevre, Burgundy","995","Case of 6 Magnums","https://www.bbr.com/products-20098013929-2009-chablis-les-clos-grand-cru-domaine-william-fevre-burgundy","1068179","20098013929"
"Domaine William Fevre","2013","Chablis, Les Clos, Grand Cru, Domaine William Fevre, Burgundy","2400","Case of 6 Bottles","https://www.bbr.com/products-20138013929-2013-chablis-les-clos-grand-cru-domaine-william-fevre-burgundy","1068179","20138013929"
"Domaine William Fevre","2016","Chablis, Les Clos, Grand Cru, Domaine William Fevre, Burgundy","550","Case of 6 Bottles","https://www.bbr.com/products-20168013929-2016-chablis-les-clos-grand-cru-domaine-william-fevre-burgundy","1068179","20168013929"
"Domaine William Fevre","2017","Chablis, Les Clos, Grand Cru, Domaine William Fevre, Burgundy","575","Case of 6 Bottles","https://www.bbr.com/products-20178013929-2017-chablis-les-clos-grand-cru-domaine-william-fevre-burgundy","1068179","20178013929"
"Domaine William Fevre","2020","Chablis, Les Clos, Grand Cru, Domaine William Fevre, Burgundy","360","Case of 1 Magnums","https://www.bbr.com/products-20208013929-2020-chablis-les-clos-grand-cru-domaine-william-fevre-burgundy","1068179","20208013929"
"Domaine William Fevre","2021","Chablis, Les Clos, Grand Cru, Domaine William Fevre, Burgundy","300","Case of 3 Bottles","https://www.bbr.com/products-20218013929-2021-chablis-les-clos-grand-cru-domaine-william-fevre-burgundy","1068179","20218013929"
"Domaine William Fevre","2021","Chablis, Les Clos, Grand Cru, Domaine William Fevre, Burgundy","375","Case of 1 Magnums","https://www.bbr.com/products-20218013929-2021-chablis-les-clos-grand-cru-domaine-william-fevre-burgundy","1068179","20218013929"
"Domaine William Fevre","2022","Chablis, Les Clos, Grand Cru, Domaine William Fevre, Burgundy","750","Case of 6 Bottles","https://www.bbr.com/products-20228013929-2022-chablis-les-clos-grand-cru-domaine-william-fevre-burgundy","1068179","20228013929"
"Jean-Paul & Benoit Droin","2011","Chablis, Les Clos, Grand Cru, Jean-Paul & Benoit Droin, Burgundy","1390","Case of 12 Bottles","https://www.bbr.com/products-20111067039-2011-chablis-les-clos-grand-cru-jean-paul-benoit-droin-burgundy","1067039","20111067039"
"Jean-Paul & Benoit Droin","2012","Chablis, Les Clos, Grand Cru, Jean-Paul & Benoit Droin, Burgundy","545","Case of 6 Bottles","https://www.bbr.com/products-20121067039-2012-chablis-les-clos-grand-cru-jean-paul-benoit-droin-burgundy","1067039","20121067039"
"Jean-Paul & Benoit Droin","2014","Chablis, Les Clos, Grand Cru, Jean-Paul & Benoit Droin, Burgundy","900","Case of 6 Bottles","https://www.bbr.com/products-20141067039-2014-chablis-les-clos-grand-cru-jean-paul-benoit-droin-burgundy","1067039","20141067039"
"Jean-Paul & Benoit Droin","2017","Chablis, Les Clos, Grand Cru, Jean-Paul & Benoit Droin, Burgundy","650","Case of 6 Bottles","https://www.bbr.com/products-20171067039-2017-chablis-les-clos-grand-cru-jean-paul-benoit-droin-burgundy","1067039","20171067039"
"Jean-Paul & Benoit Droin","2018","Chablis, Les Clos, Grand Cru, Jean-Paul & Benoit Droin, Burgundy","400","Case of 6 Bottles","https://www.bbr.com/products-20181067039-2018-chablis-les-clos-grand-cru-jean-paul-benoit-droin-burgundy","1067039","20181067039"
"Jean-Paul & Benoit Droin","2019","Chablis, Les Clos, Grand Cru, Jean-Paul &amp; Benoit Droin, Burgundy","600","Case of 6 Bottles","https://www.bbr.com/products-20191067039-2019-chablis-les-clos-grand-cru-jean-paul-and-benoit-droin-burgundy","1067039","20191067039"
"Domaine Louis Michel","2019","Chablis, Les Clos, Grand Cru, Louis Michel &amp; Fils, Burgundy","470","Case of 6 Bottles","https://www.bbr.com/products-20198026710-2019-chablis-les-clos-grand-cru-louis-michel-and-fils-burgundy","1075317","20198026710"
"Maison Joseph Drouhin","2019","Chablis, Les Clos, Grand Cru, Moulin des Vaudons, Joseph Drouhin, Burgundy","500","Case of 6 Bottles","https://www.bbr.com/products-20198400749-2019-chablis-les-clos-grand-cru-moulin-des-vaudons-joseph-drouhin-burgundy","1313921","20198400749"
"Maison Joseph Drouhin","2020","Chablis, Les Clos, Grand Cru, Moulin des Vaudons, Joseph Drouhin, Burgundy","500","Case of 6 Bottles","https://www.bbr.com/products-20208400749-2020-chablis-les-clos-grand-cru-moulin-des-vaudons-joseph-drouhin-burgundy","1313921","20208400749"
"Roland Lavantureux","2021","Chablis, Les Clos, Grand Cru, Roland Lavantureux, Burgundy","260","Case of 6 Bottles","https://www.bbr.com/products-20218300847-2021-chablis-les-clos-grand-cru-roland-lavantureux-burgundy","1379398","20218300847"
"Samuel Billaud","2022","Chablis, Les Clos, Grand Cru, Samuel Billaud, Burgundy","1250","Case of 6 Bottles","https://www.bbr.com/products-20228025511-2022-chablis-les-clos-grand-cru-samuel-billaud-burgundy","1227181","20228025511"
"Samuel Billaud","2023","Chablis, Les Clos, Grand Cru, Samuel Billaud, Burgundy","650","Case of 6 Bottles","https://www.bbr.com/products-20238025511-2023-chablis-les-clos-grand-cru-samuel-billaud-burgundy","1227181","20238025511"
"Vincent Dauvissat","2009","Chablis, Les Clos, Grand Cru, Vincent Dauvissat, Burgundy","3300","Case of 12 Bottles","https://www.bbr.com/products-20098119618-2009-chablis-les-clos-grand-cru-vincent-dauvissat-burgundy","1066553","20098119618"
"Vincent Dauvissat","2014","Chablis, Les Clos, Grand Cru, Vincent Dauvissat, Burgundy","3500","Case of 6 Bottles","https://www.bbr.com/products-20148119618-2014-chablis-les-clos-grand-cru-vincent-dauvissat-burgundy","1066553","20148119618"
"Vincent Dauvissat","2020","Chablis, Les Clos, Grand Cru, Vincent Dauvissat, Burgundy","450","Case of 1 Bottles","https://www.bbr.com/products-20208119618-2020-chablis-les-clos-grand-cru-vincent-dauvissat-burgundy","1066553","20208119618"
"Vincent Dauvissat","2023","Chablis, Les Clos, Grand Cru, Vincent Dauvissat, Burgundy","1100","Case of 6 Bottles","https://www.bbr.com/products-20238119618-2023-chablis-les-clos-grand-cru-vincent-dauvissat-burgundy","1066553","20238119618"
"Jean-Paul & Benoit Droin","2023","Chablis, Les Clos, Hommage a Louis, Grand Cru, Jean-Paul & Benoit Droin, Burgundy","450","Case of 6 Bottles","https://www.bbr.com/products-20238147257-2023-chablis-les-clos-hommage-a-louis-grand-cru-jean-paul-benoit-droin-burgundy","1067039","20238147257"
"Jean-Paul & Benoit Droin","2023","Chablis, Les Clos, Hommage a Louis, Grand Cru, Jean-Paul &amp; Benoit Droin, Burgundy","425","Case of 6 Bottles","https://www.bbr.com/products-20231067039-2023-chablis-les-clos-hommage-a-louis-grand-cru-jean-paul-and-benoit-droin-burgundy","1067039","20231067039"
"Samuel Billaud","2016","Chablis, Les Fourneaux, 1er Cru, Samuel Billaud, Burgundy","390","Case of 12 Bottles","https://www.bbr.com/products-20168025540-2016-chablis-les-fourneaux-1er-cru-samuel-billaud-burgundy","1238196","20168025540"
"Samuel Billaud","2020","Chablis, Les Grands Terroirs, Samuel Billaud, Burgundy","375","Case of 12 Bottles","https://www.bbr.com/products-20208011000-2020-chablis-les-grands-terroirs-samuel-billaud-burgundy","1816220","20208011000"
"Domaine Sebastien Dampt","2021","Chablis, Les Lys, 1er Cru, Domaine Sebastien Dampt, Burgundy","170","Case of 6 Bottles","https://www.bbr.com/products-20218046736-2021-chablis-les-lys-1er-cru-domaine-sebastien-dampt-burgundy","1335592","20218046736"
"Domaine Sebastien Dampt","2023","Chablis, Les Lys, 1er Cru, Domaine Sebastien Dampt, Burgundy","265","Case of 6 Bottles","https://www.bbr.com/products-20238046736-2023-chablis-les-lys-1er-cru-domaine-sebastien-dampt-burgundy","1335592","20238046736"
"Domaine Billaud-Simon","2023","Chablis, Les Preuses, Grand Cru, Domaine Billaud-Simon, Burgundy","560","Case of 6 Bottles","https://www.bbr.com/products-20238021438-2023-chablis-les-preuses-grand-cru-domaine-billaud-simon-burgundy","1060665","20238021438"
"Domaine Servin","2022","Chablis, Les Preuses, Grand Cru, Domaine Servin, Burgundy","298","Case of 6 Bottles","https://www.bbr.com/products-20228240189-2022-chablis-les-preuses-grand-cru-domaine-servin-burgundy","1234664","20228240189"
"Domaine William Fevre","2015","Chablis, Les Preuses, Grand Cru, Domaine William Fevre, Burgundy","505","Case of 3 Magnums","https://www.bbr.com/products-20158018504-2015-chablis-les-preuses-grand-cru-domaine-william-fevre-burgundy","1068270","20158018504"
"Domaine William Fevre","2020","Chablis, Les Preuses, Grand Cru, Domaine William Fevre, Burgundy","250","Case of 1 Magnums","https://www.bbr.com/products-20208018504-2020-chablis-les-preuses-grand-cru-domaine-william-fevre-burgundy","1068270","20208018504"
"Domaine William Fevre","2022","Chablis, Les Preuses, Grand Cru, Domaine William Fevre, Burgundy","220","Case of 1 Magnums","https://www.bbr.com/products-20228018504-2022-chablis-les-preuses-grand-cru-domaine-william-fevre-burgundy","1068270","20228018504"
"Jean-Paul & Benoit Droin","2018","Chablis, Les Preuses, Grand Cru, Jean-Paul & Benoit Droin, Burgundy","350","Case of 6 Bottles","https://www.bbr.com/products-20188015734-2018-chablis-les-preuses-grand-cru-jean-paul-benoit-droin-burgundy","1816581","20188015734"
"Jean-Paul & Benoit Droin","2020","Chablis, Les Preuses, Grand Cru, Jean-Paul & Benoit Droin, Burgundy","430","Case of 6 Bottles","https://www.bbr.com/products-20208015734-2020-chablis-les-preuses-grand-cru-jean-paul-benoit-droin-burgundy","1816581","20208015734"
"Jean-Paul & Benoit Droin","2017","Chablis, Les Preuses, Grand Cru, Jean-Paul &amp; Benoit Droin, Burgundy","400","Case of 6 Bottles","https://www.bbr.com/products-20178015734-2017-chablis-les-preuses-grand-cru-jean-paul-and-benoit-droin-burgundy","1816581","20178015734"
"Samuel Billaud","2014","Chablis, Les Preuses, Grand Cru, Samuel Billaud, Burgundy","690","Case of 6 Bottles","https://www.bbr.com/products-20148007560-2014-chablis-les-preuses-grand-cru-samuel-billaud-burgundy","1241251","20148007560"
"Samuel Billaud","2017","Chablis, Les Preuses, Grand Cru, Samuel Billaud, Burgundy","475","Case of 6 Bottles","https://www.bbr.com/products-20178007560-2017-chablis-les-preuses-grand-cru-samuel-billaud-burgundy","1241251","20178007560"
"Samuel Billaud","2019","Chablis, Les Preuses, Grand Cru, Samuel Billaud, Burgundy","475","Case of 6 Bottles","https://www.bbr.com/products-20198007560-2019-chablis-les-preuses-grand-cru-samuel-billaud-burgundy","1241251","20198007560"
"Vincent Dauvissat","2016","Chablis, Les Preuses, Grand Cru, Vincent Dauvissat, Burgundy","1600","Case of 6 Bottles","https://www.bbr.com/products-20168119605-2016-chablis-les-preuses-grand-cru-vincent-dauvissat-burgundy","1066582","20168119605"
"Domaine Patrick Piuze","2020","Chablis, Les Sechets, 1er Cru, Patrick Piuze, Burgundy","268","Case of 6 Bottles","https://www.bbr.com/products-20208111713-2020-chablis-les-sechets-1er-cru-patrick-piuze-burgundy","1938054","20208111713"
"Vincent Dauvissat","2023","Chablis, Les Vaillons, 1er Cru, Vincent Dauvissat, Burgundy","700","Case of 6 Bottles","https://www.bbr.com/products-20238025393-2023-chablis-les-vaillons-1er-cru-vincent-dauvissat-burgundy","1066609","20238025393"
"Domaine Billaud-Simon","2020","Chablis, Les Vaillons, Vieilles Vignes, 1er Cru, Domaine Billaud-Simon, Burgundy","470","Case of 12 Bottles","https://www.bbr.com/products-20208178783-2020-chablis-les-vaillons-vieilles-vignes-1er-cru-domaine-billaud-simon-burgundy","1687242","20208178783"
"Albert Bichot","2022","Chablis, Les Vaucopins, 1er Cru, Domaine Long-Depaquit, Albert Bichot, Burgundy","250","Case of 6 Bottles","https://www.bbr.com/products-20228232407-2022-chablis-les-vaucopins-1er-cru-domaine-long-depaquit-albert-bichot-burgundy","1128172","20228232407"
"Domaine William Fevre","2018","Chablis, Mont de Milieu, 1er Cru, Domaine William Fevre, Burgundy","228","Case of 6 Bottles","https://www.bbr.com/products-20188018559-2018-chablis-mont-de-milieu-1er-cru-domaine-william-fevre-burgundy","1068241","20188018559"
"Jean-Paul & Benoit Droin","2018","Chablis, Mont de Milieu, 1er Cru, Jean-Paul & Benoit Droin, Burgundy","232","Case of 6 Bottles","https://www.bbr.com/products-20188009724-2018-chablis-mont-de-milieu-1er-cru-jean-paul-benoit-droin-burgundy","1067071","20188009724"
"Jean-Paul & Benoit Droin","2015","Chablis, Mont de Milieu, 1er Cru, Jean-Paul &amp; Benoit Droin, Burgundy","300","Case of 6 Bottles","https://www.bbr.com/products-20158009724-2015-chablis-mont-de-milieu-1er-cru-jean-paul-and-benoit-droin-burgundy","1067071","20158009724"
"Jean-Paul & Benoit Droin","2017","Chablis, Mont de Milieu, 1er Cru, Jean-Paul &amp; Benoit Droin, Burgundy","320","Case of 6 Bottles","https://www.bbr.com/products-20178009724-2017-chablis-mont-de-milieu-1er-cru-jean-paul-and-benoit-droin-burgundy","1067071","20178009724"
"Jean-Paul & Benoit Droin","2020","Chablis, Mont de Milieu, 1er Cru, Jean-Paul &amp; Benoit Droin, Burgundy","230","Case of 6 Bottles","https://www.bbr.com/products-20208009724-2020-chablis-mont-de-milieu-1er-cru-jean-paul-and-benoit-droin-burgundy","1067071","20208009724"
"Jean-Paul & Benoit Droin","2021","Chablis, Mont de Milieu, 1er Cru, Jean-Paul &amp; Benoit Droin, Burgundy","300","Case of 6 Bottles","https://www.bbr.com/products-20218009724-2021-chablis-mont-de-milieu-1er-cru-jean-paul-and-benoit-droin-burgundy","1067071","20218009724"
"Jean-Paul & Benoit Droin","2023","Chablis, Mont de Milieu, 1er Cru, Jean-Paul &amp; Benoit Droin, Burgundy","272","Case of 6 Bottles","https://www.bbr.com/products-20238009724-2023-chablis-mont-de-milieu-1er-cru-jean-paul-and-benoit-droin-burgundy","1067071","20238009724"
"Lucien Le Moine","2019","Chablis, Mont de Milieu, 1er Cru, Lucien Le Moine, Burgundy","423","Case of 6 Bottles","https://www.bbr.com/products-20198160476-2019-chablis-mont-de-milieu-1er-cru-lucien-le-moine-burgundy","1994492","20198160476"
"Samuel Billaud","2016","Chablis, Mont de Milieu, 1er Cru, Samuel Billaud, Burgundy","350","Case of 12 Bottles","https://www.bbr.com/products-20168007573-2016-chablis-mont-de-milieu-1er-cru-samuel-billaud-burgundy","1426021","20168007573"
"Samuel Billaud","2019","Chablis, Mont de Milieu, 1er Cru, Samuel Billaud, Burgundy","450","Case of 12 Bottles","https://www.bbr.com/products-20198007573-2019-chablis-mont-de-milieu-1er-cru-samuel-billaud-burgundy","1426021","20198007573"
"Samuel Billaud","2020","Chablis, Mont de Milieu, 1er Cru, Samuel Billaud, Burgundy","470","Case of 12 Bottles","https://www.bbr.com/products-20208007573-2020-chablis-mont-de-milieu-1er-cru-samuel-billaud-burgundy","1426021","20208007573"
"Samuel Billaud","2021","Chablis, Mont de Milieu, 1er Cru, Samuel Billaud, Burgundy","450","Case of 12 Bottles","https://www.bbr.com/products-20218007573-2021-chablis-mont-de-milieu-1er-cru-samuel-billaud-burgundy","1426021","20218007573"
"Domaine Pinson","2012","Chablis, Mont-de-Milieu, 1er Cru, Domaine Pinson Freres, Burgundy","210","Case of 6 Bottles","https://www.bbr.com/products-20128009551-2012-chablis-mont-de-milieu-1er-cru-domaine-pinson-freres-burgundy","1124552","20128009551"
"Domaine Pinson","2018","Chablis, Mont-de-Milieu, 1er Cru, Domaine Pinson Freres, Burgundy","299","Case of 12 Bottles","https://www.bbr.com/products-20188009551-2018-chablis-mont-de-milieu-1er-cru-domaine-pinson-freres-burgundy","1124552","20188009551"
"Domaine Pinson","2019","Chablis, Mont-de-Milieu, 1er Cru, Domaine Pinson Freres, Burgundy","390","Case of 12 Bottles","https://www.bbr.com/products-20198009551-2019-chablis-mont-de-milieu-1er-cru-domaine-pinson-freres-burgundy","1124552","20198009551"
"Domaine Pinson","2020","Chablis, Mont-de-Milieu, 1er Cru, Domaine Pinson Freres, Burgundy","680","Case of 12 Bottles","https://www.bbr.com/products-20208009551-2020-chablis-mont-de-milieu-1er-cru-domaine-pinson-freres-burgundy","1124552","20208009551"
"Domaine Pinson","2021","Chablis, Mont-de-Milieu, 1er Cru, Domaine Pinson Freres, Burgundy","210","Case of 6 Bottles","https://www.bbr.com/products-20218009551-2021-chablis-mont-de-milieu-1er-cru-domaine-pinson-freres-burgundy","1124552","20218009551"
"Domaine Pinson","2022","Chablis, Mont-de-Milieu, 1er Cru, Domaine Pinson Freres, Burgundy","190","Case of 6 Bottles","https://www.bbr.com/products-20228009551-2022-chablis-mont-de-milieu-1er-cru-domaine-pinson-freres-burgundy","1124552","20228009551"
"Domaine Pinson","2023","Chablis, Mont-de-Milieu, 1er Cru, Domaine Pinson Freres, Burgundy","244","Case of 6 Bottles","https://www.bbr.com/products-20238009551-2023-chablis-mont-de-milieu-1er-cru-domaine-pinson-freres-burgundy","1124552","20238009551"
"Domaine Pinson","2019","Chablis, Montmain, 1er Cru, Domaine Pinson Freres, Burgundy","480","Case of 12 Bottles","https://www.bbr.com/products-20198020617-2019-chablis-montmain-1er-cru-domaine-pinson-freres-burgundy","1078129","20198020617"
"Domaine Pinson","2020","Chablis, Montmain, 1er Cru, Domaine Pinson Freres, Burgundy","350","Case of 12 Bottles","https://www.bbr.com/products-20208020617-2020-chablis-montmain-1er-cru-domaine-pinson-freres-burgundy","1078129","20208020617"
"Domaine Pinson","2022","Chablis, Montmain, 1er Cru, Domaine Pinson Freres, Burgundy","580","Case of 12 Bottles","https://www.bbr.com/products-20228020617-2022-chablis-montmain-1er-cru-domaine-pinson-freres-burgundy","1078129","20228020617"
"Domaine Besson","2021","Chablis, Montmains, 1er Cru, Domaine Besson, Burgundy","234","Case of 6 Bottles","https://www.bbr.com/products-20218156617-2021-chablis-montmains-1er-cru-domaine-besson-burgundy","1378766","20218156617"
"Domaine Gerard Duplessis","2019","Chablis, Montmains, 1er Cru, Domaine Gerard Duplessis, Burgundy","225","Case of 6 Bottles","https://www.bbr.com/products-20198008873-2019-chablis-montmains-1er-cru-domaine-gerard-duplessis-burgundy","1067693","20198008873"
"Domaine William Fevre","2023","Chablis, Montmains, 1er Cru, Domaine William Fevre, Burgundy","425","Case of 6 Bottles","https://www.bbr.com/products-20238018562-2023-chablis-montmains-1er-cru-domaine-william-fevre-burgundy","1068267","20238018562"
"Domaine des Malandes","2020","Chablis, Montmains, 1er Cru, Domaine des Malandes, Burgundy","329","Case of 12 Bottles","https://www.bbr.com/products-20208171595-2020-chablis-montmains-1er-cru-domaine-des-malandes-burgundy","1515123","20208171595"
"Jean-Claude Bessin","2017","Chablis, Montmains, 1er Cru, Jean-Claude Bessin, Burgundy","245","Case of 6 Bottles","https://www.bbr.com/products-20171181939-2017-chablis-montmains-1er-cru-jean-claude-bessin-burgundy","1181939","20171181939"
"Jean-Claude Bessin","2019","Chablis, Montmains, 1er Cru, Jean-Claude Bessin, Burgundy","200","Case of 6 Bottles","https://www.bbr.com/products-20191181939-2019-chablis-montmains-1er-cru-jean-claude-bessin-burgundy","1181939","20191181939"
"Lucien Le Moine","2016","Chablis, Montmains, 1er Cru, Lucien Le Moine, Burgundy","423","Case of 6 Bottles","https://www.bbr.com/products-20168222750-2016-chablis-montmains-1er-cru-lucien-le-moine-burgundy","1585001","20168222750"
"Domaine Raveneau","2021","Chablis, Montee de Tonnerre, 1er Cru, Domaine Francois Raveneau,Burgundy","1900","Case of 6 Bottles","https://www.bbr.com/products-20218012209-2021-chablis-montee-de-tonnerre-1er-cru-domaine-francois-raveneau-burgundy","1079243","20218012209"
"Domaine Gerard Duplessis","2017","Chablis, Montee de Tonnerre, 1er Cru, Domaine Gerard Duplessis, Burgundy","250","Case of 6 Bottles","https://www.bbr.com/products-20178007296-2017-chablis-montee-de-tonnerre-1er-cru-domaine-gerard-duplessis-burgundy","1067680","20178007296"
"Domaine Gerard Duplessis","2019","Chablis, Montee de Tonnerre, 1er Cru, Domaine Gerard Duplessis, Burgundy","300","Case of 6 Bottles","https://www.bbr.com/products-20198007296-2019-chablis-montee-de-tonnerre-1er-cru-domaine-gerard-duplessis-burgundy","1067680","20198007296"
"Domaine Gerard Duplessis","2020","Chablis, Montee de Tonnerre, 1er Cru, Domaine Gerard Duplessis, Burgundy","390","Case of 6 Bottles","https://www.bbr.com/products-20208007296-2020-chablis-montee-de-tonnerre-1er-cru-domaine-gerard-duplessis-burgundy","1067680","20208007296"
"Domaine Servin","2018","Chablis, Montee de Tonnerre, 1er Cru, Domaine Servin, Burgundy","200","Case of 6 Bottles","https://www.bbr.com/products-20188182252-2018-chablis-montee-de-tonnerre-1er-cru-domaine-servin-burgundy","1234680","20188182252"
"Domaine William Fevre","2023","Chablis, Montee de Tonnerre, 1er Cru, Domaine William Fevre, Burgundy","360","Case of 6 Bottles","https://www.bbr.com/products-20238013916-2023-chablis-montee-de-tonnerre-1er-cru-domaine-william-fevre-burgundy","1068254","20238013916"
"Jean-Paul & Benoit Droin","2016","Chablis, Montee de Tonnerre, 1er Cru, Jean-Paul & Benoit Droin, Burgundy","275","Case of 6 Bottles","https://www.bbr.com/products-20168009740-2016-chablis-montee-de-tonnerre-1er-cru-jean-paul-benoit-droin-burgundy","1067084","20168009740"
"Jean-Paul & Benoit Droin","2012","Chablis, Montee de Tonnerre, 1er Cru, Jean-Paul &amp; Benoit Droin, Burgundy","260","Case of 6 Bottles","https://www.bbr.com/products-20128009740-2012-chablis-montee-de-tonnerre-1er-cru-jean-paul-and-benoit-droin-burgundy","1067084","20128009740"
"Jean-Paul & Benoit Droin","2017","Chablis, Montee de Tonnerre, 1er Cru, Jean-Paul &amp; Benoit Droin, Burgundy","400","Case of 6 Bottles","https://www.bbr.com/products-20178009740-2017-chablis-montee-de-tonnerre-1er-cru-jean-paul-and-benoit-droin-burgundy","1067084","20178009740"
"Jean-Paul & Benoit Droin","2019","Chablis, Montee de Tonnerre, 1er Cru, Jean-Paul &amp; Benoit Droin, Burgundy","235","Case of 6 Bottles","https://www.bbr.com/products-20198009740-2019-chablis-montee-de-tonnerre-1er-cru-jean-paul-and-benoit-droin-burgundy","1067084","20198009740"
"Jean-Paul & Benoit Droin","2019","Chablis, Montee de Tonnerre, 1er Cru, Jean-Paul &amp; Benoit Droin, Burgundy","245","Case of 6 Bottles","https://www.bbr.com/products-20198009740-2019-chablis-montee-de-tonnerre-1er-cru-jean-paul-and-benoit-droin-burgundy","1067084","20198009740"
"Jean-Paul & Benoit Droin","2021","Chablis, Montee de Tonnerre, 1er Cru, Jean-Paul &amp; Benoit Droin, Burgundy","275","Case of 3 Magnums","https://www.bbr.com/products-20218009740-2021-chablis-montee-de-tonnerre-1er-cru-jean-paul-and-benoit-droin-burgundy","1067084","20218009740"
"Jean-Paul & Benoit Droin","2022","Chablis, Montee de Tonnerre, 1er Cru, Jean-Paul &amp; Benoit Droin, Burgundy","344","Case of 3 Magnums","https://www.bbr.com/products-20228009740-2022-chablis-montee-de-tonnerre-1er-cru-jean-paul-and-benoit-droin-burgundy","1067084","20228009740"
"Jean-Paul & Benoit Droin","2023","Chablis, Montee de Tonnerre, 1er Cru, Jean-Paul &amp; Benoit Droin, Burgundy","330","Case of 3 Magnums","https://www.bbr.com/products-20238009740-2023-chablis-montee-de-tonnerre-1er-cru-jean-paul-and-benoit-droin-burgundy","1067084","20238009740"
"Domaine Louis Michel","2021","Chablis, Montee de Tonnerre, 1er Cru, Louis Michel & Fils, Burgundy","230","Case of 6 Bottles","https://www.bbr.com/products-20218011781-2021-chablis-montee-de-tonnerre-1er-cru-louis-michel-fils-burgundy","1075359","20218011781"
"Domaine Louis Michel","2018","Chablis, Montee de Tonnerre, 1er Cru, Louis Michel &amp; Fils, Burgundy","246","Case of 6 Bottles","https://www.bbr.com/products-20188011781-2018-chablis-montee-de-tonnerre-1er-cru-louis-michel-and-fils-burgundy","1075359","20188011781"
"Domaine Louis Michel","2022","Chablis, Montee de Tonnerre, 1er Cru, Louis Michel &amp; Fils, Burgundy","270","Case of 6 Bottles","https://www.bbr.com/products-20228011781-2022-chablis-montee-de-tonnerre-1er-cru-louis-michel-and-fils-burgundy","1075359","20228011781"
"Lucien Le Moine","2020","Chablis, Montee de Tonnerre, 1er Cru, Lucien Le Moine, Burgundy","580","Case of 6 Bottles","https://www.bbr.com/products-20208162122-2020-chablis-montee-de-tonnerre-1er-cru-lucien-le-moine-burgundy","2212616","20208162122"
"Samuel Billaud","2014","Chablis, Montee de Tonnerre, 1er Cru, Samuel Billaud, Burgundy","695","Case of 12 Bottles","https://www.bbr.com/products-20148025524-2014-chablis-montee-de-tonnerre-1er-cru-samuel-billaud-burgundy","1227194","20148025524"
"Samuel Billaud","2017","Chablis, Montee de Tonnerre, 1er Cru, Samuel Billaud, Burgundy","575","Case of 12 Bottles","https://www.bbr.com/products-20178025524-2017-chablis-montee-de-tonnerre-1er-cru-samuel-billaud-burgundy","1227194","20178025524"
"Samuel Billaud","2019","Chablis, Montee de Tonnerre, 1er Cru, Samuel Billaud, Burgundy","650","Case of 12 Bottles","https://www.bbr.com/products-20198025524-2019-chablis-montee-de-tonnerre-1er-cru-samuel-billaud-burgundy","1227194","20198025524"
"Samuel Billaud","2020","Chablis, Montee de Tonnerre, 1er Cru, Samuel Billaud, Burgundy","480","Case of 12 Bottles","https://www.bbr.com/products-20208025524-2020-chablis-montee-de-tonnerre-1er-cru-samuel-billaud-burgundy","1227194","20208025524"
"Samuel Billaud","2021","Chablis, Montee de Tonnerre, 1er Cru, Samuel Billaud, Burgundy","636","Case of 12 Bottles","https://www.bbr.com/products-20218025524-2021-chablis-montee-de-tonnerre-1er-cru-samuel-billaud-burgundy","1227194","20218025524"
"Samuel Billaud","2022","Chablis, Montee de Tonnerre, 1er Cru, Samuel Billaud, Burgundy","355","Case of 6 Bottles","https://www.bbr.com/products-20228025524-2022-chablis-montee-de-tonnerre-1er-cru-samuel-billaud-burgundy","1227194","20228025524"
"Lucien Le Moine","2017","Chablis, Preuses, Grand Cru, Lucien Le Moine, Burgundy","756","Case of 6 Bottles","https://www.bbr.com/products-20178056959-2017-chablis-preuses-grand-cru-lucien-le-moine-burgundy","1326914","20178056959"
"Lucien Le Moine","2018","Chablis, Preuses, Grand Cru, Lucien Le Moine, Burgundy","870","Case of 6 Bottles","https://www.bbr.com/products-20188056959-2018-chablis-preuses-grand-cru-lucien-le-moine-burgundy","1326914","20188056959"
"Samuel Billaud","2022","Chablis, Samuel Billaud, Burgundy","160","Case of 6 Bottles","https://www.bbr.com/products-20228007557-2022-chablis-samuel-billaud-burgundy","1060593","20228007557"
"Samuel Billaud","2023","Chablis, Samuel Billaud, Burgundy","170","Case of 6 Bottles","https://www.bbr.com/products-20238007557-2023-chablis-samuel-billaud-burgundy","1060593","20238007557"
"Samuel Billaud","2024","Chablis, Samuel Billaud, Burgundy","180","Case of 6 Bottles","https://www.bbr.com/products-20248007557-2024-chablis-samuel-billaud-burgundy","1060593","20248007557"
"Vincent Dauvissat","2021","Chablis, Sechet, 1er Cru, Vincent Dauvissat, Burgundy","1400","Case of 6 Bottles","https://www.bbr.com/products-20218119591-2021-chablis-sechet-1er-cru-vincent-dauvissat-burgundy","1066595","20218119591"
"Vincent Dauvissat","2022","Chablis, Sechet, 1er Cru, Vincent Dauvissat, Burgundy","720","Case of 6 Bottles","https://www.bbr.com/products-20228119591-2022-chablis-sechet-1er-cru-vincent-dauvissat-burgundy","1066595","20228119591"
"Vincent Dauvissat","2023","Chablis, Sechet, 1er Cru, Vincent Dauvissat, Burgundy","490","Case of 6 Bottles","https://www.bbr.com/products-20238119591-2023-chablis-sechet-1er-cru-vincent-dauvissat-burgundy","1066595","20238119591"
"Samuel Billaud","2020","Chablis, Sechet, Vieilles Vignes, 1er Cru, Samuel Billaud, Burgundy","475","Case of 12 Bottles","https://www.bbr.com/products-20208025537-2020-chablis-sechet-vieilles-vignes-1er-cru-samuel-billaud-burgundy","1510870","20208025537"
"Samuel Billaud","2023","Chablis, Sechet, Vieilles Vignes, 1er Cru, Samuel Billaud, Burgundy","345","Case of 6 Bottles","https://www.bbr.com/products-20238025537-2023-chablis-sechet-vieilles-vignes-1er-cru-samuel-billaud-burgundy","1510870","20238025537"
"Le Domaine d'Henri","2017","Chablis, Troesmes, 1er Cru, Le Domaine d'Henri","140","Case of 6 Bottles","https://www.bbr.com/products-20178026707-2017-chablis-troesmes-1er-cru-le-domaine-d-henri","1807701","20178026707"
"Domaine Gerard Duplessis","2017","Chablis, Vaillons, 1er Cru, Domaine Gerard Duplessis, Burgundy","350","Case of 12 Bottles","https://www.bbr.com/products-20178011228-2017-chablis-vaillons-1er-cru-domaine-gerard-duplessis-burgundy","1067707","20178011228"
"Domaine Gerard Duplessis","2018","Chablis, Vaillons, 1er Cru, Domaine Gerard Duplessis, Burgundy","165","Case of 6 Bottles","https://www.bbr.com/products-20188011228-2018-chablis-vaillons-1er-cru-domaine-gerard-duplessis-burgundy","1067707","20188011228"
"Domaine Gerard Duplessis","2019","Chablis, Vaillons, 1er Cru, Domaine Gerard Duplessis, Burgundy","300","Case of 6 Bottles","https://www.bbr.com/products-20198011228-2019-chablis-vaillons-1er-cru-domaine-gerard-duplessis-burgundy","1067707","20198011228"
"Domaine William Fevre","2017","Chablis, Vaillons, 1er Cru, Domaine William Fevre, Burgundy","270","Case of 6 Bottles","https://www.bbr.com/products-20178009652-2017-chablis-vaillons-1er-cru-domaine-william-fevre-burgundy","1068283","20178009652"
"Domaine William Fevre","2020","Chablis, Vaillons, 1er Cru, Domaine William Fevre, Burgundy","660","Case of 6 Bottles","https://www.bbr.com/products-20208009652-2020-chablis-vaillons-1er-cru-domaine-william-fevre-burgundy","1068283","20208009652"
"Jean-Claude Bessin","2020","Chablis, Valmur, Grand Cru, Bessin-Tremblay, Burgundy","305","Case of 6 Bottles","https://www.bbr.com/products-20201138281-2020-chablis-valmur-grand-cru-bessin-tremblay-burgundy","1138281","20201138281"
"Jean-Claude Bessin","2021","Chablis, Valmur, Grand Cru, Bessin-Tremblay, Burgundy","336","Case of 6 Bottles","https://www.bbr.com/products-20211138281-2021-chablis-valmur-grand-cru-bessin-tremblay-burgundy","1138281","20211138281"
"Jean-Claude Bessin","2023","Chablis, Valmur, Grand Cru, Bessin-Tremblay, Burgundy","390","Case of 6 Bottles","https://www.bbr.com/products-20231138281-2023-chablis-valmur-grand-cru-bessin-tremblay-burgundy","1138281","20231138281"
"Domaine Raveneau","2017","Chablis, Valmur, Grand Cru, Domaine Francois Raveneau, Burgundy","1080","Case of 1 Bottles","https://www.bbr.com/products-20178119214-2017-chablis-valmur-grand-cru-domaine-francois-raveneau-burgundy","1079285","20178119214"
"Domaine Moreau-Naudet","2008","Chablis, Valmur, Grand Cru, Domaine Moreau-Naudet, Burgundy","700","Case of 12 Bottles","https://www.bbr.com/products-20088044787-2008-chablis-valmur-grand-cru-domaine-moreau-naudet-burgundy","1076239","20088044787"
"Domaine William Fevre","2019","Chablis, Valmur, Grand Cru, Domaine William Fevre, Burgundy","480","Case of 6 Bottles","https://www.bbr.com/products-20198018546-2019-chablis-valmur-grand-cru-domaine-william-fevre-burgundy","1068296","20198018546"
"Jean-Claude Bessin","2017","Chablis, Valmur, Grand Cru, Jean-Claude Bessin, Burgundy","750","Case of 6 Bottles","https://www.bbr.com/products-20171138281-2017-chablis-valmur-grand-cru-jean-claude-bessin-burgundy","1138281","20171138281"
"Jean-Claude Bessin","2018","Chablis, Valmur, Grand Cru, Jean-Claude Bessin, Burgundy","260","Case of 6 Bottles","https://www.bbr.com/products-20181138281-2018-chablis-valmur-grand-cru-jean-claude-bessin-burgundy","1138281","20181138281"
"Jean-Claude Bessin","2019","Chablis, Valmur, Grand Cru, Jean-Claude Bessin, Burgundy","360","Case of 6 Bottles","https://www.bbr.com/products-20191138281-2019-chablis-valmur-grand-cru-jean-claude-bessin-burgundy","1138281","20191138281"
"Jean-Paul & Benoit Droin","2012","Chablis, Valmur, Grand Cru, Jean-Paul & Benoit Droin, Burgundy","555","Case of 6 Bottles","https://www.bbr.com/products-20128009766-2012-chablis-valmur-grand-cru-jean-paul-benoit-droin-burgundy","1067114","20128009766"
"Jean-Paul & Benoit Droin","2019","Chablis, Valmur, Grand Cru, Jean-Paul & Benoit Droin, Burgundy","475","Case of 6 Bottles","https://www.bbr.com/products-20198009766-2019-chablis-valmur-grand-cru-jean-paul-benoit-droin-burgundy","1067114","20198009766"
"Jean-Paul & Benoit Droin","2018","Chablis, Valmur, Grand Cru, Jean-Paul &amp; Benoit Droin, Burgundy","390","Case of 6 Bottles","https://www.bbr.com/products-20188009766-2018-chablis-valmur-grand-cru-jean-paul-and-benoit-droin-burgundy","1067114","20188009766"
"Jean-Paul & Benoit Droin","2020","Chablis, Valmur, Grand Cru, Jean-Paul &amp; Benoit Droin, Burgundy","420","Case of 6 Bottles","https://www.bbr.com/products-20208009766-2020-chablis-valmur-grand-cru-jean-paul-and-benoit-droin-burgundy","1067114","20208009766"
"Jean-Paul & Benoit Droin","2021","Chablis, Valmur, Grand Cru, Jean-Paul &amp; Benoit Droin, Burgundy","410","Case of 6 Bottles","https://www.bbr.com/products-20218009766-2021-chablis-valmur-grand-cru-jean-paul-and-benoit-droin-burgundy","1067114","20218009766"
"Roland Lavantureux","2021","Chablis, Vau de Vay, 1er Cru, Roland Lavantureux, Burgundy","175","Case of 6 Bottles","https://www.bbr.com/products-20218301280-2021-chablis-vau-de-vay-1er-cru-roland-lavantureux-burgundy","1585939","20218301280"
"Domaine Jeremy Arnaud","2020","Chablis, Vau de Vey, 1er Cru, Domaine Jeremy Arnaud, Burgundy","420","Case of 6 Bottles","https://www.bbr.com/products-20208150093-2020-chablis-vau-de-vey-1er-cru-domaine-jeremy-arnaud-burgundy","2101624","20208150093"
"Didier & Pascal Picq","2020","Chablis, Vaucoupin, 1er Cru, Didier &amp; Pascal Picq, Burgundy","170","Case of 6 Bottles","https://www.bbr.com/products-20201181942-2020-chablis-vaucoupin-1er-cru-didier-and-pascal-picq-burgundy","1181942","20201181942"
"Didier & Pascal Picq","2021","Chablis, Vaucoupin, 1er Cru, Didier &amp; Pascal Picq, Burgundy","350","Case of 3 Magnums","https://www.bbr.com/products-20211181942-2021-chablis-vaucoupin-1er-cru-didier-and-pascal-picq-burgundy","1181942","20211181942"
"Domaine William Fevre","2013","Chablis, Vaudesir, Grand Cru, Domaine William Fevre, Burgundy","440","Case of 6 Bottles","https://www.bbr.com/products-20138018517-2013-chablis-vaudesir-grand-cru-domaine-william-fevre-burgundy","1068313","20138018517"
"Domaine William Fevre","2014","Chablis, Vaudesir, Grand Cru, Domaine William Fevre, Burgundy","450","Case of 6 Bottles","https://www.bbr.com/products-20148018517-2014-chablis-vaudesir-grand-cru-domaine-william-fevre-burgundy","1068313","20148018517"
"Maison Joseph Drouhin","2018","Chablis, Vaudesir, Grand Cru, Drouhin-Vaudon, Joseph Drouhin, Burgundy","316","Case of 6 Bottles","https://www.bbr.com/products-20188054492-2018-chablis-vaudesir-grand-cru-drouhin-vaudon-joseph-drouhin-burgundy","1313934","20188054492"
"Maison Joseph Drouhin","2020","Chablis, Vaudesir, Grand Cru, Drouhin-Vaudon, Joseph Drouhin, Burgundy","338","Case of 6 Bottles","https://www.bbr.com/products-20208054492-2020-chablis-vaudesir-grand-cru-drouhin-vaudon-joseph-drouhin-burgundy","1313934","20208054492"
"Jean-Paul & Benoit Droin","2018","Chablis, Vaudesir, Grand Cru, Jean-Paul & Benoit Droin, Burgundy","350","Case of 6 Bottles","https://www.bbr.com/products-20181067130-2018-chablis-vaudesir-grand-cru-jean-paul-benoit-droin-burgundy","1067130","20181067130"
"Jean-Paul & Benoit Droin","2019","Chablis, Vaudesir, Grand Cru, Jean-Paul & Benoit Droin, Burgundy","300","Case of 6 Bottles","https://www.bbr.com/products-20191067130-2019-chablis-vaudesir-grand-cru-jean-paul-benoit-droin-burgundy","1067130","20191067130"
"Jean-Paul & Benoit Droin","2017","Chablis, Vaudesir, Grand Cru, Jean-Paul &amp; Benoit Droin, Burgundy","540","Case of 6 Bottles","https://www.bbr.com/products-20171067130-2017-chablis-vaudesir-grand-cru-jean-paul-and-benoit-droin-burgundy","1067130","20171067130"
"Jean-Paul & Benoit Droin","2020","Chablis, Vaudesir, Grand Cru, Jean-Paul &amp; Benoit Droin, Burgundy","345","Case of 6 Bottles","https://www.bbr.com/products-20201067130-2020-chablis-vaudesir-grand-cru-jean-paul-and-benoit-droin-burgundy","1067130","20201067130"
"Jean-Paul & Benoit Droin","2021","Chablis, Vaudesir, Grand Cru, Jean-Paul &amp; Benoit Droin, Burgundy","375","Case of 6 Bottles","https://www.bbr.com/products-20211067130-2021-chablis-vaudesir-grand-cru-jean-paul-and-benoit-droin-burgundy","1067130","20211067130"
"Jean-Paul & Benoit Droin","2022","Chablis, Vaudesir, Grand Cru, Jean-Paul &amp; Benoit Droin, Burgundy","310","Case of 6 Bottles","https://www.bbr.com/products-20221067130-2022-chablis-vaudesir-grand-cru-jean-paul-and-benoit-droin-burgundy","1067130","20221067130"
"Domaine Louis Michel","2014","Chablis, Vaudesir, Grand Cru, Louis Michel & Fils, Burgundy","600","Case of 6 Bottles","https://www.bbr.com/products-20148009085-2014-chablis-vaudesir-grand-cru-louis-michel-fils-burgundy","1075388","20148009085"
"Domaine Louis Michel","2016","Chablis, Vaudesir, Grand Cru, Louis Michel &amp; Fils, Burgundy","380","Case of 6 Bottles","https://www.bbr.com/products-20168009085-2016-chablis-vaudesir-grand-cru-louis-michel-and-fils-burgundy","1075388","20168009085"
"Domaine Louis Michel","2019","Chablis, Vaudesir, Grand Cru, Louis Michel &amp; Fils, Burgundy","350","Case of 6 Bottles","https://www.bbr.com/products-20198009085-2019-chablis-vaudesir-grand-cru-louis-michel-and-fils-burgundy","1075388","20198009085"
"Domaine Louis Michel","2021","Chablis, Vaudesir, Grand Cru, Louis Michel &amp; Fils, Burgundy","380","Case of 6 Bottles","https://www.bbr.com/products-20218009085-2021-chablis-vaudesir-grand-cru-louis-michel-and-fils-burgundy","1075388","20218009085"
"Domaine Louis Michel","2022","Chablis, Vaudesir, Grand Cru, Louis Michel &amp; Fils, Burgundy","650","Case of 6 Bottles","https://www.bbr.com/products-20228009085-2022-chablis-vaudesir-grand-cru-louis-michel-and-fils-burgundy","1075388","20228009085"
"Roland Lavantureux","2018","Chablis, Vaudesir, Grand Cru, Roland Lavantureux, Burgundy","390","Case of 6 Bottles","https://www.bbr.com/products-20188172882-2018-chablis-vaudesir-grand-cru-roland-lavantureux-burgundy","1217522","20188172882"
"Roland Lavantureux","2019","Chablis, Vaudesir, Grand Cru, Roland Lavantureux, Burgundy","900","Case of 6 Bottles","https://www.bbr.com/products-20198172882-2019-chablis-vaudesir-grand-cru-roland-lavantureux-burgundy","1217522","20198172882"
"Samuel Billaud","2017","Chablis, Vaudesir, Grand Cru, Samuel Billaud, Burgundy","499","Case of 6 Bottles","https://www.bbr.com/products-20178007603-2017-chablis-vaudesir-grand-cru-samuel-billaud-burgundy","1373426","20178007603"
"Samuel Billaud","2019","Chablis, Vaudesir, Grand Cru, Samuel Billaud, Burgundy","460","Case of 6 Bottles","https://www.bbr.com/products-20198007603-2019-chablis-vaudesir-grand-cru-samuel-billaud-burgundy","1373426","20198007603"
"Samuel Billaud","2020","Chablis, Vaudesir, Grand Cru, Samuel Billaud, Burgundy","560","Case of 6 Bottles","https://www.bbr.com/products-20208007603-2020-chablis-vaudesir-grand-cru-samuel-billaud-burgundy","1373426","20208007603"
"Samuel Billaud","2021","Chablis, Vaudesir, Grand Cru, Samuel Billaud, Burgundy","560","Case of 6 Bottles","https://www.bbr.com/products-20218007603-2021-chablis-vaudesir-grand-cru-samuel-billaud-burgundy","1373426","20218007603"
"Domaine William Fevre","2014","Chablis, Vaulorent, 1er Cru, Domaine William Fevre, Burgundy","399","Case of 6 Bottles","https://www.bbr.com/products-20148018575-2014-chablis-vaulorent-1er-cru-domaine-william-fevre-burgundy","1148967","20148018575"
"Domaine William Fevre","2016","Chablis, Vaulorent, 1er Cru, Domaine William Fevre, Burgundy","420","Case of 6 Bottles","https://www.bbr.com/products-20168018575-2016-chablis-vaulorent-1er-cru-domaine-william-fevre-burgundy","1148967","20168018575"
"Domaine William Fevre","2018","Chablis, Vaulorent, 1er Cru, Domaine William Fevre, Burgundy","400","Case of 6 Bottles","https://www.bbr.com/products-20188018575-2018-chablis-vaulorent-1er-cru-domaine-william-fevre-burgundy","1148967","20188018575"
"Domaine William Fevre","2019","Chablis, Vaulorent, 1er Cru, Domaine William Fevre, Burgundy","275","Case of 6 Bottles","https://www.bbr.com/products-20198018575-2019-chablis-vaulorent-1er-cru-domaine-william-fevre-burgundy","1148967","20198018575"
"Jean-Paul & Benoit Droin","2019","Chablis, Vaulorent, 1er Cru, Jean-Paul & Benoit Droin, Burgundy","300","Case of 6 Bottles","https://www.bbr.com/products-20191333501-2019-chablis-vaulorent-1er-cru-jean-paul-benoit-droin-burgundy","1333501","20191333501"
"Jean-Paul & Benoit Droin","2021","Chablis, Vaulorent, 1er Cru, Jean-Paul &amp; Benoit Droin, Burgundy","300","Case of 6 Bottles","https://www.bbr.com/products-20211333501-2021-chablis-vaulorent-1er-cru-jean-paul-and-benoit-droin-burgundy","1333501","20211333501"
"Le Domaine d'Henri","2020","Chablis, Vaulorent, 1er Cru, Le Domaine d'Henri, Burgundy","330","Case of 6 Bottles","https://www.bbr.com/products-20208148733-2020-chablis-vaulorent-1er-cru-le-domaine-d-henri-burgundy","8148733","20208148733"
"Samuel Billaud","2021","Chablis, Vaulorent, 1er Cru, Samuel Billaud, Burgundy","500","Case of 12 Bottles","https://www.bbr.com/products-20218174004-2021-chablis-vaulorent-1er-cru-samuel-billaud-burgundy","1484421","20218174004"
"Jean-Claude Bessin","2019","Chablis, Vieilles Vignes, Jean-Claude Bessin, Burgundy","330","Case of 12 Bottles","https://www.bbr.com/products-20191181971-2019-chablis-vieilles-vignes-jean-claude-bessin-burgundy","1181971","20191181971"
"Vincent Dauvissat","2016","Chablis, Vincent Dauvissat, Burgundy","580","Case of 6 Bottles","https://www.bbr.com/products-20168016395-2016-chablis-vincent-dauvissat-burgundy","1066540","20168016395"
"Vincent Dauvissat","2017","Chablis, Vincent Dauvissat, Burgundy","440","Case of 6 Bottles","https://www.bbr.com/products-20178016395-2017-chablis-vincent-dauvissat-burgundy","1066540","20178016395"
"Vincent Dauvissat","2021","Chablis, Vincent Dauvissat, Burgundy","675","Case of 6 Bottles","https://www.bbr.com/products-20218016395-2021-chablis-vincent-dauvissat-burgundy","1066540","20218016395"
"Vincent Dauvissat","2023","Chablis, Vincent Dauvissat, Burgundy","380","Case of 6 Bottles","https://www.bbr.com/products-20238016395-2023-chablis-vincent-dauvissat-burgundy","1066540","20238016395"
"Didier & Pascal Picq","2014","Chablis, Vosgros, 1er Cru, Didier & Pascal Picq, Burgundy","320","Case of 12 Bottles","https://www.bbr.com/products-20148014102-2014-chablis-vosgros-1er-cru-didier-pascal-picq-burgundy","1181997","20148014102"
"Didier & Pascal Picq","2020","Chablis, Vosgros, 1er Cru, Didier & Pascal Picq, Burgundy","170","Case of 6 Bottles","https://www.bbr.com/products-20208014102-2020-chablis-vosgros-1er-cru-didier-pascal-picq-burgundy","1181997","20208014102"
"Didier & Pascal Picq","2021","Chablis, Vosgros, 1er Cru, Didier & Pascal Picq, Burgundy","199","Case of 6 Bottles","https://www.bbr.com/products-20218014102-2021-chablis-vosgros-1er-cru-didier-pascal-picq-burgundy","1181997","20218014102"
"Didier & Pascal Picq","2019","Chablis, Vosgros, 1er Cru, Didier &amp; Pascal Picq, Burgundy","180","Case of 6 Bottles","https://www.bbr.com/products-20198014102-2019-chablis-vosgros-1er-cru-didier-and-pascal-picq-burgundy","1181997","20198014102"
"Didier & Pascal Picq","2022","Chablis, Vosgros, 1er Cru, Didier &amp; Pascal Picq, Burgundy","170","Case of 6 Bottles","https://www.bbr.com/products-20228014102-2022-chablis-vosgros-1er-cru-didier-and-pascal-picq-burgundy","1181997","20228014102"
"Chacra","2022","Chacra, 32, Treinta y Dos, Pinot Noir, Patagonia, Argentina","520","Case of 6 Bottles","https://www.bbr.com/products-20228230429-2022-chacra-32-treinta-y-dos-pinot-noir-patagonia-argentina","1208579","20228230429"
"Chacra","2023","Chacra, 32, Treinta y Dos, Pinot Noir, Patagonia, Argentina","500","Case of 6 Bottles","https://www.bbr.com/products-20238230429-2023-chacra-32-treinta-y-dos-pinot-noir-patagonia-argentina","1208579","20238230429"
"Chacra","2022","Chacra, 55, Cincuenta y Cinco, Pinot Noir, Patagonia, Argentina","185","Case of 1 Magnums","https://www.bbr.com/products-20228209414-2022-chacra-55-cincuenta-y-cinco-pinot-noir-patagonia-argentina","1208566","20228209414"
"Chacra","2023","Chacra, 55, Cincuenta y Cinco, Pinot Noir, Patagonia, Argentina","250","Case of 6 Bottles","https://www.bbr.com/products-20238209414-2023-chacra-55-cincuenta-y-cinco-pinot-noir-patagonia-argentina","1208566","20238209414"
"Chacra","2023","Chacra, Chardonnay, Patagonia, Argentina","490","Case of 6 Bottles","https://www.bbr.com/products-20238110585-2023-chacra-chardonnay-patagonia-argentina","1841725","20238110585"
"Chacra","2024","Chacra, Chardonnay, Patagonia, Argentina","450","Case of 6 Bottles","https://www.bbr.com/products-20248110585-2024-chacra-chardonnay-patagonia-argentina","1841725","20248110585"
"Chacra","2023","Chacra, Mainque, Chardonnay, Patagonia, Argentina","294","Case of 6 Bottles","https://www.bbr.com/products-20238067847-2023-chacra-mainque-chardonnay-patagonia-argentina","1766020","20238067847"
"Chacra","2024","Chacra, Mainque, Chardonnay, Patagonia, Argentina","260","Case of 6 Bottles","https://www.bbr.com/products-20248067847-2024-chacra-mainque-chardonnay-patagonia-argentina","1766020","20248067847"
"Bouchard Pere & Fils","2009","Chambertin, Clos de Beze, Grand Cru, Bouchard Pere &amp; Fils, Burgundy","1785","Case of 6 Bottles","https://www.bbr.com/products-20091021620-2009-chambertin-clos-de-beze-grand-cru-bouchard-pere-and-fils-burgundy","1021620","20091021620"
"Bouchard Pere & Fils","2010","Chambertin, Clos de Beze, Grand Cru, Bouchard Pere &amp; Fils, Burgundy","1695","Case of 6 Bottles","https://www.bbr.com/products-20101021620-2010-chambertin-clos-de-beze-grand-cru-bouchard-pere-and-fils-burgundy","1021620","20101021620"
"Bouchard Pere & Fils","2011","Chambertin, Clos de Beze, Grand Cru, Bouchard Pere &amp; Fils, Burgundy","2400","Case of 6 Bottles","https://www.bbr.com/products-20111021620-2011-chambertin-clos-de-beze-grand-cru-bouchard-pere-and-fils-burgundy","1021620","20111021620"
"Bouchard Pere & Fils","2013","Chambertin, Clos de Beze, Grand Cru, Bouchard Pere &amp; Fils, Burgundy","1288","Case of 3 Magnums","https://www.bbr.com/products-20131021620-2013-chambertin-clos-de-beze-grand-cru-bouchard-pere-and-fils-burgundy","1021620","20131021620"
"Bouchard Pere & Fils","2015","Chambertin, Clos de Beze, Grand Cru, Bouchard Pere &amp; Fils, Burgundy","1450","Case of 6 Bottles","https://www.bbr.com/products-20151021620-2015-chambertin-clos-de-beze-grand-cru-bouchard-pere-and-fils-burgundy","1021620","20151021620"
"Bouchard Pere & Fils","2017","Chambertin, Clos de Beze, Grand Cru, Bouchard Pere &amp; Fils, Burgundy","880","Case of 3 Bottles","https://www.bbr.com/products-20171021620-2017-chambertin-clos-de-beze-grand-cru-bouchard-pere-and-fils-burgundy","1021620","20171021620"
"Bouchard Pere & Fils","2018","Chambertin, Clos de Beze, Grand Cru, Bouchard Pere &amp; Fils, Burgundy","770","Case of 3 Bottles","https://www.bbr.com/products-20181021620-2018-chambertin-clos-de-beze-grand-cru-bouchard-pere-and-fils-burgundy","1021620","20181021620"
"Bouchard Pere & Fils","2022","Chambertin, Clos de Beze, Grand Cru, Bouchard Pere &amp; Fils, Burgundy","950","Case of 3 Bottles","https://www.bbr.com/products-20221021620-2022-chambertin-clos-de-beze-grand-cru-bouchard-pere-and-fils-burgundy","1021620","20221021620"
"Domaine Jean-Luc & Eric Burguet","2010","Chambertin, Clos de Beze, Grand Cru, Domaine Alain Burguet, Burgundy","1278","Case of 6 Bottles","https://www.bbr.com/products-20108009232-2010-chambertin-clos-de-beze-grand-cru-domaine-alain-burguet-burgundy","1022988","20108009232"
"Domaine Jean-Luc & Eric Burguet","2010","Chambertin, Clos de Beze, Grand Cru, Domaine Alain Burguet, Burgundy","1200","Case of 6 Bottles","https://www.bbr.com/products-20108009232-2010-chambertin-clos-de-beze-grand-cru-domaine-alain-burguet-burgundy","1022988","20108009232"
"Domaine Jean-Luc & Eric Burguet","2012","Chambertin, Clos de Beze, Grand Cru, Domaine Alain Burguet, Burgundy","1120","Case of 6 Bottles","https://www.bbr.com/products-20128009232-2012-chambertin-clos-de-beze-grand-cru-domaine-alain-burguet-burgundy","1022988","20128009232"
"Domaine Jean-Luc & Eric Burguet","2013","Chambertin, Clos de Beze, Grand Cru, Domaine Alain Burguet, Burgundy","894","Case of 6 Bottles","https://www.bbr.com/products-20138009232-2013-chambertin-clos-de-beze-grand-cru-domaine-alain-burguet-burgundy","1022988","20138009232"
"Domaine Jean-Luc & Eric Burguet","2013","Chambertin, Clos de Beze, Grand Cru, Domaine Alain Burguet, Burgundy","898","Case of 6 Bottles","https://www.bbr.com/products-20138009232-2013-chambertin-clos-de-beze-grand-cru-domaine-alain-burguet-burgundy","1022988","20138009232"
"Domaine Jean-Luc & Eric Burguet","2014","Chambertin, Clos de Beze, Grand Cru, Domaine Alain Burguet, Burgundy","1125","Case of 6 Bottles","https://www.bbr.com/products-20148009232-2014-chambertin-clos-de-beze-grand-cru-domaine-alain-burguet-burgundy","1022988","20148009232"
"Domaine Jean-Luc & Eric Burguet","2014","Chambertin, Clos de Beze, Grand Cru, Domaine Alain Burguet, Burgundy","2740","Case of 12 Bottles","https://www.bbr.com/products-20148009232-2014-chambertin-clos-de-beze-grand-cru-domaine-alain-burguet-burgundy","1022988","20148009232"
"Domaine Jean-Luc & Eric Burguet","2014","Chambertin, Clos de Beze, Grand Cru, Domaine Alain Burguet, Burgundy","1370","Case of 6 Bottles","https://www.bbr.com/products-20148009232-2014-chambertin-clos-de-beze-grand-cru-domaine-alain-burguet-burgundy","1022988","20148009232"
"Domaine Jean-Luc & Eric Burguet","2015","Chambertin, Clos de Beze, Grand Cru, Domaine Alain Burguet, Burgundy","1278","Case of 6 Bottles","https://www.bbr.com/products-20158009232-2015-chambertin-clos-de-beze-grand-cru-domaine-alain-burguet-burgundy","1022988","20158009232"
"Domaine Armand Rousseau","2002","Chambertin, Clos de Beze, Grand Cru, Domaine Armand Rousseau, Burgundy","55000","Case of 12 Bottles","https://www.bbr.com/products-20021057018-2002-chambertin-clos-de-beze-grand-cru-domaine-armand-rousseau-burgundy","1057018","20021057018"
"Domaine Armand Rousseau","2011","Chambertin, Clos de Beze, Grand Cru, Domaine Armand Rousseau, Burgundy","24999","Case of 6 Bottles","https://www.bbr.com/products-20111057018-2011-chambertin-clos-de-beze-grand-cru-domaine-armand-rousseau-burgundy","1057018","20111057018"
"Domaine Armand Rousseau","2017","Chambertin, Clos de Beze, Grand Cru, Domaine Armand Rousseau, Burgundy","2500","Case of 1 Bottles","https://www.bbr.com/products-20171057018-2017-chambertin-clos-de-beze-grand-cru-domaine-armand-rousseau-burgundy","1057018","20171057018"
"Bruno Clair","2008","Chambertin, Clos de Beze, Grand Cru, Domaine Bruno Clair, Burgundy","3625","Case of 12 Bottles","https://www.bbr.com/products-20088029186-2008-chambertin-clos-de-beze-grand-cru-domaine-bruno-clair-burgundy","1025413","20088029186"
"Bruno Clair","2014","Chambertin, Clos de Beze, Grand Cru, Domaine Bruno Clair, Burgundy","1420","Case of 6 Bottles","https://www.bbr.com/products-20148029186-2014-chambertin-clos-de-beze-grand-cru-domaine-bruno-clair-burgundy","1025413","20148029186"
"Bruno Clair","2018","Chambertin, Clos de Beze, Grand Cru, Domaine Bruno Clair, Burgundy","1780","Case of 6 Bottles","https://www.bbr.com/products-20188029186-2018-chambertin-clos-de-beze-grand-cru-domaine-bruno-clair-burgundy","1025413","20188029186"
"Bruno Clair","2019","Chambertin, Clos de Beze, Grand Cru, Domaine Bruno Clair, Burgundy","1960","Case of 6 Bottles","https://www.bbr.com/products-20198029186-2019-chambertin-clos-de-beze-grand-cru-domaine-bruno-clair-burgundy","1025413","20198029186"
"Bruno Clair","2020","Chambertin, Clos de Beze, Grand Cru, Domaine Bruno Clair, Burgundy","1668","Case of 6 Bottles","https://www.bbr.com/products-20208029186-2020-chambertin-clos-de-beze-grand-cru-domaine-bruno-clair-burgundy","1025413","20208029186"
"Bruno Clair","2021","Chambertin, Clos de Beze, Grand Cru, Domaine Bruno Clair, Burgundy","2450","Case of 6 Bottles","https://www.bbr.com/products-20218029186-2021-chambertin-clos-de-beze-grand-cru-domaine-bruno-clair-burgundy","1025413","20218029186"
"Bruno Clair","2022","Chambertin, Clos de Beze, Grand Cru, Domaine Bruno Clair, Burgundy","2450","Case of 6 Bottles","https://www.bbr.com/products-20228029186-2022-chambertin-clos-de-beze-grand-cru-domaine-bruno-clair-burgundy","1025413","20228029186"
"Drouhin-Laroze","2002","Chambertin, Clos de Beze, Grand Cru, Domaine Drouhin-Laroze, Burgundy","2700","Case of 12 Bottles","https://www.bbr.com/products-20021029509-2002-chambertin-clos-de-beze-grand-cru-domaine-drouhin-laroze-burgundy","1029509","20021029509"
"Drouhin-Laroze","2008","Chambertin, Clos de Beze, Grand Cru, Domaine Drouhin-Laroze, Burgundy","2250","Case of 6 Magnums","https://www.bbr.com/products-20081029509-2008-chambertin-clos-de-beze-grand-cru-domaine-drouhin-laroze-burgundy","1029509","20081029509"
"Drouhin-Laroze","2009","Chambertin, Clos de Beze, Grand Cru, Domaine Drouhin-Laroze, Burgundy","2060","Case of 12 Bottles","https://www.bbr.com/products-20091029509-2009-chambertin-clos-de-beze-grand-cru-domaine-drouhin-laroze-burgundy","1029509","20091029509"
"Drouhin-Laroze","2010","Chambertin, Clos de Beze, Grand Cru, Domaine Drouhin-Laroze, Burgundy","1980","Case of 12 Bottles","https://www.bbr.com/products-20101029509-2010-chambertin-clos-de-beze-grand-cru-domaine-drouhin-laroze-burgundy","1029509","20101029509"
"Drouhin-Laroze","2015","Chambertin, Clos de Beze, Grand Cru, Domaine Drouhin-Laroze, Burgundy","1575","Case of 12 Bottles","https://www.bbr.com/products-20151029509-2015-chambertin-clos-de-beze-grand-cru-domaine-drouhin-laroze-burgundy","1029509","20151029509"
"Drouhin-Laroze","2016","Chambertin, Clos de Beze, Grand Cru, Domaine Drouhin-Laroze, Burgundy","895","Case of 6 Bottles","https://www.bbr.com/products-20161029509-2016-chambertin-clos-de-beze-grand-cru-domaine-drouhin-laroze-burgundy","1029509","20161029509"
"Drouhin-Laroze","2017","Chambertin, Clos de Beze, Grand Cru, Domaine Drouhin-Laroze, Burgundy","722","Case of 6 Bottles","https://www.bbr.com/products-20171029509-2017-chambertin-clos-de-beze-grand-cru-domaine-drouhin-laroze-burgundy","1029509","20171029509"
"Drouhin-Laroze","2018","Chambertin, Clos de Beze, Grand Cru, Domaine Drouhin-Laroze, Burgundy","733","Case of 6 Bottles","https://www.bbr.com/products-20181029509-2018-chambertin-clos-de-beze-grand-cru-domaine-drouhin-laroze-burgundy","1029509","20181029509"
"Drouhin-Laroze","2020","Chambertin, Clos de Beze, Grand Cru, Domaine Drouhin-Laroze, Burgundy","995","Case of 6 Bottles","https://www.bbr.com/products-20201029509-2020-chambertin-clos-de-beze-grand-cru-domaine-drouhin-laroze-burgundy","1029509","20201029509"
"Drouhin-Laroze","2021","Chambertin, Clos de Beze, Grand Cru, Domaine Drouhin-Laroze, Burgundy","625","Case of 3 Bottles","https://www.bbr.com/products-20211029509-2021-chambertin-clos-de-beze-grand-cru-domaine-drouhin-laroze-burgundy","1029509","20211029509"
"Domaine Joseph Faiveley","2011","Chambertin, Clos de Beze, Grand Cru, Domaine Faiveley, Burgundy","1360","Case of 6 Bottles","https://www.bbr.com/products-20118020923-2011-chambertin-clos-de-beze-grand-cru-domaine-faiveley-burgundy","1031250","20118020923"
"Domaine Joseph Faiveley","2012","Chambertin, Clos de Beze, Grand Cru, Domaine Faiveley, Burgundy","1200","Case of 6 Bottles","https://www.bbr.com/products-20128020923-2012-chambertin-clos-de-beze-grand-cru-domaine-faiveley-burgundy","1031250","20128020923"
"Domaine Joseph Faiveley","2013","Chambertin, Clos de Beze, Grand Cru, Domaine Faiveley, Burgundy","1100","Case of 6 Bottles","https://www.bbr.com/products-20138020923-2013-chambertin-clos-de-beze-grand-cru-domaine-faiveley-burgundy","1031250","20138020923"
"Domaine Joseph Faiveley","2013","Chambertin, Clos de Beze, Grand Cru, Domaine Faiveley, Burgundy","976","Case of 6 Bottles","https://www.bbr.com/products-20138020923-2013-chambertin-clos-de-beze-grand-cru-domaine-faiveley-burgundy","1031250","20138020923"
"Domaine Joseph Faiveley","2014","Chambertin, Clos de Beze, Grand Cru, Domaine Faiveley, Burgundy","1375","Case of 6 Bottles","https://www.bbr.com/products-20148020923-2014-chambertin-clos-de-beze-grand-cru-domaine-faiveley-burgundy","1031250","20148020923"
"Domaine Joseph Faiveley","2015","Chambertin, Clos de Beze, Grand Cru, Domaine Faiveley, Burgundy","2200","Case of 6 Bottles","https://www.bbr.com/products-20158020923-2015-chambertin-clos-de-beze-grand-cru-domaine-faiveley-burgundy","1031250","20158020923"
"Domaine Joseph Faiveley","2018","Chambertin, Clos de Beze, Grand Cru, Domaine Faiveley, Burgundy","1461","Case of 6 Bottles","https://www.bbr.com/products-20188020923-2018-chambertin-clos-de-beze-grand-cru-domaine-faiveley-burgundy","1031250","20188020923"
"Domaine Joseph Faiveley","2019","Chambertin, Clos de Beze, Grand Cru, Domaine Faiveley, Burgundy","1847","Case of 6 Bottles","https://www.bbr.com/products-20198020923-2019-chambertin-clos-de-beze-grand-cru-domaine-faiveley-burgundy","1031250","20198020923"
"Domaine Joseph Faiveley","2019","Chambertin, Clos de Beze, Grand Cru, Domaine Faiveley, Burgundy","780","Case of 3 Bottles","https://www.bbr.com/products-20198020923-2019-chambertin-clos-de-beze-grand-cru-domaine-faiveley-burgundy","1031250","20198020923"
"Domaine Joseph Faiveley","2020","Chambertin, Clos de Beze, Grand Cru, Domaine Faiveley, Burgundy","1015","Case of 3 Bottles","https://www.bbr.com/products-20208020923-2020-chambertin-clos-de-beze-grand-cru-domaine-faiveley-burgundy","1031250","20208020923"
"Domaine Henri Rebourseau","2019","Chambertin, Clos de Beze, Grand Cru, Domaine Henri Rebourseau, Burgundy","1350","Case of 3 Bottles","https://www.bbr.com/products-20198118985-2019-chambertin-clos-de-beze-grand-cru-domaine-henri-rebourseau-burgundy","1986244","20198118985"
"Domaine Henri Rebourseau","2021","Chambertin, Clos de Beze, Grand Cru, Domaine Henri Rebourseau, Burgundy","1088","Case of 3 Bottles","https://www.bbr.com/products-20218118985-2021-chambertin-clos-de-beze-grand-cru-domaine-henri-rebourseau-burgundy","1986244","20218118985"
"Louis Jadot","2009","Chambertin, Clos de Beze, Grand Cru, Domaine Louis Jadot, Burgundy","1590","Case of 6 Bottles","https://www.bbr.com/products-20098021975-2009-chambertin-clos-de-beze-grand-cru-domaine-louis-jadot-burgundy","1037917","20098021975"
"Louis Jadot","2010","Chambertin, Clos de Beze, Grand Cru, Domaine Louis Jadot, Burgundy","2350","Case of 6 Bottles","https://www.bbr.com/products-20108021975-2010-chambertin-clos-de-beze-grand-cru-domaine-louis-jadot-burgundy","1037917","20108021975"
"Louis Jadot","2011","Chambertin, Clos de Beze, Grand Cru, Domaine Louis Jadot, Burgundy","930","Case of 6 Bottles","https://www.bbr.com/products-20118021975-2011-chambertin-clos-de-beze-grand-cru-domaine-louis-jadot-burgundy","1037917","20118021975"
"Louis Jadot","2014","Chambertin, Clos de Beze, Grand Cru, Domaine Louis Jadot, Burgundy","980","Case of 6 Bottles","https://www.bbr.com/products-20148021975-2014-chambertin-clos-de-beze-grand-cru-domaine-louis-jadot-burgundy","1037917","20148021975"
"Louis Jadot","2016","Chambertin, Clos de Beze, Grand Cru, Domaine Louis Jadot, Burgundy","1482","Case of 6 Bottles","https://www.bbr.com/products-20168021975-2016-chambertin-clos-de-beze-grand-cru-domaine-louis-jadot-burgundy","1037917","20168021975"
"Louis Jadot","2016","Chambertin, Clos de Beze, Grand Cru, Domaine Louis Jadot, Burgundy","1250","Case of 3 Bottles","https://www.bbr.com/products-20168021975-2016-chambertin-clos-de-beze-grand-cru-domaine-louis-jadot-burgundy","1037917","20168021975"
"Louis Jadot","2018","Chambertin, Clos de Beze, Grand Cru, Domaine Louis Jadot, Burgundy","750","Case of 3 Bottles","https://www.bbr.com/products-20188021975-2018-chambertin-clos-de-beze-grand-cru-domaine-louis-jadot-burgundy","1037917","20188021975"
"Louis Jadot","2020","Chambertin, Clos de Beze, Grand Cru, Domaine Louis Jadot, Burgundy","1500","Case of 3 Bottles","https://www.bbr.com/products-20208021975-2020-chambertin-clos-de-beze-grand-cru-domaine-louis-jadot-burgundy","1037917","20208021975"
"Domaine Perrot-Minot","2014","Chambertin, Clos de Beze, Grand Cru, Domaine Perrot-Minot, Burgundy","3160","Case of 6 Bottles","https://www.bbr.com/products-20148120678-2014-chambertin-clos-de-beze-grand-cru-domaine-perrot-minot-burgundy","1050761","20148120678"
"Domaine Pierre Damoy","2014","Chambertin, Clos de Beze, Grand Cru, Domaine Pierre Damoy, Burgundy","1608","Case of 6 Bottles","https://www.bbr.com/products-20148219578-2014-chambertin-clos-de-beze-grand-cru-domaine-pierre-damoy-burgundy","1027710","20148219578"
"Domaine Pierre Damoy","2018","Chambertin, Clos de Beze, Grand Cru, Domaine Pierre Damoy, Burgundy","1500","Case of 3 Bottles","https://www.bbr.com/products-20188219578-2018-chambertin-clos-de-beze-grand-cru-domaine-pierre-damoy-burgundy","1027710","20188219578"
"Domaine Ponsot","2014","Chambertin, Clos de Beze, Grand Cru, Domaine Ponsot, Burgundy","1700","Case of 6 Bottles","https://www.bbr.com/products-20148113977-2014-chambertin-clos-de-beze-grand-cru-domaine-ponsot-burgundy","1150386","20148113977"
"Domaine du Prieure Roch","2010","Chambertin, Clos de Beze, Grand Cru, Domaine Prieure Roch, Burgundy","12000","Case of 6 Bottles","https://www.bbr.com/products-20108120320-2010-chambertin-clos-de-beze-grand-cru-domaine-prieure-roch-burgundy","1053384","20108120320"
"Domaine du Prieure Roch","2016","Chambertin, Clos de Beze, Grand Cru, Domaine Prieure Roch, Burgundy","4600","Case of 3 Bottles","https://www.bbr.com/products-20168120320-2016-chambertin-clos-de-beze-grand-cru-domaine-prieure-roch-burgundy","1053384","20168120320"
"Domaine du Prieure Roch","2021","Chambertin, Clos de Beze, Grand Cru, Domaine Prieure Roch, Burgundy","3300","Case of 3 Bottles","https://www.bbr.com/products-20218120320-2021-chambertin-clos-de-beze-grand-cru-domaine-prieure-roch-burgundy","1053384","20218120320"
"Domaine Robert Groffier","2012","Chambertin, Clos de Beze, Grand Cru, Domaine Robert Groffier Pere &amp; Fils, Burgundy","3000","Case of 6 Bottles","https://www.bbr.com/products-20128121848-2012-chambertin-clos-de-beze-grand-cru-domaine-robert-groffier-pere-and-fils-burgundy","1035900","20128121848"
"Maison Joseph Drouhin","2009","Chambertin, Clos de Beze, Grand Cru, Joseph Drouhin, Burgundy","1950","Case of 6 Bottles","https://www.bbr.com/products-20098018911-2009-chambertin-clos-de-beze-grand-cru-joseph-drouhin-burgundy","1028863","20098018911"
"Maison Joseph Drouhin","2011","Chambertin, Clos de Beze, Grand Cru, Joseph Drouhin, Burgundy","1365","Case of 6 Bottles","https://www.bbr.com/products-20118018911-2011-chambertin-clos-de-beze-grand-cru-joseph-drouhin-burgundy","1028863","20118018911"
"Maison Joseph Drouhin","2011","Chambertin, Clos de Beze, Grand Cru, Joseph Drouhin, Burgundy","1297","Case of 6 Bottles","https://www.bbr.com/products-20118018911-2011-chambertin-clos-de-beze-grand-cru-joseph-drouhin-burgundy","1028863","20118018911"
"Maison Joseph Drouhin","2012","Chambertin, Clos de Beze, Grand Cru, Joseph Drouhin, Burgundy","1675","Case of 6 Bottles","https://www.bbr.com/products-20128018911-2012-chambertin-clos-de-beze-grand-cru-joseph-drouhin-burgundy","1028863","20128018911"
"Maison Joseph Drouhin","2013","Chambertin, Clos de Beze, Grand Cru, Joseph Drouhin, Burgundy","1782","Case of 6 Bottles","https://www.bbr.com/products-20138018911-2013-chambertin-clos-de-beze-grand-cru-joseph-drouhin-burgundy","1028863","20138018911"
"Maison Joseph Drouhin","2013","Chambertin, Clos de Beze, Grand Cru, Joseph Drouhin, Burgundy","1795","Case of 6 Bottles","https://www.bbr.com/products-20138018911-2013-chambertin-clos-de-beze-grand-cru-joseph-drouhin-burgundy","1028863","20138018911"
"Maison Joseph Drouhin","2013","Chambertin, Clos de Beze, Grand Cru, Joseph Drouhin, Burgundy","972","Case of 6 Bottles","https://www.bbr.com/products-20138018911-2013-chambertin-clos-de-beze-grand-cru-joseph-drouhin-burgundy","1028863","20138018911"
"Maison Joseph Drouhin","2015","Chambertin, Clos de Beze, Grand Cru, Joseph Drouhin, Burgundy","2679","Case of 6 Bottles","https://www.bbr.com/products-20158018911-2015-chambertin-clos-de-beze-grand-cru-joseph-drouhin-burgundy","1028863","20158018911"
"Maison Joseph Drouhin","2016","Chambertin, Clos de Beze, Grand Cru, Joseph Drouhin, Burgundy","3990","Case of 12 Bottles","https://www.bbr.com/products-20168018911-2016-chambertin-clos-de-beze-grand-cru-joseph-drouhin-burgundy","1028863","20168018911"
"Maison Joseph Drouhin","2017","Chambertin, Clos de Beze, Grand Cru, Joseph Drouhin, Burgundy","1664","Case of 6 Bottles","https://www.bbr.com/products-20178018911-2017-chambertin-clos-de-beze-grand-cru-joseph-drouhin-burgundy","1028863","20178018911"
"Maison Joseph Drouhin","2018","Chambertin, Clos de Beze, Grand Cru, Joseph Drouhin, Burgundy","2000","Case of 6 Bottles","https://www.bbr.com/products-20188018911-2018-chambertin-clos-de-beze-grand-cru-joseph-drouhin-burgundy","1028863","20188018911"
"Maison Roche de Bellene","2014","Chambertin, Clos de Beze, Grand Cru, Maison Roche de Bellene, Burgundy","990","Case of 6 Bottles","https://www.bbr.com/products-20148007270-2014-chambertin-clos-de-beze-grand-cru-maison-roche-de-bellene-burgundy","1055375","20148007270"
"Maison Roche de Bellene","2021","Chambertin, Clos de Beze, Grand Cru, Maison Roche de Bellene, Burgundy","1980","Case of 3 Bottles","https://www.bbr.com/products-20218007270-2021-chambertin-clos-de-beze-grand-cru-maison-roche-de-bellene-burgundy","1055375","20218007270"
"Olivier Bernstein","2011","Chambertin, Clos de Beze, Grand Cru, Olivier Bernstein, Burgundy","1875","Case of 6 Bottles","https://www.bbr.com/products-20111019722-2011-chambertin-clos-de-beze-grand-cru-olivier-bernstein-burgundy","1019722","20111019722"
"Olivier Bernstein","2013","Chambertin, Clos de Beze, Grand Cru, Olivier Bernstein, Burgundy","2500","Case of 6 Bottles","https://www.bbr.com/products-20131019722-2013-chambertin-clos-de-beze-grand-cru-olivier-bernstein-burgundy","1019722","20131019722"
"Olivier Bernstein","2015","Chambertin, Clos de Beze, Grand Cru, Olivier Bernstein, Burgundy","1800","Case of 3 Bottles","https://www.bbr.com/products-20151019722-2015-chambertin-clos-de-beze-grand-cru-olivier-bernstein-burgundy","1019722","20151019722"
"Olivier Bernstein","2016","Chambertin, Clos de Beze, Grand Cru, Olivier Bernstein, Burgundy","1490","Case of 3 Bottles","https://www.bbr.com/products-20161019722-2016-chambertin-clos-de-beze-grand-cru-olivier-bernstein-burgundy","1019722","20161019722"
"Olivier Bernstein","2016","Chambertin, Clos de Beze, Grand Cru, Olivier Bernstein, Burgundy","1395","Case of 3 Bottles","https://www.bbr.com/products-20161019722-2016-chambertin-clos-de-beze-grand-cru-olivier-bernstein-burgundy","1019722","20161019722"
"Olivier Bernstein","2016","Chambertin, Clos de Beze, Grand Cru, Olivier Bernstein, Burgundy","995","Case of 1 Magnums","https://www.bbr.com/products-20161019722-2016-chambertin-clos-de-beze-grand-cru-olivier-bernstein-burgundy","1019722","20161019722"
"Olivier Bernstein","2017","Chambertin, Clos de Beze, Grand Cru, Olivier Bernstein, Burgundy","1450","Case of 3 Bottles","https://www.bbr.com/products-20171019722-2017-chambertin-clos-de-beze-grand-cru-olivier-bernstein-burgundy","1019722","20171019722"
"Olivier Bernstein","2017","Chambertin, Clos de Beze, Grand Cru, Olivier Bernstein, Burgundy","1490","Case of 3 Bottles","https://www.bbr.com/products-20171019722-2017-chambertin-clos-de-beze-grand-cru-olivier-bernstein-burgundy","1019722","20171019722"
"Olivier Bernstein","2023","Chambertin, Clos de Beze, Grand Cru, Olivier Bernstein, Burgundy","3990","Case of 3 Bottles","https://www.bbr.com/products-20231019722-2023-chambertin-clos-de-beze-grand-cru-olivier-bernstein-burgundy","1019722","20231019722"
"Pascal Lachaux","2007","Chambertin, Clos de Beze, Grand Cru, Pascal Lachaux, Burgundy","1800","Case of 6 Bottles","https://www.bbr.com/products-20078321437-2007-chambertin-clos-de-beze-grand-cru-pascal-lachaux-burgundy","1039793","20078321437"
"Remoissenet Pere et Fils","2015","Chambertin, Clos de Beze, Grand Cru, Remoissenet Pere & Fils, Burgundy","1750","Case of 3 Magnums","https://www.bbr.com/products-20158217893-2015-chambertin-clos-de-beze-grand-cru-remoissenet-pere-fils-burgundy","1054479","20158217893"
"Domaine Joseph Faiveley","2015","Chambertin, Clos de Beze, Les Ouvrees Rodin, Grand Cru, Domaine Faiveley, Burgundy","4670","Case of 6 Bottles","https://www.bbr.com/products-20158020936-2015-chambertin-clos-de-beze-les-ouvrees-rodin-grand-cru-domaine-faiveley-burgundy","1218545","20158020936"
"Domaine Joseph Faiveley","2017","Chambertin, Clos de Beze, Les Ouvrees Rodin, Grand Cru, Domaine Faiveley, Burgundy","775","Case of 1 Bottles","https://www.bbr.com/products-20178020936-2017-chambertin-clos-de-beze-les-ouvrees-rodin-grand-cru-domaine-faiveley-burgundy","1218545","20178020936"
"Domaine Joseph Faiveley","2018","Chambertin, Clos de Beze, Les Ouvrees Rodin, Grand Cru, Domaine Faiveley, Burgundy","3384","Case of 6 Bottles","https://www.bbr.com/products-20188020936-2018-chambertin-clos-de-beze-les-ouvrees-rodin-grand-cru-domaine-faiveley-burgundy","1218545","20188020936"
"Domaine Joseph Faiveley","2019","Chambertin, Clos de Beze, Les Ouvrees Rodin, Grand Cru, Domaine Faiveley, Burgundy","3250","Case of 6 Bottles","https://www.bbr.com/products-20198020936-2019-chambertin-clos-de-beze-les-ouvrees-rodin-grand-cru-domaine-faiveley-burgundy","1218545","20198020936"
"Domaine Joseph Faiveley","2020","Chambertin, Clos de Beze, Les Ouvrees Rodin, Grand Cru, Domaine Faiveley, Burgundy","1485","Case of 2 Bottles","https://www.bbr.com/products-20208020936-2020-chambertin-clos-de-beze-les-ouvrees-rodin-grand-cru-domaine-faiveley-burgundy","1218545","20208020936"
"Domaine Perrot-Minot","2019","Chambertin, Clos de Beze, Vieilles Vignes, Grand Cru, Domaine Perrot- Minot, Burgundy","7200","Case of 6 Bottles","https://www.bbr.com/products-20198036773-2019-chambertin-clos-de-beze-vieilles-vignes-grand-cru-domaine-perrot-minot-burgundy","1050761","20198036773"
"Charles Van Canneyt","2016","Chambertin, Clos de Beze, Grand Cru, Charles Van Canneyt, Burgundy","2288","Case of 3 Magnums","https://www.bbr.com/products-20168205689-2016-chambertin-clos-de-beze-grand-cru-charles-van-canneyt-burgundy","1339255","20168205689"
"Charles Van Canneyt","2018","Chambertin, Clos de Beze, Grand Cru, Charles Van Canneyt, Burgundy","1990","Case of 6 Bottles","https://www.bbr.com/products-20188205689-2018-chambertin-clos-de-beze-grand-cru-charles-van-canneyt-burgundy","1339255","20188205689"
"Charles Van Canneyt","2018","Chambertin, Clos de Beze, Grand Cru, Charles Van Canneyt, Burgundy","1700","Case of 6 Bottles","https://www.bbr.com/products-20188205689-2018-chambertin-clos-de-beze-grand-cru-charles-van-canneyt-burgundy","1339255","20188205689"
"Domaine Bart","2013","Chambertin, Close de Beze, Grand Cru, Domaine Bart, Burgundy","1070","Case of 6 Bottles","https://www.bbr.com/products-20138027401-2013-chambertin-close-de-beze-grand-cru-domaine-bart-burgundy","1143281","20138027401"
"Domaine Ponsot","2012","Chambertin, Cuvee Vieilles Vignes, Grand Cru, Domaine Ponsot, Burgundy","850","Case of 1 Bottles","https://www.bbr.com/products-20128120519-2012-chambertin-cuvee-vieilles-vignes-grand-cru-domaine-ponsot-burgundy","1051423","20128120519"
"Domaine Ponsot","2014","Chambertin, Cuvee Vieilles Vignes, Grand Cru, Domaine Ponsot, Burgundy","1050","Case of 1 Bottles","https://www.bbr.com/products-20148120519-2014-chambertin-cuvee-vieilles-vignes-grand-cru-domaine-ponsot-burgundy","1051423","20148120519"
"Maison Leroy","2014","Chambertin, Grand Cru Domaine Leroy","45000","Case of 3 Bottles","https://www.bbr.com/products-20148104911-2014-chambertin-grand-cru-domaine-leroy","1543515","20148104911"
"Benjamin Leroux","2014","Chambertin, Grand Cru, Benjamin Leroux, Burgundy","495","Case of 1 Magnums","https://www.bbr.com/products-20148015835-2014-chambertin-grand-cru-benjamin-leroux-burgundy","1437759","20148015835"
"Benjamin Leroux","2015","Chambertin, Grand Cru, Benjamin Leroux, Burgundy","500","Case of 1 Magnums","https://www.bbr.com/products-20158015835-2015-chambertin-grand-cru-benjamin-leroux-burgundy","1437759","20158015835"
"Benjamin Leroux","2017","Chambertin, Grand Cru, Benjamin Leroux, Burgundy","525","Case of 1 Magnums","https://www.bbr.com/products-20178015835-2017-chambertin-grand-cru-benjamin-leroux-burgundy","1437759","20178015835"
"Benjamin Leroux","2018","Chambertin, Grand Cru, Benjamin Leroux, Burgundy","390","Case of 1 Magnums","https://www.bbr.com/products-20188015835-2018-chambertin-grand-cru-benjamin-leroux-burgundy","1437759","20188015835"
"Benjamin Leroux","2019","Chambertin, Grand Cru, Benjamin Leroux, Burgundy","550","Case of 1 Magnums","https://www.bbr.com/products-20198015835-2019-chambertin-grand-cru-benjamin-leroux-burgundy","1437759","20198015835"
"Benjamin Leroux","2020","Chambertin, Grand Cru, Benjamin Leroux, Burgundy","510","Case of 1 Magnums","https://www.bbr.com/products-20208015835-2020-chambertin-grand-cru-benjamin-leroux-burgundy","1437759","20208015835"
"Benjamin Leroux","2021","Chambertin, Grand Cru, Benjamin Leroux, Burgundy","1045","Case of 1 Magnums","https://www.bbr.com/products-20218015835-2021-chambertin-grand-cru-benjamin-leroux-burgundy","1437759","20218015835"
"Benjamin Leroux","2022","Chambertin, Grand Cru, Benjamin Leroux, Burgundy","1650","Case of 1 Magnums","https://www.bbr.com/products-20228015835-2022-chambertin-grand-cru-benjamin-leroux-burgundy","1437759","20228015835"
"Benjamin Leroux","2023","Chambertin, Grand Cru, Benjamin Leroux, Burgundy","1200","Case of 1 Magnums","https://www.bbr.com/products-20238015835-2023-chambertin-grand-cru-benjamin-leroux-burgundy","1437759","20238015835"
"Maison Camille Giroud","2006","Chambertin, Grand Cru, Camille Giroud, Burgundy","1356","Case of 12 Bottles","https://www.bbr.com/products-20068007443-2006-chambertin-grand-cru-camille-giroud-burgundy","1034642","20068007443"
"Maison Camille Giroud","2009","Chambertin, Grand Cru, Camille Giroud, Burgundy","1050","Case of 6 Bottles","https://www.bbr.com/products-20098007443-2009-chambertin-grand-cru-camille-giroud-burgundy","1034642","20098007443"
"Maison Camille Giroud","2009","Chambertin, Grand Cru, Camille Giroud, Burgundy","995","Case of 6 Bottles","https://www.bbr.com/products-20098007443-2009-chambertin-grand-cru-camille-giroud-burgundy","1034642","20098007443"
"Maison Camille Giroud","2010","Chambertin, Grand Cru, Camille Giroud, Burgundy","1100","Case of 6 Bottles","https://www.bbr.com/products-20108007443-2010-chambertin-grand-cru-camille-giroud-burgundy","1034642","20108007443"
"Maison Camille Giroud","2010","Chambertin, Grand Cru, Camille Giroud, Burgundy","1200","Case of 6 Bottles","https://www.bbr.com/products-20108007443-2010-chambertin-grand-cru-camille-giroud-burgundy","1034642","20108007443"
"Maison Camille Giroud","2011","Chambertin, Grand Cru, Camille Giroud, Burgundy","970","Case of 6 Bottles","https://www.bbr.com/products-20118007443-2011-chambertin-grand-cru-camille-giroud-burgundy","1034642","20118007443"
"Maison Camille Giroud","2011","Chambertin, Grand Cru, Camille Giroud, Burgundy","1088","Case of 6 Bottles","https://www.bbr.com/products-20118007443-2011-chambertin-grand-cru-camille-giroud-burgundy","1034642","20118007443"
"Maison Camille Giroud","2013","Chambertin, Grand Cru, Camille Giroud, Burgundy","800","Case of 6 Bottles","https://www.bbr.com/products-20138007443-2013-chambertin-grand-cru-camille-giroud-burgundy","1034642","20138007443"
"Maison Camille Giroud","2015","Chambertin, Grand Cru, Camille Giroud, Burgundy","1450","Case of 6 Bottles","https://www.bbr.com/products-20158007443-2015-chambertin-grand-cru-camille-giroud-burgundy","1034642","20158007443"
"Maison Camille Giroud","2016","Chambertin, Grand Cru, Camille Giroud, Burgundy","1350","Case of 6 Bottles","https://www.bbr.com/products-20168007443-2016-chambertin-grand-cru-camille-giroud-burgundy","1034642","20168007443"
"Maison Camille Giroud","2017","Chambertin, Grand Cru, Camille Giroud, Burgundy","995","Case of 6 Bottles","https://www.bbr.com/products-20178007443-2017-chambertin-grand-cru-camille-giroud-burgundy","1034642","20178007443"
"Maison Camille Giroud","2017","Chambertin, Grand Cru, Camille Giroud, Burgundy","600","Case of 3 Bottles","https://www.bbr.com/products-20178007443-2017-chambertin-grand-cru-camille-giroud-burgundy","1034642","20178007443"
"Maison Camille Giroud","2018","Chambertin, Grand Cru, Camille Giroud, Burgundy","1398","Case of 6 Bottles","https://www.bbr.com/products-20188007443-2018-chambertin-grand-cru-camille-giroud-burgundy","1034642","20188007443"
"Maison Camille Giroud","2021","Chambertin, Grand Cru, Camille Giroud, Burgundy","2488","Case of 6 Bottles","https://www.bbr.com/products-20218007443-2021-chambertin-grand-cru-camille-giroud-burgundy","1034642","20218007443"
"Charles Van Canneyt","2015","Chambertin, Grand Cru, Charles Van Canneyt, Burgundy","2000","Case of 6 Bottles","https://www.bbr.com/products-20158204275-2015-chambertin-grand-cru-charles-van-canneyt-burgundy","1359356","20158204275"
"Charles Van Canneyt","2016","Chambertin, Grand Cru, Charles Van Canneyt, Burgundy","1450","Case of 6 Bottles","https://www.bbr.com/products-20168204275-2016-chambertin-grand-cru-charles-van-canneyt-burgundy","1359356","20168204275"
"Charles Van Canneyt","2016","Chambertin, Grand Cru, Charles Van Canneyt, Burgundy","1446","Case of 3 Magnums","https://www.bbr.com/products-20168204275-2016-chambertin-grand-cru-charles-van-canneyt-burgundy","1359356","20168204275"
"Charles Van Canneyt","2017","Chambertin, Grand Cru, Charles Van Canneyt, Burgundy","1590","Case of 3 Magnums","https://www.bbr.com/products-20178204275-2017-chambertin-grand-cru-charles-van-canneyt-burgundy","1359356","20178204275"
"Charles Van Canneyt","2018","Chambertin, Grand Cru, Charles Van Canneyt, Burgundy","1275","Case of 6 Bottles","https://www.bbr.com/products-20188204275-2018-chambertin-grand-cru-charles-van-canneyt-burgundy","1359356","20188204275"
"Charles Van Canneyt","2018","Chambertin, Grand Cru, Charles Van Canneyt, Burgundy","1100","Case of 3 Magnums","https://www.bbr.com/products-20188204275-2018-chambertin-grand-cru-charles-van-canneyt-burgundy","1359356","20188204275"
"Charles Van Canneyt","2019","Chambertin, Grand Cru, Charles Van Canneyt, Burgundy","1499","Case of 6 Bottles","https://www.bbr.com/products-20198204275-2019-chambertin-grand-cru-charles-van-canneyt-burgundy","1359356","20198204275"
"Charles Van Canneyt","2019","Chambertin, Grand Cru, Charles Van Canneyt, Burgundy","1498","Case of 6 Bottles","https://www.bbr.com/products-20198204275-2019-chambertin-grand-cru-charles-van-canneyt-burgundy","1359356","20198204275"
"Chateau de Marsannay","2018","Chambertin, Grand Cru, Chateau de Marsannay, Burgundy","1888","Case of 6 Bottles","https://www.bbr.com/products-20188207452-2018-chambertin-grand-cru-chateau-de-marsannay-burgundy","1269286","20188207452"
"Collection Bellenum","2008","Chambertin, Grand Cru, Collection Bellenum, Burgundy","980","Case of 6 Bottles","https://www.bbr.com/products-20088027124-2008-chambertin-grand-cru-collection-bellenum-burgundy","9002843","20088027124"
"David Duband","2014","Chambertin, Grand Cru, David Duband, Burgundy","1438","Case of 6 Bottles","https://www.bbr.com/products-20148211006-2014-chambertin-grand-cru-david-duband-burgundy","1156450","20148211006"
"David Duband","2017","Chambertin, Grand Cru, David Duband, Burgundy","1410","Case of 6 Bottles","https://www.bbr.com/products-20178211006-2017-chambertin-grand-cru-david-duband-burgundy","1156450","20178211006"
"Domaine Armand Rousseau","2008","Chambertin, Grand Cru, Domaine Armand Rousseau, Burgundy","16450","Case of 6 Bottles","https://www.bbr.com/products-20081057005-2008-chambertin-grand-cru-domaine-armand-rousseau-burgundy","1057005","20081057005"
"Domaine Armand Rousseau","2011","Chambertin, Grand Cru, Domaine Armand Rousseau, Burgundy","35000","Case of 3 Magnums","https://www.bbr.com/products-20111057005-2011-chambertin-grand-cru-domaine-armand-rousseau-burgundy","1057005","20111057005"
"Domaine Armand Rousseau","2012","Chambertin, Grand Cru, Domaine Armand Rousseau, Burgundy","15000","Case of 6 Bottles","https://www.bbr.com/products-20121057005-2012-chambertin-grand-cru-domaine-armand-rousseau-burgundy","1057005","20121057005"
"Domaine Armand Rousseau","2017","Chambertin, Grand Cru, Domaine Armand Rousseau, Burgundy","12750","Case of 6 Bottles","https://www.bbr.com/products-20171057005-2017-chambertin-grand-cru-domaine-armand-rousseau-burgundy","1057005","20171057005"
"Domaine Armand Rousseau","2018","Chambertin, Grand Cru, Domaine Armand Rousseau, Burgundy","14500","Case of 6 Bottles","https://www.bbr.com/products-20181057005-2018-chambertin-grand-cru-domaine-armand-rousseau-burgundy","1057005","20181057005"
"Domaine Bertagna","2014","Chambertin, Grand Cru, Domaine Bertagna, Burgundy","1015","Case of 6 Bottles","https://www.bbr.com/products-20148018588-2014-chambertin-grand-cru-domaine-bertagna-burgundy","1019810","20148018588"
"Domaine Bertagna","2015","Chambertin, Grand Cru, Domaine Bertagna, Burgundy","1015","Case of 6 Bottles","https://www.bbr.com/products-20158018588-2015-chambertin-grand-cru-domaine-bertagna-burgundy","1019810","20158018588"
"Domaine Bertagna","2017","Chambertin, Grand Cru, Domaine Bertagna, Burgundy","874","Case of 6 Bottles","https://www.bbr.com/products-20178018588-2017-chambertin-grand-cru-domaine-bertagna-burgundy","1019810","20178018588"
"Bouchard Pere & Fils","2021","Chambertin, Grand Cru, Domaine Bouchard Pere &amp; Fils, Burgundy","3000","Case of 3 Bottles","https://www.bbr.com/products-20218019934-2021-chambertin-grand-cru-domaine-bouchard-pere-and-fils-burgundy","1021617","20218019934"
"Bouchard Pere & Fils","2022","Chambertin, Grand Cru, Domaine Bouchard Pere &amp; Fils, Burgundy","3200","Case of 3 Bottles","https://www.bbr.com/products-20228019934-2022-chambertin-grand-cru-domaine-bouchard-pere-and-fils-burgundy","1021617","20228019934"
"Domaine Chantal Remy","2010","Chambertin, Grand Cru, Domaine Chantal Remy, Burgundy","1025","Case of 6 Bottles","https://www.bbr.com/products-20108017985-2010-chambertin-grand-cru-domaine-chantal-remy-burgundy","1274518","20108017985"
"Domaine Chantal Remy","2014","Chambertin, Grand Cru, Domaine Chantal Remy, Burgundy","920","Case of 6 Bottles","https://www.bbr.com/products-20148017985-2014-chambertin-grand-cru-domaine-chantal-remy-burgundy","1274518","20148017985"
"Domaine Chantal Remy","2019","Chambertin, Grand Cru, Domaine Chantal Remy, Burgundy","720","Case of 3 Bottles","https://www.bbr.com/products-20198017985-2019-chambertin-grand-cru-domaine-chantal-remy-burgundy","1274518","20198017985"
"Domaine Chantal Remy","2021","Chambertin, Grand Cru, Domaine Chantal Remy, Burgundy","845","Case of 3 Bottles","https://www.bbr.com/products-20218017985-2021-chambertin-grand-cru-domaine-chantal-remy-burgundy","1274518","20218017985"
"Denis Mortet","2017","Chambertin, Grand Cru, Domaine Denis Mortet, Burgundy","3250","Case of 3 Bottles","https://www.bbr.com/products-20171247527-2017-chambertin-grand-cru-domaine-denis-mortet-burgundy","1049020","20171247527"
"Denis Mortet","2018","Chambertin, Grand Cru, Domaine Denis Mortet, Burgundy","3750","Case of 3 Bottles","https://www.bbr.com/products-20181247527-2018-chambertin-grand-cru-domaine-denis-mortet-burgundy","1049020","20181247527"
"Domaine Henri Rebourseau","2019","Chambertin, Grand Cru, Domaine Henri Rebourseau, Burgundy","1050","Case of 3 Bottles","https://www.bbr.com/products-20198119025-2019-chambertin-grand-cru-domaine-henri-rebourseau-burgundy","1054349","20198119025"
"Jacques Prieur","2017","Chambertin, Grand Cru, Domaine Jacques Prieur, Burgundy","2144","Case of 6 Bottles","https://www.bbr.com/products-20178218148-2017-chambertin-grand-cru-domaine-jacques-prieur-burgundy","1053209","20178218148"
"Jacques Prieur","2018","Chambertin, Grand Cru, Domaine Jacques Prieur, Burgundy","2143","Case of 6 Bottles","https://www.bbr.com/products-20188218148-2018-chambertin-grand-cru-domaine-jacques-prieur-burgundy","1053209","20188218148"
"Domaine Launay-Horiot","2014","Chambertin, Grand Cru, Domaine Launay-Horiot, Burgundy","1290","Case of 6 Bottles","https://www.bbr.com/products-20148027469-2014-chambertin-grand-cru-domaine-launay-horiot-burgundy","1414976","20148027469"
"Domaine Leroy","2001","Chambertin, Grand Cru, Domaine Leroy, Burgundy (2021 Release)","48000","Case of 3 Bottles","https://www.bbr.com/products-20018066811-2001-chambertin-grand-cru-domaine-leroy-burgundy-2021-release","1043800","20018066811"
"Philippe Charlopin","2018","Chambertin, Grand Cru, Domaine Philippe Charlopin, Burgundy","1608","Case of 6 Bottles","https://www.bbr.com/products-20188054548-2018-chambertin-grand-cru-domaine-philippe-charlopin-burgundy","1024647","20188054548"
"Philippe Charlopin","2019","Chambertin, Grand Cru, Domaine Philippe Charlopin, Burgundy","2210","Case of 6 Bottles","https://www.bbr.com/products-20198054548-2019-chambertin-grand-cru-domaine-philippe-charlopin-burgundy","1024647","20198054548"
"Domaine Pierre Damoy","2014","Chambertin, Grand Cru, Domaine Pierre Damoy, Burgundy","1720","Case of 6 Bottles","https://www.bbr.com/products-20148219608-2014-chambertin-grand-cru-domaine-pierre-damoy-burgundy","1027707","20148219608"
"Domaine Pierre Damoy","2017","Chambertin, Grand Cru, Domaine Pierre Damoy, Burgundy","1450","Case of 3 Bottles","https://www.bbr.com/products-20178219608-2017-chambertin-grand-cru-domaine-pierre-damoy-burgundy","1027707","20178219608"
"Domaine Pierre Damoy","2018","Chambertin, Grand Cru, Domaine Pierre Damoy, Burgundy","1250","Case of 3 Bottles","https://www.bbr.com/products-20188219608-2018-chambertin-grand-cru-domaine-pierre-damoy-burgundy","1027707","20188219608"
"Domaine Rossignol-Trapet","2005","Chambertin, Grand Cru, Domaine Rossignol-Trapet, Burgundy","2400","Case of 12 Bottles","https://www.bbr.com/products-20058014258-2005-chambertin-grand-cru-domaine-rossignol-trapet-burgundy","1055870","20058014258"
"Domaine Rossignol-Trapet","2006","Chambertin, Grand Cru, Domaine Rossignol-Trapet, Burgundy","1600","Case of 6 Magnums","https://www.bbr.com/products-20068014258-2006-chambertin-grand-cru-domaine-rossignol-trapet-burgundy","1055870","20068014258"
"Domaine Rossignol-Trapet","2008","Chambertin, Grand Cru, Domaine Rossignol-Trapet, Burgundy","2050","Case of 12 Bottles","https://www.bbr.com/products-20088014258-2008-chambertin-grand-cru-domaine-rossignol-trapet-burgundy","1055870","20088014258"
"Domaine Rossignol-Trapet","2008","Chambertin, Grand Cru, Domaine Rossignol-Trapet, Burgundy","1800","Case of 6 Magnums","https://www.bbr.com/products-20088014258-2008-chambertin-grand-cru-domaine-rossignol-trapet-burgundy","1055870","20088014258"
"Domaine Rossignol-Trapet","2009","Chambertin, Grand Cru, Domaine Rossignol-Trapet, Burgundy","1500","Case of 6 Bottles","https://www.bbr.com/products-20098014258-2009-chambertin-grand-cru-domaine-rossignol-trapet-burgundy","1055870","20098014258"
"Domaine Rossignol-Trapet","2009","Chambertin, Grand Cru, Domaine Rossignol-Trapet, Burgundy","3600","Case of 12 Bottles","https://www.bbr.com/products-20098014258-2009-chambertin-grand-cru-domaine-rossignol-trapet-burgundy","1055870","20098014258"
"Domaine Rossignol-Trapet","2009","Chambertin, Grand Cru, Domaine Rossignol-Trapet, Burgundy","3600","Case of 6 Magnums","https://www.bbr.com/products-20098014258-2009-chambertin-grand-cru-domaine-rossignol-trapet-burgundy","1055870","20098014258"
"Domaine Rossignol-Trapet","2010","Chambertin, Grand Cru, Domaine Rossignol-Trapet, Burgundy","1270","Case of 6 Bottles","https://www.bbr.com/products-20108014258-2010-chambertin-grand-cru-domaine-rossignol-trapet-burgundy","1055870","20108014258"
"Domaine Rossignol-Trapet","2011","Chambertin, Grand Cru, Domaine Rossignol-Trapet, Burgundy","885","Case of 6 Bottles","https://www.bbr.com/products-20118014258-2011-chambertin-grand-cru-domaine-rossignol-trapet-burgundy","1055870","20118014258"
"Domaine Rossignol-Trapet","2012","Chambertin, Grand Cru, Domaine Rossignol-Trapet, Burgundy","950","Case of 3 Magnums","https://www.bbr.com/products-20128014258-2012-chambertin-grand-cru-domaine-rossignol-trapet-burgundy","1055870","20128014258"
"Domaine Rossignol-Trapet","2013","Chambertin, Grand Cru, Domaine Rossignol-Trapet, Burgundy","750","Case of 6 Bottles","https://www.bbr.com/products-20138014258-2013-chambertin-grand-cru-domaine-rossignol-trapet-burgundy","1055870","20138014258"
"Domaine Rossignol-Trapet","2013","Chambertin, Grand Cru, Domaine Rossignol-Trapet, Burgundy","900","Case of 6 Bottles","https://www.bbr.com/products-20138014258-2013-chambertin-grand-cru-domaine-rossignol-trapet-burgundy","1055870","20138014258"
"Domaine Rossignol-Trapet","2013","Chambertin, Grand Cru, Domaine Rossignol-Trapet, Burgundy","1080","Case of 6 Bottles","https://www.bbr.com/products-20138014258-2013-chambertin-grand-cru-domaine-rossignol-trapet-burgundy","1055870","20138014258"
"Domaine Rossignol-Trapet","2014","Chambertin, Grand Cru, Domaine Rossignol-Trapet, Burgundy","950","Case of 6 Bottles","https://www.bbr.com/products-20148014258-2014-chambertin-grand-cru-domaine-rossignol-trapet-burgundy","1055870","20148014258"
"Domaine Rossignol-Trapet","2014","Chambertin, Grand Cru, Domaine Rossignol-Trapet, Burgundy","1915","Case of 12 Bottles","https://www.bbr.com/products-20148014258-2014-chambertin-grand-cru-domaine-rossignol-trapet-burgundy","1055870","20148014258"
"Domaine Rossignol-Trapet","2015","Chambertin, Grand Cru, Domaine Rossignol-Trapet, Burgundy","1150","Case of 6 Bottles","https://www.bbr.com/products-20158014258-2015-chambertin-grand-cru-domaine-rossignol-trapet-burgundy","1055870","20158014258"
"Domaine Rossignol-Trapet","2015","Chambertin, Grand Cru, Domaine Rossignol-Trapet, Burgundy","1200","Case of 3 Magnums","https://www.bbr.com/products-20158014258-2015-chambertin-grand-cru-domaine-rossignol-trapet-burgundy","1055870","20158014258"
"Domaine Rossignol-Trapet","2016","Chambertin, Grand Cru, Domaine Rossignol-Trapet, Burgundy","410","Case of 1 Magnums","https://www.bbr.com/products-20168014258-2016-chambertin-grand-cru-domaine-rossignol-trapet-burgundy","1055870","20168014258"
"Domaine Rossignol-Trapet","2017","Chambertin, Grand Cru, Domaine Rossignol-Trapet, Burgundy","795","Case of 6 Bottles","https://www.bbr.com/products-20178014258-2017-chambertin-grand-cru-domaine-rossignol-trapet-burgundy","1055870","20178014258"
"Domaine Rossignol-Trapet","2018","Chambertin, Grand Cru, Domaine Rossignol-Trapet, Burgundy","1070","Case of 6 Bottles","https://www.bbr.com/products-20188014258-2018-chambertin-grand-cru-domaine-rossignol-trapet-burgundy","1055870","20188014258"
"Domaine Rossignol-Trapet","2019","Chambertin, Grand Cru, Domaine Rossignol-Trapet, Burgundy","1347","Case of 6 Bottles","https://www.bbr.com/products-20198014258-2019-chambertin-grand-cru-domaine-rossignol-trapet-burgundy","1055870","20198014258"
"Domaine Rossignol-Trapet","2019","Chambertin, Grand Cru, Domaine Rossignol-Trapet, Burgundy","688","Case of 3 Bottles","https://www.bbr.com/products-20198014258-2019-chambertin-grand-cru-domaine-rossignol-trapet-burgundy","1055870","20198014258"
"Domaine Rossignol-Trapet","2020","Chambertin, Grand Cru, Domaine Rossignol-Trapet, Burgundy","680","Case of 3 Bottles","https://www.bbr.com/products-20208014258-2020-chambertin-grand-cru-domaine-rossignol-trapet-burgundy","1055870","20208014258"
"Domaine Rossignol-Trapet","2021","Chambertin, Grand Cru, Domaine Rossignol-Trapet, Burgundy","675","Case of 3 Bottles","https://www.bbr.com/products-20218014258-2021-chambertin-grand-cru-domaine-rossignol-trapet-burgundy","1055870","20218014258"
"Domaine Rossignol-Trapet","2022","Chambertin, Grand Cru, Domaine Rossignol-Trapet, Burgundy","920","Case of 3 Bottles","https://www.bbr.com/products-20228014258-2022-chambertin-grand-cru-domaine-rossignol-trapet-burgundy","1055870","20228014258"
"Domaine Rossignol-Trapet","2023","Chambertin, Grand Cru, Domaine Rossignol-Trapet, Burgundy","757","Case of 3 Bottles","https://www.bbr.com/products-20238014258-2023-chambertin-grand-cru-domaine-rossignol-trapet-burgundy","1055870","20238014258"
"Tortochot","2003","Chambertin, Grand Cru, Domaine Tortochot, Burgundy","3100","Case of 12 Bottles","https://www.bbr.com/products-20038217561-2003-chambertin-grand-cru-domaine-tortochot-burgundy","1058477","20038217561"
"Tortochot","2009","Chambertin, Grand Cru, Domaine Tortochot, Burgundy","2750","Case of 12 Bottles","https://www.bbr.com/products-20098217561-2009-chambertin-grand-cru-domaine-tortochot-burgundy","1058477","20098217561"
"Tortochot","2011","Chambertin, Grand Cru, Domaine Tortochot, Burgundy","650","Case of 6 Bottles","https://www.bbr.com/products-20118217561-2011-chambertin-grand-cru-domaine-tortochot-burgundy","1058477","20118217561"
"Tortochot","2015","Chambertin, Grand Cru, Domaine Tortochot, Burgundy","1350","Case of 6 Bottles","https://www.bbr.com/products-20158217561-2015-chambertin-grand-cru-domaine-tortochot-burgundy","1058477","20158217561"
"Tortochot","2017","Chambertin, Grand Cru, Domaine Tortochot, Burgundy","1230","Case of 6 Bottles","https://www.bbr.com/products-20178217561-2017-chambertin-grand-cru-domaine-tortochot-burgundy","1058477","20178217561"
"Tortochot","2019","Chambertin, Grand Cru, Domaine Tortochot, Burgundy","1400","Case of 6 Bottles","https://www.bbr.com/products-20198217561-2019-chambertin-grand-cru-domaine-tortochot-burgundy","1058477","20198217561"
"Tortochot","2019","Chambertin, Grand Cru, Domaine Tortochot, Burgundy","745","Case of 6 Bottles","https://www.bbr.com/products-20198217561-2019-chambertin-grand-cru-domaine-tortochot-burgundy","1058477","20198217561"
"Tortochot","2020","Chambertin, Grand Cru, Domaine Tortochot, Burgundy","1000","Case of 6 Bottles","https://www.bbr.com/products-20208217561-2020-chambertin-grand-cru-domaine-tortochot-burgundy","1058477","20208217561"
"Domaine Trapet","2017","Chambertin, Grand Cru, Domaine Trapet Pere & Fils, Burgundy","1650","Case of 6 Bottles","https://www.bbr.com/products-20178217473-2017-chambertin-grand-cru-domaine-trapet-pere-fils-burgundy","1058581","20178217473"
"Domaine Trapet","2008","Chambertin, Grand Cru, Domaine Trapet Pere &amp; Fils, Burgundy","3950","Case of 12 Bottles","https://www.bbr.com/products-20088217473-2008-chambertin-grand-cru-domaine-trapet-pere-and-fils-burgundy","1058581","20088217473"
"Domaine Trapet","2010","Chambertin, Grand Cru, Domaine Trapet Pere &amp; Fils, Burgundy","2650","Case of 6 Bottles","https://www.bbr.com/products-20108217473-2010-chambertin-grand-cru-domaine-trapet-pere-and-fils-burgundy","1058581","20108217473"
"Domaine Trapet","2014","Chambertin, Grand Cru, Domaine Trapet Pere &amp; Fils, Burgundy","1600","Case of 6 Bottles","https://www.bbr.com/products-20148217473-2014-chambertin-grand-cru-domaine-trapet-pere-and-fils-burgundy","1058581","20148217473"
"Domaine Trapet","2018","Chambertin, Grand Cru, Domaine Trapet Pere &amp; Fils, Burgundy","2610","Case of 6 Bottles","https://www.bbr.com/products-20188217473-2018-chambertin-grand-cru-domaine-trapet-pere-and-fils-burgundy","1058581","20188217473"
"Domaine Francois Feuillet","2013","Chambertin, Grand Cru, Francois Feuillet, Burgundy","550","Case of 3 Bottles","https://www.bbr.com/products-20138208589-2013-chambertin-grand-cru-francois-feuillet-burgundy","1224496","20138208589"
"Domaine Geantet-Pansiot","2016","Chambertin, Grand Cru, Geantet-Pansiot, Burgundy","3328","Case of 12 Bottles","https://www.bbr.com/products-20168204389-2016-chambertin-grand-cru-geantet-pansiot-burgundy","1398577","20168204389"
"Domaine Geantet-Pansiot","2017","Chambertin, Grand Cru, Geantet-Pansiot, Burgundy","1674","Case of 6 Bottles","https://www.bbr.com/products-20178204389-2017-chambertin-grand-cru-geantet-pansiot-burgundy","1398577","20178204389"
"Domaine Geantet-Pansiot","2018","Chambertin, Grand Cru, Geantet-Pansiot, Burgundy","1968","Case of 6 Bottles","https://www.bbr.com/products-20188204389-2018-chambertin-grand-cru-geantet-pansiot-burgundy","1398577","20188204389"
"Maison Roche de Bellene","2009","Chambertin, Grand Cru, Maison Roche de Bellene, Burgundy","935","Case of 6 Bottles","https://www.bbr.com/products-20098020183-2009-chambertin-grand-cru-maison-roche-de-bellene-burgundy","1055362","20098020183"
"Maison Roche de Bellene","2014","Chambertin, Grand Cru, Maison Roche de Bellene, Burgundy","1100","Case of 6 Bottles","https://www.bbr.com/products-20148020183-2014-chambertin-grand-cru-maison-roche-de-bellene-burgundy","1055362","20148020183"
"Millemann Wines","2023","Chambertin, Grand Cru, Millemann Wines, Burgundy","1500","Case of 1 Bottles","https://www.bbr.com/products-20238325480-2023-chambertin-grand-cru-millemann-wines-burgundy","1890970","20238325480"
"Olivier Bernstein","2012","Chambertin, Grand Cru, Olivier Bernstein, Burgundy","2640","Case of 6 Bottles","https://www.bbr.com/products-20121319848-2012-chambertin-grand-cru-olivier-bernstein-burgundy","1319848","20121319848"
"Olivier Bernstein","2013","Chambertin, Grand Cru, Olivier Bernstein, Burgundy","2500","Case of 6 Bottles","https://www.bbr.com/products-20131319848-2013-chambertin-grand-cru-olivier-bernstein-burgundy","1319848","20131319848"
"Olivier Bernstein","2014","Chambertin, Grand Cru, Olivier Bernstein, Burgundy","3600","Case of 6 Bottles","https://www.bbr.com/products-20141319848-2014-chambertin-grand-cru-olivier-bernstein-burgundy","1319848","20141319848"
"Olivier Bernstein","2015","Chambertin, Grand Cru, Olivier Bernstein, Burgundy","2000","Case of 3 Bottles","https://www.bbr.com/products-20151319848-2015-chambertin-grand-cru-olivier-bernstein-burgundy","1319848","20151319848"
"Olivier Bernstein","2016","Chambertin, Grand Cru, Olivier Bernstein, Burgundy","1795","Case of 3 Bottles","https://www.bbr.com/products-20161319848-2016-chambertin-grand-cru-olivier-bernstein-burgundy","1319848","20161319848"
"Olivier Bernstein","2016","Chambertin, Grand Cru, Olivier Bernstein, Burgundy","2380","Case of 3 Bottles","https://www.bbr.com/products-20161319848-2016-chambertin-grand-cru-olivier-bernstein-burgundy","1319848","20161319848"
"Olivier Bernstein","2016","Chambertin, Grand Cru, Olivier Bernstein, Burgundy","1195","Case of 1 Magnums","https://www.bbr.com/products-20161319848-2016-chambertin-grand-cru-olivier-bernstein-burgundy","1319848","20161319848"
"Olivier Bernstein","2017","Chambertin, Grand Cru, Olivier Bernstein, Burgundy","2050","Case of 3 Bottles","https://www.bbr.com/products-20171319848-2017-chambertin-grand-cru-olivier-bernstein-burgundy","1319848","20171319848"
"Olivier Bernstein","2019","Chambertin, Grand Cru, Olivier Bernstein, Burgundy","2150","Case of 3 Bottles","https://www.bbr.com/products-20191319848-2019-chambertin-grand-cru-olivier-bernstein-burgundy","1319848","20191319848"
"Olivier Bernstein","2021","Chambertin, Grand Cru, Olivier Bernstein, Burgundy","3999","Case of 3 Bottles","https://www.bbr.com/products-20211319848-2021-chambertin-grand-cru-olivier-bernstein-burgundy","1319848","20211319848"
"Domaine Perrot-Minot","2011","Chambertin, Grand Cru, Vieilles Vignes, Domaine Perrot-Minot, Burgundy","7025","Case of 12 Bottles","https://www.bbr.com/products-20118038302-2011-chambertin-grand-cru-vieilles-vignes-domaine-perrot-minot-burgundy","1050774","20118038302"
"Domaine Perrot-Minot","2014","Chambertin, Grand Cru, Vieilles Vignes, Domaine Perrot-Minot, Burgundy","2510","Case of 6 Bottles","https://www.bbr.com/products-20148038302-2014-chambertin-grand-cru-vieilles-vignes-domaine-perrot-minot-burgundy","1050774","20148038302"
"Domaine Perrot-Minot","2019","Chambertin, Grand Cru, Vieilles Vignes, Domaine Perrot-Minot, Burgundy","8000","Case of 6 Bottles","https://www.bbr.com/products-20198038302-2019-chambertin-grand-cru-vieilles-vignes-domaine-perrot-minot-burgundy","1050774","20198038302"
"Domaine de la Pousse D'Or","2014","Chambolle Musigny, Les Charmes, 1er Cru, La Pousse d'Or, Burgundy","1489","Case of 12 Bottles","https://www.bbr.com/products-20148112316-2014-chambolle-musigny-les-charmes-1er-cru-la-pousse-d-or-burgundy","1213205","20148112316"
"Domaine de la Pousse D'Or","2014","Chambolle Musigny, Les Charmes, 1er Cru, La Pousse d'Or, Burgundy","1490","Case of 12 Bottles","https://www.bbr.com/products-20148112316-2014-chambolle-musigny-les-charmes-1er-cru-la-pousse-d-or-burgundy","1213205","20148112316"
"Domaine de la Pousse D'Or","2016","Chambolle Musigny, Les Charmes, 1er Cru, La Pousse d'Or, Burgundy","1330","Case of 12 Bottles","https://www.bbr.com/products-20168112316-2016-chambolle-musigny-les-charmes-1er-cru-la-pousse-d-or-burgundy","1213205","20168112316"
"Domaine de la Pousse D'Or","2017","Chambolle Musigny, Les Charmes, 1er Cru, La Pousse d'Or, Burgundy","1264","Case of 12 Bottles","https://www.bbr.com/products-20178112316-2017-chambolle-musigny-les-charmes-1er-cru-la-pousse-d-or-burgundy","1213205","20178112316"
"Domaine de la Pousse D'Or","2018","Chambolle Musigny, Les Charmes, 1er Cru, La Pousse d'Or, Burgundy","1560","Case of 12 Bottles","https://www.bbr.com/products-20188112316-2018-chambolle-musigny-les-charmes-1er-cru-la-pousse-d-or-burgundy","1213205","20188112316"
"Domaine de la Pousse D'Or","2019","Chambolle Musigny, Les Charmes, 1er Cru, La Pousse d'Or, Burgundy","666","Case of 6 Bottles","https://www.bbr.com/products-20198112316-2019-chambolle-musigny-les-charmes-1er-cru-la-pousse-d-or-burgundy","1213205","20198112316"
"Remoissenet Pere et Fils","2016","Chambolle Musigny, Les Charmes, Remoissenet Pere et Fils, Burgundy","375","Case of 6 Bottles","https://www.bbr.com/products-20168238917-2016-chambolle-musigny-les-charmes-remoissenet-pere-et-fils-burgundy","","20168238917"
"Domaine Francois Legros","2021","Chambolle Musigny, Les Noirots, 1er Cru, Domaine Francois Legros, Burgundy","420","Case of 6 Bottles","https://www.bbr.com/products-20218242369-2021-chambolle-musigny-les-noirots-1er-cru-domaine-francois-legros-burgundy","1312168","20218242369"
"David Duband","2020","Chambolle-Musigny 1er Cru, Les Chabiots, Domaine David Duband, Burgundy","705","Case of 6 Bottles","https://www.bbr.com/products-20208251181-2020-chambolle-musigny-1er-cru-les-chabiots-domaine-david-duband-burgundy","3104554","20208251181"
"David Duband","2020","Chambolle-Musigny 1er Cru, Les Chabiots, Domaine David Duband, Burgundy","357","Case of 3 Bottles","https://www.bbr.com/products-20208251181-2020-chambolle-musigny-1er-cru-les-chabiots-domaine-david-duband-burgundy","3104554","20208251181"
"Lucien Le Moine","2014","Chambolle-Musigny 1er Cru, Les Chabiots, Maison Lucien Le Moine","627","Case of 6 Bottles","https://www.bbr.com/products-20148200600-2014-chambolle-musigny-1er-cru-les-chabiots-maison-lucien-le-moine","1727708","20148200600"
"Domaine Leroy","2014","Chambolle-Musigny 1er Cru, Les Charmes, Domaine Leroy","42000","Case of 6 Bottles","https://www.bbr.com/products-20148121356-2014-chambolle-musigny-1er-cru-les-charmes-domaine-leroy","1043842","20148121356"
"Laurent Ponsot SAS","2016","Chambolle-Musigny 1er Cru, Les Cuvee du Tilleul, Laurent Ponsot","700","Case of 6 Bottles","https://www.bbr.com/products-20168035327-2016-chambolle-musigny-1er-cru-les-cuvee-du-tilleul-laurent-ponsot","1628858","20168035327"
"David Duband","2020","Chambolle-Musigny 1er Cru, Les Feusselottes, Domaine David Duband, Burgundy","350","Case of 3 Bottles","https://www.bbr.com/products-20208251194-2020-chambolle-musigny-1er-cru-les-feusselottes-domaine-david-duband-burgundy","","20208251194"
"David Duband","2020","Chambolle-Musigny 1er Cru, Les Feusselottes, Domaine David Duband, Burgundy","695","Case of 6 Bottles","https://www.bbr.com/products-20208251194-2020-chambolle-musigny-1er-cru-les-feusselottes-domaine-david-duband-burgundy","","20208251194"
"Domaine Bertheau","2014","Chambolle-Musigny, 1er Cru, Domaine Bertheau, Burgundy","350","Case of 6 Bottles","https://www.bbr.com/products-20148210399-2014-chambolle-musigny-1er-cru-domaine-bertheau-burgundy","1174209","20148210399"
"Domaine Bertheau","2018","Chambolle-Musigny, 1er Cru, Domaine Bertheau, Burgundy","725","Case of 12 Bottles","https://www.bbr.com/products-20188210399-2018-chambolle-musigny-1er-cru-domaine-bertheau-burgundy","1174209","20188210399"
"Domaine Bertheau","2019","Chambolle-Musigny, 1er Cru, Domaine Bertheau, Burgundy","575","Case of 6 Bottles","https://www.bbr.com/products-20198210399-2019-chambolle-musigny-1er-cru-domaine-bertheau-burgundy","1174209","20198210399"
"De Vogue","2016","Chambolle-Musigny, 1er Cru, Domaine Comte Georges de Vogue, Burgundy","945","Case of 3 Bottles","https://www.bbr.com/products-20161026801-2016-chambolle-musigny-1er-cru-domaine-comte-georges-de-vogue-burgundy","1026801","20161026801"
"Meo-Camuzet","2016","Chambolle-Musigny, 1er Cru, Domaine Meo-Camuzet, Burgundy","1380","Case of 6 Bottles","https://www.bbr.com/products-20161585681-2016-chambolle-musigny-1er-cru-domaine-meo-camuzet-burgundy","1585681","20161585681"
"Philippe Pacalet","2017","Chambolle-Musigny, 1er Cru, Domaine Phillipe Pacalet, Burgundy","1670","Case of 12 Bottles","https://www.bbr.com/products-20178218252-2017-chambolle-musigny-1er-cru-domaine-phillipe-pacalet-burgundy","1049932","20178218252"
"Maison Joseph Drouhin","2008","Chambolle-Musigny, 1er Cru, Joseph Drouhin, Burgundy","900","Case of 6 Bottles","https://www.bbr.com/products-20088014896-2008-chambolle-musigny-1er-cru-joseph-drouhin-burgundy","1028889","20088014896"
"Maison Joseph Drouhin","2012","Chambolle-Musigny, 1er Cru, Joseph Drouhin, Burgundy","558","Case of 6 Bottles","https://www.bbr.com/products-20128014896-2012-chambolle-musigny-1er-cru-joseph-drouhin-burgundy","1028889","20128014896"
"Maison Joseph Drouhin","2017","Chambolle-Musigny, 1er Cru, Joseph Drouhin, Burgundy","450","Case of 6 Bottles","https://www.bbr.com/products-20178014896-2017-chambolle-musigny-1er-cru-joseph-drouhin-burgundy","1028889","20178014896"
"Maison Joseph Drouhin","2018","Chambolle-Musigny, 1er Cru, Joseph Drouhin, Burgundy","475","Case of 6 Bottles","https://www.bbr.com/products-20188014896-2018-chambolle-musigny-1er-cru-joseph-drouhin-burgundy","1028889","20188014896"
"Domaine Georges & Christophe Roumier","2017","Chambolle-Musigny, Amoureuses, 1er Cru, Domaine Georges Roumier, Burgundy","3500","Case of 1 Bottles","https://www.bbr.com/products-20178014694-2017-chambolle-musigny-amoureuses-1er-cru-domaine-georges-roumier-burgundy","1056819","20178014694"
"Domaine Georges & Christophe Roumier","2018","Chambolle-Musigny, Amoureuses, 1er Cru, Domaine Georges Roumier, Burgundy","5360","Case of 3 Bottles","https://www.bbr.com/products-20188014694-2018-chambolle-musigny-amoureuses-1er-cru-domaine-georges-roumier-burgundy","1056819","20188014694"
"Maison Joseph Drouhin","2014","Chambolle-Musigny, Amoureuses, 1er Cru, Joseph Drouhin, Burgundy","2800","Case of 6 Bottles","https://www.bbr.com/products-20148018937-2014-chambolle-musigny-amoureuses-1er-cru-joseph-drouhin-burgundy","1028892","20148018937"
"Maison Joseph Drouhin","2014","Chambolle-Musigny, Amoureuses, 1er Cru, Joseph Drouhin, Burgundy","2420","Case of 6 Bottles","https://www.bbr.com/products-20148018937-2014-chambolle-musigny-amoureuses-1er-cru-joseph-drouhin-burgundy","1028892","20148018937"
"Maison Joseph Drouhin","2018","Chambolle-Musigny, Amoureuses, 1er Cru, Joseph Drouhin, Burgundy","2707","Case of 6 Bottles","https://www.bbr.com/products-20188018937-2018-chambolle-musigny-amoureuses-1er-cru-joseph-drouhin-burgundy","1028892","20188018937"
"Maison Joseph Drouhin","2022","Chambolle-Musigny, Amoureuses, 1er Cru, Joseph Drouhin, Burgundy","1988","Case of 3 Bottles","https://www.bbr.com/products-20228018937-2022-chambolle-musigny-amoureuses-1er-cru-joseph-drouhin-burgundy","1028892","20228018937"
"Domaine Michel Magnien","2016","Chambolle-Musigny, Argillieres, Domaine Michel Magnien, Burgundy","325","Case of 6 Bottles","https://www.bbr.com/products-20168301671-2016-chambolle-musigny-argillieres-domaine-michel-magnien-burgundy","1685176","20168301671"
"Denis Mortet","2018","Chambolle-Musigny, Aux Beaux Bruns, 1er Cru, Domaine Denis Mortet, Burgundy","1800","Case of 6 Bottles","https://www.bbr.com/products-20188018735-2018-chambolle-musigny-aux-beaux-bruns-1er-cru-domaine-denis-mortet-burgundy","1049046","20188018735"
"Domaine Ghislaine Barthod","2013","Chambolle-Musigny, Aux Beaux Bruns, 1er Cru, Domaine Ghislaine Barthod, Burgundy","798","Case of 6 Bottles","https://www.bbr.com/products-20131019474-2013-chambolle-musigny-aux-beaux-bruns-1er-cru-domaine-ghislaine-barthod-burgundy","1019474","20131019474"
"Domaine Ghislaine Barthod","2020","Chambolle-Musigny, Aux Beaux Bruns, 1er Cru, Domaine Ghislaine Barthod, Burgundy","980","Case of 6 Bottles","https://www.bbr.com/products-20201019474-2020-chambolle-musigny-aux-beaux-bruns-1er-cru-domaine-ghislaine-barthod-burgundy","1019474","20201019474"
"Domaine Joseph Faiveley","2013","Chambolle-Musigny, Aux Beaux Bruns, 1er Cru, Joseph Faiveley, Burgundy","550","Case of 6 Bottles","https://www.bbr.com/products-20138008424-2013-chambolle-musigny-aux-beaux-bruns-1er-cru-joseph-faiveley-burgundy","1171240","20138008424"
"Domaine Joseph Faiveley","2015","Chambolle-Musigny, Aux Beaux Bruns, 1er Cru, Joseph Faiveley, Burgundy","474","Case of 6 Bottles","https://www.bbr.com/products-20158008424-2015-chambolle-musigny-aux-beaux-bruns-1er-cru-joseph-faiveley-burgundy","1171240","20158008424"
"Domaine Joseph Faiveley","2017","Chambolle-Musigny, Aux Beaux Bruns, 1er Cru, Joseph Faiveley, Burgundy","418","Case of 6 Bottles","https://www.bbr.com/products-20178008424-2017-chambolle-musigny-aux-beaux-bruns-1er-cru-joseph-faiveley-burgundy","1171240","20178008424"
"Domaine Joseph Faiveley","2018","Chambolle-Musigny, Aux Beaux Bruns, 1er Cru, Joseph Faiveley, Burgundy","385","Case of 6 Bottles","https://www.bbr.com/products-20188008424-2018-chambolle-musigny-aux-beaux-bruns-1er-cru-joseph-faiveley-burgundy","1171240","20188008424"
"Domaine Thibault Liger-Belair","2019","Chambolle-Musigny, Aux Beaux Bruns, 1er Cru, Thibault Liger-Belair","490","Case of 6 Bottles","https://www.bbr.com/products-20198047342-2019-chambolle-musigny-aux-beaux-bruns-1er-cru-thibault-liger-belair","1867655","20198047342"
"Arnaud Baillot","2022","Chambolle-Musigny, Aux Echanges, 1er Cru, Arnaud Baillot, Burgundy","1150","Case of 6 Bottles","https://www.bbr.com/products-20228305031-2022-chambolle-musigny-aux-echanges-1er-cru-arnaud-baillot-burgundy","","20228305031"
"Frederic Magnien","2016","Chambolle-Musigny, Baudes, 1er Cru, Frederic Magnien, Burgundy","890","Case of 6 Magnums","https://www.bbr.com/products-20168074997-2016-chambolle-musigny-baudes-1er-cru-frederic-magnien-burgundy","1045497","20168074997"
"Maison Joseph Drouhin","2011","Chambolle-Musigny, Baudes, 1er Cru, Joseph Drouhin, Burgundy","450","Case of 6 Bottles","https://www.bbr.com/products-20118018940-2011-chambolle-musigny-baudes-1er-cru-joseph-drouhin-burgundy","1028906","20118018940"
"Maison Joseph Drouhin","2012","Chambolle-Musigny, Baudes, 1er Cru, Joseph Drouhin, Burgundy","550","Case of 6 Bottles","https://www.bbr.com/products-20128018940-2012-chambolle-musigny-baudes-1er-cru-joseph-drouhin-burgundy","1028906","20128018940"
"Maison Joseph Drouhin","2017","Chambolle-Musigny, Baudes, 1er Cru, Joseph Drouhin, Burgundy","536","Case of 6 Bottles","https://www.bbr.com/products-20178018940-2017-chambolle-musigny-baudes-1er-cru-joseph-drouhin-burgundy","1028906","20178018940"
"Maison Joseph Drouhin","2018","Chambolle-Musigny, Baudes, 1er Cru, Joseph Drouhin, Burgundy","553","Case of 6 Bottles","https://www.bbr.com/products-20188018940-2018-chambolle-musigny-baudes-1er-cru-joseph-drouhin-burgundy","1028906","20188018940"
"Maison Joseph Drouhin","2020","Chambolle-Musigny, Baudes, 1er Cru, Joseph Drouhin, Burgundy","610","Case of 6 Bottles","https://www.bbr.com/products-20208018940-2020-chambolle-musigny-baudes-1er-cru-joseph-drouhin-burgundy","1028906","20208018940"
"Benjamin Leroux","2018","Chambolle-Musigny, Benjamin Leroux, Burgundy","1800","Case of 6 Bottles","https://www.bbr.com/products-20188015822-2018-chambolle-musigny-benjamin-leroux-burgundy","1437762","20188015822"
"Domaine Lignier-Michelot","2010","Chambolle-Musigny, Cuvee Jules, 1er Cru, Lignier-Michelot, Burgundy","1090","Case of 12 Bottles","https://www.bbr.com/products-20108155043-2010-chambolle-musigny-cuvee-jules-1er-cru-lignier-michelot-burgundy","1150953","20108155043"
"Domaine Lignier-Michelot","2014","Chambolle-Musigny, Cuvee Jules, 1er Cru, Lignier-Michelot, Burgundy","485","Case of 6 Bottles","https://www.bbr.com/products-20148155043-2014-chambolle-musigny-cuvee-jules-1er-cru-lignier-michelot-burgundy","1150953","20148155043"
"Domaine Lignier-Michelot","2021","Chambolle-Musigny, Cuvee Jules, 1er Cru, Lignier-Michelot, Burgundy","800","Case of 6 Bottles","https://www.bbr.com/products-20218155043-2021-chambolle-musigny-cuvee-jules-1er-cru-lignier-michelot-burgundy","1150953","20218155043"
"David Duband","2016","Chambolle-Musigny, David Duband, Burgundy","310","Case of 6 Bottles","https://www.bbr.com/products-20168045869-2016-chambolle-musigny-david-duband-burgundy","1029642","20168045869"
"David Duband","2020","Chambolle-Musigny, David Duband, Burgundy","340","Case of 6 Bottles","https://www.bbr.com/products-20208045869-2020-chambolle-musigny-david-duband-burgundy","1029642","20208045869"
"David Duband","2022","Chambolle-Musigny, David Duband, Burgundy","385","Case of 6 Bottles","https://www.bbr.com/products-20228045869-2022-chambolle-musigny-david-duband-burgundy","1029642","20228045869"
"Confuron-Cotetidot","2015","Chambolle-Musigny, Derriere la Grange, 1er Cru, Domaine Confuron- Cotetidot, Burgundy","575","Case of 6 Bottles","https://www.bbr.com/products-20158219826-2015-chambolle-musigny-derriere-la-grange-1er-cru-domaine-confuron-cotetidot-burgundy","1027055","20158219826"
"Confuron-Cotetidot","2016","Chambolle-Musigny, Derriere la Grange, 1er Cru, Domaine Confuron- Cotetidot, Burgundy","590","Case of 6 Bottles","https://www.bbr.com/products-20168219826-2016-chambolle-musigny-derriere-la-grange-1er-cru-domaine-confuron-cotetidot-burgundy","1027055","20168219826"
"Confuron-Cotetidot","2021","Chambolle-Musigny, Derriere la Grange, 1er Cru, Domaine Confuron- Cotetidot, Burgundy","720","Case of 6 Bottles","https://www.bbr.com/products-20218219826-2021-chambolle-musigny-derriere-la-grange-1er-cru-domaine-confuron-cotetidot-burgundy","1027055","20218219826"
"Confuron-Cotetidot","2022","Chambolle-Musigny, Derriere la Grange, 1er Cru, Domaine Confuron- Cotetidot, Burgundy","660","Case of 6 Bottles","https://www.bbr.com/products-20228219826-2022-chambolle-musigny-derriere-la-grange-1er-cru-domaine-confuron-cotetidot-burgundy","1027055","20228219826"
"Domaine Amiot-Servelle","2013","Chambolle-Musigny, Derriere la Grange, 1er Cru, DomaineAmiot-Servelle, Burgundy","593","Case of 6 Bottles","https://www.bbr.com/products-20138220411-2013-chambolle-musigny-derriere-la-grange-1er-cru-domaineamiot-servelle-burgundy","1018145","20138220411"
"Domaine Amiot-Servelle","2018","Chambolle-Musigny, Derriere la Grange, 1er Cru, DomaineAmiot-Servelle, Burgundy","815","Case of 6 Bottles","https://www.bbr.com/products-20188220411-2018-chambolle-musigny-derriere-la-grange-1er-cru-domaineamiot-servelle-burgundy","1018145","20188220411"
"Domaine A-F Gros","2013","Chambolle-Musigny, Domaine A.-F. Gros, Burgundy","409","Case of 6 Bottles","https://www.bbr.com/products-20138010016-2013-chambolle-musigny-domaine-a-f-gros-burgundy","1036154","20138010016"
"Domaine A-F Gros","2018","Chambolle-Musigny, Domaine A.-F. Gros, Burgundy","452","Case of 6 Bottles","https://www.bbr.com/products-20188010016-2018-chambolle-musigny-domaine-a-f-gros-burgundy","1036154","20188010016"
"Domaine A-F Gros","2018","Chambolle-Musigny, Domaine A.-F. Gros, Burgundy","370","Case of 6 Bottles","https://www.bbr.com/products-20188010016-2018-chambolle-musigny-domaine-a-f-gros-burgundy","1036154","20188010016"
"Domaine A-F Gros","2019","Chambolle-Musigny, Domaine A.-F. Gros, Burgundy","450","Case of 6 Bottles","https://www.bbr.com/products-20198010016-2019-chambolle-musigny-domaine-a-f-gros-burgundy","1036154","20198010016"
"Domaine A-F Gros","2019","Chambolle-Musigny, Domaine A.-F. Gros, Burgundy","415","Case of 6 Bottles","https://www.bbr.com/products-20198010016-2019-chambolle-musigny-domaine-a-f-gros-burgundy","1036154","20198010016"
"Domaine A-F Gros","2022","Chambolle-Musigny, Domaine A.-F. Gros, Burgundy","390","Case of 6 Bottles","https://www.bbr.com/products-20228010016-2022-chambolle-musigny-domaine-a-f-gros-burgundy","1036154","20228010016"
"Domaine Amiot-Servelle","2019","Chambolle-Musigny, Domaine Amiot-Servelle, Burgundy","370","Case of 6 Bottles","https://www.bbr.com/products-20198036715-2019-chambolle-musigny-domaine-amiot-servelle-burgundy","1018116","20198036715"
"Domaine Amiot-Servelle","2020","Chambolle-Musigny, Domaine Amiot-Servelle, Burgundy","395","Case of 6 Bottles","https://www.bbr.com/products-20208036715-2020-chambolle-musigny-domaine-amiot-servelle-burgundy","1018116","20208036715"
"Domaine Castagnier","2015","Chambolle-Musigny, Domaine Castagnier, Burgundy","305","Case of 6 Bottles","https://www.bbr.com/products-20158013088-2015-chambolle-musigny-domaine-castagnier-burgundy","1724273","20158013088"
"Domaine Castagnier","2019","Chambolle-Musigny, Domaine Castagnier, Burgundy","398","Case of 6 Bottles","https://www.bbr.com/products-20198013088-2019-chambolle-musigny-domaine-castagnier-burgundy","1724273","20198013088"
"Domaine Castagnier","2020","Chambolle-Musigny, Domaine Castagnier, Burgundy","1600","Case of 6 Bottles","https://www.bbr.com/products-20208013088-2020-chambolle-musigny-domaine-castagnier-burgundy","1724273","20208013088"
"Domaine Christian Clerget","2018","Chambolle-Musigny, Domaine Christian Clerget, Burgundy","800","Case of 12 Bottles","https://www.bbr.com/products-20188228895-2018-chambolle-musigny-domaine-christian-clerget-burgundy","1025859","20188228895"
"De Vogue","2023","Chambolle-Musigny, Domaine Comte Georges de Vogue, Burgundy","740","Case of 3 Bottles","https://www.bbr.com/products-20238019484-2023-chambolle-musigny-domaine-comte-georges-de-vogue-burgundy","1026797","20238019484"
"Confuron-Cotetidot","2019","Chambolle-Musigny, Domaine Confuron-Cotetidot, Burgundy","490","Case of 6 Bottles","https://www.bbr.com/products-20198219839-2019-chambolle-musigny-domaine-confuron-cotetidot-burgundy","1027042","20198219839"
"Domaine Coquard Loison Fleurot","2015","Chambolle-Musigny, Domaine Coquard Loison-Fleurot, Burgundy","540","Case of 6 Bottles","https://www.bbr.com/products-20158047355-2015-chambolle-musigny-domaine-coquard-loison-fleurot-burgundy","1339936","20158047355"
"Domaine Coquard Loison Fleurot","2019","Chambolle-Musigny, Domaine Coquard Loison-Fleurot, Burgundy","330","Case of 6 Bottles","https://www.bbr.com/products-20198047355-2019-chambolle-musigny-domaine-coquard-loison-fleurot-burgundy","1339936","20198047355"
"Dujac","2015","Chambolle-Musigny, Domaine Dujac, Burgundy","960","Case of 6 Bottles","https://www.bbr.com/products-20158048134-2015-chambolle-musigny-domaine-dujac-burgundy","1030501","20158048134"
"Dujac","2020","Chambolle-Musigny, Domaine Dujac, Burgundy","1200","Case of 6 Bottles","https://www.bbr.com/products-20208048134-2020-chambolle-musigny-domaine-dujac-burgundy","1030501","20208048134"
"Dujac","2022","Chambolle-Musigny, Domaine Dujac, Burgundy","680","Case of 6 Bottles","https://www.bbr.com/products-20228048134-2022-chambolle-musigny-domaine-dujac-burgundy","1030501","20228048134"
"Domaine Georges & Christophe Roumier","2005","Chambolle-Musigny, Domaine Georges Roumier, Burgundy","5000","Case of 12 Bottles","https://www.bbr.com/products-20058014708-2005-chambolle-musigny-domaine-georges-roumier-burgundy","1056806","20058014708"
"Domaine Georges & Christophe Roumier","2009","Chambolle-Musigny, Domaine Georges Roumier, Burgundy","2100","Case of 6 Bottles","https://www.bbr.com/products-20098014708-2009-chambolle-musigny-domaine-georges-roumier-burgundy","1056806","20098014708"
"Domaine Georges & Christophe Roumier","2012","Chambolle-Musigny, Domaine Georges Roumier, Burgundy","1900","Case of 6 Bottles","https://www.bbr.com/products-20128014708-2012-chambolle-musigny-domaine-georges-roumier-burgundy","1056806","20128014708"
"Domaine Georges & Christophe Roumier","2012","Chambolle-Musigny, Domaine Georges Roumier, Burgundy","1820","Case of 6 Bottles","https://www.bbr.com/products-20128014708-2012-chambolle-musigny-domaine-georges-roumier-burgundy","1056806","20128014708"
"Domaine Georges & Christophe Roumier","2015","Chambolle-Musigny, Domaine Georges Roumier, Burgundy","1800","Case of 6 Bottles","https://www.bbr.com/products-20158014708-2015-chambolle-musigny-domaine-georges-roumier-burgundy","1056806","20158014708"
"Domaine Georges & Christophe Roumier","2015","Chambolle-Musigny, Domaine Georges Roumier, Burgundy","1800","Case of 6 Bottles","https://www.bbr.com/products-20158014708-2015-chambolle-musigny-domaine-georges-roumier-burgundy","1056806","20158014708"
"Domaine Georges & Christophe Roumier","2017","Chambolle-Musigny, Domaine Georges Roumier, Burgundy","2800","Case of 6 Bottles","https://www.bbr.com/products-20178014708-2017-chambolle-musigny-domaine-georges-roumier-burgundy","1056806","20178014708"
"Domaine Georges & Christophe Roumier","2017","Chambolle-Musigny, Domaine Georges Roumier, Burgundy","2480","Case of 6 Bottles","https://www.bbr.com/products-20178014708-2017-chambolle-musigny-domaine-georges-roumier-burgundy","1056806","20178014708"
"Domaine Georges & Christophe Roumier","2018","Chambolle-Musigny, Domaine Georges Roumier, Burgundy","1850","Case of 6 Bottles","https://www.bbr.com/products-20188014708-2018-chambolle-musigny-domaine-georges-roumier-burgundy","1056806","20188014708"
"Domaine Georges & Christophe Roumier","2018","Chambolle-Musigny, Domaine Georges Roumier, Burgundy","3250","Case of 3 Magnums","https://www.bbr.com/products-20188014708-2018-chambolle-musigny-domaine-georges-roumier-burgundy","1056806","20188014708"
"Domaine Ghislaine Barthod","2008","Chambolle-Musigny, Domaine Ghislaine Barthod, Burgundy","425","Case of 6 Bottles","https://www.bbr.com/products-20081019458-2008-chambolle-musigny-domaine-ghislaine-barthod-burgundy","1019458","20081019458"
"Domaine Ghislaine Barthod","2010","Chambolle-Musigny, Domaine Ghislaine Barthod, Burgundy","580","Case of 6 Bottles","https://www.bbr.com/products-20101019458-2010-chambolle-musigny-domaine-ghislaine-barthod-burgundy","1019458","20101019458"
"Domaine Ghislaine Barthod","2015","Chambolle-Musigny, Domaine Ghislaine Barthod, Burgundy","599","Case of 6 Bottles","https://www.bbr.com/products-20151019458-2015-chambolle-musigny-domaine-ghislaine-barthod-burgundy","1019458","20151019458"
"Domaine Ghislaine Barthod","2015","Chambolle-Musigny, Domaine Ghislaine Barthod, Burgundy","600","Case of 6 Bottles","https://www.bbr.com/products-20151019458-2015-chambolle-musigny-domaine-ghislaine-barthod-burgundy","1019458","20151019458"
"Domaine Ghislaine Barthod","2018","Chambolle-Musigny, Domaine Ghislaine Barthod, Burgundy","425","Case of 6 Bottles","https://www.bbr.com/products-20181019458-2018-chambolle-musigny-domaine-ghislaine-barthod-burgundy","1019458","20181019458"
"Domaine Hudelot-Noellat","2018","Chambolle-Musigny, Domaine Hudelot-Noellat, Burgundy","395","Case of 6 Bottles","https://www.bbr.com/products-20188113355-2018-chambolle-musigny-domaine-hudelot-noellat-burgundy","1176216","20188113355"
"Domaine Hudelot-Noellat","2023","Chambolle-Musigny, Domaine Hudelot-Noellat, Burgundy","520","Case of 6 Bottles","https://www.bbr.com/products-20238113355-2023-chambolle-musigny-domaine-hudelot-noellat-burgundy","1176216","20238113355"
"Domaine J. Confuron","2018","Chambolle-Musigny, Domaine Jean-Jacques Confuron, Burgundy","420","Case of 3 Magnums","https://www.bbr.com/products-20188400491-2018-chambolle-musigny-domaine-jean-jacques-confuron-burgundy","1027286","20188400491"
"Domaine Marchand-Grillot","2020","Chambolle-Musigny, Domaine Marchand-Grillot, Burgundy","100","Case of 1 Bottles","https://www.bbr.com/products-20208172589-2020-chambolle-musigny-domaine-marchand-grillot-burgundy","1046117","20208172589"
"Philippe Charlopin","2019","Chambolle-Musigny, Domaine Philippe Charlopin, Burgundy","684","Case of 12 Bottles","https://www.bbr.com/products-20198180098-2019-chambolle-musigny-domaine-philippe-charlopin-burgundy","1024650","20198180098"
"Domaine Jean Taupenot-Merme","2019","Chambolle-Musigny, Domaine Taupenot-Merme, Burgundy","325","Case of 6 Bottles","https://www.bbr.com/products-20198147446-2019-chambolle-musigny-domaine-taupenot-merme-burgundy","1057959","20198147446"
"Domaine Jean Taupenot-Merme","2020","Chambolle-Musigny, Domaine Taupenot-Merme, Burgundy","272","Case of 6 Bottles","https://www.bbr.com/products-20208147446-2020-chambolle-musigny-domaine-taupenot-merme-burgundy","1057959","20208147446"
"Domaine Jean Taupenot-Merme","2020","Chambolle-Musigny, Domaine Taupenot-Merme, Burgundy","279","Case of 6 Bottles","https://www.bbr.com/products-20208147446-2020-chambolle-musigny-domaine-taupenot-merme-burgundy","1057959","20208147446"
"Domaine Thibault Liger-Belair","2016","Chambolle-Musigny, Domaine Thibault Liger-Belair","370","Case of 6 Bottles","https://www.bbr.com/products-20168022480-2016-chambolle-musigny-domaine-thibault-liger-belair","1715259","20168022480"
"Domaine de la Vougeraie","2014","Chambolle-Musigny, Domaine de la Vougeraie, Burgundy","1000","Case of 6 Bottles","https://www.bbr.com/products-20148020688-2014-chambolle-musigny-domaine-de-la-vougeraie-burgundy","1059331","20148020688"
"Domaine de la Vougeraie","2015","Chambolle-Musigny, Domaine de la Vougeraie, Burgundy","480","Case of 6 Bottles","https://www.bbr.com/products-20158020688-2015-chambolle-musigny-domaine-de-la-vougeraie-burgundy","1059331","20158020688"
"Domaine de la Vougeraie","2016","Chambolle-Musigny, Domaine de la Vougeraie, Burgundy","420","Case of 6 Bottles","https://www.bbr.com/products-20168020688-2016-chambolle-musigny-domaine-de-la-vougeraie-burgundy","1059331","20168020688"
"Domaine de la Vougeraie","2017","Chambolle-Musigny, Domaine de la Vougeraie, Burgundy","600","Case of 6 Bottles","https://www.bbr.com/products-20178020688-2017-chambolle-musigny-domaine-de-la-vougeraie-burgundy","1059331","20178020688"
"Domaine de la Vougeraie","2020","Chambolle-Musigny, Domaine de la Vougeraie, Burgundy","850","Case of 6 Bottles","https://www.bbr.com/products-20208020688-2020-chambolle-musigny-domaine-de-la-vougeraie-burgundy","1059331","20208020688"
"Domaine de la Vougeraie","2021","Chambolle-Musigny, Domaine de la Vougeraie, Burgundy","429","Case of 6 Bottles","https://www.bbr.com/products-20218020688-2021-chambolle-musigny-domaine-de-la-vougeraie-burgundy","1059331","20218020688"
"Domaine de la Vougeraie","2022","Chambolle-Musigny, Domaine de la Vougeraie, Burgundy","594","Case of 6 Bottles","https://www.bbr.com/products-20228020688-2022-chambolle-musigny-domaine-de-la-vougeraie-burgundy","1059331","20228020688"
"Domaine de la Vougeraie","2023","Chambolle-Musigny, Domaine de la Vougeraie, Burgundy","474","Case of 6 Bottles","https://www.bbr.com/products-20238020688-2023-chambolle-musigny-domaine-de-la-vougeraie-burgundy","1059331","20238020688"
"Dujac Fils et Pere","2009","Chambolle-Musigny, Dujac Fils & Pere, Burgundy","1700","Case of 12 Bottles","https://www.bbr.com/products-20091545522-2009-chambolle-musigny-dujac-fils-pere-burgundy","1545522","20091545522"
"Dujac Fils et Pere","2011","Chambolle-Musigny, Dujac Fils & Pere, Burgundy","2400","Case of 12 Bottles","https://www.bbr.com/products-20111545522-2011-chambolle-musigny-dujac-fils-pere-burgundy","1545522","20111545522"
"Dujac Fils et Pere","2012","Chambolle-Musigny, Dujac Fils & Pere, Burgundy","1500","Case of 12 Bottles","https://www.bbr.com/products-20121545522-2012-chambolle-musigny-dujac-fils-pere-burgundy","1545522","20121545522"
"Dujac Fils et Pere","2014","Chambolle-Musigny, Dujac Fils & Pere, Burgundy","810","Case of 12 Bottles","https://www.bbr.com/products-20141545522-2014-chambolle-musigny-dujac-fils-pere-burgundy","1545522","20141545522"
"Dujac Fils et Pere","2017","Chambolle-Musigny, Dujac Fils & Pere, Burgundy","450","Case of 6 Bottles","https://www.bbr.com/products-20171545522-2017-chambolle-musigny-dujac-fils-pere-burgundy","1545522","20171545522"
"Dujac Fils et Pere","2015","Chambolle-Musigny, Dujac Fils &amp; Pere, Burgundy","852","Case of 6 Bottles","https://www.bbr.com/products-20151545522-2015-chambolle-musigny-dujac-fils-and-pere-burgundy","1545522","20151545522"
"Dujac Fils et Pere","2018","Chambolle-Musigny, Dujac Fils &amp; Pere, Burgundy","448","Case of 6 Bottles","https://www.bbr.com/products-20181545522-2018-chambolle-musigny-dujac-fils-and-pere-burgundy","1545522","20181545522"
"Dujac Fils et Pere","2019","Chambolle-Musigny, Dujac Fils &amp; Pere, Burgundy","495","Case of 6 Bottles","https://www.bbr.com/products-20191545522-2019-chambolle-musigny-dujac-fils-and-pere-burgundy","1545522","20191545522"
"Dujac Fils et Pere","2022","Chambolle-Musigny, Dujac Fils &amp; Pere, Burgundy","548","Case of 6 Bottles","https://www.bbr.com/products-20221545522-2022-chambolle-musigny-dujac-fils-and-pere-burgundy","1545522","20221545522"
"Dujac Fils et Pere","2022","Chambolle-Musigny, Dujac Fils &amp; Pere, Burgundy","450","Case of 6 Bottles","https://www.bbr.com/products-20221545522-2022-chambolle-musigny-dujac-fils-and-pere-burgundy","1545522","20221545522"
"Dujac Fils et Pere","2023","Chambolle-Musigny, Dujac Fils &amp; Pere, Burgundy","500","Case of 6 Bottles","https://www.bbr.com/products-20231545522-2023-chambolle-musigny-dujac-fils-and-pere-burgundy","1545522","20231545522"
"Frederic Magnien","2015","Chambolle-Musigny, Feusselottes, 1er Cru, Frederic Magnien, Burgundy","993","Case of 12 Bottles","https://www.bbr.com/products-20158218513-2015-chambolle-musigny-feusselottes-1er-cru-frederic-magnien-burgundy","1045530","20158218513"
"Frederic Magnien","2015","Chambolle-Musigny, Feusselottes, 1er Cru, Frederic Magnien, Burgundy","495","Case of 6 Bottles","https://www.bbr.com/products-20158218513-2015-chambolle-musigny-feusselottes-1er-cru-frederic-magnien-burgundy","1045530","20158218513"
"Meo-Camuzet","2010","Chambolle-Musigny, Feusselottes, 1er Cru, Meo-Camuzet Frere & Soeurs, Burgundy","3950","Case of 12 Bottles","https://www.bbr.com/products-20101046683-2010-chambolle-musigny-feusselottes-1er-cru-meo-camuzet-frere-soeurs-burgundy","1046683","20101046683"
"Meo-Camuzet","2019","Chambolle-Musigny, Feusselottes, 1er Cru, Meo-Camuzet Frere & Soeurs, Burgundy","829","Case of 6 Bottles","https://www.bbr.com/products-20191046683-2019-chambolle-musigny-feusselottes-1er-cru-meo-camuzet-frere-soeurs-burgundy","1046683","20191046683"
"Meo-Camuzet","2020","Chambolle-Musigny, Feusselottes, 1er Cru, Meo-Camuzet Frere & Soeurs, Burgundy","765","Case of 6 Bottles","https://www.bbr.com/products-20201046683-2020-chambolle-musigny-feusselottes-1er-cru-meo-camuzet-frere-soeurs-burgundy","1046683","20201046683"
"Meo-Camuzet","2017","Chambolle-Musigny, Feusselottes, 1er Cru, Meo-Camuzet Frere &amp; Soeurs, Burgundy","650","Case of 6 Bottles","https://www.bbr.com/products-20171046683-2017-chambolle-musigny-feusselottes-1er-cru-meo-camuzet-frere-and-soeurs-burgundy","1046683","20171046683"
"Meo-Camuzet","2018","Chambolle-Musigny, Feusselottes, 1er Cru, Meo-Camuzet Frere &amp; Soeurs, Burgundy","660","Case of 6 Bottles","https://www.bbr.com/products-20181046683-2018-chambolle-musigny-feusselottes-1er-cru-meo-camuzet-frere-and-soeurs-burgundy","1046683","20181046683"
"Domaine Jacques-Frederic Mugnier","2009","Chambolle-Musigny, Jacques-Frederic Mugnier, Burgundy","3000","Case of 6 Bottles","https://www.bbr.com/products-20091049639-2009-chambolle-musigny-jacques-frederic-mugnier-burgundy","1049639","20091049639"
"Domaine Jacques-Frederic Mugnier","2009","Chambolle-Musigny, Jacques-Frederic Mugnier, Burgundy","3000","Case of 6 Bottles","https://www.bbr.com/products-20091049639-2009-chambolle-musigny-jacques-frederic-mugnier-burgundy","1049639","20091049639"
"Domaine Jacques-Frederic Mugnier","2010","Chambolle-Musigny, Jacques-Frederic Mugnier, Burgundy","3000","Case of 6 Bottles","https://www.bbr.com/products-20101049639-2010-chambolle-musigny-jacques-frederic-mugnier-burgundy","1049639","20101049639"
"Domaine Jacques-Frederic Mugnier","2011","Chambolle-Musigny, Jacques-Frederic Mugnier, Burgundy","2150","Case of 6 Bottles","https://www.bbr.com/products-20111049639-2011-chambolle-musigny-jacques-frederic-mugnier-burgundy","1049639","20111049639"
"Domaine Jacques-Frederic Mugnier","2014","Chambolle-Musigny, Jacques-Frederic Mugnier, Burgundy","2000","Case of 6 Bottles","https://www.bbr.com/products-20141049639-2014-chambolle-musigny-jacques-frederic-mugnier-burgundy","1049639","20141049639"
"Domaine Jacques-Frederic Mugnier","2015","Chambolle-Musigny, Jacques-Frederic Mugnier, Burgundy","2600","Case of 6 Bottles","https://www.bbr.com/products-20151049639-2015-chambolle-musigny-jacques-frederic-mugnier-burgundy","1049639","20151049639"
"Domaine Jacques-Frederic Mugnier","2017","Chambolle-Musigny, Jacques-Frederic Mugnier, Burgundy","2000","Case of 6 Bottles","https://www.bbr.com/products-20171049639-2017-chambolle-musigny-jacques-frederic-mugnier-burgundy","1049639","20171049639"
"Domaine Jacques-Frederic Mugnier","2018","Chambolle-Musigny, Jacques-Frederic Mugnier, Burgundy","2200","Case of 6 Bottles","https://www.bbr.com/products-20181049639-2018-chambolle-musigny-jacques-frederic-mugnier-burgundy","1049639","20181049639"
"Domaine Jacques-Frederic Mugnier","2019","Chambolle-Musigny, Jacques-Frederic Mugnier, Burgundy","2025","Case of 6 Bottles","https://www.bbr.com/products-20191049639-2019-chambolle-musigny-jacques-frederic-mugnier-burgundy","1049639","20191049639"
"Domaine Jacques-Frederic Mugnier","2020","Chambolle-Musigny, Jacques-Frederic Mugnier, Burgundy","1650","Case of 6 Bottles","https://www.bbr.com/products-20201049639-2020-chambolle-musigny-jacques-frederic-mugnier-burgundy","1049639","20201049639"
"Maison Joseph Drouhin","2016","Chambolle-Musigny, Joseph Drouhin, Burgundy","350","Case of 6 Bottles","https://www.bbr.com/products-20168018924-2016-chambolle-musigny-joseph-drouhin-burgundy","1028876","20168018924"
"Maison Joseph Drouhin","2017","Chambolle-Musigny, Joseph Drouhin, Burgundy","300","Case of 6 Bottles","https://www.bbr.com/products-20178018924-2017-chambolle-musigny-joseph-drouhin-burgundy","1028876","20178018924"
"Maison Joseph Drouhin","2017","Chambolle-Musigny, Joseph Drouhin, Burgundy","270","Case of 6 Bottles","https://www.bbr.com/products-20178018924-2017-chambolle-musigny-joseph-drouhin-burgundy","1028876","20178018924"
"Maison Joseph Drouhin","2018","Chambolle-Musigny, Joseph Drouhin, Burgundy","536","Case of 6 Bottles","https://www.bbr.com/products-20188018924-2018-chambolle-musigny-joseph-drouhin-burgundy","1028876","20188018924"
"Maison Joseph Drouhin","2020","Chambolle-Musigny, Joseph Drouhin, Burgundy","285","Case of 6 Bottles","https://www.bbr.com/products-20208018924-2020-chambolle-musigny-joseph-drouhin-burgundy","1028876","20208018924"
"Maison Joseph Drouhin","2021","Chambolle-Musigny, Joseph Drouhin, Burgundy","495","Case of 6 Bottles","https://www.bbr.com/products-20218018924-2021-chambolle-musigny-joseph-drouhin-burgundy","1028876","20218018924"
"Maison Joseph Drouhin","2023","Chambolle-Musigny, Joseph Drouhin, Burgundy","445","Case of 6 Bottles","https://www.bbr.com/products-20238018924-2023-chambolle-musigny-joseph-drouhin-burgundy","1028876","20238018924"
"Domaine Bruno Clavelier","2006","Chambolle-Musigny, La Combe Orveaux, 1er Cru, Domaine Bruno Clavelier, Burgundy","2400","Case of 12 Bottles","https://www.bbr.com/products-20068020516-2006-chambolle-musigny-la-combe-orveaux-1er-cru-domaine-bruno-clavelier-burgundy","1025703","20068020516"
"Domaine Bruno Clavelier","2012","Chambolle-Musigny, La Combe Orveaux, 1er Cru, Domaine Bruno Clavelier, Burgundy","749","Case of 6 Bottles","https://www.bbr.com/products-20128020516-2012-chambolle-musigny-la-combe-orveaux-1er-cru-domaine-bruno-clavelier-burgundy","1025703","20128020516"
"Domaine Bruno Clavelier","2013","Chambolle-Musigny, La Combe Orveaux, 1er Cru, Domaine Bruno Clavelier, Burgundy","690","Case of 6 Bottles","https://www.bbr.com/products-20138020516-2013-chambolle-musigny-la-combe-orveaux-1er-cru-domaine-bruno-clavelier-burgundy","1025703","20138020516"
"Domaine Bruno Clavelier","2017","Chambolle-Musigny, La Combe Orveaux, 1er Cru, Domaine Bruno Clavelier, Burgundy","1052","Case of 6 Bottles","https://www.bbr.com/products-20178020516-2017-chambolle-musigny-la-combe-orveaux-1er-cru-domaine-bruno-clavelier-burgundy","1025703","20178020516"
"Domaine Bruno Clavelier","2018","Chambolle-Musigny, La Combe Orveaux, 1er Cru, Domaine Bruno Clavelier, Burgundy","1275","Case of 6 Bottles","https://www.bbr.com/products-20188020516-2018-chambolle-musigny-la-combe-orveaux-1er-cru-domaine-bruno-clavelier-burgundy","1025703","20188020516"
"Domaine Bruno Clavelier","2023","Chambolle-Musigny, La Combe Orveaux, 1er Cru, Domaine Bruno Clavelier, Burgundy","1100","Case of 6 Bottles","https://www.bbr.com/products-20238020516-2023-chambolle-musigny-la-combe-orveaux-1er-cru-domaine-bruno-clavelier-burgundy","1025703","20238020516"
"Domaine Joseph Faiveley","2011","Chambolle-Musigny, La Combe d'Orveau, 1er Cru, Domaine Faiveley, Burgundy","629","Case of 6 Bottles","https://www.bbr.com/products-20118020952-2011-chambolle-musigny-la-combe-d-orveau-1er-cru-domaine-faiveley-burgundy","1031289","20118020952"
"Domaine Joseph Faiveley","2012","Chambolle-Musigny, La Combe d'Orveau, 1er Cru, Domaine Faiveley, Burgundy","762","Case of 6 Bottles","https://www.bbr.com/products-20128020952-2012-chambolle-musigny-la-combe-d-orveau-1er-cru-domaine-faiveley-burgundy","1031289","20128020952"
"Domaine Jean Taupenot-Merme","2015","Chambolle-Musigny, La Combe d'Orveau, 1er Cru, Domaine Taupenot-Merme, Burgundy","570","Case of 6 Bottles","https://www.bbr.com/products-20158030609-2015-chambolle-musigny-la-combe-d-orveau-1er-cru-domaine-taupenot-merme-burgundy","1057962","20158030609"
"Domaine Jean Taupenot-Merme","2018","Chambolle-Musigny, La Combe d'Orveau, 1er Cru, Domaine Taupenot-Merme, Burgundy","625","Case of 6 Bottles","https://www.bbr.com/products-20188030609-2018-chambolle-musigny-la-combe-d-orveau-1er-cru-domaine-taupenot-merme-burgundy","1057962","20188030609"
"Domaine Perrot-Minot","2011","Chambolle-Musigny, La Combe d'Orveau, Cuvee Ultra, 1er Cru, Vieilles Vignes, Domaine Perrot-Minot, Burgundy","2710","Case of 12 Bottles","https://www.bbr.com/products-20118110413-2011-chambolle-musigny-la-combe-d-orveau-cuvee-ultra-1er-cru-vieilles-vignes-domaine-perrot-minot-burgundy","1279278","20118110413"
"Domaine Perrot-Minot","2013","Chambolle-Musigny, La Combe d'Orveau, Cuvee Ultra, 1er Cru, Vieilles Vignes, Domaine Perrot-Minot, Burgundy","1000","Case of 6 Bottles","https://www.bbr.com/products-20138110413-2013-chambolle-musigny-la-combe-d-orveau-cuvee-ultra-1er-cru-vieilles-vignes-domaine-perrot-minot-burgundy","1279278","20138110413"
"Domaine Anne Gros","2020","Chambolle-Musigny, La Combe d'Orveau, Domaine Anne Gros, Burgundy","655","Case of 6 Bottles","https://www.bbr.com/products-20208121789-2020-chambolle-musigny-la-combe-d-orveau-domaine-anne-gros-burgundy","1036011","20208121789"
"Domaine Jean Grivot","2008","Chambolle-Musigny, La Combe d'Orveaux, Domaine Jean Grivot, Burgundy","995","Case of 12 Bottles","https://www.bbr.com/products-20088015792-2008-chambolle-musigny-la-combe-d-orveaux-domaine-jean-grivot-burgundy","1035564","20088015792"
"Domaine Jean Grivot","2014","Chambolle-Musigny, La Combe d'Orveaux, Domaine Jean Grivot, Burgundy","1162","Case of 12 Bottles","https://www.bbr.com/products-20148015792-2014-chambolle-musigny-la-combe-d-orveaux-domaine-jean-grivot-burgundy","1035564","20148015792"
"Domaine Jean Grivot","2017","Chambolle-Musigny, La Combe d'Orveaux, Domaine Jean Grivot, Burgundy","530","Case of 6 Bottles","https://www.bbr.com/products-20178015792-2017-chambolle-musigny-la-combe-d-orveaux-domaine-jean-grivot-burgundy","1035564","20178015792"
"Domaine Jean Grivot","2018","Chambolle-Musigny, La Combe d'Orveaux, Domaine Jean Grivot, Burgundy","600","Case of 6 Bottles","https://www.bbr.com/products-20188015792-2018-chambolle-musigny-la-combe-d-orveaux-domaine-jean-grivot-burgundy","1035564","20188015792"
"Domaine Jean Grivot","2019","Chambolle-Musigny, La Combe d'Orveaux, Domaine Jean Grivot, Burgundy","495","Case of 6 Bottles","https://www.bbr.com/products-20198015792-2019-chambolle-musigny-la-combe-d-orveaux-domaine-jean-grivot-burgundy","1035564","20198015792"
"Domaine Jean Grivot","2019","Chambolle-Musigny, La Combe d'Orveaux, Domaine Jean Grivot, Burgundy","498","Case of 6 Bottles","https://www.bbr.com/products-20198015792-2019-chambolle-musigny-la-combe-d-orveaux-domaine-jean-grivot-burgundy","1035564","20198015792"
"Domaine Jean Grivot","2023","Chambolle-Musigny, La Combe d'Orveaux, Domaine Jean Grivot, Burgundy","489","Case of 6 Bottles","https://www.bbr.com/products-20238015792-2023-chambolle-musigny-la-combe-d-orveaux-domaine-jean-grivot-burgundy","1035564","20238015792"
"Albert Bichot","2018","Chambolle-Musigny, Les Amoureuses, 1er Cru, Albert Bichot, Burgundy","1060","Case of 6 Bottles","https://www.bbr.com/products-20188204536-2018-chambolle-musigny-les-amoureuses-1er-cru-albert-bichot-burgundy","1386998","20188204536"
"Albert Bichot","2020","Chambolle-Musigny, Les Amoureuses, 1er Cru, Albert Bichot, Burgundy","2125","Case of 6 Bottles","https://www.bbr.com/products-20208204536-2020-chambolle-musigny-les-amoureuses-1er-cru-albert-bichot-burgundy","1386998","20208204536"
"Benjamin Leroux","2011","Chambolle-Musigny, Les Amoureuses, 1er Cru, Benjamin Leroux, Burgundy","626","Case of 1 Magnums","https://www.bbr.com/products-20118025090-2011-chambolle-musigny-les-amoureuses-1er-cru-benjamin-leroux-burgundy","1152449","20118025090"
"Benjamin Leroux","2013","Chambolle-Musigny, Les Amoureuses, 1er Cru, Benjamin Leroux, Burgundy","350","Case of 1 Magnums","https://www.bbr.com/products-20138025090-2013-chambolle-musigny-les-amoureuses-1er-cru-benjamin-leroux-burgundy","1152449","20138025090"
"Benjamin Leroux","2014","Chambolle-Musigny, Les Amoureuses, 1er Cru, Benjamin Leroux, Burgundy","580","Case of 1 Magnums","https://www.bbr.com/products-20148025090-2014-chambolle-musigny-les-amoureuses-1er-cru-benjamin-leroux-burgundy","1152449","20148025090"
"Benjamin Leroux","2016","Chambolle-Musigny, Les Amoureuses, 1er Cru, Benjamin Leroux, Burgundy","1000","Case of 1 Magnums","https://www.bbr.com/products-20168025090-2016-chambolle-musigny-les-amoureuses-1er-cru-benjamin-leroux-burgundy","1152449","20168025090"
"Domaine Amiot-Servelle","2018","Chambolle-Musigny, Les Amoureuses, 1er Cru, Domaine Amiot-Servelle, Burgundy","2707","Case of 6 Bottles","https://www.bbr.com/products-20188220437-2018-chambolle-musigny-les-amoureuses-1er-cru-domaine-amiot-servelle-burgundy","1018129","20188220437"
"Domaine Amiot-Servelle","2020","Chambolle-Musigny, Les Amoureuses, 1er Cru, Domaine Amiot-Servelle, Burgundy","410","Case of 1 Bottles","https://www.bbr.com/products-20208220437-2020-chambolle-musigny-les-amoureuses-1er-cru-domaine-amiot-servelle-burgundy","1018129","20208220437"
"Domaine Bertheau","2012","Chambolle-Musigny, Les Amoureuses, 1er Cru, Domaine Bertheau, Burgundy","1620","Case of 6 Bottles","https://www.bbr.com/products-20128210360-2012-chambolle-musigny-les-amoureuses-1er-cru-domaine-bertheau-burgundy","1174225","20128210360"
"Domaine Bertheau","2013","Chambolle-Musigny, Les Amoureuses, 1er Cru, Domaine Bertheau, Burgundy","1500","Case of 6 Bottles","https://www.bbr.com/products-20138210360-2013-chambolle-musigny-les-amoureuses-1er-cru-domaine-bertheau-burgundy","1174225","20138210360"
"Domaine Bertheau","2014","Chambolle-Musigny, Les Amoureuses, 1er Cru, Domaine Bertheau, Burgundy","2000","Case of 6 Bottles","https://www.bbr.com/products-20148210360-2014-chambolle-musigny-les-amoureuses-1er-cru-domaine-bertheau-burgundy","1174225","20148210360"
"Domaine Bertheau","2017","Chambolle-Musigny, Les Amoureuses, 1er Cru, Domaine Bertheau, Burgundy","2160","Case of 6 Bottles","https://www.bbr.com/products-20178210360-2017-chambolle-musigny-les-amoureuses-1er-cru-domaine-bertheau-burgundy","1174225","20178210360"
"Domaine Bertheau","2018","Chambolle-Musigny, Les Amoureuses, 1er Cru, Domaine Bertheau, Burgundy","1650","Case of 6 Bottles","https://www.bbr.com/products-20188210360-2018-chambolle-musigny-les-amoureuses-1er-cru-domaine-bertheau-burgundy","1174225","20188210360"
"De Vogue","2005","Chambolle-Musigny, Les Amoureuses, 1er Cru, Domaine Comte Georges de Vogue, Burgundy","8000","Case of 6 Bottles","https://www.bbr.com/products-20058019468-2005-chambolle-musigny-les-amoureuses-1er-cru-domaine-comte-georges-de-vogue-burgundy","1026814","20058019468"
"Louis Jadot","2013","Chambolle-Musigny, Les Amoureuses, 1er Cru, Domaine Louis Jadot, Burgundy","1410","Case of 6 Bottles","https://www.bbr.com/products-20138021991-2013-chambolle-musigny-les-amoureuses-1er-cru-domaine-louis-jadot-burgundy","1037933","20138021991"
"Domaine Robert Groffier","2012","Chambolle-Musigny, Les Amoureuses, 1er Cru, Domaine Robert Groffier Pere &amp; Fils, Burgundy","6480","Case of 12 Bottles","https://www.bbr.com/products-20128121835-2012-chambolle-musigny-les-amoureuses-1er-cru-domaine-robert-groffier-pere-and-fils-burgundy","1035939","20128121835"
"Domaine Robert Groffier","2010","Chambolle-Musigny, Les Amoureuses, 1er Cru, Domaine Robert GroffierPere & Fils, Burgundy","6000","Case of 6 Bottles","https://www.bbr.com/products-20108121835-2010-chambolle-musigny-les-amoureuses-1er-cru-domaine-robert-groffierpere-fils-burgundy","1035939","20108121835"
"Domaine Robert Groffier","2010","Chambolle-Musigny, Les Amoureuses, 1er Cru, Domaine Robert GroffierPere & Fils, Burgundy","6000","Case of 6 Bottles","https://www.bbr.com/products-20108121835-2010-chambolle-musigny-les-amoureuses-1er-cru-domaine-robert-groffierpere-fils-burgundy","1035939","20108121835"
"Domaine Robert Groffier","2017","Chambolle-Musigny, Les Amoureuses, 1er Cru, Domaine Robert GroffierPere & Fils, Burgundy","3160","Case of 6 Bottles","https://www.bbr.com/products-20178121835-2017-chambolle-musigny-les-amoureuses-1er-cru-domaine-robert-groffierpere-fils-burgundy","1035939","20178121835"
"Domaine Robert Groffier","2017","Chambolle-Musigny, Les Amoureuses, 1er Cru, Domaine Robert GroffierPere & Fils, Burgundy","2850","Case of 6 Bottles","https://www.bbr.com/products-20178121835-2017-chambolle-musigny-les-amoureuses-1er-cru-domaine-robert-groffierpere-fils-burgundy","1035939","20178121835"
"Domaine de la Pousse D'Or","2012","Chambolle-Musigny, Les Amoureuses, 1er Cru, Domaine de la Pousse D'Or, Burgundy","1523","Case of 6 Bottles","https://www.bbr.com/products-20128113238-2012-chambolle-musigny-les-amoureuses-1er-cru-domaine-de-la-pousse-d-or-burgundy","1178047","20128113238"
"Domaine de la Pousse D'Or","2016","Chambolle-Musigny, Les Amoureuses, 1er Cru, Domaine de la Pousse D'Or, Burgundy","874","Case of 3 Bottles","https://www.bbr.com/products-20168113238-2016-chambolle-musigny-les-amoureuses-1er-cru-domaine-de-la-pousse-d-or-burgundy","1178047","20168113238"
"Domaine de la Pousse D'Or","2017","Chambolle-Musigny, Les Amoureuses, 1er Cru, Domaine de la Pousse D'Or, Burgundy","835","Case of 3 Bottles","https://www.bbr.com/products-20178113238-2017-chambolle-musigny-les-amoureuses-1er-cru-domaine-de-la-pousse-d-or-burgundy","1178047","20178113238"
"Domaine Jacques-Frederic Mugnier","2011","Chambolle-Musigny, Les Amoureuses, 1er Cru, Jacques-Frederic Mugnier, Burgundy","13500","Case of 6 Bottles","https://www.bbr.com/products-20111049642-2011-chambolle-musigny-les-amoureuses-1er-cru-jacques-frederic-mugnier-burgundy","1049642","20111049642"
"Domaine Jacques-Frederic Mugnier","2012","Chambolle-Musigny, Les Amoureuses, 1er Cru, Jacques-Frederic Mugnier, Burgundy","4500","Case of 3 Bottles","https://www.bbr.com/products-20121049642-2012-chambolle-musigny-les-amoureuses-1er-cru-jacques-frederic-mugnier-burgundy","1049642","20121049642"
"Domaine Jacques-Frederic Mugnier","2016","Chambolle-Musigny, Les Amoureuses, 1er Cru, Jacques-Frederic Mugnier, Burgundy","18000","Case of 6 Bottles","https://www.bbr.com/products-20161049642-2016-chambolle-musigny-les-amoureuses-1er-cru-jacques-frederic-mugnier-burgundy","1049642","20161049642"
"Domaine Jacques-Frederic Mugnier","2018","Chambolle-Musigny, Les Amoureuses, 1er Cru, Jacques-Frederic Mugnier, Burgundy","4500","Case of 3 Bottles","https://www.bbr.com/products-20181049642-2018-chambolle-musigny-les-amoureuses-1er-cru-jacques-frederic-mugnier-burgundy","1049642","20181049642"
"Domaine Jacques-Frederic Mugnier","2019","Chambolle-Musigny, Les Amoureuses, 1er Cru, Jacques-Frederic Mugnier, Burgundy","5000","Case of 3 Bottles","https://www.bbr.com/products-20191049642-2019-chambolle-musigny-les-amoureuses-1er-cru-jacques-frederic-mugnier-burgundy","1049642","20191049642"
"Domaine Joseph Faiveley","2020","Chambolle-Musigny, Les Amoureuses, 1er Cru, Joseph Faiveley, Burgundy","1188","Case of 3 Bottles","https://www.bbr.com/products-20208020965-2020-chambolle-musigny-les-amoureuses-1er-cru-joseph-faiveley-burgundy","1228058","20208020965"
"Domaine Joseph Faiveley","2021","Chambolle-Musigny, Les Amoureuses, 1er Cru, Joseph Faiveley, Burgundy","1195","Case of 3 Bottles","https://www.bbr.com/products-20218020965-2021-chambolle-musigny-les-amoureuses-1er-cru-joseph-faiveley-burgundy","1228058","20218020965"
"Domaine Joseph Faiveley","2022","Chambolle-Musigny, Les Amoureuses, 1er Cru, Joseph Faiveley, Burgundy","1100","Case of 3 Bottles","https://www.bbr.com/products-20228020965-2022-chambolle-musigny-les-amoureuses-1er-cru-joseph-faiveley-burgundy","1228058","20228020965"
"Lucien Le Moine","2017","Chambolle-Musigny, Les Amoureuses, 1er Cru, Lucien Le Moine, Burgundy","1920","Case of 6 Bottles","https://www.bbr.com/products-20178218832-2017-chambolle-musigny-les-amoureuses-1er-cru-lucien-le-moine-burgundy","1042496","20178218832"
"Domaine Michele et Patrice Rion","2010","Chambolle-Musigny, Les Amoureuses, 1er Cru, Patrice & Maxime Rion, Burgundy","1500","Case of 6 Bottles","https://www.bbr.com/products-20108025553-2010-chambolle-musigny-les-amoureuses-1er-cru-patrice-maxime-rion-burgundy","1055069","20108025553"
"Domaine Michele et Patrice Rion","2011","Chambolle-Musigny, Les Amoureuses, 1er Cru, Patrice & Maxime Rion, Burgundy","1250","Case of 6 Bottles","https://www.bbr.com/products-20118025553-2011-chambolle-musigny-les-amoureuses-1er-cru-patrice-maxime-rion-burgundy","1055069","20118025553"
"Domaine Michele et Patrice Rion","2012","Chambolle-Musigny, Les Amoureuses, 1er Cru, Patrice & Maxime Rion, Burgundy","1320","Case of 6 Bottles","https://www.bbr.com/products-20128025553-2012-chambolle-musigny-les-amoureuses-1er-cru-patrice-maxime-rion-burgundy","1055069","20128025553"
"Domaine Michele et Patrice Rion","2013","Chambolle-Musigny, Les Amoureuses, 1er Cru, Patrice & Maxime Rion, Burgundy","940","Case of 6 Bottles","https://www.bbr.com/products-20138025553-2013-chambolle-musigny-les-amoureuses-1er-cru-patrice-maxime-rion-burgundy","1055069","20138025553"
"Domaine Michele et Patrice Rion","2014","Chambolle-Musigny, Les Amoureuses, 1er Cru, Patrice & Maxime Rion, Burgundy","1080","Case of 6 Bottles","https://www.bbr.com/products-20148025553-2014-chambolle-musigny-les-amoureuses-1er-cru-patrice-maxime-rion-burgundy","1055069","20148025553"
"Domaine Michele et Patrice Rion","2015","Chambolle-Musigny, Les Amoureuses, 1er Cru, Patrice &amp; Maxime Rion, Burgundy","1700","Case of 6 Bottles","https://www.bbr.com/products-20158025553-2015-chambolle-musigny-les-amoureuses-1er-cru-patrice-and-maxime-rion-burgundy","1055069","20158025553"
"Domaine Fourrier","2017","Chambolle-Musigny, Les Amoureuses, 1er Cru, Vieille Vigne, Jean-Marie Fourrier, Burgundy","3960","Case of 6 Bottles","https://www.bbr.com/products-20178204637-2017-chambolle-musigny-les-amoureuses-1er-cru-vieille-vigne-jean-marie-fourrier-burgundy","1383551","20178204637"
"Domaine Fourrier","2019","Chambolle-Musigny, Les Amoureuses, 1er Cru, Vieille Vigne, Jean-Marie Fourrier, Burgundy","1950","Case of 3 Bottles","https://www.bbr.com/products-20198204637-2019-chambolle-musigny-les-amoureuses-1er-cru-vieille-vigne-jean-marie-fourrier-burgundy","1383551","20198204637"
"Dujac","2020","Chambolle-Musigny, Les Argillieres, Domaine Dujac, Burgundy","3050","Case of 3 Magnums","https://www.bbr.com/products-20208319803-2020-chambolle-musigny-les-argillieres-domaine-dujac-burgundy","3078121","20208319803"
"Domaine Ghislaine Barthod","2007","Chambolle-Musigny, Les Baudes, 1er Cru, Domaine Ghislaine Barthod, Burgundy","810","Case of 6 Bottles","https://www.bbr.com/products-20071019461-2007-chambolle-musigny-les-baudes-1er-cru-domaine-ghislaine-barthod-burgundy","1019461","20071019461"
"Domaine Ghislaine Barthod","2008","Chambolle-Musigny, Les Baudes, 1er Cru, Domaine Ghislaine Barthod, Burgundy","950","Case of 6 Bottles","https://www.bbr.com/products-20081019461-2008-chambolle-musigny-les-baudes-1er-cru-domaine-ghislaine-barthod-burgundy","1019461","20081019461"
"Domaine Ghislaine Barthod","2011","Chambolle-Musigny, Les Baudes, 1er Cru, Domaine Ghislaine Barthod, Burgundy","950","Case of 6 Bottles","https://www.bbr.com/products-20111019461-2011-chambolle-musigny-les-baudes-1er-cru-domaine-ghislaine-barthod-burgundy","1019461","20111019461"
"Domaine Ghislaine Barthod","2013","Chambolle-Musigny, Les Baudes, 1er Cru, Domaine Ghislaine Barthod, Burgundy","890","Case of 6 Bottles","https://www.bbr.com/products-20131019461-2013-chambolle-musigny-les-baudes-1er-cru-domaine-ghislaine-barthod-burgundy","1019461","20131019461"
"Domaine Ghislaine Barthod","2017","Chambolle-Musigny, Les Baudes, 1er Cru, Domaine Ghislaine Barthod, Burgundy","1100","Case of 6 Bottles","https://www.bbr.com/products-20171019461-2017-chambolle-musigny-les-baudes-1er-cru-domaine-ghislaine-barthod-burgundy","1019461","20171019461"
"Domaine Ghislaine Barthod","2018","Chambolle-Musigny, Les Baudes, 1er Cru, Domaine Ghislaine Barthod, Burgundy","795","Case of 6 Bottles","https://www.bbr.com/products-20181019461-2018-chambolle-musigny-les-baudes-1er-cru-domaine-ghislaine-barthod-burgundy","1019461","20181019461"
"Domaine Ghislaine Barthod","2019","Chambolle-Musigny, Les Baudes, 1er Cru, Domaine Ghislaine Barthod, Burgundy","1495","Case of 6 Bottles","https://www.bbr.com/products-20191019461-2019-chambolle-musigny-les-baudes-1er-cru-domaine-ghislaine-barthod-burgundy","1019461","20191019461"
"Domaine Ghislaine Barthod","2020","Chambolle-Musigny, Les Baudes, 1er Cru, Domaine Ghislaine Barthod, Burgundy","1090","Case of 6 Bottles","https://www.bbr.com/products-20201019461-2020-chambolle-musigny-les-baudes-1er-cru-domaine-ghislaine-barthod-burgundy","1019461","20201019461"
"Domaine Ghislaine Barthod","2021","Chambolle-Musigny, Les Baudes, 1er Cru, Domaine Ghislaine Barthod, Burgundy","850","Case of 6 Bottles","https://www.bbr.com/products-20211019461-2021-chambolle-musigny-les-baudes-1er-cru-domaine-ghislaine-barthod-burgundy","1019461","20211019461"
"Domaine Serafin Pere & Fils","2012","Chambolle-Musigny, Les Baudes, 1er Cru, Domaine Serafin Pere & Fils, Burgundy","600","Case of 6 Bottles","https://www.bbr.com/products-20128018126-2012-chambolle-musigny-les-baudes-1er-cru-domaine-serafin-pere-fils-burgundy","1057614","20128018126"
"Domaine Serafin Pere & Fils","2014","Chambolle-Musigny, Les Baudes, 1er Cru, Domaine Serafin Pere & Fils, Burgundy","1105","Case of 12 Bottles","https://www.bbr.com/products-20148018126-2014-chambolle-musigny-les-baudes-1er-cru-domaine-serafin-pere-fils-burgundy","1057614","20148018126"
"Domaine Serafin Pere & Fils","2019","Chambolle-Musigny, Les Baudes, 1er Cru, Domaine Serafin Pere & Fils, Burgundy","980","Case of 6 Bottles","https://www.bbr.com/products-20198018126-2019-chambolle-musigny-les-baudes-1er-cru-domaine-serafin-pere-fils-burgundy","1057614","20198018126"
"Domaine Serafin Pere & Fils","2015","Chambolle-Musigny, Les Baudes, 1er Cru, Domaine Serafin Pere &amp; Fils, Burgundy","670","Case of 6 Bottles","https://www.bbr.com/products-20158018126-2015-chambolle-musigny-les-baudes-1er-cru-domaine-serafin-pere-and-fils-burgundy","1057614","20158018126"
"Domaine Serafin Pere & Fils","2016","Chambolle-Musigny, Les Baudes, 1er Cru, Domaine Serafin Pere &amp; Fils, Burgundy","2100","Case of 6 Bottles","https://www.bbr.com/products-20168018126-2016-chambolle-musigny-les-baudes-1er-cru-domaine-serafin-pere-and-fils-burgundy","1057614","20168018126"
"Domaine Serafin Pere & Fils","2020","Chambolle-Musigny, Les Baudes, 1er Cru, Domaine Serafin Pere &amp; Fils, Burgundy","630","Case of 6 Bottles","https://www.bbr.com/products-20208018126-2020-chambolle-musigny-les-baudes-1er-cru-domaine-serafin-pere-and-fils-burgundy","1057614","20208018126"
"Louis Jadot","2015","Chambolle-Musigny, Les Baudes, 1er Cru, Gagey, Louis Jadot, Burgundy","480","Case of 6 Bottles","https://www.bbr.com/products-20158049418-2015-chambolle-musigny-les-baudes-1er-cru-gagey-louis-jadot-burgundy","1762048","20158049418"
"Domaine Geantet-Pansiot","2017","Chambolle-Musigny, Les Baudes, 1er Cru, Geantet-Pansiot, Burgundy","1040","Case of 12 Bottles","https://www.bbr.com/products-20178051837-2017-chambolle-musigny-les-baudes-1er-cru-geantet-pansiot-burgundy","1033111","20178051837"
"Domaine Geantet-Pansiot","2018","Chambolle-Musigny, Les Baudes, 1er Cru, Geantet-Pansiot, Burgundy","936","Case of 12 Bottles","https://www.bbr.com/products-20188051837-2018-chambolle-musigny-les-baudes-1er-cru-geantet-pansiot-burgundy","1033111","20188051837"
"Domaine Geantet-Pansiot","2019","Chambolle-Musigny, Les Baudes, 1er Cru, Geantet-Pansiot, Burgundy","510","Case of 6 Bottles","https://www.bbr.com/products-20198051837-2019-chambolle-musigny-les-baudes-1er-cru-geantet-pansiot-burgundy","1033111","20198051837"
"Domaine Geantet-Pansiot","2020","Chambolle-Musigny, Les Baudes, 1er Cru, Geantet-Pansiot, Burgundy","520","Case of 6 Bottles","https://www.bbr.com/products-20208051837-2020-chambolle-musigny-les-baudes-1er-cru-geantet-pansiot-burgundy","1033111","20208051837"
"Lucien Le Moine","2014","Chambolle-Musigny, Les Baudes, 1er Cru, Lucien Le Moine, Burgundy","780","Case of 6 Bottles","https://www.bbr.com/products-20148204451-2014-chambolle-musigny-les-baudes-1er-cru-lucien-le-moine-burgundy","1389524","20148204451"
"Lucien Le Moine","2017","Chambolle-Musigny, Les Baudes, 1er Cru, Lucien Le Moine, Burgundy","760","Case of 6 Bottles","https://www.bbr.com/products-20178204451-2017-chambolle-musigny-les-baudes-1er-cru-lucien-le-moine-burgundy","1389524","20178204451"
"Maison Camille Giroud","2018","Chambolle-Musigny, Les Borniques, 1er Cru, Camille Giroud, Burgundy","815","Case of 6 Bottles","https://www.bbr.com/products-20188047270-2018-chambolle-musigny-les-borniques-1er-cru-camille-giroud-burgundy","1867642","20188047270"
"Maison Camille Giroud","2019","Chambolle-Musigny, Les Borniques, 1er Cru, Camille Giroud, Burgundy","600","Case of 6 Bottles","https://www.bbr.com/products-20198047270-2019-chambolle-musigny-les-borniques-1er-cru-camille-giroud-burgundy","1867642","20198047270"
"Maison Camille Giroud","2020","Chambolle-Musigny, Les Borniques, 1er Cru, Camille Giroud, Burgundy","670","Case of 6 Bottles","https://www.bbr.com/products-20208047270-2020-chambolle-musigny-les-borniques-1er-cru-camille-giroud-burgundy","1867642","20208047270"
"Maison Camille Giroud","2021","Chambolle-Musigny, Les Borniques, 1er Cru, Camille Giroud, Burgundy","380","Case of 6 Bottles","https://www.bbr.com/products-20218047270-2021-chambolle-musigny-les-borniques-1er-cru-camille-giroud-burgundy","1867642","20218047270"
"Maison Camille Giroud","2023","Chambolle-Musigny, Les Borniques, 1er Cru, Camille Giroud, Burgundy","770","Case of 6 Bottles","https://www.bbr.com/products-20238047270-2023-chambolle-musigny-les-borniques-1er-cru-camille-giroud-burgundy","1867642","20238047270"
"Domaine Amiot-Servelle","2018","Chambolle-Musigny, Les Borniques, 1er Cru, Domaine Amiot-Servelle, Burgundy","635","Case of 6 Bottles","https://www.bbr.com/products-20188112417-2018-chambolle-musigny-les-borniques-1er-cru-domaine-amiot-servelle-burgundy","1937347","20188112417"
"Philippe & Vincent Lecheneaut","2021","Chambolle-Musigny, Les Borniques, 1er Cru, Domaine Lecheneaut, Burgundy","580","Case of 6 Bottles","https://www.bbr.com/products-20218180926-2021-chambolle-musigny-les-borniques-1er-cru-domaine-lecheneaut-burgundy","2087362","20218180926"
"Hubert Lignier","2014","Chambolle-Musigny, Les Bussieres, Domaine Hubert Lignier, Burgundy","423","Case of 6 Bottles","https://www.bbr.com/products-20148104924-2014-chambolle-musigny-les-bussieres-domaine-hubert-lignier-burgundy","1543036","20148104924"
"Hubert Lignier","2017","Chambolle-Musigny, Les Bussieres, Domaine Hubert Lignier, Burgundy","423","Case of 6 Bottles","https://www.bbr.com/products-20178104924-2017-chambolle-musigny-les-bussieres-domaine-hubert-lignier-burgundy","1543036","20178104924"
"Hubert Lignier","2018","Chambolle-Musigny, Les Bussieres, Domaine Hubert Lignier, Burgundy","604","Case of 6 Bottles","https://www.bbr.com/products-20188104924-2018-chambolle-musigny-les-bussieres-domaine-hubert-lignier-burgundy","1543036","20188104924"
"Albert Bichot","2015","Chambolle-Musigny, Les Chabiots, 1er Cru, Albert Bichot, Burgundy","400","Case of 6 Bottles","https://www.bbr.com/products-20158061454-2015-chambolle-musigny-les-chabiots-1er-cru-albert-bichot-burgundy","1197532","20158061454"
"Albert Bichot","2017","Chambolle-Musigny, Les Chabiots, 1er Cru, Albert Bichot, Burgundy","390","Case of 6 Bottles","https://www.bbr.com/products-20178061454-2017-chambolle-musigny-les-chabiots-1er-cru-albert-bichot-burgundy","1197532","20178061454"
"Domaine Amiot-Servelle","2013","Chambolle-Musigny, Les Charmes, 1er Cru, Domaine Amiot-Servelle, Burgundy","500","Case of 6 Bottles","https://www.bbr.com/products-20138220424-2013-chambolle-musigny-les-charmes-1er-cru-domaine-amiot-servelle-burgundy","1018132","20138220424"
"Domaine Amiot-Servelle","2013","Chambolle-Musigny, Les Charmes, 1er Cru, Domaine Amiot-Servelle, Burgundy","508","Case of 6 Bottles","https://www.bbr.com/products-20138220424-2013-chambolle-musigny-les-charmes-1er-cru-domaine-amiot-servelle-burgundy","1018132","20138220424"
"Domaine Amiot-Servelle","2014","Chambolle-Musigny, Les Charmes, 1er Cru, Domaine Amiot-Servelle, Burgundy","604","Case of 6 Bottles","https://www.bbr.com/products-20148220424-2014-chambolle-musigny-les-charmes-1er-cru-domaine-amiot-servelle-burgundy","1018132","20148220424"
"Domaine Amiot-Servelle","2015","Chambolle-Musigny, Les Charmes, 1er Cru, Domaine Amiot-Servelle, Burgundy","1072","Case of 12 Bottles","https://www.bbr.com/products-20158220424-2015-chambolle-musigny-les-charmes-1er-cru-domaine-amiot-servelle-burgundy","1018132","20158220424"
"Domaine Amiot-Servelle","2017","Chambolle-Musigny, Les Charmes, 1er Cru, Domaine Amiot-Servelle, Burgundy","615","Case of 6 Bottles","https://www.bbr.com/products-20178220424-2017-chambolle-musigny-les-charmes-1er-cru-domaine-amiot-servelle-burgundy","1018132","20178220424"
"Domaine Amiot-Servelle","2018","Chambolle-Musigny, Les Charmes, 1er Cru, Domaine Amiot-Servelle, Burgundy","480","Case of 6 Bottles","https://www.bbr.com/products-20188220424-2018-chambolle-musigny-les-charmes-1er-cru-domaine-amiot-servelle-burgundy","1018132","20188220424"
"Domaine Amiot-Servelle","2019","Chambolle-Musigny, Les Charmes, 1er Cru, Domaine Amiot-Servelle, Burgundy","620","Case of 6 Bottles","https://www.bbr.com/products-20198220424-2019-chambolle-musigny-les-charmes-1er-cru-domaine-amiot-servelle-burgundy","1018132","20198220424"
"Domaine Amiot-Servelle","2020","Chambolle-Musigny, Les Charmes, 1er Cru, Domaine Amiot-Servelle, Burgundy","630","Case of 6 Bottles","https://www.bbr.com/products-20208220424-2020-chambolle-musigny-les-charmes-1er-cru-domaine-amiot-servelle-burgundy","1018132","20208220424"
"Domaine Christian Clerget","2018","Chambolle-Musigny, Les Charmes, 1er Cru, Domaine Christian Clerget, Burgundy","950","Case of 12 Bottles","https://www.bbr.com/products-20188228909-2018-chambolle-musigny-les-charmes-1er-cru-domaine-christian-clerget-burgundy","1025862","20188228909"
"Domaine Bertheau","2020","Chambolle-Musigny, Les Charmes, 1er Cru, Domaine Francois Bertheau, Burgundy","1536","Case of 12 Bottles","https://www.bbr.com/products-20208210373-2020-chambolle-musigny-les-charmes-1er-cru-domaine-francois-bertheau-burgundy","1174212","20208210373"
"Domaine Bertheau","2010","Chambolle-Musigny, Les Charmes, 1er Cru, Domaine Francois Bertheau,Burgundy","580","Case of 6 Bottles","https://www.bbr.com/products-20108210373-2010-chambolle-musigny-les-charmes-1er-cru-domaine-francois-bertheau-burgundy","1174212","20108210373"
"Domaine Ghislaine Barthod","2008","Chambolle-Musigny, Les Charmes, 1er Cru, Domaine Ghislaine Barthod, Burgundy","3000","Case of 12 Bottles","https://www.bbr.com/products-20081019487-2008-chambolle-musigny-les-charmes-1er-cru-domaine-ghislaine-barthod-burgundy","1019487","20081019487"
"Domaine Ghislaine Barthod","2010","Chambolle-Musigny, Les Charmes, 1er Cru, Domaine Ghislaine Barthod, Burgundy","3450","Case of 12 Bottles","https://www.bbr.com/products-20101019487-2010-chambolle-musigny-les-charmes-1er-cru-domaine-ghislaine-barthod-burgundy","1019487","20101019487"
"Domaine Ghislaine Barthod","2017","Chambolle-Musigny, Les Charmes, 1er Cru, Domaine Ghislaine Barthod, Burgundy","265","Case of 1 Bottles","https://www.bbr.com/products-20171019487-2017-chambolle-musigny-les-charmes-1er-cru-domaine-ghislaine-barthod-burgundy","1019487","20171019487"
"Domaine Hudelot-Baillet","2019","Chambolle-Musigny, Les Charmes, 1er Cru, Domaine Hudelot-Baillet, Burgundy","845","Case of 6 Bottles","https://www.bbr.com/products-20198206312-2019-chambolle-musigny-les-charmes-1er-cru-domaine-hudelot-baillet-burgundy","1314713","20198206312"
"Domaine Hudelot-Noellat","2019","Chambolle-Musigny, Les Charmes, 1er Cru, Domaine Hudelot-Noellat, Burgundy","550","Case of 3 Bottles","https://www.bbr.com/products-20198121561-2019-chambolle-musigny-les-charmes-1er-cru-domaine-hudelot-noellat-burgundy","1037311","20198121561"
"Domaine Hudelot-Noellat","2019","Chambolle-Musigny, Les Charmes, 1er Cru, Domaine Hudelot-Noellat, Burgundy","1200","Case of 6 Bottles","https://www.bbr.com/products-20198121561-2019-chambolle-musigny-les-charmes-1er-cru-domaine-hudelot-noellat-burgundy","1037311","20198121561"
"Domaine Michele et Patrice Rion","2013","Chambolle-Musigny, Les Charmes, 1er Cru, Domaine Michele & Patrice Rion, Burgundy","300","Case of 6 Bottles","https://www.bbr.com/products-20131055072-2013-chambolle-musigny-les-charmes-1er-cru-domaine-michele-patrice-rion-burgundy","1055072","20131055072"
"Domaine Michele et Patrice Rion","2006","Chambolle-Musigny, Les Charmes, 1er Cru, Domaine Michele &amp; Patrice Rion, Burgundy","1100","Case of 12 Bottles","https://www.bbr.com/products-20061055072-2006-chambolle-musigny-les-charmes-1er-cru-domaine-michele-and-patrice-rion-burgundy","1055072","20061055072"
"Domaine Michele et Patrice Rion","2009","Chambolle-Musigny, Les Charmes, 1er Cru, Domaine Michele &amp; Patrice Rion, Burgundy","680","Case of 12 Bottles","https://www.bbr.com/products-20091055072-2009-chambolle-musigny-les-charmes-1er-cru-domaine-michele-and-patrice-rion-burgundy","1055072","20091055072"
"Domaine Michele et Patrice Rion","2016","Chambolle-Musigny, Les Charmes, 1er Cru, Domaine Michele &amp; Patrice Rion, Burgundy","400","Case of 6 Bottles","https://www.bbr.com/products-20161055072-2016-chambolle-musigny-les-charmes-1er-cru-domaine-michele-and-patrice-rion-burgundy","1055072","20161055072"
"Domaine Michele et Patrice Rion","2017","Chambolle-Musigny, Les Charmes, 1er Cru, Domaine Michele &amp; Patrice Rion, Burgundy","290","Case of 6 Bottles","https://www.bbr.com/products-20171055072-2017-chambolle-musigny-les-charmes-1er-cru-domaine-michele-and-patrice-rion-burgundy","1055072","20171055072"
"Domaine Michele et Patrice Rion","2018","Chambolle-Musigny, Les Charmes, 1er Cru, Domaine Michele &amp; Patrice Rion, Burgundy","425","Case of 6 Bottles","https://www.bbr.com/products-20181055072-2018-chambolle-musigny-les-charmes-1er-cru-domaine-michele-and-patrice-rion-burgundy","1055072","20181055072"
"Domaine Michele et Patrice Rion","2019","Chambolle-Musigny, Les Charmes, 1er Cru, Domaine Michele &amp; Patrice Rion, Burgundy","465","Case of 6 Bottles","https://www.bbr.com/products-20191055072-2019-chambolle-musigny-les-charmes-1er-cru-domaine-michele-and-patrice-rion-burgundy","1055072","20191055072"
"Domaine Michele et Patrice Rion","2020","Chambolle-Musigny, Les Charmes, 1er Cru, Domaine Michele &amp; Patrice Rion, Burgundy","555","Case of 6 Bottles","https://www.bbr.com/products-20201055072-2020-chambolle-musigny-les-charmes-1er-cru-domaine-michele-and-patrice-rion-burgundy","1055072","20201055072"
"Domaine Ponsot","2002","Chambolle-Musigny, Les Charmes, 1er Cru, Domaine Ponsot, Burgundy","2150","Case of 12 Bottles","https://www.bbr.com/products-20028120506-2002-chambolle-musigny-les-charmes-1er-cru-domaine-ponsot-burgundy","1051452","20028120506"
"Domaine Joseph Faiveley","2018","Chambolle-Musigny, Les Charmes, 1er Cru, Joseph Faiveley, Burgundy","585","Case of 6 Bottles","https://www.bbr.com/products-20188020949-2018-chambolle-musigny-les-charmes-1er-cru-joseph-faiveley-burgundy","1312113","20188020949"
"Lucien Le Moine","2015","Chambolle-Musigny, Les Charmes, 1er Cru, Lucien Le Moine, Burgundy","835","Case of 6 Bottles","https://www.bbr.com/products-20158218829-2015-chambolle-musigny-les-charmes-1er-cru-lucien-le-moine-burgundy","1042500","20158218829"
"Lucien Le Moine","2017","Chambolle-Musigny, Les Charmes, 1er Cru, Lucien Le Moine, Burgundy","1016","Case of 6 Bottles","https://www.bbr.com/products-20178218829-2017-chambolle-musigny-les-charmes-1er-cru-lucien-le-moine-burgundy","1042500","20178218829"
"Domaine Ghislaine Barthod","2013","Chambolle-Musigny, Les Chatelots, 1er Cru, Domaine Ghislaine Barthod, Burgundy","750","Case of 6 Bottles","https://www.bbr.com/products-20131019490-2013-chambolle-musigny-les-chatelots-1er-cru-domaine-ghislaine-barthod-burgundy","1019490","20131019490"
"Domaine Ghislaine Barthod","2014","Chambolle-Musigny, Les Chatelots, 1er Cru, Domaine Ghislaine Barthod, Burgundy","780","Case of 6 Bottles","https://www.bbr.com/products-20141019490-2014-chambolle-musigny-les-chatelots-1er-cru-domaine-ghislaine-barthod-burgundy","1019490","20141019490"
"Domaine Ghislaine Barthod","2020","Chambolle-Musigny, Les Chatelots, 1er Cru, Domaine Ghislaine Barthod, Burgundy","390","Case of 3 Bottles","https://www.bbr.com/products-20201019490-2020-chambolle-musigny-les-chatelots-1er-cru-domaine-ghislaine-barthod-burgundy","1019490","20201019490"
"Domaine Ghislaine Barthod","2021","Chambolle-Musigny, Les Chatelots, 1er Cru, Domaine Ghislaine Barthod, Burgundy","588","Case of 3 Bottles","https://www.bbr.com/products-20211019490-2021-chambolle-musigny-les-chatelots-1er-cru-domaine-ghislaine-barthod-burgundy","1019490","20211019490"
"Domaine Sylvain Cathiard","2005","Chambolle-Musigny, Les Clos de l'Orme, Domaine Sylvain Cathiard, Burgundy","2900","Case of 12 Bottles","https://www.bbr.com/products-20051023565-2005-chambolle-musigny-les-clos-de-l-orme-domaine-sylvain-cathiard-burgundy","1023565","20051023565"
"Domaine Sylvain Cathiard","2012","Chambolle-Musigny, Les Clos de l'Orme, Domaine Sylvain Cathiard, Burgundy","1250","Case of 6 Bottles","https://www.bbr.com/products-20121023565-2012-chambolle-musigny-les-clos-de-l-orme-domaine-sylvain-cathiard-burgundy","1023565","20121023565"
"Domaine Sylvain Cathiard","2017","Chambolle-Musigny, Les Clos de l'Orme, Domaine Sylvain Cathiard, Burgundy","1250","Case of 6 Bottles","https://www.bbr.com/products-20171023565-2017-chambolle-musigny-les-clos-de-l-orme-domaine-sylvain-cathiard-burgundy","1023565","20171023565"
"Domaine Sylvain Cathiard","2019","Chambolle-Musigny, Les Clos de l'Orme, Domaine Sylvain Cathiard, Burgundy","1800","Case of 6 Bottles","https://www.bbr.com/products-20191023565-2019-chambolle-musigny-les-clos-de-l-orme-domaine-sylvain-cathiard-burgundy","1023565","20191023565"
"Domaine Sylvain Cathiard","2020","Chambolle-Musigny, Les Clos de l'Orme, Domaine Sylvain Cathiard, Burgundy","1150","Case of 6 Bottles","https://www.bbr.com/products-20201023565-2020-chambolle-musigny-les-clos-de-l-orme-domaine-sylvain-cathiard-burgundy","1023565","20201023565"
"Domaine Sylvain Cathiard","2021","Chambolle-Musigny, Les Clos de l'Orme, Domaine Sylvain Cathiard, Burgundy","1125","Case of 6 Bottles","https://www.bbr.com/products-20211023565-2021-chambolle-musigny-les-clos-de-l-orme-domaine-sylvain-cathiard-burgundy","1023565","20211023565"
"Domaine Sylvain Cathiard","2023","Chambolle-Musigny, Les Clos de l'Orme, Domaine Sylvain Cathiard, Burgundy","1000","Case of 6 Bottles","https://www.bbr.com/products-20231023565-2023-chambolle-musigny-les-clos-de-l-orme-domaine-sylvain-cathiard-burgundy","1023565","20231023565"
"Domaine Sylvain Cathiard","2023","Chambolle-Musigny, Les Clos de l'Orme, Domaine Sylvain Cathiard, Burgundy","850","Case of 6 Bottles","https://www.bbr.com/products-20231023565-2023-chambolle-musigny-les-clos-de-l-orme-domaine-sylvain-cathiard-burgundy","1023565","20231023565"
"Domaine Georges & Christophe Roumier","2011","Chambolle-Musigny, Les Combottes, 1er Cru, Domaine Georges Roumier, Burgundy","4500","Case of 6 Bottles","https://www.bbr.com/products-20118227146-2011-chambolle-musigny-les-combottes-1er-cru-domaine-georges-roumier-burgundy","1056848","20118227146"
"Domaine Georges & Christophe Roumier","2012","Chambolle-Musigny, Les Combottes, 1er Cru, Domaine Georges Roumier, Burgundy","3700","Case of 6 Bottles","https://www.bbr.com/products-20128227146-2012-chambolle-musigny-les-combottes-1er-cru-domaine-georges-roumier-burgundy","1056848","20128227146"
"Domaine Ghislaine Barthod","2017","Chambolle-Musigny, Les Combottes, 1er Cru, Domaine Ghislaine Barthod, Burgundy","975","Case of 6 Bottles","https://www.bbr.com/products-20171123917-2017-chambolle-musigny-les-combottes-1er-cru-domaine-ghislaine-barthod-burgundy","1123917","20171123917"
"Remoissenet Pere et Fils","2018","Chambolle-Musigny, Les Combottes, 1er Cru, Remoissenet Pere &amp; Fils, Burgundy","700","Case of 6 Bottles","https://www.bbr.com/products-20188243920-2018-chambolle-musigny-les-combottes-1er-cru-remoissenet-pere-and-fils-burgundy","1923995","20188243920"
"Domaine Georges & Christophe Roumier","2005","Chambolle-Musigny, Les Cras, 1er Cru, Domaine Georges Roumier, Burgundy","4250","Case of 6 Bottles","https://www.bbr.com/products-20058014711-2005-chambolle-musigny-les-cras-1er-cru-domaine-georges-roumier-burgundy","1056851","20058014711"
"Domaine Georges & Christophe Roumier","2007","Chambolle-Musigny, Les Cras, 1er Cru, Domaine Georges Roumier, Burgundy","2700","Case of 6 Bottles","https://www.bbr.com/products-20078014711-2007-chambolle-musigny-les-cras-1er-cru-domaine-georges-roumier-burgundy","1056851","20078014711"
"Domaine Georges & Christophe Roumier","2013","Chambolle-Musigny, Les Cras, 1er Cru, Domaine Georges Roumier, Burgundy","2560","Case of 6 Bottles","https://www.bbr.com/products-20138014711-2013-chambolle-musigny-les-cras-1er-cru-domaine-georges-roumier-burgundy","1056851","20138014711"
"Domaine Georges & Christophe Roumier","2014","Chambolle-Musigny, Les Cras, 1er Cru, Domaine Georges Roumier, Burgundy","2500","Case of 6 Bottles","https://www.bbr.com/products-20148014711-2014-chambolle-musigny-les-cras-1er-cru-domaine-georges-roumier-burgundy","1056851","20148014711"
"Domaine Georges & Christophe Roumier","2015","Chambolle-Musigny, Les Cras, 1er Cru, Domaine Georges Roumier, Burgundy","2380","Case of 3 Bottles","https://www.bbr.com/products-20158014711-2015-chambolle-musigny-les-cras-1er-cru-domaine-georges-roumier-burgundy","1056851","20158014711"
"Domaine Georges & Christophe Roumier","2018","Chambolle-Musigny, Les Cras, 1er Cru, Domaine Georges Roumier, Burgundy","2150","Case of 3 Bottles","https://www.bbr.com/products-20188014711-2018-chambolle-musigny-les-cras-1er-cru-domaine-georges-roumier-burgundy","1056851","20188014711"
"Domaine Georges & Christophe Roumier","2018","Chambolle-Musigny, Les Cras, 1er Cru, Domaine Georges Roumier, Burgundy","3000","Case of 6 Bottles","https://www.bbr.com/products-20188014711-2018-chambolle-musigny-les-cras-1er-cru-domaine-georges-roumier-burgundy","1056851","20188014711"
"Domaine Georges & Christophe Roumier","2023","Chambolle-Musigny, Les Cras, 1er Cru, Domaine Georges Roumier, Burgundy","2000","Case of 3 Bottles","https://www.bbr.com/products-20238014711-2023-chambolle-musigny-les-cras-1er-cru-domaine-georges-roumier-burgundy","1056851","20238014711"
"Domaine Ghislaine Barthod","2004","Chambolle-Musigny, Les Cras, 1er Cru, Domaine Ghislaine Barthod, Burgundy","1745","Case of 12 Bottles","https://www.bbr.com/products-20041019504-2004-chambolle-musigny-les-cras-1er-cru-domaine-ghislaine-barthod-burgundy","1019504","20041019504"
"Domaine Ghislaine Barthod","2016","Chambolle-Musigny, Les Cras, 1er Cru, Domaine Ghislaine Barthod, Burgundy","1150","Case of 6 Bottles","https://www.bbr.com/products-20161019504-2016-chambolle-musigny-les-cras-1er-cru-domaine-ghislaine-barthod-burgundy","1019504","20161019504"
"Domaine Ghislaine Barthod","2016","Chambolle-Musigny, Les Cras, 1er Cru, Domaine Ghislaine Barthod, Burgundy","600","Case of 3 Bottles","https://www.bbr.com/products-20161019504-2016-chambolle-musigny-les-cras-1er-cru-domaine-ghislaine-barthod-burgundy","1019504","20161019504"
"Domaine Ghislaine Barthod","2017","Chambolle-Musigny, Les Cras, 1er Cru, Domaine Ghislaine Barthod, Burgundy","1500","Case of 6 Bottles","https://www.bbr.com/products-20171019504-2017-chambolle-musigny-les-cras-1er-cru-domaine-ghislaine-barthod-burgundy","1019504","20171019504"
"Domaine Ghislaine Barthod","2017","Chambolle-Musigny, Les Cras, 1er Cru, Domaine Ghislaine Barthod, Burgundy","850","Case of 6 Bottles","https://www.bbr.com/products-20171019504-2017-chambolle-musigny-les-cras-1er-cru-domaine-ghislaine-barthod-burgundy","1019504","20171019504"
"Domaine Ghislaine Barthod","2021","Chambolle-Musigny, Les Cras, 1er Cru, Domaine Ghislaine Barthod, Burgundy","1050","Case of 6 Bottles","https://www.bbr.com/products-20211019504-2021-chambolle-musigny-les-cras-1er-cru-domaine-ghislaine-barthod-burgundy","1019504","20211019504"
"Domaine Ghislaine Barthod","2010","Chambolle-Musigny, Les Cras, 1er Cru, Domaine Ghislaine Barthod,Burgundy","1820","Case of 6 Bottles","https://www.bbr.com/products-20101019504-2010-chambolle-musigny-les-cras-1er-cru-domaine-ghislaine-barthod-burgundy","1019504","20101019504"
"Domaine Michele et Patrice Rion","2007","Chambolle-Musigny, Les Cras, Domaine Michele & Patrice Rion, Burgundy","580","Case of 12 Bottles","https://www.bbr.com/products-20071055085-2007-chambolle-musigny-les-cras-domaine-michele-patrice-rion-burgundy","1055085","20071055085"
"Domaine Michele et Patrice Rion","2008","Chambolle-Musigny, Les Cras, Domaine Michele & Patrice Rion, Burgundy","700","Case of 12 Bottles","https://www.bbr.com/products-20081055085-2008-chambolle-musigny-les-cras-domaine-michele-patrice-rion-burgundy","1055085","20081055085"
"Domaine Michele et Patrice Rion","2003","Chambolle-Musigny, Les Cras, Domaine Michele &amp; Patrice Rion, Burgundy","600","Case of 12 Bottles","https://www.bbr.com/products-20031055085-2003-chambolle-musigny-les-cras-domaine-michele-and-patrice-rion-burgundy","1055085","20031055085"
"Domaine Michele et Patrice Rion","2010","Chambolle-Musigny, Les Cras, Domaine Michele &amp; Patrice Rion, Burgundy","720","Case of 12 Bottles","https://www.bbr.com/products-20101055085-2010-chambolle-musigny-les-cras-domaine-michele-and-patrice-rion-burgundy","1055085","20101055085"
"Domaine Michele et Patrice Rion","2015","Chambolle-Musigny, Les Cras, Domaine Michele &amp; Patrice Rion, Burgundy","290","Case of 6 Bottles","https://www.bbr.com/products-20151055085-2015-chambolle-musigny-les-cras-domaine-michele-and-patrice-rion-burgundy","1055085","20151055085"
"Domaine Michele et Patrice Rion","2016","Chambolle-Musigny, Les Cras, Domaine Michele &amp; Patrice Rion, Burgundy","255","Case of 6 Bottles","https://www.bbr.com/products-20161055085-2016-chambolle-musigny-les-cras-domaine-michele-and-patrice-rion-burgundy","1055085","20161055085"
"Domaine Michele et Patrice Rion","2017","Chambolle-Musigny, Les Cras, Domaine Michele &amp; Patrice Rion, Burgundy","560","Case of 12 Bottles","https://www.bbr.com/products-20171055085-2017-chambolle-musigny-les-cras-domaine-michele-and-patrice-rion-burgundy","1055085","20171055085"
"Domaine Michele et Patrice Rion","2018","Chambolle-Musigny, Les Cras, Domaine Michele &amp; Patrice Rion, Burgundy","630","Case of 12 Bottles","https://www.bbr.com/products-20181055085-2018-chambolle-musigny-les-cras-domaine-michele-and-patrice-rion-burgundy","1055085","20181055085"
"Domaine Michele et Patrice Rion","2019","Chambolle-Musigny, Les Cras, Domaine Michele &amp; Patrice Rion, Burgundy","710","Case of 12 Bottles","https://www.bbr.com/products-20191055085-2019-chambolle-musigny-les-cras-domaine-michele-and-patrice-rion-burgundy","1055085","20191055085"
"Domaine Michele et Patrice Rion","2020","Chambolle-Musigny, Les Cras, Domaine Michele &amp; Patrice Rion, Burgundy","330","Case of 6 Bottles","https://www.bbr.com/products-20201055085-2020-chambolle-musigny-les-cras-domaine-michele-and-patrice-rion-burgundy","1055085","20201055085"
"Domaine Michele et Patrice Rion","2023","Chambolle-Musigny, Les Cras, Domaine Michele &amp; Patrice Rion, Burgundy","650","Case of 6 Bottles","https://www.bbr.com/products-20231055085-2023-chambolle-musigny-les-cras-domaine-michele-and-patrice-rion-burgundy","1055085","20231055085"
"Meo-Camuzet","2013","Chambolle-Musigny, Les Cras, Meo-Camuzet Frere & Soeurs, Burgundy","870","Case of 6 Bottles","https://www.bbr.com/products-20131046670-2013-chambolle-musigny-les-cras-meo-camuzet-frere-soeurs-burgundy","1046670","20131046670"
"Meo-Camuzet","2017","Chambolle-Musigny, Les Cras, Meo-Camuzet Frere & Soeurs, Burgundy","756","Case of 6 Bottles","https://www.bbr.com/products-20171046670-2017-chambolle-musigny-les-cras-meo-camuzet-frere-soeurs-burgundy","1046670","20171046670"
"Meo-Camuzet","2018","Chambolle-Musigny, Les Cras, Meo-Camuzet Frere & Soeurs, Burgundy","790","Case of 6 Bottles","https://www.bbr.com/products-20181046670-2018-chambolle-musigny-les-cras-meo-camuzet-frere-soeurs-burgundy","1046670","20181046670"
"Meo-Camuzet","2019","Chambolle-Musigny, Les Cras, Meo-Camuzet Frere & Soeurs, Burgundy","987","Case of 6 Bottles","https://www.bbr.com/products-20191046670-2019-chambolle-musigny-les-cras-meo-camuzet-frere-soeurs-burgundy","1046670","20191046670"
"Meo-Camuzet","2020","Chambolle-Musigny, Les Cras, Meo-Camuzet Frere &amp; Soeurs, Burgundy","829","Case of 6 Bottles","https://www.bbr.com/products-20201046670-2020-chambolle-musigny-les-cras-meo-camuzet-frere-and-soeurs-burgundy","1046670","20201046670"
"Domaine Felettig","2021","Chambolle-Musigny, Les Feusselottes, 1er Cru, Domaine Gilbert & Christine Felettig, Burgundy","710","Case of 6 Bottles","https://www.bbr.com/products-20218240482-2021-chambolle-musigny-les-feusselottes-1er-cru-domaine-gilbert-christine-felettig-burgundy","1273120","20218240482"
"Domaine Geantet-Pansiot","2017","Chambolle-Musigny, Les Feusselottes, 1er Cru, Geantet-Pansiot, Burgundy","925","Case of 12 Bottles","https://www.bbr.com/products-20178040398-2017-chambolle-musigny-les-feusselottes-1er-cru-geantet-pansiot-burgundy","1033124","20178040398"
"Domaine Geantet-Pansiot","2018","Chambolle-Musigny, Les Feusselottes, 1er Cru, Geantet-Pansiot, Burgundy","1185","Case of 12 Bottles","https://www.bbr.com/products-20188040398-2018-chambolle-musigny-les-feusselottes-1er-cru-geantet-pansiot-burgundy","1033124","20188040398"
"Domaine Geantet-Pansiot","2019","Chambolle-Musigny, Les Feusselottes, 1er Cru, Geantet-Pansiot, Burgundy","508","Case of 6 Bottles","https://www.bbr.com/products-20198040398-2019-chambolle-musigny-les-feusselottes-1er-cru-geantet-pansiot-burgundy","1033124","20198040398"
"Domaine Geantet-Pansiot","2020","Chambolle-Musigny, Les Feusselottes, 1er Cru, Geantet-Pansiot, Burgundy","705","Case of 6 Bottles","https://www.bbr.com/products-20208040398-2020-chambolle-musigny-les-feusselottes-1er-cru-geantet-pansiot-burgundy","1033124","20208040398"
"Lucien Le Moine","2018","Chambolle-Musigny, Les Feusselottes, 1er Cru, Lucien Le Moine, Burgundy","950","Case of 6 Bottles","https://www.bbr.com/products-20188112619-2018-chambolle-musigny-les-feusselottes-1er-cru-lucien-le-moine-burgundy","1214941","20188112619"
"Pierre Girardin","2020","Chambolle-Musigny, Les Feusselottes, 1er Cru, Pierre Girardin, Burgundy","600","Case of 6 Bottles","https://www.bbr.com/products-20208081728-2020-chambolle-musigny-les-feusselottes-1er-cru-pierre-girardin-burgundy","2322773","20208081728"
"Domaine Thibault Liger-Belair","2020","Chambolle-Musigny, Les Foucheres, Thibault Liger-Belair, Burgundy","539","Case of 6 Bottles","https://www.bbr.com/products-20208227986-2020-chambolle-musigny-les-foucheres-thibault-liger-belair-burgundy","1962389","20208227986"
"Digioia-Royer","2021","Chambolle-Musigny, Les Fremieres, Vieilles Vignes, Domaine Digioia-Royer, Burgundy","400","Case of 6 Bottles","https://www.bbr.com/products-20211489716-2021-chambolle-musigny-les-fremieres-vieilles-vignes-domaine-digioia-royer-burgundy","1489716","20211489716"
"Maxime Cheurlin Noellat","2018","Chambolle-Musigny, Les Fuesselottes, 1er Cru, Maxime Cheurlin Noellat, Burgundy","995","Case of 6 Bottles","https://www.bbr.com/products-20188202822-2018-chambolle-musigny-les-fuesselottes-1er-cru-maxime-cheurlin-noellat-burgundy","1520790","20188202822"
"Domaine Amiot-Servelle","2014","Chambolle-Musigny, Les Fuees, 1er Cru, Domaine Amiot-Servelle, Burgundy","590","Case of 6 Bottles","https://www.bbr.com/products-20148202226-2014-chambolle-musigny-les-fuees-1er-cru-domaine-amiot-servelle-burgundy","1534243","20148202226"
"Domaine Amiot-Servelle","2018","Chambolle-Musigny, Les Fuees, 1er Cru, Domaine Amiot-Servelle, Burgundy","440","Case of 6 Bottles","https://www.bbr.com/products-20188202226-2018-chambolle-musigny-les-fuees-1er-cru-domaine-amiot-servelle-burgundy","1534243","20188202226"
"Louis Jadot","2021","Chambolle-Musigny, Les Fuees, 1er Cru, Domaine Louis Jadot, Burgundy","259","Case of 3 Bottles","https://www.bbr.com/products-20218022002-2021-chambolle-musigny-les-fuees-1er-cru-domaine-louis-jadot-burgundy","1037975","20218022002"
"Domaine Jacques-Frederic Mugnier","2007","Chambolle-Musigny, Les Fuees, 1er Cru, Jacques-Frederic Mugnier, Burgundy","3600","Case of 6 Bottles","https://www.bbr.com/products-20071049655-2007-chambolle-musigny-les-fuees-1er-cru-jacques-frederic-mugnier-burgundy","1049655","20071049655"
"Domaine Jacques-Frederic Mugnier","2014","Chambolle-Musigny, Les Fuees, 1er Cru, Jacques-Frederic Mugnier, Burgundy","3420","Case of 6 Bottles","https://www.bbr.com/products-20141049655-2014-chambolle-musigny-les-fuees-1er-cru-jacques-frederic-mugnier-burgundy","1049655","20141049655"
"Domaine Jacques-Frederic Mugnier","2015","Chambolle-Musigny, Les Fuees, 1er Cru, Jacques-Frederic Mugnier, Burgundy","4200","Case of 6 Bottles","https://www.bbr.com/products-20151049655-2015-chambolle-musigny-les-fuees-1er-cru-jacques-frederic-mugnier-burgundy","1049655","20151049655"
"Domaine Jacques-Frederic Mugnier","2017","Chambolle-Musigny, Les Fuees, 1er Cru, Jacques-Frederic Mugnier, Burgundy","3230","Case of 6 Bottles","https://www.bbr.com/products-20171049655-2017-chambolle-musigny-les-fuees-1er-cru-jacques-frederic-mugnier-burgundy","1049655","20171049655"
"Domaine Jacques-Frederic Mugnier","2018","Chambolle-Musigny, Les Fuees, 1er Cru, Jacques-Frederic Mugnier, Burgundy","1700","Case of 3 Bottles","https://www.bbr.com/products-20181049655-2018-chambolle-musigny-les-fuees-1er-cru-jacques-frederic-mugnier-burgundy","1049655","20181049655"
"Domaine Jacques-Frederic Mugnier","2020","Chambolle-Musigny, Les Fuees, 1er Cru, Jacques-Frederic Mugnier, Burgundy","1490","Case of 3 Bottles","https://www.bbr.com/products-20201049655-2020-chambolle-musigny-les-fuees-1er-cru-jacques-frederic-mugnier-burgundy","1049655","20201049655"
"Domaine Michele et Patrice Rion","2010","Chambolle-Musigny, Les Fuees, 1er Cru, Patrice & Maxime Rion, Burgundy","1695","Case of 12 Bottles","https://www.bbr.com/products-20108025582-2010-chambolle-musigny-les-fuees-1er-cru-patrice-maxime-rion-burgundy","1055098","20108025582"
"Domaine Michele et Patrice Rion","2015","Chambolle-Musigny, Les Fuees, 1er Cru, Patrice & Maxime Rion, Burgundy","425","Case of 6 Bottles","https://www.bbr.com/products-20158025582-2015-chambolle-musigny-les-fuees-1er-cru-patrice-maxime-rion-burgundy","1055098","20158025582"
"Domaine Michele et Patrice Rion","2009","Chambolle-Musigny, Les Fuees, 1er Cru, Patrice &amp; Maxime Rion, Burgundy","1475","Case of 12 Bottles","https://www.bbr.com/products-20098025582-2009-chambolle-musigny-les-fuees-1er-cru-patrice-and-maxime-rion-burgundy","1055098","20098025582"
"Domaine Michele et Patrice Rion","2012","Chambolle-Musigny, Les Fuees, 1er Cru, Patrice &amp; Maxime Rion, Burgundy","400","Case of 6 Bottles","https://www.bbr.com/products-20128025582-2012-chambolle-musigny-les-fuees-1er-cru-patrice-and-maxime-rion-burgundy","1055098","20128025582"
"Boursot Pere & Fils","2019","Chambolle-Musigny, Les Fuees, 1er Cru, Vieille Vigne, Boursot Pere & Fil Burgundy","585","Case of 6 Bottles","https://www.bbr.com/products-20198164386-2019-chambolle-musigny-les-fuees-1er-cru-vieille-vigne-boursot-pere-fil-burgundy","1537794","20198164386"
"Domaine de la Pousse D'Or","2011","Chambolle-Musigny, Les Groseilles, 1er Cru, La Pousse d'Or, Burgundy","1083","Case of 12 Bottles","https://www.bbr.com/products-20118111508-2011-chambolle-musigny-les-groseilles-1er-cru-la-pousse-d-or-burgundy","1230608","20118111508"
"Domaine de la Pousse D'Or","2017","Chambolle-Musigny, Les Groseilles, 1er Cru, La Pousse d'Or, Burgundy","1387","Case of 12 Bottles","https://www.bbr.com/products-20178111508-2017-chambolle-musigny-les-groseilles-1er-cru-la-pousse-d-or-burgundy","1230608","20178111508"
"Domaine de la Pousse D'Or","2018","Chambolle-Musigny, Les Groseilles, 1er Cru, La Pousse d'Or, Burgundy","1150","Case of 12 Bottles","https://www.bbr.com/products-20188111508-2018-chambolle-musigny-les-groseilles-1er-cru-la-pousse-d-or-burgundy","1230608","20188111508"
"Domaine de la Pousse D'Or","2019","Chambolle-Musigny, Les Groseilles, 1er Cru, La Pousse d'Or, Burgundy","547","Case of 6 Bottles","https://www.bbr.com/products-20198111508-2019-chambolle-musigny-les-groseilles-1er-cru-la-pousse-d-or-burgundy","1230608","20198111508"
"Domaine de la Pousse D'Or","2020","Chambolle-Musigny, Les Groseilles, 1er Cru, La Pousse d'Or, Burgundy","581","Case of 6 Bottles","https://www.bbr.com/products-20208111508-2020-chambolle-musigny-les-groseilles-1er-cru-la-pousse-d-or-burgundy","1230608","20208111508"
"David Duband","2011","Chambolle-Musigny, Les Gruenchers, 1er Cru, David Duband, Burgundy","1354","Case of 12 Bottles","https://www.bbr.com/products-20118207218-2011-chambolle-musigny-les-gruenchers-1er-cru-david-duband-burgundy","1277261","20118207218"
"David Duband","2014","Chambolle-Musigny, Les Gruenchers, 1er Cru, David Duband, Burgundy","895","Case of 12 Bottles","https://www.bbr.com/products-20148207218-2014-chambolle-musigny-les-gruenchers-1er-cru-david-duband-burgundy","1277261","20148207218"
"David Duband","2018","Chambolle-Musigny, Les Gruenchers, 1er Cru, David Duband, Burgundy","462","Case of 6 Bottles","https://www.bbr.com/products-20188207218-2018-chambolle-musigny-les-gruenchers-1er-cru-david-duband-burgundy","1277261","20188207218"
"Dujac","2009","Chambolle-Musigny, Les Gruenchers, 1er Cru, Domaine Dujac, Burgundy","2320","Case of 6 Bottles","https://www.bbr.com/products-20098227393-2009-chambolle-musigny-les-gruenchers-1er-cru-domaine-dujac-burgundy","1030527","20098227393"
"Dujac","2011","Chambolle-Musigny, Les Gruenchers, 1er Cru, Domaine Dujac, Burgundy","2100","Case of 6 Bottles","https://www.bbr.com/products-20118227393-2011-chambolle-musigny-les-gruenchers-1er-cru-domaine-dujac-burgundy","1030527","20118227393"
"Dujac","2014","Chambolle-Musigny, Les Gruenchers, 1er Cru, Domaine Dujac, Burgundy","1900","Case of 6 Bottles","https://www.bbr.com/products-20148227393-2014-chambolle-musigny-les-gruenchers-1er-cru-domaine-dujac-burgundy","1030527","20148227393"
"Dujac","2017","Chambolle-Musigny, Les Gruenchers, 1er Cru, Domaine Dujac, Burgundy","1825","Case of 6 Bottles","https://www.bbr.com/products-20178227393-2017-chambolle-musigny-les-gruenchers-1er-cru-domaine-dujac-burgundy","1030527","20178227393"
"Dujac","2018","Chambolle-Musigny, Les Gruenchers, 1er Cru, Domaine Dujac, Burgundy","1450","Case of 6 Bottles","https://www.bbr.com/products-20188227393-2018-chambolle-musigny-les-gruenchers-1er-cru-domaine-dujac-burgundy","1030527","20188227393"
"Dujac","2022","Chambolle-Musigny, Les Gruenchers, 1er Cru, Domaine Dujac, Burgundy","975","Case of 3 Bottles","https://www.bbr.com/products-20228227393-2022-chambolle-musigny-les-gruenchers-1er-cru-domaine-dujac-burgundy","1030527","20228227393"
"Domaine Ghislaine Barthod","2018","Chambolle-Musigny, Les Gruenchers, 1er Cru, Domaine Ghislaine Barthod, Burgundy","895","Case of 6 Bottles","https://www.bbr.com/products-20181131660-2018-chambolle-musigny-les-gruenchers-1er-cru-domaine-ghislaine-barthod-burgundy","1131660","20181131660"
"Domaine Thibault Liger-Belair","2005","Chambolle-Musigny, Les Gruenchers, 1er Cru, Thibault Liger-Belair Successeurs, Burgundy","2700","Case of 12 Bottles","https://www.bbr.com/products-20058022477-2005-chambolle-musigny-les-gruenchers-1er-cru-thibault-liger-belair-successeurs-burgundy","1044849","20058022477"
"Domaine Thibault Liger-Belair","2012","Chambolle-Musigny, Les Gruenchers, 1er Cru, Thibault Liger-BelairSuccesseurs, Burgundy","498","Case of 6 Bottles","https://www.bbr.com/products-20128022477-2012-chambolle-musigny-les-gruenchers-1er-cru-thibault-liger-belairsuccesseurs-burgundy","1044849","20128022477"
"Domaine Thibault Liger-Belair","2013","Chambolle-Musigny, Les Gruenchers, 1er Cru, Thibault Liger-BelairSuccesseurs, Burgundy","798","Case of 6 Bottles","https://www.bbr.com/products-20138022477-2013-chambolle-musigny-les-gruenchers-1er-cru-thibault-liger-belairsuccesseurs-burgundy","1044849","20138022477"
"Domaine Thibault Liger-Belair","2014","Chambolle-Musigny, Les Gruenchers, 1er Cru, Thibault Liger-BelairSuccesseurs, Burgundy","695","Case of 6 Bottles","https://www.bbr.com/products-20148022477-2014-chambolle-musigny-les-gruenchers-1er-cru-thibault-liger-belairsuccesseurs-burgundy","1044849","20148022477"
"Domaine Fourrier","2013","Chambolle-Musigny, Les Gruenchers, Vieille Vigne, 1er Cru, Domaine Fourrier, Burgundy","950","Case of 6 Bottles","https://www.bbr.com/products-20138227377-2013-chambolle-musigny-les-gruenchers-vieille-vigne-1er-cru-domaine-fourrier-burgundy","1032260","20138227377"
"Lucien Le Moine","2014","Chambolle-Musigny, Les Hauts Doix, 1er Cru, Lucien Le Moine, Burgundy","860","Case of 6 Bottles","https://www.bbr.com/products-20148218816-2014-chambolle-musigny-les-hauts-doix-1er-cru-lucien-le-moine-burgundy","1042513","20148218816"
"Lucien Le Moine","2016","Chambolle-Musigny, Les Hauts Doix, 1er Cru, Lucien Le Moine, Burgundy","955","Case of 6 Bottles","https://www.bbr.com/products-20168218816-2016-chambolle-musigny-les-hauts-doix-1er-cru-lucien-le-moine-burgundy","1042513","20168218816"
"Lucien Le Moine","2020","Chambolle-Musigny, Les Hauts Doix, 1er Cru, Lucien Le Moine, Burgundy","1100","Case of 6 Bottles","https://www.bbr.com/products-20208218816-2020-chambolle-musigny-les-hauts-doix-1er-cru-lucien-le-moine-burgundy","1042513","20208218816"
"Domaine Robert Groffier","2019","Chambolle-Musigny, Les Hauts-Doix, 1er Cru, Domaine Robert Groffier Pere & Fils, Burgundy","1298","Case of 6 Bottles","https://www.bbr.com/products-20198121822-2019-chambolle-musigny-les-hauts-doix-1er-cru-domaine-robert-groffier-pere-fils-burgundy","1035942","20198121822"
"Domaine Robert Groffier","2013","Chambolle-Musigny, Les Hauts-Doix, 1er Cru, Domaine Robert Groffier Pere &amp; Fils, Burgundy","1785","Case of 12 Bottles","https://www.bbr.com/products-20138121822-2013-chambolle-musigny-les-hauts-doix-1er-cru-domaine-robert-groffier-pere-and-fils-burgundy","1035942","20138121822"
"Olivier Bernstein","2012","Chambolle-Musigny, Les Lavrottes, 1er Cru, Olivier Bernstein, Burgundy","720","Case of 6 Bottles","https://www.bbr.com/products-20128007977-2012-chambolle-musigny-les-lavrottes-1er-cru-olivier-bernstein-burgundy","1126123","20128007977"
"Olivier Bernstein","2012","Chambolle-Musigny, Les Lavrottes, 1er Cru, Olivier Bernstein, Burgundy","710","Case of 6 Bottles","https://www.bbr.com/products-20128007977-2012-chambolle-musigny-les-lavrottes-1er-cru-olivier-bernstein-burgundy","1126123","20128007977"
"Olivier Bernstein","2015","Chambolle-Musigny, Les Lavrottes, 1er Cru, Olivier Bernstein, Burgundy","740","Case of 6 Bottles","https://www.bbr.com/products-20158007977-2015-chambolle-musigny-les-lavrottes-1er-cru-olivier-bernstein-burgundy","1126123","20158007977"
"Olivier Bernstein","2016","Chambolle-Musigny, Les Lavrottes, 1er Cru, Olivier Bernstein, Burgundy","795","Case of 6 Bottles","https://www.bbr.com/products-20168007977-2016-chambolle-musigny-les-lavrottes-1er-cru-olivier-bernstein-burgundy","1126123","20168007977"
"Bouchard Pere & Fils","2020","Chambolle-Musigny, Les Noirots, 1er Cru, Bouchard Pere &amp; Fils, Burgundy","360","Case of 6 Bottles","https://www.bbr.com/products-20208149219-2020-chambolle-musigny-les-noirots-1er-cru-bouchard-pere-and-fils-burgundy","1197952","20208149219"
"Bouchard Pere & Fils","2021","Chambolle-Musigny, Les Noirots, 1er Cru, Bouchard Pere &amp; Fils, Burgundy","370","Case of 6 Bottles","https://www.bbr.com/products-20218149219-2021-chambolle-musigny-les-noirots-1er-cru-bouchard-pere-and-fils-burgundy","1197952","20218149219"
"Bouchard Pere & Fils","2022","Chambolle-Musigny, Les Noirots, 1er Cru, Bouchard Pere &amp; Fils, Burgundy","600","Case of 6 Bottles","https://www.bbr.com/products-20228149219-2022-chambolle-musigny-les-noirots-1er-cru-bouchard-pere-and-fils-burgundy","1197952","20228149219"
"Domaine Amiot-Servelle","2014","Chambolle-Musigny, Les Plantes, 1er Cru, Domaine Amiot-Servelle, Burgundy","480","Case of 6 Bottles","https://www.bbr.com/products-20148212393-2014-chambolle-musigny-les-plantes-1er-cru-domaine-amiot-servelle-burgundy","1125689","20148212393"
"Domaine Amiot-Servelle","2014","Chambolle-Musigny, Les Plantes, 1er Cru, Domaine Amiot-Servelle, Burgundy","960","Case of 12 Bottles","https://www.bbr.com/products-20148212393-2014-chambolle-musigny-les-plantes-1er-cru-domaine-amiot-servelle-burgundy","1125689","20148212393"
"Domaine Amiot-Servelle","2017","Chambolle-Musigny, Les Plantes, 1er Cru, Domaine Amiot-Servelle, Burgundy","508","Case of 6 Bottles","https://www.bbr.com/products-20178212393-2017-chambolle-musigny-les-plantes-1er-cru-domaine-amiot-servelle-burgundy","1125689","20178212393"
"Domaine Amiot-Servelle","2018","Chambolle-Musigny, Les Plantes, 1er Cru, Domaine Amiot-Servelle, Burgundy","540","Case of 6 Bottles","https://www.bbr.com/products-20188212393-2018-chambolle-musigny-les-plantes-1er-cru-domaine-amiot-servelle-burgundy","1125689","20188212393"
"Domaine Amiot-Servelle","2019","Chambolle-Musigny, Les Plantes, 1er Cru, Domaine Amiot-Servelle, Burgundy","505","Case of 6 Bottles","https://www.bbr.com/products-20198212393-2019-chambolle-musigny-les-plantes-1er-cru-domaine-amiot-servelle-burgundy","1125689","20198212393"
"David Duband","2014","Chambolle-Musigny, Les Sentiers, 1er Cru, David Duband, Burgundy","947","Case of 12 Bottles","https://www.bbr.com/products-20148036614-2014-chambolle-musigny-les-sentiers-1er-cru-david-duband-burgundy","1156447","20148036614"
"David Duband","2015","Chambolle-Musigny, Les Sentiers, 1er Cru, David Duband, Burgundy","981","Case of 12 Bottles","https://www.bbr.com/products-20158036614-2015-chambolle-musigny-les-sentiers-1er-cru-david-duband-burgundy","1156447","20158036614"
"David Duband","2016","Chambolle-Musigny, Les Sentiers, 1er Cru, David Duband, Burgundy","520","Case of 6 Bottles","https://www.bbr.com/products-20168036614-2016-chambolle-musigny-les-sentiers-1er-cru-david-duband-burgundy","1156447","20168036614"
"David Duband","2016","Chambolle-Musigny, Les Sentiers, 1er Cru, David Duband, Burgundy","519","Case of 6 Bottles","https://www.bbr.com/products-20168036614-2016-chambolle-musigny-les-sentiers-1er-cru-david-duband-burgundy","1156447","20168036614"
"David Duband","2018","Chambolle-Musigny, Les Sentiers, 1er Cru, David Duband, Burgundy","538","Case of 6 Bottles","https://www.bbr.com/products-20188036614-2018-chambolle-musigny-les-sentiers-1er-cru-david-duband-burgundy","1156447","20188036614"
"David Duband","2019","Chambolle-Musigny, Les Sentiers, 1er Cru, David Duband, Burgundy","610","Case of 6 Bottles","https://www.bbr.com/products-20198036614-2019-chambolle-musigny-les-sentiers-1er-cru-david-duband-burgundy","1156447","20198036614"
"David Duband","2020","Chambolle-Musigny, Les Sentiers, 1er Cru, David Duband, Burgundy","525","Case of 6 Bottles","https://www.bbr.com/products-20208036614-2020-chambolle-musigny-les-sentiers-1er-cru-david-duband-burgundy","1156447","20208036614"
"Domaine Robert Groffier","2012","Chambolle-Musigny, Les Sentiers, 1er Cru, Domaine Robert Groffier Pere & Fils, Burgundy","2030","Case of 12 Bottles","https://www.bbr.com/products-20128121819-2012-chambolle-musigny-les-sentiers-1er-cru-domaine-robert-groffier-pere-fils-burgundy","1035955","20128121819"
"Domaine Robert Groffier","2019","Chambolle-Musigny, Les Sentiers, 1er Cru, Domaine Robert Groffier Pere & Fils, Burgundy","1288","Case of 6 Bottles","https://www.bbr.com/products-20198121819-2019-chambolle-musigny-les-sentiers-1er-cru-domaine-robert-groffier-pere-fils-burgundy","1035955","20198121819"
"Lucien Le Moine","2020","Chambolle-Musigny, Les Sentiers, 1er Cru, Lucien Le Moine, Burgundy","963","Case of 6 Bottles","https://www.bbr.com/products-20208112622-2020-chambolle-musigny-les-sentiers-1er-cru-lucien-le-moine-burgundy","1872583","20208112622"
"Laurent Ponsot SAS","2019","Chambolle-Musigny, Les Sentiers, Cuvee du Sorbier, 1er Cru, Laurent Ponsot, Burgundy","900","Case of 6 Bottles","https://www.bbr.com/products-20198151494-2019-chambolle-musigny-les-sentiers-cuvee-du-sorbier-1er-cru-laurent-ponsot-burgundy","2212586","20198151494"
"Domaine Ghislaine Barthod","2019","Chambolle-Musigny, Les Veroilles, 1er Cru, Domaine Ghislaine Barthod, Burgundy","1100","Case of 6 Bottles","https://www.bbr.com/products-20191019520-2019-chambolle-musigny-les-veroilles-1er-cru-domaine-ghislaine-barthod-burgundy","1019520","20191019520"
"Meo-Camuzet","2023","Chambolle-Musigny, Meo-Camuzet Frere &amp; Soeurs, Burgundy","505","Case of 6 Bottles","https://www.bbr.com/products-20231046667-2023-chambolle-musigny-meo-camuzet-frere-and-soeurs-burgundy","1046667","20231046667"
"Domaine Michele et Patrice Rion","2005","Chambolle-Musigny, Patrice Rion, Burgundy","650","Case of 12 Bottles","https://www.bbr.com/products-20058025566-2005-chambolle-musigny-patrice-rion-burgundy","1055056","20058025566"
"Philippe Pacalet","2018","Chambolle-Musigny, Philippe Pacalet, Burgundy","1715","Case of 12 Bottles","https://www.bbr.com/products-20188125312-2018-chambolle-musigny-philippe-pacalet-burgundy","1049932","20188125312"
"Philippe Pacalet","2019","Chambolle-Musigny, Philippe Pacalet, Burgundy","1860","Case of 12 Bottles","https://www.bbr.com/products-20198125312-2019-chambolle-musigny-philippe-pacalet-burgundy","1049932","20198125312"
"Domaine Michel Magnien","2016","Chambolle-Musigny, Sentiers, 1er Cru, Domaine Michel Magnien, Burgundy","499","Case of 6 Bottles","https://www.bbr.com/products-20168218483-2016-chambolle-musigny-sentiers-1er-cru-domaine-michel-magnien-burgundy","1045905","20168218483"
"Domaine Fourrier","2014","Chambolle-Musigny, Vieille Vigne, Domaine Fourrier, Burgundy","1275","Case of 12 Bottles","https://www.bbr.com/products-20148041643-2014-chambolle-musigny-vieille-vigne-domaine-fourrier-burgundy","1247758","20148041643"
"Domaine Felettig","2021","Chambolle-Musigny, Vieilles Vignes, Domaine Gilbert & Christine Felettig, Burgundy","315","Case of 6 Bottles","https://www.bbr.com/products-20218063982-2021-chambolle-musigny-vieilles-vignes-domaine-gilbert-christine-felettig-burgundy","1426829","20218063982"
"Domaine Hudelot-Baillet","2020","Chambolle-Musigny, Vieilles Vignes, Domaine Hudelot-Baillet, Burgundy","305","Case of 6 Bottles","https://www.bbr.com/products-20208208488-2020-chambolle-musigny-vieilles-vignes-domaine-hudelot-baillet-burgundy","1225637","20208208488"
"Domaine Hudelot-Baillet","2021","Chambolle-Musigny, Vieilles Vignes, Domaine Hudelot-Baillet, Burgundy","595","Case of 6 Bottles","https://www.bbr.com/products-20218208488-2021-chambolle-musigny-vieilles-vignes-domaine-hudelot-baillet-burgundy","1225637","20218208488"
"Domaine Geantet-Pansiot","2014","Chambolle-Musigny, Vieilles Vignes, Geantet-Pansiot, Burgundy","688","Case of 12 Bottles","https://www.bbr.com/products-20148207726-2014-chambolle-musigny-vieilles-vignes-geantet-pansiot-burgundy","1250796","20148207726"
"Domaine Geantet-Pansiot","2016","Chambolle-Musigny, Vieilles Vignes, Geantet-Pansiot, Burgundy","745","Case of 12 Bottles","https://www.bbr.com/products-20168207726-2016-chambolle-musigny-vieilles-vignes-geantet-pansiot-burgundy","1250796","20168207726"
"Domaine Geantet-Pansiot","2019","Chambolle-Musigny, Vieilles Vignes, Geantet-Pansiot, Burgundy","320","Case of 6 Bottles","https://www.bbr.com/products-20198207726-2019-chambolle-musigny-vieilles-vignes-geantet-pansiot-burgundy","1250796","20198207726"
"Domaine Geantet-Pansiot","2020","Chambolle-Musigny, Vieilles Vignes, Geantet-Pansiot, Burgundy","333","Case of 6 Bottles","https://www.bbr.com/products-20208207726-2020-chambolle-musigny-vieilles-vignes-geantet-pansiot-burgundy","1250796","20208207726"
"Domaine Geantet-Pansiot","2023","Chambolle-Musigny, Vieilles Vignes, Geantet-Pansiot, Burgundy","876","Case of 6 Bottles","https://www.bbr.com/products-20238207726-2023-chambolle-musigny-vieilles-vignes-geantet-pansiot-burgundy","1250796","20238207726"
"Domaine Lignier-Michelot","2015","Chambolle-Musigny, Vieilles Vignes, Lignier-Michelot, Burgundy","950","Case of 6 Bottles","https://www.bbr.com/products-20158029740-2015-chambolle-musigny-vieilles-vignes-lignier-michelot-burgundy","1273250","20158029740"
"Domaine Lignier-Michelot","2019","Chambolle-Musigny, Vieilles Vignes, Lignier-Michelot, Burgundy","276","Case of 6 Bottles","https://www.bbr.com/products-20198029740-2019-chambolle-musigny-vieilles-vignes-lignier-michelot-burgundy","1273250","20198029740"
"Domaine Lignier-Michelot","2022","Chambolle-Musigny, Vieilles Vignes, Lignier-Michelot, Burgundy","400","Case of 6 Bottles","https://www.bbr.com/products-20228029740-2022-chambolle-musigny-vieilles-vignes-lignier-michelot-burgundy","1273250","20228029740"
"Domaine Michele et Patrice Rion","2015","Chambolle-Musigny, Vieilles Vignes, Patrice &amp; Maxime Rion, Burgundy","290","Case of 6 Bottles","https://www.bbr.com/products-20158025579-2015-chambolle-musigny-vieilles-vignes-patrice-and-maxime-rion-burgundy","1719576","20158025579"
"Domaine Michele et Patrice Rion","2018","Chambolle-Musigny, Vieilles Vignes, Patrice &amp; Maxime Rion, Burgundy","570","Case of 12 Bottles","https://www.bbr.com/products-20188025579-2018-chambolle-musigny-vieilles-vignes-patrice-and-maxime-rion-burgundy","1719576","20188025579"
"Domaine Michele et Patrice Rion","2019","Chambolle-Musigny, Vieilles Vignes, Patrice &amp; Maxime Rion, Burgundy","500","Case of 12 Bottles","https://www.bbr.com/products-20198025579-2019-chambolle-musigny-vieilles-vignes-patrice-and-maxime-rion-burgundy","1719576","20198025579"
"Domaine Michele et Patrice Rion","2021","Chambolle-Musigny, Vieilles Vignes, Patrice &amp; Maxime Rion, Burgundy","300","Case of 6 Bottles","https://www.bbr.com/products-20218025579-2021-chambolle-musigny-vieilles-vignes-patrice-and-maxime-rion-burgundy","1719576","20218025579"
"Domaine Michele et Patrice Rion","2022","Chambolle-Musigny, Vieilles Vignes, Patrice &amp; Maxime Rion, Burgundy","450","Case of 6 Bottles","https://www.bbr.com/products-20228025579-2022-chambolle-musigny-vieilles-vignes-patrice-and-maxime-rion-burgundy","1719576","20228025579"
"Domaine Michele et Patrice Rion","2023","Chambolle-Musigny, Vieilles Vignes, Patrice &amp; Maxime Rion, Burgundy","565","Case of 6 Bottles","https://www.bbr.com/products-20238025579-2023-chambolle-musigny-vieilles-vignes-patrice-and-maxime-rion-burgundy","1719576","20238025579"
"Adrien Renoir","2018","Champagne Adrien Renoir, Les Epinettes, Pinot Noir, Grand Cru, Verzy, Extra Brut","600","Case of 6 Bottles","https://www.bbr.com/products-20188245575-2018-champagne-adrien-renoir-les-epinettes-pinot-noir-grand-cru-verzy-extra-brut","1922640","20188245575"
"Champagne Agrapart & Fils","2017","Champagne Agrapart & Fils, Mineral, Blanc de Blancs, Grand Cru, Extra Brut (Disgorged 2024)","600","Case of 6 Bottles","https://www.bbr.com/products-20178253462-2017-champagne-agrapart-fils-mineral-blanc-de-blancs-grand-cru-extra-brut-disgorged-2024","1196144","20178253462"
"Champagne Agrapart & Fils","","Champagne Agrapart &amp; Fils, Terroirs, Blanc de Blancs, Grand Cru, Extra Brut","380","Case of 6 Bottles","https://www.bbr.com/products-10008106999-champagne-agrapart-and-fils-terroirs-blanc-de-blancs-grand-cru-extra-brut","1196157","10008106999"
"Champagne Agrapart & Fils","","Champagne Agrapart &amp; Fils, Terroirs, Blanc de Blancs, Grand Cru, Extra Brut","370","Case of 3 Bottles","https://www.bbr.com/products-10008106999-champagne-agrapart-and-fils-terroirs-blanc-de-blancs-grand-cru-extra-brut","1196157","10008106999"
"Champagne Agrapart & Fils","2012","Champagne Agrapart &amp; Fils, Venus, Blanc de Blancs, Grand Cru, Brut Nature","1000","Case of 6 Bottles","https://www.bbr.com/products-20128043852-2012-champagne-agrapart-and-fils-venus-blanc-de-blancs-grand-cru-brut-nature","1193589","20128043852"
"Champagne Agrapart & Fils","2016","Champagne Agrapart &amp; Fils, Venus, Blanc de Blancs, Grand Cru, Brut Nature","1100","Case of 6 Bottles","https://www.bbr.com/products-20168043852-2016-champagne-agrapart-and-fils-venus-blanc-de-blancs-grand-cru-brut-nature","1193589","20168043852"
"Champagne Agrapart & Fils","2008","Champagne Agrapart, Avizoise, Blanc de Blancs, Grand Cru, Extra Brut","1500","Case of 6 Bottles","https://www.bbr.com/products-20088043849-2008-champagne-agrapart-avizoise-blanc-de-blancs-grand-cru-extra-brut","1196128","20088043849"
"Champagne Agrapart & Fils","2016","Champagne Agrapart, Avizoise, Blanc de Blancs, Grand Cru, Extra Brut","870","Case of 6 Bottles","https://www.bbr.com/products-20168043849-2016-champagne-agrapart-avizoise-blanc-de-blancs-grand-cru-extra-brut","1196128","20168043849"
"Champagne Agrapart & Fils","2015","Champagne Agrapart, Mineral, Blanc de Blancs, Grand Cru, Extra Brut","850","Case of 6 Bottles","https://www.bbr.com/products-20158228084-2015-champagne-agrapart-mineral-blanc-de-blancs-grand-cru-extra-brut","1196144","20158228084"
"Champagne Agrapart & Fils","2016","Champagne Agrapart, Mineral, Blanc de Blancs, Grand Cru, Extra Brut","600","Case of 6 Bottles","https://www.bbr.com/products-20168228084-2016-champagne-agrapart-mineral-blanc-de-blancs-grand-cru-extra-brut","1196144","20168228084"
"Champagne Andre Jacquart","","Champagne Andre Jacquart, Vertus, Experience, Blanc de Blancs, 1er Cru, Extra Brut","155","Case of 6 Bottles","https://www.bbr.com/products-10008036454-champagne-andre-jacquart-vertus-experience-blanc-de-blancs-1er-cru-extra-brut","1791307","10008036454"
"Champagne Armand de Brignac","","Champagne Armand de Brignac Blanc de Noirs Assemblage Two","2000","Case of 1 Bottles","https://www.bbr.com/products-10008104881-champagne-armand-de-brignac-blanc-de-noirs-assemblage-two","1543922","10008104881"
"Champagne Armand de Brignac","","Champagne Armand de Brignac, Ace of Spades, Gold, Brut","955","Case of 6 Bottles","https://www.bbr.com/products-10008237910-champagne-armand-de-brignac-ace-of-spades-gold-brut","1081659","10008237910"
"Ayala Champagne","2014","Champagne Ayala, No. 14, Rose, Extra Brut","189","Case of 3 Bottles","https://www.bbr.com/products-20148068046-2014-champagne-ayala-no-14-rose-extra-brut","1452116","20148068046"
"Ayala Champagne","2007","Champagne Ayala, No. 7, Brut","350","Case of 6 Bottles","https://www.bbr.com/products-20078064497-2007-champagne-ayala-no-7-brut","1885433","20078064497"
"Champagne Dehu","","Champagne Benoit Dehu, Cuvee La Rue des Noyers, Brut Nature (Base 2015)","400","Case of 6 Bottles","https://www.bbr.com/products-10008086693-champagne-benoit-dehu-cuvee-la-rue-des-noyers-brut-nature-base-2015","1440407","10008086693"
"Champagne Dehu","","Champagne Benoit Dehu, Cuvee de l'Orme, Blanc de Noirs, Brut Nature (Base 2017)","520","Case of 6 Bottles","https://www.bbr.com/products-10008318822-champagne-benoit-dehu-cuvee-de-l-orme-blanc-de-noirs-brut-nature-base-2017","2986492","10008318822"
"Champagne Dehu","","Champagne Benoit Dehu, Initiation, Brut Nature (Base 2020)","380","Case of 3 Bottles","https://www.bbr.com/products-10008315834-champagne-benoit-dehu-initiation-brut-nature-base-2020","1980646","10008315834"
"Champagne Billecart-Salmon","","Champagne Billecart-Salmon, Bicentenary Cuvee 200, Brut","1299","Case of 1 Magnums","https://www.bbr.com/products-10001651968-champagne-billecart-salmon-bicentenary-cuvee-200-brut","1651968","10001651968"
"Champagne Billecart-Salmon","2008","Champagne Billecart-Salmon, Cuvee Elisabeth Salmon, Rose, Brut","865","Case of 6 Bottles","https://www.bbr.com/products-20088017435-2008-champagne-billecart-salmon-cuvee-elisabeth-salmon-rose-brut","1481244","20088017435"
"Champagne Billecart-Salmon","2008","Champagne Billecart-Salmon, Cuvee Elisabeth Salmon, Rose, Brut","864","Case of 6 Bottles","https://www.bbr.com/products-20088017435-2008-champagne-billecart-salmon-cuvee-elisabeth-salmon-rose-brut","1481244","20088017435"
"Champagne Billecart-Salmon","2008","Champagne Billecart-Salmon, Cuvee Elisabeth Salmon, Rose, Brut","385","Case of 1 Magnums","https://www.bbr.com/products-20088017435-2008-champagne-billecart-salmon-cuvee-elisabeth-salmon-rose-brut","1481244","20088017435"
"Champagne Billecart-Salmon","2009","Champagne Billecart-Salmon, Cuvee Elisabeth Salmon, Rose, Brut","750","Case of 6 Bottles","https://www.bbr.com/products-20098017435-2009-champagne-billecart-salmon-cuvee-elisabeth-salmon-rose-brut","1481244","20098017435"
"Champagne Billecart-Salmon","2009","Champagne Billecart-Salmon, Cuvee Elisabeth Salmon, Rose, Brut","790","Case of 3 Magnums","https://www.bbr.com/products-20098017435-2009-champagne-billecart-salmon-cuvee-elisabeth-salmon-rose-brut","1481244","20098017435"
"Champagne Billecart-Salmon","2012","Champagne Billecart-Salmon, Cuvee Elisabeth Salmon, Rose, Brut","835","Case of 6 Bottles","https://www.bbr.com/products-20128017435-2012-champagne-billecart-salmon-cuvee-elisabeth-salmon-rose-brut","1481244","20128017435"
"Champagne Billecart-Salmon","2005","Champagne Billecart-Salmon, Cuvee Le Clos Saint-Hilaire, Brut","1200","Case of 3 Bottles","https://www.bbr.com/products-20058017826-2005-champagne-billecart-salmon-cuvee-le-clos-saint-hilaire-brut","1316690","20058017826"
"Champagne Billecart-Salmon","2009","Champagne Billecart-Salmon, Cuvee Le Clos Saint-Hilaire, Brut","950","Case of 3 Bottles","https://www.bbr.com/products-20098017826-2009-champagne-billecart-salmon-cuvee-le-clos-saint-hilaire-brut","1316690","20098017826"
"Champagne Billecart-Salmon","2006","Champagne Billecart-Salmon, Cuvee Louis, Blanc de Blancs, Brut","1185","Case of 6 Bottles","https://www.bbr.com/products-20068017839-2006-champagne-billecart-salmon-cuvee-louis-blanc-de-blancs-brut","1620894","20068017839"
"Champagne Billecart-Salmon","2007","Champagne Billecart-Salmon, Cuvee Louis, Blanc de Blancs, Brut","550","Case of 6 Bottles","https://www.bbr.com/products-20078017839-2007-champagne-billecart-salmon-cuvee-louis-blanc-de-blancs-brut","1620894","20078017839"
"Champagne Billecart-Salmon","2008","Champagne Billecart-Salmon, Cuvee Louis, Blanc de Blancs, Brut","900","Case of 6 Bottles","https://www.bbr.com/products-20088017839-2008-champagne-billecart-salmon-cuvee-louis-blanc-de-blancs-brut","1620894","20088017839"
"Champagne Billecart-Salmon","2002","Champagne Billecart-Salmon, Cuvee Nicolas Francois, Brut","1500","Case of 6 Bottles","https://www.bbr.com/products-20028017796-2002-champagne-billecart-salmon-cuvee-nicolas-francois-brut","1081776","20028017796"
"Champagne Billecart-Salmon","2002","Champagne Billecart-Salmon, Cuvee Nicolas Francois, Brut","835","Case of 3 Magnums","https://www.bbr.com/products-20028017796-2002-champagne-billecart-salmon-cuvee-nicolas-francois-brut","1081776","20028017796"
"Champagne Billecart-Salmon","2007","Champagne Billecart-Salmon, Cuvee Nicolas Francois, Brut","625","Case of 6 Bottles","https://www.bbr.com/products-20078017796-2007-champagne-billecart-salmon-cuvee-nicolas-francois-brut","1081776","20078017796"
"Champagne Billecart-Salmon","2007","Champagne Billecart-Salmon, Cuvee Nicolas Francois, Brut","675","Case of 6 Bottles","https://www.bbr.com/products-20078017796-2007-champagne-billecart-salmon-cuvee-nicolas-francois-brut","1081776","20078017796"
"Champagne Billecart-Salmon","2008","Champagne Billecart-Salmon, Cuvee Nicolas Francois, Brut","650","Case of 6 Bottles","https://www.bbr.com/products-20088017796-2008-champagne-billecart-salmon-cuvee-nicolas-francois-brut","1081776","20088017796"
"Champagne Billecart-Salmon","2012","Champagne Billecart-Salmon, Cuvee Nicolas Francois, Extra Brut","690","Case of 6 Bottles","https://www.bbr.com/products-20128017796-2012-champagne-billecart-salmon-cuvee-nicolas-francois-extra-brut","1081776","20128017796"
"Champagne Billecart-Salmon","2008","Champagne Billecart-Salmon, Extra Brut","400","Case of 6 Bottles","https://www.bbr.com/products-20088059178-2008-champagne-billecart-salmon-extra-brut","1256411","20088059178"
"Champagne Billecart-Salmon","2008","Champagne Billecart-Salmon, Extra Brut","480","Case of 3 Magnums","https://www.bbr.com/products-20088059178-2008-champagne-billecart-salmon-extra-brut","1256411","20088059178"
"Champagne Billecart-Salmon","","Champagne Billecart-Salmon, Rose","300","Case of 3 Magnums","https://www.bbr.com/products-10008002190-champagne-billecart-salmon-rose","1081734","10008002190"
"Champagne Billecart-Salmon","","Champagne Billecart-Salmon, Sous Bois","300","Case of 3 Magnums","https://www.bbr.com/products-10008017842-champagne-billecart-salmon-sous-bois","1256408","10008017842"
"Bollinger","2011","Champagne Bollinger, 007, No Time to Die, Brut","474","Case of 3 Bottles","https://www.bbr.com/products-20118108586-2011-champagne-bollinger-007-no-time-to-die-brut","1358551","20118108586"
"Bollinger","2002","Champagne Bollinger, 007, Skyfall, Brut","510","Case of 3 Bottles","https://www.bbr.com/products-20028108586-2002-champagne-bollinger-007-skyfall-brut","1358551","20028108586"
"Bollinger","2009","Champagne Bollinger, 007, Spectre, Brut","399","Case of 3 Bottles","https://www.bbr.com/products-20098108586-2009-champagne-bollinger-007-spectre-brut","1358551","20098108586"
"Bollinger","2009","Champagne Bollinger, 007, Spectre, Brut","900","Case of 1 Jeroboam 300cl","https://www.bbr.com/products-20098108586-2009-champagne-bollinger-007-spectre-brut","1358551","20098108586"
"Bollinger","2009","Champagne Bollinger, 007, Spectre, Brut","792","Case of 3 Magnums","https://www.bbr.com/products-20098108586-2009-champagne-bollinger-007-spectre-brut","1358551","20098108586"
"Bollinger","2013","Champagne Bollinger, B13, Blanc de Noirs, Brut","400","Case of 6 Bottles","https://www.bbr.com/products-20138230995-2013-champagne-bollinger-b13-blanc-de-noirs-brut","2096331","20138230995"
"Bollinger","2012","Champagne Bollinger, La Cote aux Enfants, Ay, Grand Cru, Brut","3725","Case of 3 Bottles","https://www.bbr.com/products-20128239028-2012-champagne-bollinger-la-cote-aux-enfants-ay-grand-cru-brut","2543949","20128239028"
"Bollinger","2013","Champagne Bollinger, La Cote aux Enfants, Ay, Grand Cru, Brut","999","Case of 1 Bottles","https://www.bbr.com/products-20138239028-2013-champagne-bollinger-la-cote-aux-enfants-ay-grand-cru-brut","2543949","20138239028"
"Bollinger","2002","Champagne Bollinger, La Grande Annee, Brut","768","Case of 6 Bottles","https://www.bbr.com/products-20028002174-2002-champagne-bollinger-la-grande-annee-brut","1081789","20028002174"
"Bollinger","2002","Champagne Bollinger, La Grande Annee, Brut","765","Case of 6 Bottles","https://www.bbr.com/products-20028002174-2002-champagne-bollinger-la-grande-annee-brut","1081789","20028002174"
"Bollinger","2004","Champagne Bollinger, La Grande Annee, Brut","620","Case of 6 Bottles","https://www.bbr.com/products-20048002174-2004-champagne-bollinger-la-grande-annee-brut","1081789","20048002174"
"Bollinger","2007","Champagne Bollinger, La Grande Annee, Brut","545","Case of 3 Magnums","https://www.bbr.com/products-20078002174-2007-champagne-bollinger-la-grande-annee-brut","1081789","20078002174"
"Bollinger","2007","Champagne Bollinger, La Grande Annee, Brut","485","Case of 3 Magnums","https://www.bbr.com/products-20078002174-2007-champagne-bollinger-la-grande-annee-brut","1081789","20078002174"
"Bollinger","2008","Champagne Bollinger, La Grande Annee, Brut","800","Case of 6 Bottles","https://www.bbr.com/products-20088002174-2008-champagne-bollinger-la-grande-annee-brut","1081789","20088002174"
"Bollinger","2008","Champagne Bollinger, La Grande Annee, Brut","650","Case of 6 Bottles","https://www.bbr.com/products-20088002174-2008-champagne-bollinger-la-grande-annee-brut","1081789","20088002174"
"Bollinger","2008","Champagne Bollinger, La Grande Annee, Brut","690","Case of 6 Bottles","https://www.bbr.com/products-20088002174-2008-champagne-bollinger-la-grande-annee-brut","1081789","20088002174"
"Bollinger","2012","Champagne Bollinger, La Grande Annee, Brut","555","Case of 6 Bottles","https://www.bbr.com/products-20128002174-2012-champagne-bollinger-la-grande-annee-brut","1081789","20128002174"
"Bollinger","2012","Champagne Bollinger, La Grande Annee, Brut","488","Case of 6 Bottles","https://www.bbr.com/products-20128002174-2012-champagne-bollinger-la-grande-annee-brut","1081789","20128002174"
"Bollinger","2012","Champagne Bollinger, La Grande Annee, Brut","520","Case of 6 Bottles","https://www.bbr.com/products-20128002174-2012-champagne-bollinger-la-grande-annee-brut","1081789","20128002174"
"Bollinger","2012","Champagne Bollinger, La Grande Annee, Brut","580","Case of 3 Magnums","https://www.bbr.com/products-20128002174-2012-champagne-bollinger-la-grande-annee-brut","1081789","20128002174"
"Bollinger","2012","Champagne Bollinger, La Grande Annee, Brut","580","Case of 3 Magnums","https://www.bbr.com/products-20128002174-2012-champagne-bollinger-la-grande-annee-brut","1081789","20128002174"
"Bollinger","2014","Champagne Bollinger, La Grande Annee, Brut","460","Case of 6 Bottles","https://www.bbr.com/products-20148002174-2014-champagne-bollinger-la-grande-annee-brut","1081789","20148002174"
"Bollinger","2014","Champagne Bollinger, La Grande Annee, Brut","592","Case of 6 Bottles","https://www.bbr.com/products-20148002174-2014-champagne-bollinger-la-grande-annee-brut","1081789","20148002174"
"Bollinger","2014","Champagne Bollinger, La Grande Annee, Brut","550","Case of 1 Jeroboam 300cl","https://www.bbr.com/products-20148002174-2014-champagne-bollinger-la-grande-annee-brut","1081789","20148002174"
"Bollinger","2014","Champagne Bollinger, La Grande Annee, Brut","690","Case of 3 Magnums","https://www.bbr.com/products-20148002174-2014-champagne-bollinger-la-grande-annee-brut","1081789","20148002174"
"Bollinger","2014","Champagne Bollinger, La Grande Annee, Brut","1450","Case of 3 Magnums","https://www.bbr.com/products-20148002174-2014-champagne-bollinger-la-grande-annee-brut","1081789","20148002174"
"Bollinger","2015","Champagne Bollinger, La Grande Annee, Brut","500","Case of 6 Bottles","https://www.bbr.com/products-20158002174-2015-champagne-bollinger-la-grande-annee-brut","1081789","20158002174"
"Bollinger","2004","Champagne Bollinger, La Grande Annee, Rose, Brut","650","Case of 6 Bottles","https://www.bbr.com/products-20048016353-2004-champagne-bollinger-la-grande-annee-rose-brut","1081792","20048016353"
"Bollinger","2004","Champagne Bollinger, La Grande Annee, Rose, Brut","900","Case of 6 Bottles","https://www.bbr.com/products-20048016353-2004-champagne-bollinger-la-grande-annee-rose-brut","1081792","20048016353"
"Bollinger","2005","Champagne Bollinger, La Grande Annee, Rose, Brut","790","Case of 6 Bottles","https://www.bbr.com/products-20058016353-2005-champagne-bollinger-la-grande-annee-rose-brut","1081792","20058016353"
"Bollinger","2012","Champagne Bollinger, La Grande Annee, Rose, Brut","600","Case of 6 Bottles","https://www.bbr.com/products-20128016353-2012-champagne-bollinger-la-grande-annee-rose-brut","1081792","20128016353"
"Bollinger","2014","Champagne Bollinger, La Grande Annee, Rose, Brut","588","Case of 6 Bottles","https://www.bbr.com/products-20148016353-2014-champagne-bollinger-la-grande-annee-rose-brut","1081792","20148016353"
"Bollinger","2014","Champagne Bollinger, La Grande Annee, Rose, Brut","698","Case of 6 Bottles","https://www.bbr.com/products-20148016353-2014-champagne-bollinger-la-grande-annee-rose-brut","1081792","20148016353"
"Bollinger","2015","Champagne Bollinger, La Grande Annee, Rose, Brut","600","Case of 6 Bottles","https://www.bbr.com/products-20158016353-2015-champagne-bollinger-la-grande-annee-rose-brut","1081792","20158016353"
"Bollinger","","Champagne Bollinger, PN AYC 18, Brut","530","Case of 6 Bottles","https://www.bbr.com/products-10008074610-champagne-bollinger-pn-ayc-18-brut","2863052","10008074610"
"Bollinger","","Champagne Bollinger, PN TX17, Brut","403","Case of 6 Bottles","https://www.bbr.com/products-10008069290-champagne-bollinger-pn-tx17-brut","2332231","10008069290"
"Bollinger","","Champagne Bollinger, PN TX17, Brut","370","Case of 6 Bottles","https://www.bbr.com/products-10008069290-champagne-bollinger-pn-tx17-brut","2332231","10008069290"
"Bollinger","","Champagne Bollinger, PN TX20, Brut","410","Case of 6 Bottles","https://www.bbr.com/products-10008085683-champagne-bollinger-pn-tx20-brut","2332231","10008085683"
"Bollinger","","Champagne Bollinger, PN VZ16, Brut","395","Case of 6 Bottles","https://www.bbr.com/products-10008065843-champagne-bollinger-pn-vz16-brut","2045603","10008065843"
"Bollinger","","Champagne Bollinger, PN VZ16, Brut","395","Case of 3 Magnums","https://www.bbr.com/products-10008065843-champagne-bollinger-pn-vz16-brut","2045603","10008065843"
"Bollinger","","Champagne Bollinger, PN VZ19, Brut","415","Case of 6 Bottles","https://www.bbr.com/products-10008308032-champagne-bollinger-pn-vz19-brut","3037414","10008308032"
"Bollinger","","Champagne Bollinger, PN VZ19, Brut","460","Case of 3 Magnums","https://www.bbr.com/products-10008308032-champagne-bollinger-pn-vz19-brut","3037414","10008308032"
"Bollinger","1999","Champagne Bollinger, R.D., Extra Brut","580","Case of 1 Magnums","https://www.bbr.com/products-19998029160-1999-champagne-bollinger-r-d-extra-brut","1081806","19998029160"
"Bollinger","2002","Champagne Bollinger, R.D., Extra Brut","440","Case of 3 Bottles","https://www.bbr.com/products-20028029160-2002-champagne-bollinger-r-d-extra-brut","1081806","20028029160"
"Bollinger","2002","Champagne Bollinger, R.D., Extra Brut","870","Case of 6 Bottles","https://www.bbr.com/products-20028029160-2002-champagne-bollinger-r-d-extra-brut","1081806","20028029160"
"Bollinger","2002","Champagne Bollinger, R.D., Extra Brut","948","Case of 6 Bottles","https://www.bbr.com/products-20028029160-2002-champagne-bollinger-r-d-extra-brut","1081806","20028029160"
"Bollinger","2004","Champagne Bollinger, R.D., Extra Brut","420","Case of 3 Bottles","https://www.bbr.com/products-20048029160-2004-champagne-bollinger-r-d-extra-brut","1081806","20048029160"
"Bollinger","2004","Champagne Bollinger, R.D., Extra Brut","785","Case of 6 Bottles","https://www.bbr.com/products-20048029160-2004-champagne-bollinger-r-d-extra-brut","1081806","20048029160"
"Bollinger","2004","Champagne Bollinger, R.D., Extra Brut","400","Case of 3 Bottles","https://www.bbr.com/products-20048029160-2004-champagne-bollinger-r-d-extra-brut","1081806","20048029160"
"Bollinger","2004","Champagne Bollinger, R.D., Extra Brut","400","Case of 1 Magnums","https://www.bbr.com/products-20048029160-2004-champagne-bollinger-r-d-extra-brut","1081806","20048029160"
"Bollinger","2007","Champagne Bollinger, R.D., Extra Brut","660","Case of 6 Bottles","https://www.bbr.com/products-20078029160-2007-champagne-bollinger-r-d-extra-brut","1081806","20078029160"
"Bollinger","2008","Champagne Bollinger, R.D., Extra Brut (Disgorged 09/12/22)","1150","Case of 6 Bottles","https://www.bbr.com/products-20088074681-2008-champagne-bollinger-r-d-extra-brut-disgorged-09-12-22","1081806","20088074681"
"Bollinger","2008","Champagne Bollinger, R.D., Extra Brut (Disgorged 09/12/22)","970","Case of 6 Bottles","https://www.bbr.com/products-20088074681-2008-champagne-bollinger-r-d-extra-brut-disgorged-09-12-22","1081806","20088074681"
"Bollinger","2008","Champagne Bollinger, R.D., Extra Brut (Disgorged 17/11/22)","1700","Case of 3 Magnums","https://www.bbr.com/products-20088075024-2008-champagne-bollinger-r-d-extra-brut-disgorged-17-11-22","1081806","20088075024"
"Bollinger","2007","Champagne Bollinger, R.D., Extra Brut (Disgorged 21/05/21)","640","Case of 6 Bottles","https://www.bbr.com/products-20078065449-2007-champagne-bollinger-r-d-extra-brut-disgorged-21-05-21","1081806","20078065449"
"Bollinger","2007","Champagne Bollinger, R.D., Extra Brut (Disgorged 28/05/21)","869","Case of 6 Bottles","https://www.bbr.com/products-20078234863-2007-champagne-bollinger-r-d-extra-brut-disgorged-28-05-21","1081806","20078234863"
"Bollinger","2008","Champagne Bollinger, R.D., Extra Brut (Disgorged Nov-2024)","1495","Case of 6 Bottles","https://www.bbr.com/products-20088319265-2008-champagne-bollinger-r-d-extra-brut-disgorged-nov-2024","1081806","20088319265"
"Bollinger","2008","Champagne Bollinger, R.D., Extra Brut (Disgorged Nov-2024)","1900","Case of 3 Magnums","https://www.bbr.com/products-20088319265-2008-champagne-bollinger-r-d-extra-brut-disgorged-nov-2024","1081806","20088319265"
"Bollinger","2008","Champagne Bollinger, RD, Extra Brut (Disgorged 02/11/23)","2250","Case of 3 Magnums","https://www.bbr.com/products-20088251149-2008-champagne-bollinger-rd-extra-brut-disgorged-02-11-23","1081806","20088251149"
"Bollinger","2007","Champagne Bollinger, RD, Extra Brut (Disgorged 10/07/2020)","950","Case of 3 Magnums","https://www.bbr.com/products-20078232234-2007-champagne-bollinger-rd-extra-brut-disgorged-10-07-2020","1081806","20078232234"
"Bollinger","2007","Champagne Bollinger, RD, Extra Brut (Disgorged 25/02/22)","500","Case of 3 Bottles","https://www.bbr.com/products-20078155072-2007-champagne-bollinger-rd-extra-brut-disgorged-25-02-22","1081806","20078155072"
"Bollinger","","Champagne Bollinger, Rose, Brut","280","Case of 6 Bottles","https://www.bbr.com/products-10008007225-champagne-bollinger-rose-brut","1138601","10008007225"
"Bollinger","","Champagne Bollinger, Rose, Brut","265","Case of 3 Magnums","https://www.bbr.com/products-10008007225-champagne-bollinger-rose-brut","1138601","10008007225"
"Bollinger","2004","Champagne Bollinger, Vieilles Vignes Francaises, Blanc de Noirs, Brut","3000","Case of 3 Bottles","https://www.bbr.com/products-20048007238-2004-champagne-bollinger-vieilles-vignes-francaises-blanc-de-noirs-brut","1081822","20048007238"
"Bollinger","2005","Champagne Bollinger, Vieilles Vignes Francaises, Blanc de Noirs, Brut","950","Case of 1 Bottles","https://www.bbr.com/products-20058007238-2005-champagne-bollinger-vieilles-vignes-francaises-blanc-de-noirs-brut","1081822","20058007238"
"Bollinger","2006","Champagne Bollinger, Vieilles Vignes Francaises, Blanc de Noirs, Brut","940","Case of 1 Bottles","https://www.bbr.com/products-20068007238-2006-champagne-bollinger-vieilles-vignes-francaises-blanc-de-noirs-brut","1081822","20068007238"
"Bollinger","2007","Champagne Bollinger, Vieilles Vignes Francaises, Blanc de Noirs, Brut","975","Case of 1 Bottles","https://www.bbr.com/products-20078007238-2007-champagne-bollinger-vieilles-vignes-francaises-blanc-de-noirs-brut","1081822","20078007238"
"Bollinger","2008","Champagne Bollinger, Vieilles Vignes Francaises, Blanc de Noirs, Brut","1100","Case of 1 Bottles","https://www.bbr.com/products-20088007238-2008-champagne-bollinger-vieilles-vignes-francaises-blanc-de-noirs-brut","1081822","20088007238"
"Bollinger","2008","Champagne Bollinger, Vieilles Vignes Francaises, Blanc de Noirs, Brut","1958","Case of 1 Bottles","https://www.bbr.com/products-20088007238-2008-champagne-bollinger-vieilles-vignes-francaises-blanc-de-noirs-brut","1081822","20088007238"
"Bollinger","2009","Champagne Bollinger, Vieilles Vignes Francaises, Blanc de Noirs, Brut","992","Case of 1 Bottles","https://www.bbr.com/products-20098007238-2009-champagne-bollinger-vieilles-vignes-francaises-blanc-de-noirs-brut","1081822","20098007238"
"Bollinger","2009","Champagne Bollinger, Vieilles Vignes Francaises, Blanc de Noirs, Brut","990","Case of 1 Bottles","https://www.bbr.com/products-20098007238-2009-champagne-bollinger-vieilles-vignes-francaises-blanc-de-noirs-brut","1081822","20098007238"
"Bollinger","2010","Champagne Bollinger, Vieilles Vignes Francaises, Blanc de Noirs, Brut","1050","Case of 1 Bottles","https://www.bbr.com/products-20108007238-2010-champagne-bollinger-vieilles-vignes-francaises-blanc-de-noirs-brut","1081822","20108007238"
"Bollinger","2012","Champagne Bollinger, Vieilles Vignes Francaises, Blanc de Noirs, Brut","1244","Case of 1 Bottles","https://www.bbr.com/products-20128007238-2012-champagne-bollinger-vieilles-vignes-francaises-blanc-de-noirs-brut","1081822","20128007238"
"Bollinger","2012","Champagne Bollinger, Vieilles Vignes Francaises, Blanc de Noirs, Brut","1245","Case of 1 Bottles","https://www.bbr.com/products-20128007238-2012-champagne-bollinger-vieilles-vignes-francaises-blanc-de-noirs-brut","1081822","20128007238"
"Bollinger","2013","Champagne Bollinger, Vieilles Vignes Francaises, Blanc de Noirs, Brut","1165","Case of 1 Bottles","https://www.bbr.com/products-20138007238-2013-champagne-bollinger-vieilles-vignes-francaises-blanc-de-noirs-brut","1081822","20138007238"
"Bollinger","2013","Champagne Bollinger, Vieilles Vignes Francaises, Blanc de Noirs, Brut","950","Case of 1 Bottles","https://www.bbr.com/products-20138007238-2013-champagne-bollinger-vieilles-vignes-francaises-blanc-de-noirs-brut","1081822","20138007238"
"Bollinger","2016","Champagne Bollinger, Vieilles Vignes Francaises, Blanc de Noirs, Brut","1600","Case of 1 Bottles","https://www.bbr.com/products-20168007238-2016-champagne-bollinger-vieilles-vignes-francaises-blanc-de-noirs-brut","1081822","20168007238"
"Champagne Boerl & Kroff","1998","Champagne Boerl & Kroff, Brut","500","Case of 1 Magnums","https://www.bbr.com/products-19988148326-1998-champagne-boerl-kroff-brut","1400087","19988148326"
"Champagne Boerl & Kroff","1998","Champagne Boerl & Kroff, Brut","1725","Case of 1 Magnums","https://www.bbr.com/products-19988148326-1998-champagne-boerl-kroff-brut","1400087","19988148326"
"Champagne Taittinger","2006","Champagne Boerl & Kroff, Brut (Disgorged 2018)","1000","Case of 1 Magnums","https://www.bbr.com/products-20068151986-2006-champagne-boerl-kroff-brut-disgorged-2018","1400087","20068151986"
"Champagne Boerl & Kroff","2003","Champagne Boerl &amp; Kroff, Brut","1800","Case of 6 Bottles","https://www.bbr.com/products-20038148326-2003-champagne-boerl-and-kroff-brut","1400087","20038148326"
"Champagne Michel Fallon","","Champagne Brigitte Fallon, Avysia, Blanc de Blancs, Grand Cru, Avize, Brut (Base 2019)","1000","Case of 6 Bottles","https://www.bbr.com/products-10008076281-champagne-brigitte-fallon-avysia-blanc-de-blancs-grand-cru-avize-brut-base-2019","2959094","10008076281"
"Champagne Michel Fallon","2014","Champagne Brigitte Fallon, Blanc de Blancs, Grand Cru (Disgorged 05/05/2023)","1850","Case of 6 Bottles","https://www.bbr.com/products-20148254195-2014-champagne-brigitte-fallon-blanc-de-blancs-grand-cru-disgorged-05-05-2023","","20148254195"
"Bruno Paillard","1996","Champagne Bruno Paillard, Blanc de Blancs, Grand Cru, Brut","1180","Case of 3 Magnums","https://www.bbr.com/products-19968057682-1996-champagne-bruno-paillard-blanc-de-blancs-grand-cru-brut","1222229","19968057682"
"Champagne Bereche et Fils","2015","Champagne Bereche Cote, Millesime, Grand Cru","360","Case of 6 Bottles","https://www.bbr.com/products-20158202789-2015-champagne-bereche-cote-millesime-grand-cru","1523241","20158202789"
"Champagne Bereche et Fils","2016","Champagne Bereche Cote, Millesime, Grand Cru","300","Case of 6 Bottles","https://www.bbr.com/products-20168202789-2016-champagne-bereche-cote-millesime-grand-cru","1523241","20168202789"
"Champagne Charles Heidsieck","2004","Champagne Charles Heidsieck, Blanc des Millenaires, Blanc de Blancs, Brut","325","Case of 3 Bottles","https://www.bbr.com/products-20048208941-2004-champagne-charles-heidsieck-blanc-des-millenaires-blanc-de-blancs-brut","1217740","20048208941"
"Champagne Charles Heidsieck","2006","Champagne Charles Heidsieck, Blanc des Millenaires, Blanc de Blancs, Brut","600","Case of 6 Bottles","https://www.bbr.com/products-20068208941-2006-champagne-charles-heidsieck-blanc-des-millenaires-blanc-de-blancs-brut","1217740","20068208941"
"Champagne Charles Heidsieck","1996","Champagne Charles Heidsieck, Blanc des Millenaires, Blanc de Blancs,Brut","390","Case of 1 Bottles","https://www.bbr.com/products-19968208941-1996-champagne-charles-heidsieck-blanc-des-millenaires-blanc-de-blancs-brut","1217740","19968208941"
"Champagne Charles Heidsieck","2007","Champagne Charles Heidsieck, Blanc des Millenaires, Blanc de Blancs,Brut","750","Case of 6 Bottles","https://www.bbr.com/products-20078208941-2007-champagne-charles-heidsieck-blanc-des-millenaires-blanc-de-blancs-brut","1217740","20078208941"
"Champagne Charles Heidsieck","","Champagne Charles Heidsieck, Cuvee Champagne Charlie, Brut (Cellared 2020)","330","Case of 1 Bottles","https://www.bbr.com/products-10008318590-champagne-charles-heidsieck-cuvee-champagne-charlie-brut-cellared-2020","3089729","10008318590"
"Champagne Charles Heidsieck","2008","Champagne Charles Heidsieck, Millesime, Brut","550","Case of 6 Bottles","https://www.bbr.com/products-20088216115-2008-champagne-charles-heidsieck-millesime-brut","1158223","20088216115"
"Champagne Charles Heidsieck","2008","Champagne Charles Heidsieck, Millesime, Brut","400","Case of 6 Bottles","https://www.bbr.com/products-20088216115-2008-champagne-charles-heidsieck-millesime-brut","1158223","20088216115"
"Champagne Charles Heidsieck","2012","Champagne Charles Heidsieck, Millesime, Brut","295","Case of 6 Bottles","https://www.bbr.com/products-20128216115-2012-champagne-charles-heidsieck-millesime-brut","1158223","20128216115"
"Chartogne Taillet","2018","Champagne Chartogne Taillet, Chemin de Reims, Extra Brut","500","Case of 6 Bottles","https://www.bbr.com/products-20188173108-2018-champagne-chartogne-taillet-chemin-de-reims-extra-brut","1513972","20188173108"
"Chartogne Taillet","2019","Champagne Chartogne Taillet, Chemin de Reims, Extra Brut","550","Case of 6 Bottles","https://www.bbr.com/products-20198173108-2019-champagne-chartogne-taillet-chemin-de-reims-extra-brut","1513972","20198173108"
"Chartogne Taillet","2020","Champagne Chartogne-Taillet, Les Couarres, Extra Brut","600","Case of 6 Bottles","https://www.bbr.com/products-20208062578-2020-champagne-chartogne-taillet-les-couarres-extra-brut","1387184","20208062578"
"Champagne Christophe Pitois","2021","Champagne Christophe Pitois, Les Chetillons, Blanc de Blancs, Grand Cru, Le Mesnil-sur-Oger, Brut Nature","350","Case of 6 Bottles","https://www.bbr.com/products-20218319467-2021-champagne-christophe-pitois-les-chetillons-blanc-de-blancs-grand-cru-le-mesnil-sur-oger-brut-nature","3091265","20218319467"
"Champagne Clandestin","2019","Champagne Clandestin, Austral, Brut Nature","280","Case of 6 Bottles","https://www.bbr.com/products-20198231064-2019-champagne-clandestin-austral-brut-nature","1674246","20198231064"
"Champagne Clandestin","2022","Champagne Clandestin, Boreal, Brut Nature","300","Case of 6 Bottles","https://www.bbr.com/products-20228233172-2022-champagne-clandestin-boreal-brut-nature","2177474","20228233172"
"Champagne Clandestin","2021","Champagne Clandestin, Boreal, Brut Nature (Base 2020)","288","Case of 6 Bottles","https://www.bbr.com/products-20218250302-2021-champagne-clandestin-boreal-brut-nature-base-2020","2177474","20218250302"
"Champagne Clandestin","2022","Champagne Clandestin, Les Passagers, Fiole, Brut Nature","650","Case of 6 Bottles","https://www.bbr.com/products-20228316857-2022-champagne-clandestin-les-passagers-fiole-brut-nature","3080609","20228316857"
"Champagne Clandestin","2020","Champagne Clandestin, Les Revers, Brut Nature","450","Case of 6 Bottles","https://www.bbr.com/products-20208233185-2020-champagne-clandestin-les-revers-brut-nature","2376617","20208233185"
"Champagne Clandestin","","Champagne Clandestin, Les Revers, Brut Nature (Base 2019)","450","Case of 6 Bottles","https://www.bbr.com/products-10008244318-champagne-clandestin-les-revers-brut-nature-base-2019","2376617","10008244318"
"Champagne Claude Cazals","2015","Champagne Claude Cazals, Blanc de Blancs, Grand Cru, Extra Brut","297","Case of 6 Bottles","https://www.bbr.com/products-20158176040-2015-champagne-claude-cazals-blanc-de-blancs-grand-cru-extra-brut","1282782","20158176040"
"Champagne Claude Cazals","2013","Champagne Claude Cazals, Clos Cazals, Blanc de Blancs, Vieilles Vignes, Grand Cru, Oger, Extra Brut","345","Case of 6 Bottles","https://www.bbr.com/products-20138205461-2013-champagne-claude-cazals-clos-cazals-blanc-de-blancs-vieilles-vignes-grand-cru-oger-extra-brut","1354191","20138205461"
"Champagne Claude Cazals","2013","Champagne Claude Cazals, Clos Cazals, Blanc de Blancs, Vieilles Vignes, Grand Cru, Oger, Extra Brut","440","Case of 3 Magnums","https://www.bbr.com/products-20138205461-2013-champagne-claude-cazals-clos-cazals-blanc-de-blancs-vieilles-vignes-grand-cru-oger-extra-brut","1354191","20138205461"
"Champagne Claude Cazals","2014","Champagne Claude Cazals, Clos Cazals, Blanc de Blancs, Vieilles Vignes, Grand Cru, Oger, Extra Brut","490","Case of 6 Bottles","https://www.bbr.com/products-20148205461-2014-champagne-claude-cazals-clos-cazals-blanc-de-blancs-vieilles-vignes-grand-cru-oger-extra-brut","1354191","20148205461"
"Champagne Claude Cazals","2014","Champagne Claude Cazals, Clos Cazals, Blanc de Blancs, Vieilles Vignes, Grand Cru, Oger, Extra Brut","695","Case of 3 Magnums","https://www.bbr.com/products-20148205461-2014-champagne-claude-cazals-clos-cazals-blanc-de-blancs-vieilles-vignes-grand-cru-oger-extra-brut","1354191","20148205461"
"Champagne Claude Cazals","2015","Champagne Claude Cazals, Clos Cazals, Blanc de Blancs, Vieilles Vignes, Grand Cru, Oger, Extra Brut","588","Case of 6 Bottles","https://www.bbr.com/products-20158205461-2015-champagne-claude-cazals-clos-cazals-blanc-de-blancs-vieilles-vignes-grand-cru-oger-extra-brut","1354191","20158205461"
"Champagne Claude Cazals","2016","Champagne Claude Cazals, La Chapelle du Clos, Blanc de Blancs, Grand Cru, Oger, Brut","320","Case of 6 Bottles","https://www.bbr.com/products-20168157760-2016-champagne-claude-cazals-la-chapelle-du-clos-blanc-de-blancs-grand-cru-oger-brut","2465184","20168157760"
"Champagne Claude Cazals","2016","Champagne Claude Cazals, La Chapelle du Clos, Blanc de Blancs, Grand Cru, Oger, Brut","290","Case of 3 Magnums","https://www.bbr.com/products-20168157760-2016-champagne-claude-cazals-la-chapelle-du-clos-blanc-de-blancs-grand-cru-oger-brut","2465184","20168157760"
"Champagne Claude Cazals","2017","Champagne Claude Cazals, La Chapelle du Clos, Blanc de Blancs, Grand Cru, Oger, Brut","480","Case of 6 Bottles","https://www.bbr.com/products-20178157760-2017-champagne-claude-cazals-la-chapelle-du-clos-blanc-de-blancs-grand-cru-oger-brut","2465184","20178157760"
"Champagne Claude Cazals","2017","Champagne Claude Cazals, La Chapelle du Clos, Blanc de Blancs, Grand Cru, Oger, Brut","315","Case of 3 Magnums","https://www.bbr.com/products-20178157760-2017-champagne-claude-cazals-la-chapelle-du-clos-blanc-de-blancs-grand-cru-oger-brut","2465184","20178157760"
"Champagne Crete Chamberlin","2018","Champagne Crete Chamberlin, C.D.B, Blanc de Blancs, Grand Cru, Brut Nature","325","Case of 6 Bottles","https://www.bbr.com/products-20188158318-2018-champagne-crete-chamberlin-c-d-b-blanc-de-blancs-grand-cru-brut-nature","2502232","20188158318"
"Champagne Crete Chamberlin","2019","Champagne Crete Chamberlin, Eclipsis, Blanc de Noirs, Extra Brut","480","Case of 6 Bottles","https://www.bbr.com/products-20198402495-2019-champagne-crete-chamberlin-eclipsis-blanc-de-noirs-extra-brut","3059841","20198402495"
"Champagne Crete Chamberlin","2015","Champagne Crete Chamberlin, Les Mazaux, Blanc de Blancs, 1er Cru, Extra Brut","285","Case of 6 Bottles","https://www.bbr.com/products-20158158305-2015-champagne-crete-chamberlin-les-mazaux-blanc-de-blancs-1er-cru-extra-brut","2501466","20158158305"
"Champagne Crete Chamberlin","2012","Champagne Crete Chamberlin, Quintile, Blanc de Blancs, Grand Cru, Brut Nature","595","Case of 6 Bottles","https://www.bbr.com/products-20128072690-2012-champagne-crete-chamberlin-quintile-blanc-de-blancs-grand-cru-brut-nature","2810997","20128072690"
"Champagne Crete Chamberlin","2017","Champagne Crete Chamberlin, TDN 1.114, Blanc de Blancs, Grand Cru, Oger, Brut Nature","480","Case of 6 Bottles","https://www.bbr.com/products-20178311041-2017-champagne-crete-chamberlin-tdn-1-114-blanc-de-blancs-grand-cru-oger-brut-nature","3052611","20178311041"
"David Leclapart","2011","Champagne David Leclapart, l'Artiste, Blanc de Blancs, Extra Brut","1000","Case of 6 Bottles","https://www.bbr.com/products-20118208723-2011-champagne-david-leclapart-l-artiste-blanc-de-blancs-extra-brut","1221958","20118208723"
"Champagne Delamotte","2007","Champagne Delamotte, Blanc de Blancs, Brut","510","Case of 6 Bottles","https://www.bbr.com/products-20078216072-2007-champagne-delamotte-blanc-de-blancs-brut","1081965","20078216072"
"Champagne Delamotte","2014","Champagne Delamotte, Blanc de Blancs, Brut","275","Case of 6 Bottles","https://www.bbr.com/products-20148216072-2014-champagne-delamotte-blanc-de-blancs-brut","1081965","20148216072"
"Deutz","2008","Champagne Deutz, Amour de Deutz, Blanc de Blancs, Brut","750","Case of 6 Bottles","https://www.bbr.com/products-20088032717-2008-champagne-deutz-amour-de-deutz-blanc-de-blancs-brut","1081994","20088032717"
"Deutz","2008","Champagne Deutz, Amour de Deutz, Blanc de Blancs, Brut","862","Case of 6 Bottles","https://www.bbr.com/products-20088032717-2008-champagne-deutz-amour-de-deutz-blanc-de-blancs-brut","1081994","20088032717"
"Deutz","2011","Champagne Deutz, Amour de Deutz, Blanc de Blancs, Brut","630","Case of 6 Bottles","https://www.bbr.com/products-20118032717-2011-champagne-deutz-amour-de-deutz-blanc-de-blancs-brut","1081994","20118032717"
"Deutz","2002","Champagne Deutz, Cuvee William Deutz, Brut","995","Case of 6 Bottles","https://www.bbr.com/products-20028032733-2002-champagne-deutz-cuvee-william-deutz-brut","1082047","20028032733"
"Deutz","2010","Champagne Deutz, Hommage a William Deutz, Pinot Noir, Brut","100","Case of 1 Bottles","https://www.bbr.com/products-20108032746-2010-champagne-deutz-hommage-a-william-deutz-pinot-noir-brut","1584668","20108032746"
"Champagne Devaux","2008","Champagne Devaux &amp; Chapoutier, Stenope, Brut","240","Case of 1 Magnums","https://www.bbr.com/products-20088108616-2008-champagne-devaux-and-chapoutier-stenope-brut","1357512","20088108616"
"Champagne Dhondt Grellet","","Champagne Dhondt Grellet, Les Nogers Vertical (2012 to 2014) Three- Bottle Assortment Case","900","Case of 1 s","https://www.bbr.com/products-10008245722-champagne-dhondt-grellet-les-nogers-vertical-2012-to-2014-three-bottle-assortment-case","","10008245722"
"Champagne Dhondt Grellet","","Champagne Dhondt-Grellet, Cramant, Blanc de Blancs, Grand Cru, Extra Brut","720","Case of 6 Bottles","https://www.bbr.com/products-10008145963-champagne-dhondt-grellet-cramant-blanc-de-blancs-grand-cru-extra-brut","1658967","10008145963"
"Champagne Dhondt Grellet","","Champagne Dhondt-Grellet, Cramant, Blanc de Blancs, Grand Cru, Extra Brut (Base 2021)","670","Case of 6 Bottles","https://www.bbr.com/products-10008318066-champagne-dhondt-grellet-cramant-blanc-de-blancs-grand-cru-extra-brut-base-2021","1658967","10008318066"
"Champagne Dhondt Grellet","","Champagne Dhondt-Grellet, Dans un Premier Temps, Extra Brut","480","Case of 6 Bottles","https://www.bbr.com/products-10008145950-champagne-dhondt-grellet-dans-un-premier-temps-extra-brut","1658909","10008145950"
"Champagne Dhondt Grellet","2015","Champagne Dhondt-Grellet, Le Mont de Fer, Rose, 1er Cru, Extra Brut","900","Case of 6 Bottles","https://www.bbr.com/products-20158145497-2015-champagne-dhondt-grellet-le-mont-de-fer-rose-1er-cru-extra-brut","1918302","20158145497"
"Champagne Dhondt Grellet","2014","Champagne Dhondt-Grellet, Les Nogers, Blanc de Blancs, 1er Cru, Extra Brut","890","Case of 6 Bottles","https://www.bbr.com/products-20148041874-2014-champagne-dhondt-grellet-les-nogers-blanc-de-blancs-1er-cru-extra-brut","1703322","20148041874"
"Champagne Dhondt Grellet","","Champagne Dhondt-Grellet, Les Terres Fines, Blanc de Blancs, 1er Cru, Brut (Base 2022, Disgorged Jan-25)","420","Case of 6 Bottles","https://www.bbr.com/products-10008320599-champagne-dhondt-grellet-les-terres-fines-blanc-de-blancs-1er-cru-brut-base-2022-disgorged-jan-25","1734757","10008320599"
"Champagne Dhondt Grellet","","Champagne Dhondt-Grellet, Les Terres Fines, Blanc de Blancs, 1er Cru, Extra Brut","425","Case of 6 Bottles","https://www.bbr.com/products-10008041861-champagne-dhondt-grellet-les-terres-fines-blanc-de-blancs-1er-cru-extra-brut","1734757","10008041861"
"Champagne Dhondt Grellet","","Champagne Dhondt-Grellet, Roc Solare, Extra Brut","350","Case of 6 Bottles","https://www.bbr.com/products-10008316437-champagne-dhondt-grellet-roc-solare-extra-brut","3022049","10008316437"
"Dom Perignon","1990","Champagne Dom Perignon, Brut","4000","Case of 12 Bottles","https://www.bbr.com/products-19908000200-1990-champagne-dom-perignon-brut","1082656","19908000200"
"Dom Perignon","1996","Champagne Dom Perignon, Brut","1600","Case of 6 Bottles","https://www.bbr.com/products-19968000200-1996-champagne-dom-perignon-brut","1082656","19968000200"
"Dom Perignon","2000","Champagne Dom Perignon, Brut","1220","Case of 6 Bottles","https://www.bbr.com/products-20008000200-2000-champagne-dom-perignon-brut","1082656","20008000200"
"Dom Perignon","2000","Champagne Dom Perignon, Brut","1075","Case of 6 Bottles","https://www.bbr.com/products-20008000200-2000-champagne-dom-perignon-brut","1082656","20008000200"
"Dom Perignon","2002","Champagne Dom Perignon, Brut","950","Case of 6 Bottles","https://www.bbr.com/products-20028000200-2002-champagne-dom-perignon-brut","1082656","20028000200"
"Dom Perignon","2002","Champagne Dom Perignon, Brut","1150","Case of 6 Bottles","https://www.bbr.com/products-20028000200-2002-champagne-dom-perignon-brut","1082656","20028000200"
"Dom Perignon","2002","Champagne Dom Perignon, Brut","960","Case of 6 Bottles","https://www.bbr.com/products-20028000200-2002-champagne-dom-perignon-brut","1082656","20028000200"
"Dom Perignon","2003","Champagne Dom Perignon, Brut","909","Case of 6 Bottles","https://www.bbr.com/products-20038000200-2003-champagne-dom-perignon-brut","1082656","20038000200"
"Dom Perignon","2003","Champagne Dom Perignon, Brut","920","Case of 6 Bottles","https://www.bbr.com/products-20038000200-2003-champagne-dom-perignon-brut","1082656","20038000200"
"Dom Perignon","2003","Champagne Dom Perignon, Brut","880","Case of 6 Bottles","https://www.bbr.com/products-20038000200-2003-champagne-dom-perignon-brut","1082656","20038000200"
"Dom Perignon","2004","Champagne Dom Perignon, Brut","850","Case of 6 Bottles","https://www.bbr.com/products-20048000200-2004-champagne-dom-perignon-brut","1082656","20048000200"
"Dom Perignon","2004","Champagne Dom Perignon, Brut","800","Case of 6 Bottles","https://www.bbr.com/products-20048000200-2004-champagne-dom-perignon-brut","1082656","20048000200"
"Dom Perignon","2004","Champagne Dom Perignon, Brut","790","Case of 6 Bottles","https://www.bbr.com/products-20048000200-2004-champagne-dom-perignon-brut","1082656","20048000200"
"Dom Perignon","2005","Champagne Dom Perignon, Brut","935","Case of 6 Bottles","https://www.bbr.com/products-20058000200-2005-champagne-dom-perignon-brut","1082656","20058000200"
"Dom Perignon","2005","Champagne Dom Perignon, Brut","1250","Case of 6 Bottles","https://www.bbr.com/products-20058000200-2005-champagne-dom-perignon-brut","1082656","20058000200"
"Dom Perignon","2005","Champagne Dom Perignon, Brut","1100","Case of 3 Magnums","https://www.bbr.com/products-20058000200-2005-champagne-dom-perignon-brut","1082656","20058000200"
"Dom Perignon","2006","Champagne Dom Perignon, Brut","755","Case of 6 Bottles","https://www.bbr.com/products-20068000200-2006-champagne-dom-perignon-brut","1082656","20068000200"
"Dom Perignon","2006","Champagne Dom Perignon, Brut","820","Case of 6 Bottles","https://www.bbr.com/products-20068000200-2006-champagne-dom-perignon-brut","1082656","20068000200"
"Dom Perignon","2006","Champagne Dom Perignon, Brut","1700","Case of 6 Bottles","https://www.bbr.com/products-20068000200-2006-champagne-dom-perignon-brut","1082656","20068000200"
"Dom Perignon","2008","Champagne Dom Perignon, Brut","925","Case of 6 Bottles","https://www.bbr.com/products-20088000200-2008-champagne-dom-perignon-brut","1082656","20088000200"
"Dom Perignon","2008","Champagne Dom Perignon, Brut","900","Case of 6 Bottles","https://www.bbr.com/products-20088000200-2008-champagne-dom-perignon-brut","1082656","20088000200"
"Dom Perignon","2008","Champagne Dom Perignon, Brut","890","Case of 6 Bottles","https://www.bbr.com/products-20088000200-2008-champagne-dom-perignon-brut","1082656","20088000200"
"Dom Perignon","2008","Champagne Dom Perignon, Brut","900","Case of 6 Bottles","https://www.bbr.com/products-20088000200-2008-champagne-dom-perignon-brut","1082656","20088000200"
"Dom Perignon","2008","Champagne Dom Perignon, Brut","950","Case of 6 Bottles","https://www.bbr.com/products-20088000200-2008-champagne-dom-perignon-brut","1082656","20088000200"
"Dom Perignon","2008","Champagne Dom Perignon, Brut","950","Case of 6 Bottles","https://www.bbr.com/products-20088000200-2008-champagne-dom-perignon-brut","1082656","20088000200"
"Dom Perignon","2008","Champagne Dom Perignon, Brut","1089","Case of 3 Magnums","https://www.bbr.com/products-20088000200-2008-champagne-dom-perignon-brut","1082656","20088000200"
"Dom Perignon","2008","Champagne Dom Perignon, Brut","1085","Case of 3 Magnums","https://www.bbr.com/products-20088000200-2008-champagne-dom-perignon-brut","1082656","20088000200"
"Dom Perignon","2008","Champagne Dom Perignon, Brut","1280","Case of 3 Magnums","https://www.bbr.com/products-20088000200-2008-champagne-dom-perignon-brut","1082656","20088000200"
"Dom Perignon","2009","Champagne Dom Perignon, Brut","995","Case of 6 Bottles","https://www.bbr.com/products-20098000200-2009-champagne-dom-perignon-brut","1082656","20098000200"
"Dom Perignon","2009","Champagne Dom Perignon, Brut","760","Case of 6 Bottles","https://www.bbr.com/products-20098000200-2009-champagne-dom-perignon-brut","1082656","20098000200"
"Dom Perignon","2009","Champagne Dom Perignon, Brut","800","Case of 3 Magnums","https://www.bbr.com/products-20098000200-2009-champagne-dom-perignon-brut","1082656","20098000200"
"Dom Perignon","2010","Champagne Dom Perignon, Brut","1100","Case of 6 Bottles","https://www.bbr.com/products-20108000200-2010-champagne-dom-perignon-brut","1082656","20108000200"
"Dom Perignon","2010","Champagne Dom Perignon, Brut","1099","Case of 6 Bottles","https://www.bbr.com/products-20108000200-2010-champagne-dom-perignon-brut","1082656","20108000200"
"Dom Perignon","2010","Champagne Dom Perignon, Brut","1299","Case of 1 Jeroboam 300cl","https://www.bbr.com/products-20108000200-2010-champagne-dom-perignon-brut","1082656","20108000200"
"Dom Perignon","2010","Champagne Dom Perignon, Brut","795","Case of 3 Magnums","https://www.bbr.com/products-20108000200-2010-champagne-dom-perignon-brut","1082656","20108000200"
"Dom Perignon","2010","Champagne Dom Perignon, Brut","875","Case of 3 Magnums","https://www.bbr.com/products-20108000200-2010-champagne-dom-perignon-brut","1082656","20108000200"
"Dom Perignon","2012","Champagne Dom Perignon, Brut","890","Case of 6 Bottles","https://www.bbr.com/products-20128000200-2012-champagne-dom-perignon-brut","1082656","20128000200"
"Dom Perignon","2012","Champagne Dom Perignon, Brut","900","Case of 6 Bottles","https://www.bbr.com/products-20128000200-2012-champagne-dom-perignon-brut","1082656","20128000200"
"Dom Perignon","2012","Champagne Dom Perignon, Brut","900","Case of 6 Bottles","https://www.bbr.com/products-20128000200-2012-champagne-dom-perignon-brut","1082656","20128000200"
"Dom Perignon","2012","Champagne Dom Perignon, Brut","1185","Case of 3 Magnums","https://www.bbr.com/products-20128000200-2012-champagne-dom-perignon-brut","1082656","20128000200"
"Dom Perignon","2012","Champagne Dom Perignon, Brut","1188","Case of 3 Magnums","https://www.bbr.com/products-20128000200-2012-champagne-dom-perignon-brut","1082656","20128000200"
"Dom Perignon","2013","Champagne Dom Perignon, Brut","745","Case of 6 Bottles","https://www.bbr.com/products-20138000200-2013-champagne-dom-perignon-brut","1082656","20138000200"
"Dom Perignon","2013","Champagne Dom Perignon, Brut","825","Case of 6 Bottles","https://www.bbr.com/products-20138000200-2013-champagne-dom-perignon-brut","1082656","20138000200"
"Dom Perignon","2015","Champagne Dom Perignon, Brut","850","Case of 6 Bottles","https://www.bbr.com/products-20158000200-2015-champagne-dom-perignon-brut","1082656","20158000200"
"Dom Perignon","2008","Champagne Dom Perignon, Chef de Cave Legacy Edition, Brut","1400","Case of 6 Bottles","https://www.bbr.com/products-20088034610-2008-champagne-dom-perignon-chef-de-cave-legacy-edition-brut","1740608","20088034610"
"Dom Perignon","2008","Champagne Dom Perignon, Chef de Cave Legacy Edition, Brut","1374","Case of 6 Bottles","https://www.bbr.com/products-20088034610-2008-champagne-dom-perignon-chef-de-cave-legacy-edition-brut","1740608","20088034610"
"Dom Perignon","2004","Champagne Dom Perignon, Creator Edition, Metamorphosis by Iris Van Herpen, Brut","1600","Case of 6 Bottles","https://www.bbr.com/products-20048068916-2004-champagne-dom-perignon-creator-edition-metamorphosis-by-iris-van-herpen-brut","1314667","20048068916"
"Dom Perignon","2015","Champagne Dom Perignon, Jean-Michel Basquiat Special Edition (Blue), Brut","1600","Case of 6 Bottles","https://www.bbr.com/products-20158082796-2015-champagne-dom-perignon-jean-michel-basquiat-special-edition-blue-brut","3051568","20158082796"
"Dom Perignon","2015","Champagne Dom Perignon, Jean-Michel Basquiat Special Edition (Green), Brut","1600","Case of 6 Bottles","https://www.bbr.com/products-20158082783-2015-champagne-dom-perignon-jean-michel-basquiat-special-edition-green-brut","3051568","20158082783"
"Dom Perignon","2015","Champagne Dom Perignon, Jean-Michel Basquiat Special Edition (Yellow), Brut","1600","Case of 6 Bottles","https://www.bbr.com/products-20158082770-2015-champagne-dom-perignon-jean-michel-basquiat-special-edition-yellow-brut","3051568","20158082770"
"Dom Perignon","2008","Champagne Dom Perignon, Lenny Kravitz Edition, Brut","1399","Case of 6 Bottles","https://www.bbr.com/products-20088046387-2008-champagne-dom-perignon-lenny-kravitz-edition-brut","1859511","20088046387"
"Dom Perignon","2009","Champagne Dom Perignon, Limited Edition by Tokujin Yoshioka, Brut","3000","Case of 6 Bottles","https://www.bbr.com/products-20098063113-2009-champagne-dom-perignon-limited-edition-by-tokujin-yoshioka-brut","1509403","20098063113"
"Dom Perignon","1996","Champagne Dom Perignon, Oenotheque, Brut","1200","Case of 3 Bottles","https://www.bbr.com/products-19968118871-1996-champagne-dom-perignon-oenotheque-brut","1082669","19968118871"
"Dom Perignon","1996","Champagne Dom Perignon, Oenotheque, Brut","1200","Case of 3 Bottles","https://www.bbr.com/products-19968118871-1996-champagne-dom-perignon-oenotheque-brut","1082669","19968118871"
"Dom Perignon","1996","Champagne Dom Perignon, P2 Rose, Brut","875","Case of 1 Bottles","https://www.bbr.com/products-19968108137-1996-champagne-dom-perignon-p2-rose-brut","1378115","19968108137"
"Dom Perignon","2000","Champagne Dom Perignon, P2 Rose, Brut","979","Case of 1 Bottles","https://www.bbr.com/products-20008108137-2000-champagne-dom-perignon-p2-rose-brut","1378115","20008108137"
"Dom Perignon","1998","Champagne Dom Perignon, P2, Brut","1050","Case of 3 Bottles","https://www.bbr.com/products-19988110468-1998-champagne-dom-perignon-p2-brut","1277359","19988110468"
"Dom Perignon","2000","Champagne Dom Perignon, P2, Brut","1603","Case of 3 Bottles","https://www.bbr.com/products-20008110468-2000-champagne-dom-perignon-p2-brut","1277359","20008110468"
"Dom Perignon","2000","Champagne Dom Perignon, P2, Brut","1100","Case of 3 Bottles","https://www.bbr.com/products-20008110468-2000-champagne-dom-perignon-p2-brut","1277359","20008110468"
"Dom Perignon","2002","Champagne Dom Perignon, P2, Brut","1050","Case of 3 Bottles","https://www.bbr.com/products-20028110468-2002-champagne-dom-perignon-p2-brut","1277359","20028110468"
"Dom Perignon","2002","Champagne Dom Perignon, P2, Brut","930","Case of 3 Bottles","https://www.bbr.com/products-20028110468-2002-champagne-dom-perignon-p2-brut","1277359","20028110468"
"Dom Perignon","2003","Champagne Dom Perignon, P2, Brut","890","Case of 3 Bottles","https://www.bbr.com/products-20038110468-2003-champagne-dom-perignon-p2-brut","1277359","20038110468"
"Dom Perignon","2003","Champagne Dom Perignon, P2, Brut","900","Case of 3 Bottles","https://www.bbr.com/products-20038110468-2003-champagne-dom-perignon-p2-brut","1277359","20038110468"
"Dom Perignon","2003","Champagne Dom Perignon, P2, Brut","795","Case of 1 Magnums","https://www.bbr.com/products-20038110468-2003-champagne-dom-perignon-p2-brut","1277359","20038110468"
"Dom Perignon","2004","Champagne Dom Perignon, P2, Brut","900","Case of 3 Bottles","https://www.bbr.com/products-20048110468-2004-champagne-dom-perignon-p2-brut","1277359","20048110468"
"Dom Perignon","2004","Champagne Dom Perignon, P2, Brut","1709","Case of 6 Bottles","https://www.bbr.com/products-20048110468-2004-champagne-dom-perignon-p2-brut","1277359","20048110468"
"Dom Perignon","2006","Champagne Dom Perignon, P2, Brut","1940","Case of 6 Bottles","https://www.bbr.com/products-20068110468-2006-champagne-dom-perignon-p2-brut","1277359","20068110468"
"Dom Perignon","2006","Champagne Dom Perignon, P2, Brut","1659","Case of 3 Bottles","https://www.bbr.com/products-20068110468-2006-champagne-dom-perignon-p2-brut","1277359","20068110468"
"Dom Perignon","1990","Champagne Dom Perignon, P3, Brut","2650","Case of 1 Bottles","https://www.bbr.com/products-19908109538-1990-champagne-dom-perignon-p3-brut","1319125","19908109538"
"Dom Perignon","1990","Champagne Dom Perignon, P3, Brut","2990","Case of 1 Bottles","https://www.bbr.com/products-19908109538-1990-champagne-dom-perignon-p3-brut","1319125","19908109538"
"Dom Perignon","1992","Champagne Dom Perignon, P3, Brut","2300","Case of 1 Bottles","https://www.bbr.com/products-19928109538-1992-champagne-dom-perignon-p3-brut","1319125","19928109538"
"Dom Perignon","1993","Champagne Dom Perignon, P3, Brut","2800","Case of 1 Bottles","https://www.bbr.com/products-19938109538-1993-champagne-dom-perignon-p3-brut","1319125","19938109538"
"Dom Perignon","1993","Champagne Dom Perignon, P3, Brut","2780","Case of 1 Bottles","https://www.bbr.com/products-19938109538-1993-champagne-dom-perignon-p3-brut","1319125","19938109538"
"Dom Perignon","1995","Champagne Dom Perignon, P3, Brut","3000","Case of 1 Bottles","https://www.bbr.com/products-19958109538-1995-champagne-dom-perignon-p3-brut","1319125","19958109538"
"Dom Perignon","2002","Champagne Dom Perignon, Rose, Brut","1200","Case of 3 Bottles","https://www.bbr.com/products-20028016089-2002-champagne-dom-perignon-rose-brut","1082672","20028016089"
"Dom Perignon","2004","Champagne Dom Perignon, Rose, Brut","700","Case of 3 Bottles","https://www.bbr.com/products-20048016089-2004-champagne-dom-perignon-rose-brut","1082672","20048016089"
"Dom Perignon","2004","Champagne Dom Perignon, Rose, Brut","1440","Case of 6 Bottles","https://www.bbr.com/products-20048016089-2004-champagne-dom-perignon-rose-brut","1082672","20048016089"
"Dom Perignon","2005","Champagne Dom Perignon, Rose, Brut","650","Case of 3 Bottles","https://www.bbr.com/products-20058016089-2005-champagne-dom-perignon-rose-brut","1082672","20058016089"
"Dom Perignon","2006","Champagne Dom Perignon, Rose, Brut","1250","Case of 6 Bottles","https://www.bbr.com/products-20068016089-2006-champagne-dom-perignon-rose-brut","1082672","20068016089"
"Dom Perignon","2006","Champagne Dom Perignon, Rose, Brut","650","Case of 3 Bottles","https://www.bbr.com/products-20068016089-2006-champagne-dom-perignon-rose-brut","1082672","20068016089"
"Dom Perignon","2008","Champagne Dom Perignon, Rose, Brut","775","Case of 3 Bottles","https://www.bbr.com/products-20088016089-2008-champagne-dom-perignon-rose-brut","1082672","20088016089"
"Dom Perignon","2008","Champagne Dom Perignon, Rose, Brut","775","Case of 3 Bottles","https://www.bbr.com/products-20088016089-2008-champagne-dom-perignon-rose-brut","1082672","20088016089"
"Dom Perignon","2008","Champagne Dom Perignon, Rose, Brut","2500","Case of 3 Magnums","https://www.bbr.com/products-20088016089-2008-champagne-dom-perignon-rose-brut","1082672","20088016089"
"Dom Perignon","2009","Champagne Dom Perignon, Rose, Brut","639","Case of 3 Bottles","https://www.bbr.com/products-20098016089-2009-champagne-dom-perignon-rose-brut","1082672","20098016089"
"Dom Perignon","2009","Champagne Dom Perignon, Rose, Brut","630","Case of 3 Bottles","https://www.bbr.com/products-20098016089-2009-champagne-dom-perignon-rose-brut","1082672","20098016089"
"Dom Perignon","2006","Champagne Dom Perignon, Rose, Brut (Lady Gaga Limited Edition)","1000","Case of 3 Bottles","https://www.bbr.com/products-20068066752-2006-champagne-dom-perignon-rose-brut-lady-gaga-limited-edition","2101927","20068066752"
"Dom Perignon","2008","Champagne Dom Perignon, Rose, Brut (Lady Gaga Limited Edition)","1400","Case of 4 Bottles","https://www.bbr.com/products-20088066752-2008-champagne-dom-perignon-rose-brut-lady-gaga-limited-edition","2101927","20088066752"
"Dom Perignon","2015","Champagne Dom Perignon, x Takashi Murakami Brut","1418","Case of 6 Bottles","https://www.bbr.com/products-20158322001-2015-champagne-dom-perignon-x-takashi-murakami-brut","1213902","20158322001"
"Dom Perignon","2015","Champagne Dom Perignon, x Takashi Murakami Brut","195","Case of 1 Bottles","https://www.bbr.com/products-20158322001-2015-champagne-dom-perignon-x-takashi-murakami-brut","1213902","20158322001"
"Dom Perignon","2010","Champagne Dom Perignon, x Takashi Murakami, Rose, Brut","2500","Case of 6 Bottles","https://www.bbr.com/products-20108321990-2010-champagne-dom-perignon-x-takashi-murakami-rose-brut","1213843","20108321990"
"Dom Perignon","2010","Champagne Dom Perignon, x Takashi Murakami, Rose, Brut","599","Case of 1 Bottles","https://www.bbr.com/products-20108321990-2010-champagne-dom-perignon-x-takashi-murakami-rose-brut","1213843","20108321990"
"Dom Perignon","2010","Champagne Dom Perignon, x Takashi Murakami, Rose, Brut","2400","Case of 6 Bottles","https://www.bbr.com/products-20108321990-2010-champagne-dom-perignon-x-takashi-murakami-rose-brut","1213843","20108321990"
"Champagne Ruinart","2004","Champagne Dom Ruinart, Blanc de Blancs, Brut","820","Case of 6 Bottles","https://www.bbr.com/products-20048040806-2004-champagne-dom-ruinart-blanc-de-blancs-brut","1160798","20048040806"
"Champagne Ruinart","2006","Champagne Dom Ruinart, Blanc de Blancs, Brut","690","Case of 6 Bottles","https://www.bbr.com/products-20068040806-2006-champagne-dom-ruinart-blanc-de-blancs-brut","1160798","20068040806"
"Champagne Ruinart","2006","Champagne Dom Ruinart, Blanc de Blancs, Brut","725","Case of 6 Bottles","https://www.bbr.com/products-20068040806-2006-champagne-dom-ruinart-blanc-de-blancs-brut","1160798","20068040806"
"Champagne Ruinart","2007","Champagne Dom Ruinart, Blanc de Blancs, Brut","780","Case of 6 Bottles","https://www.bbr.com/products-20078040806-2007-champagne-dom-ruinart-blanc-de-blancs-brut","1160798","20078040806"
"Champagne Ruinart","2009","Champagne Dom Ruinart, Blanc de Blancs, Brut","780","Case of 6 Bottles","https://www.bbr.com/products-20098040806-2009-champagne-dom-ruinart-blanc-de-blancs-brut","1160798","20098040806"
"Champagne Ruinart","2010","Champagne Dom Ruinart, Blanc de Blancs, Extra Brut","945","Case of 6 Bottles","https://www.bbr.com/products-20108040806-2010-champagne-dom-ruinart-blanc-de-blancs-extra-brut","1160798","20108040806"
"Champagne Domaine Vincey","2020","Champagne Domaine Vincey, Coin Gris, Chardonnay, Grand Cru, Oger, Brut","700","Case of 6 Bottles","https://www.bbr.com/products-20208316059-2020-champagne-domaine-vincey-coin-gris-chardonnay-grand-cru-oger-brut","3078310","20208316059"
"Champagne Doyard","2008","Champagne Doyard, Les Lumieres, Extra Brut","275","Case of 1 Bottles","https://www.bbr.com/products-20088065582-2008-champagne-doyard-les-lumieres-extra-brut","2049223","20088065582"
"Champagne Drappier","2015","Champagne Drappier, Blanc de Blancs, Grand Cru, Extra Brut","330","Case of 6 Bottles","https://www.bbr.com/products-20158329550-2015-champagne-drappier-blanc-de-blancs-grand-cru-extra-brut","2259442","20158329550"
"Champagne Drappier","2015","Champagne Drappier, Blanc de Blancs, Grand Cru, Extra Brut","330","Case of 6 Bottles","https://www.bbr.com/products-20158329550-2015-champagne-drappier-blanc-de-blancs-grand-cru-extra-brut","2259442","20158329550"
"Champagne Drappier","2008","Champagne Drappier, Grande Sendree, Brut","480","Case of 3 Magnums","https://www.bbr.com/products-20088216043-2008-champagne-drappier-grande-sendree-brut","1082106","20088216043"
"Champagne Drappier","2017","Champagne Drappier, Millesime Exception, Brut","260","Case of 6 Bottles","https://www.bbr.com/products-20178329606-2017-champagne-drappier-millesime-exception-brut","1592669","20178329606"
"Champagne Dremont & Savart","2018","Champagne Dremont & Savart, Ephemere 018, Grand Cru, Extra Brut","235","Case of 6 Bottles","https://www.bbr.com/products-20188178275-2018-champagne-dremont-savart-ephemere-018-grand-cru-extra-brut","2766539","20188178275"
"Champagne Dremont & Savart","","Champagne Dremont & Savart, Ephemere 023, Blanc de Blancs, 1er Cru, Extra Brut (Base 2015)","300","Case of 3 Magnums","https://www.bbr.com/products-10008251950-champagne-dremont-savart-ephemere-023-blanc-de-blancs-1er-cru-extra-brut-base-2015","","10008251950"
"Champagne Dremont & Savart","","Champagne Dremont & Savart, Ephemere 024, Blanc de Noirs, Extra Brut (Base 2018)","325","Case of 3 Magnums","https://www.bbr.com/products-10008177962-champagne-dremont-savart-ephemere-024-blanc-de-noirs-extra-brut-base-2018","","10008177962"
"Champagne Dremont & Savart","2016","Champagne Dremont &amp; Savart, Ephemere 028, Blanc de Blancs, Grand Cru, Extra Brut (Disgorged May 2025)","280","Case of 6 Bottles","https://www.bbr.com/products-20168319470-2016-champagne-dremont-and-savart-ephemere-028-blanc-de-blancs-grand-cru-extra-brut-disgorged-may-2025","3091715","20168319470"
"Champagne Dremont Pere & Fils","","Champagne Dremont Pere & Fils, Ephemere 009, Grand Cru, Avize Oger, Extra Brut","360","Case of 6 Bottles","https://www.bbr.com/products-10008166582-champagne-dremont-pere-fils-ephemere-009-grand-cru-avize-oger-extra-brut","2418630","10008166582"
"Champagne Dremont Pere & Fils","","Champagne Dremont Pere & Fils, Ephemere 012, Rose, Grand Cru, Extra Brut","350","Case of 3 Magnums","https://www.bbr.com/products-10008166540-champagne-dremont-pere-fils-ephemere-012-rose-grand-cru-extra-brut","2414599","10008166540"
"Champagne Dremont Pere & Fils","","Champagne Dremont Pere & Fils, Ephemere 015, Blanc de Blancs, 1er Cru, Extra Brut","350","Case of 6 Bottles","https://www.bbr.com/products-10008166595-champagne-dremont-pere-fils-ephemere-015-blanc-de-blancs-1er-cru-extra-brut","2414573","10008166595"
"Champagne Egly-Ouriet","","Champagne Egly-Ouriet, Brut Tradition, Grand Cru","340","Case of 6 Bottles","https://www.bbr.com/products-10008211875-champagne-egly-ouriet-brut-tradition-grand-cru","1138685","10008211875"
"Champagne Egly-Ouriet","","Champagne Egly-Ouriet, Grand Cru, Brut (Base 2017, Disgorged 2022)","600","Case of 6 Bottles","https://www.bbr.com/products-10008078559-champagne-egly-ouriet-grand-cru-brut-base-2017-disgorged-2022","2429209","10008078559"
"Champagne Egly-Ouriet","","Champagne Egly-Ouriet, Grand Cru, Extra Brut (Base 2018, Disgorged July 2023)","600","Case of 6 Bottles","https://www.bbr.com/products-10008248084-champagne-egly-ouriet-grand-cru-extra-brut-base-2018-disgorged-july-2023","3038857","10008248084"
"Champagne Egly-Ouriet","2014","Champagne Egly-Ouriet, Grand Cru, Extra Brut (Disgorged December 2023)","2400","Case of 6 Bottles","https://www.bbr.com/products-20148255886-2014-champagne-egly-ouriet-grand-cru-extra-brut-disgorged-december-2023","","20148255886"
"Champagne Egly-Ouriet","","Champagne Egly-Ouriet, Les Crayeres, Blanc de Noirs, Grand Cru, Vieilles Vignes, Brut","1050","Case of 6 Bottles","https://www.bbr.com/products-10008233273-champagne-egly-ouriet-les-crayeres-blanc-de-noirs-grand-cru-vieilles-vignes-brut","1179190","10008233273"
"Champagne Egly-Ouriet","","Champagne Egly-Ouriet, Les Crayeres, Blanc de Noirs, Grand Cru, Vieilles Vignes, Brut","980","Case of 6 Bottles","https://www.bbr.com/products-10008233273-champagne-egly-ouriet-les-crayeres-blanc-de-noirs-grand-cru-vieilles-vignes-brut","1179190","10008233273"
"Champagne Egly-Ouriet","","Champagne Egly-Ouriet, Les Crayeres, Blanc de Noirs, Grand Cru, Vieilles Vignes, Brut","1050","Case of 6 Bottles","https://www.bbr.com/products-10008233273-champagne-egly-ouriet-les-crayeres-blanc-de-noirs-grand-cru-vieilles-vignes-brut","1179190","10008233273"
"Champagne Egly-Ouriet","","Champagne Egly-Ouriet, Les Premices, Extra Brut","250","Case of 6 Bottles","https://www.bbr.com/products-10008175258-champagne-egly-ouriet-les-premices-extra-brut","1932342","10008175258"
"Champagne Egly-Ouriet","2009","Champagne Egly-Ouriet, Millesime, Grand Cru, Ambonnay, Brut","3000","Case of 6 Bottles","https://www.bbr.com/products-20098210096-2009-champagne-egly-ouriet-millesime-grand-cru-ambonnay-brut","1179220","20098210096"
"Champagne Egly-Ouriet","2011","Champagne Egly-Ouriet, Millesime, Grand Cru, Ambonnay, Brut","1768","Case of 6 Bottles","https://www.bbr.com/products-20118210096-2011-champagne-egly-ouriet-millesime-grand-cru-ambonnay-brut","1179220","20118210096"
"Champagne Egly-Ouriet","2015","Champagne Egly-Ouriet, Millesime, Grand Cru, Ambonnay, Extra Brut","2500","Case of 6 Bottles","https://www.bbr.com/products-20158210096-2015-champagne-egly-ouriet-millesime-grand-cru-ambonnay-extra-brut","1179220","20158210096"
"Champagne Egly-Ouriet","","Champagne Egly-Ouriet, Rose, Grand Cru, Brut","1000","Case of 6 Bottles","https://www.bbr.com/products-10008074186-champagne-egly-ouriet-rose-grand-cru-brut","1179217","10008074186"
"Champagne Egly-Ouriet","","Champagne Egly-Ouriet, Rose, Grand Cru, Extra Brut (Base 2016, Disgorged 2021)","600","Case of 6 Bottles","https://www.bbr.com/products-10008328364-champagne-egly-ouriet-rose-grand-cru-extra-brut-base-2016-disgorged-2021","","10008328364"
"Champagne Egly-Ouriet","","Champagne Egly-Ouriet, Tradition, Grand Cru, Ambonnay, Brut (2023 Release)","600","Case of 6 Bottles","https://www.bbr.com/products-10008247481-champagne-egly-ouriet-tradition-grand-cru-ambonnay-brut-2023-release","1138685","10008247481"
"Champagne Egly-Ouriet","","Champagne Egly-Ouriet, V.P., Grand Cru, Extra Brut","595","Case of 6 Bottles","https://www.bbr.com/products-10008210113-champagne-egly-ouriet-v-p-grand-cru-extra-brut","1256482","10008210113"
"Champagne Egly-Ouriet","","Champagne Egly-Ouriet, V.P., Grand Cru, Extra Brut (Base 2015, Disgorged July 2023)","590","Case of 6 Bottles","https://www.bbr.com/products-10008076193-champagne-egly-ouriet-v-p-grand-cru-extra-brut-base-2015-disgorged-july-2023","1256482","10008076193"
"Champagne Egly-Ouriet","","Champagne Egly-Ouriet, V.P., Grand Cru, Extra Brut (Base 2016, Disgorged July 2024)","1500","Case of 6 Bottles","https://www.bbr.com/products-10008315427-champagne-egly-ouriet-v-p-grand-cru-extra-brut-base-2016-disgorged-july-2024","1256482","10008315427"
"Champagne Emmanuel Brochet","","Champagne Emmanuel Brochet, Rose d'Assemblage, Extra Brut (Base 2021)","900","Case of 6 Bottles","https://www.bbr.com/products-10008310187-champagne-emmanuel-brochet-rose-d-assemblage-extra-brut-base-2021","3039724","10008310187"
"Champagne Emmanuel Brochet","","Champagne Emmanuel Brochet, Rose de Saignee, Extra Brut","1449","Case of 6 Bottles","https://www.bbr.com/products-10008170716-champagne-emmanuel-brochet-rose-de-saignee-extra-brut","2115991","10008170716"
"Champagne Emmanuel Brochet","","Champagne Emmanuel Brochet, Rose de Saignee, Extra Brut","289","Case of 1 Bottles","https://www.bbr.com/products-10008170716-champagne-emmanuel-brochet-rose-de-saignee-extra-brut","2115991","10008170716"
"Champagne Emmanuel Brochet","","Champagne Emmanuel Brochet, Rose de Saignee, Extra Brut (Base 2018)","160","Case of 1 Bottles","https://www.bbr.com/products-10008175014-champagne-emmanuel-brochet-rose-de-saignee-extra-brut-base-2018","","10008175014"
"Champagne Emmanuel Brochet","","Champagne Emmanuel Brochet, Rose de Saignee, Extra Brut (Base 2020)","620","Case of 6 Bottles","https://www.bbr.com/products-10008175405-champagne-emmanuel-brochet-rose-de-saignee-extra-brut-base-2020","2115991","10008175405"
"Champagne Emmanuel Brochet","","Champagne Emmanuel Brochet, Rose de Saignee, Extra Brut (Base 2021)","900","Case of 6 Bottles","https://www.bbr.com/products-10008080196-champagne-emmanuel-brochet-rose-de-saignee-extra-brut-base-2021","2115991","10008080196"
"Champagne Emmanuel Brochet","","Champagne Emmanuel Brochet, Selected Pierry, 1er Cru, Extra Brut (Base 2020)","750","Case of 6 Bottles","https://www.bbr.com/products-10008078399-champagne-emmanuel-brochet-selected-pierry-1er-cru-extra-brut-base-2020","3009468","10008078399"
"Champagne Emmanuel Brochet","2020","Champagne Emmanuel Brochet, Selected, Extra Brut","600","Case of 6 Bottles","https://www.bbr.com/products-20208400071-2020-champagne-emmanuel-brochet-selected-extra-brut","2220428","20208400071"
"Champagne Fleur de Miraval","","Champagne Fleur de Miraval, Rose, ER1, Extra Brut","200","Case of 1 Bottles","https://www.bbr.com/products-10008127518-champagne-fleur-de-miraval-rose-er1-extra-brut","1912313","10008127518"
"Champagne Fleury","2008","Champagne Fleury, Bolero, Blanc de Noirs, Extra Brut","460","Case of 6 Bottles","https://www.bbr.com/products-20088002275-2008-champagne-fleury-bolero-blanc-de-noirs-extra-brut","1433807","20088002275"
"Champagne Fleury","2009","Champagne Fleury, Bolero, Blanc de Noirs, Extra Brut","360","Case of 6 Bottles","https://www.bbr.com/products-20098002275-2009-champagne-fleury-bolero-blanc-de-noirs-extra-brut","1433807","20098002275"
"Champagne Fleury","2011","Champagne Fleury, Cepages Blancs, Extra Brut","350","Case of 6 Bottles","https://www.bbr.com/products-20118236812-2011-champagne-fleury-cepages-blancs-extra-brut","2555759","20118236812"
"Champagne Fleury","2012","Champagne Fleury, Sonate, Extra Brut","380","Case of 6 Bottles","https://www.bbr.com/products-20121440713-2012-champagne-fleury-sonate-extra-brut","1638303","20121440713"
"Champagne Francoise Bedel","2008","Champagne Francoise Bedel, Comme Autrefois, Extra Brut","1699","Case of 6 Bottles","https://www.bbr.com/products-20088176431-2008-champagne-francoise-bedel-comme-autrefois-extra-brut","1314986","20088176431"
"Champagne Savart","","Champagne Frederic Savart, Bulle de Rose, 1er Cru, Vieilles Vignes, Extra Brut","375","Case of 6 Bottles","https://www.bbr.com/products-10008224914-champagne-frederic-savart-bulle-de-rose-1er-cru-vieilles-vignes-extra-brut","1411324","10008224914"
"Champagne Savart","2019","Champagne Frederic Savart, Expression, Rose, Brut Nature","950","Case of 3 Bottles","https://www.bbr.com/products-20198044934-2019-champagne-frederic-savart-expression-rose-brut-nature","1424405","20198044934"
"Champagne Savart","2019","Champagne Frederic Savart, Expression, Rose, Brut Nature","1500","Case of 6 Bottles","https://www.bbr.com/products-20198044934-2019-champagne-frederic-savart-expression-rose-brut-nature","1424405","20198044934"
"Champagne Savart","","Champagne Frederic Savart, L'Accomplie, 1er Cru, Vieilles Vignes, Extra Brut (Disgorged November 2022)","420","Case of 6 Bottles","https://www.bbr.com/products-10008174860-champagne-frederic-savart-l-accomplie-1er-cru-vieilles-vignes-extra-brut-disgorged-november-2022","1334700","10008174860"
"Champagne Savart","","Champagne Frederic Savart, L'Ouverture, Blanc de Noirs, 1er Cru, Brut","300","Case of 6 Bottles","https://www.bbr.com/products-10008027342-champagne-frederic-savart-l-ouverture-blanc-de-noirs-1er-cru-brut","1334713","10008027342"
"Champagne Savart","","Champagne Frederic Savart, L'Ouverture, Blanc de Noirs, 1er Cru, Extra Brut (Base 2022)","370","Case of 6 Bottles","https://www.bbr.com/products-10008247508-champagne-frederic-savart-l-ouverture-blanc-de-noirs-1er-cru-extra-brut-base-2022","1334713","10008247508"
"Champagne Savart","","Champagne Frederic Savart, L'Ouverture, Blanc de Noirs, 1er Cru, Extra Brut (Disgorged June 2024)","450","Case of 6 Bottles","https://www.bbr.com/products-10008252872-champagne-frederic-savart-l-ouverture-blanc-de-noirs-1er-cru-extra-brut-disgorged-june-2024","1334713","10008252872"
"Champagne Savart","","Champagne Frederic Savart, Le Mesnil sur Oger, Oger, Blanc de Blancs, Grand Cru, Extra Brut (Base 2022, Disgorged Jun-25)","1500","Case of 6 Bottles","https://www.bbr.com/products-10008320531-champagne-frederic-savart-le-mesnil-sur-oger-oger-blanc-de-blancs-grand-cru-extra-brut-base-2022-disgorged-jun-25","3092956","10008320531"
"Champagne Savart","2020","Champagne Frederic Savart, Le Mont Benoit, 1er Cru, Vieille Vigne, Extra Brut","385","Case of 3 Bottles","https://www.bbr.com/products-20208224956-2020-champagne-frederic-savart-le-mont-benoit-1er-cru-vieille-vigne-extra-brut","1557215","20208224956"
"Champagne Savart","2020","Champagne Frederic Savart, Le Mont des Chretiens, 1er Cru, Ecueil, Extra Brut","495","Case of 3 Bottles","https://www.bbr.com/products-20208053235-2020-champagne-frederic-savart-le-mont-des-chretiens-1er-cru-ecueil-extra-brut","1557202","20208053235"
"Champagne Savart","2011","Champagne Frederic Savart, Le Pinot Noir, 1er Cru, Extra Brut","2000","Case of 3 Magnums","https://www.bbr.com/products-20118400143-2011-champagne-frederic-savart-le-pinot-noir-1er-cru-extra-brut","2850971","20118400143"
"Champagne Savart","2017","Champagne Frederic Savart, Les Gouttes d'Or, Blanc de Blancs, Grand Cru, Cramant, Brut","499","Case of 1 Magnums","https://www.bbr.com/products-20178248071-2017-champagne-frederic-savart-les-gouttes-d-or-blanc-de-blancs-grand-cru-cramant-brut","","20178248071"
"Champagne Savart","2020","Champagne Frederic Savart, Les Noues, 1er Cru, Non Dose","840","Case of 6 Bottles","https://www.bbr.com/products-20208044947-2020-champagne-frederic-savart-les-noues-1er-cru-non-dose","1812206","20208044947"
"Champagne Savart","","Champagne Frederic Savart, Ecueil Trepail, Blanc de Blancs, 1er Cru, Extra Brut","600","Case of 6 Bottles","https://www.bbr.com/products-10008322359-champagne-frederic-savart-ecueil-trepail-blanc-de-blancs-1er-cru-extra-brut","2959108","10008322359"
"Champagne Savart","","Champagne Frederic Savart, Ecueil Trepail, Blanc de Blancs, 1er Cru, Extra Brut","500","Case of 6 Bottles","https://www.bbr.com/products-10008322359-champagne-frederic-savart-ecueil-trepail-blanc-de-blancs-1er-cru-extra-brut","2959108","10008322359"
"Champagne Savart","","Champagne Frederic Savart, Ephemere 016, Coeur de Rose, Extra Brut","350","Case of 6 Bottles","https://www.bbr.com/products-10008070289-champagne-frederic-savart-ephemere-016-coeur-de-rose-extra-brut","2533146","10008070289"
"Champagne Savart","","Champagne Frederic Savart, Ephemere 016, Coeur de Rose, Extra Brut","240","Case of 6 Bottles","https://www.bbr.com/products-10008070289-champagne-frederic-savart-ephemere-016-coeur-de-rose-extra-brut","2533146","10008070289"
"Champagne Savart","","Champagne Frederic Savart, Ephemere 017, Grand Cru, Extra Brut","250","Case of 6 Bottles","https://www.bbr.com/products-10008176792-champagne-frederic-savart-ephemere-017-grand-cru-extra-brut","2730558","10008176792"
"Champagne Savart","","Champagne Frederic Savart, Ephemere 018, Grand Cru, Extra Brut","285","Case of 6 Bottles","https://www.bbr.com/products-10008072153-champagne-frederic-savart-ephemere-018-grand-cru-extra-brut","2766539","10008072153"
"Champagne Gaspard Brochet","","Champagne Gaspard Brochet, Pinot Noir Tome V, Blanc de Noirs, Extra Brut","1200","Case of 6 Bottles","https://www.bbr.com/products-10008319193-champagne-gaspard-brochet-pinot-noir-tome-v-blanc-de-noirs-extra-brut","2847135","10008319193"
"Pierre Gimonnet","2014","Champagne Gimonnet, Special Club, Grands Terroirs de Chardonnay, Brut","300","Case of 6 Bottles","https://www.bbr.com/products-20148230647-2014-champagne-gimonnet-special-club-grands-terroirs-de-chardonnay-brut","1523267","20148230647"
"Gosset","","Champagne Gosset, 15 Ans de Cave Brut","405","Case of 6 Bottles","https://www.bbr.com/products-10008134639-champagne-gosset-15-ans-de-cave-brut","1392171","10008134639"
"Gosset","2004","Champagne Gosset, Celebris, Extra Brut","400","Case of 6 Bottles","https://www.bbr.com/products-20048137441-2004-champagne-gosset-celebris-extra-brut","1256424","20048137441"
"Gosset","2007","Champagne Gosset, Celebris, Extra Brut","318","Case of 6 Bottles","https://www.bbr.com/products-20078137441-2007-champagne-gosset-celebris-extra-brut","1256424","20078137441"
"Gosset","2007","Champagne Gosset, Celebris, Extra Brut","450","Case of 6 Bottles","https://www.bbr.com/products-20078137441-2007-champagne-gosset-celebris-extra-brut","1256424","20078137441"
"Gosset","1995","Champagne Gosset, Celebris, Les Celebrissimes, Brut","760","Case of 3 Bottles","https://www.bbr.com/products-19958319539-1995-champagne-gosset-celebris-les-celebrissimes-brut","1864683","19958319539"
"Gosset","2007","Champagne Gosset, Celebris, Rose, Extra Brut","399","Case of 6 Bottles","https://www.bbr.com/products-20078232931-2007-champagne-gosset-celebris-rose-extra-brut","1082177","20078232931"
"Gosset","2008","Champagne Gosset, Celebris, Rose, Extra Brut","565","Case of 6 Bottles","https://www.bbr.com/products-20088232931-2008-champagne-gosset-celebris-rose-extra-brut","1082177","20088232931"
"Gosset","2008","Champagne Gosset, Celebris, Rose, Extra Brut","565","Case of 6 Bottles","https://www.bbr.com/products-20088232931-2008-champagne-gosset-celebris-rose-extra-brut","1082177","20088232931"
"Gosset","2006","Champagne Gosset, Grand Millesime, Brut","400","Case of 6 Bottles","https://www.bbr.com/products-20068015721-2006-champagne-gosset-grand-millesime-brut","1082180","20068015721"
"Champagne Goutorbe-Bouillot","2010","Champagne Goutorbe-Bouillot, Clos des Monnaies, Brut","450","Case of 3 Bottles","https://www.bbr.com/products-20108059631-2010-champagne-goutorbe-bouillot-clos-des-monnaies-brut","1489644","20108059631"
"Champagne Goutorbe-Bouillot","2012","Champagne Goutorbe-Bouillot, Clos des Monnaies, Brut","300","Case of 3 Bottles","https://www.bbr.com/products-20128059631-2012-champagne-goutorbe-bouillot-clos-des-monnaies-brut","1489644","20128059631"
"Guillaume Selosse","","Champagne Guillaume Selosse, Au Dessus du Gros Mont, Extra Brut","580","Case of 1 Bottles","https://www.bbr.com/products-10008054391-champagne-guillaume-selosse-au-dessus-du-gros-mont-extra-brut","1414615","10008054391"
"Guillaume Selosse","","Champagne Guillaume Selosse, Largillier, Extra Brut","1900","Case of 6 Bottles","https://www.bbr.com/products-10008045928-champagne-guillaume-selosse-largillier-extra-brut","1754119","10008045928"
"Champagne Abele 1757","2002","Champagne Henri Abele, Brut","300","Case of 6 Bottles","https://www.bbr.com/products-20028182249-2002-champagne-henri-abele-brut","1324040","20028182249"
"Henri Giraud Champagne","2013","Champagne Henri Giraud, Argonne, Brut","295","Case of 1 Bottles","https://www.bbr.com/products-20138113342-2013-champagne-henri-giraud-argonne-brut","1176274","20138113342"
"Henri Giraud Champagne","2002","Champagne Henri Giraud, Argonne, Grand Cru, Ay, Brut","638","Case of 1 Bottles","https://www.bbr.com/products-20028113342-2002-champagne-henri-giraud-argonne-grand-cru-ay-brut","1176274","20028113342"
"Henri Giraud Champagne","2012","Champagne Henri Giraud, Argonne, Grand Cru, Ay, Brut","450","Case of 1 Bottles","https://www.bbr.com/products-20128113342-2012-champagne-henri-giraud-argonne-grand-cru-ay-brut","1176274","20128113342"
"Henri Giraud Champagne","2012","Champagne Henri Giraud, Argonne, Grand Cru, Ay, Brut","792","Case of 1 Magnums","https://www.bbr.com/products-20128113342-2012-champagne-henri-giraud-argonne-grand-cru-ay-brut","1176274","20128113342"
"Henri Giraud Champagne","2012","Champagne Henri Giraud, Argonne, Rose, Grand Cru, Ay, Brut","1488","Case of 1 Bottles","https://www.bbr.com/products-20128052805-2012-champagne-henri-giraud-argonne-rose-grand-cru-ay-brut","1861262","20128052805"
"Henri Giraud Champagne","2013","Champagne Henri Giraud, Blanc de Blancs, Grand Cru, Ay, Brut","450","Case of 1 Bottles","https://www.bbr.com/products-20138072209-2013-champagne-henri-giraud-blanc-de-blancs-grand-cru-ay-brut","1277665","20138072209"
"Henri Giraud Champagne","","Champagne Henri Giraud, Fut de Chene, MV, Grand Cru, Ay, Brut","788","Case of 6 Bottles","https://www.bbr.com/products-10008119041-champagne-henri-giraud-fut-de-chene-mv-grand-cru-ay-brut","1082148","10008119041"
"Henri Giraud Champagne","","Champagne Henri Giraud, Fut de Chene, MV15, Grand Cru, Ay, Brut","1000","Case of 6 Bottles","https://www.bbr.com/products-10008110266-champagne-henri-giraud-fut-de-chene-mv15-grand-cru-ay-brut","1830710","10008110266"
"Henri Giraud Champagne","","Champagne Henri Giraud, Fut de Chene, MV15, Grand Cru, Ay, Brut","880","Case of 3 Magnums","https://www.bbr.com/products-10008110266-champagne-henri-giraud-fut-de-chene-mv15-grand-cru-ay-brut","1830710","10008110266"
"Henri Giraud Champagne","","Champagne Henri Giraud, MV16, Grand Cru, Ay, Brut","720","Case of 6 Bottles","https://www.bbr.com/products-10008147475-champagne-henri-giraud-mv16-grand-cru-ay-brut","2026600","10008147475"
"Henri Giraud Champagne","","Champagne Henri Giraud, MV16, Grand Cru, Ay, Brut","550","Case of 1 Jeroboam 300cl","https://www.bbr.com/products-10008147475-champagne-henri-giraud-mv16-grand-cru-ay-brut","2026600","10008147475"
"Champagne Henriot","2008","Champagne Henriot, Cuvee Hemera, Brut","559","Case of 6 Bottles","https://www.bbr.com/products-20088059963-2008-champagne-henriot-cuvee-hemera-brut","1675009","20088059963"
"Champagne Henriot","2008","Champagne Henriot, Cuvee Hemera, Brut","570","Case of 6 Bottles","https://www.bbr.com/products-20088059963-2008-champagne-henriot-cuvee-hemera-brut","1675009","20088059963"
"Champagne J.M. Labruyere","","Champagne J.M. Labruyere, Anthologie, Rose, Grand Cru, Brut","300","Case of 6 Bottles","https://www.bbr.com/products-10008324799-champagne-j-m-labruyere-anthologie-rose-grand-cru-brut","1476260","10008324799"
"Champagne J.M. Labruyere","","Champagne J.M. Labruyere, Page Blanche, Blanc de Blancs, Grand Cru, Verzenay, Brut","320","Case of 6 Bottles","https://www.bbr.com/products-10008324803-champagne-j-m-labruyere-page-blanche-blanc-de-blancs-grand-cru-verzenay-brut","1476273","10008324803"
"Champagne J.M. Labruyere","","Champagne J.M. Labruyere, Paradoxe, Blanc de Noirs, Grand Cru, Brut","320","Case of 6 Bottles","https://www.bbr.com/products-10008324816-champagne-j-m-labruyere-paradoxe-blanc-de-noirs-grand-cru-brut","2061735","10008324816"
"Jean-Marc Seleque","2012","Champagne JM Seleque, Partition, 2eme Lecture, Extra Brut","600","Case of 3 Bottles","https://www.bbr.com/products-20128302968-2012-champagne-jm-seleque-partition-2eme-lecture-extra-brut","2798307","20128302968"
"Jean-Marc Seleque","2013","Champagne JM Seleque, Partition, 2eme Lecture, Extra Brut","480","Case of 3 Bottles","https://www.bbr.com/products-20138302968-2013-champagne-jm-seleque-partition-2eme-lecture-extra-brut","2798307","20138302968"
"Jean-Marc Seleque","2014","Champagne JM Seleque, Partition, 7 Parcelles, Extra Brut","350","Case of 1 Magnums","https://www.bbr.com/products-20148168922-2014-champagne-jm-seleque-partition-7-parcelles-extra-brut","1418671","20148168922"
"Jean-Marc Seleque","2017","Champagne JM Seleque, Partition, 7 Parcelles, Extra Brut","700","Case of 6 Bottles","https://www.bbr.com/products-20178168922-2017-champagne-jm-seleque-partition-7-parcelles-extra-brut","1418671","20178168922"
"Jean-Marc Seleque","","Champagne JM Seleque, Quintette, Chardonnay - 5 Terroirs, Extra Brut(Base 2020)","350","Case of 6 Bottles","https://www.bbr.com/products-10008180476-champagne-jm-seleque-quintette-chardonnay-5-terroirs-extra-brut-base-2020","1418668","10008180476"
"Jean-Marc Seleque","","Champagne JM Seleque, Quintette, Chardonnay, Extra Brut","450","Case of 6 Bottles","https://www.bbr.com/products-10008238786-champagne-jm-seleque-quintette-chardonnay-extra-brut","1418668","10008238786"
"Jean-Marc Seleque","","Champagne JM Seleque, Solessence Nature, Brut Nature (Base 2017)","320","Case of 6 Bottles","https://www.bbr.com/products-10008302971-champagne-jm-seleque-solessence-nature-brut-nature-base-2017","1357495","10008302971"
"Jean-Marc Seleque","","Champagne JM Seleque, Solessence Nature, Brut Nature (Base 2018)","350","Case of 6 Bottles","https://www.bbr.com/products-10008308423-champagne-jm-seleque-solessence-nature-brut-nature-base-2018","1357495","10008308423"
"Jean-Marc Seleque","","Champagne JM Seleque, Solessence Rose, Extra Brut (Base 2021)","350","Case of 6 Bottles","https://www.bbr.com/products-10008307950-champagne-jm-seleque-solessence-rose-extra-brut-base-2021","2480596","10008307950"
"Jean-Marc Seleque","","Champagne JM Seleque, Solessence, Extra Brut","280","Case of 6 Bottles","https://www.bbr.com/products-10008174222-champagne-jm-seleque-solessence-extra-brut","1400869","10008174222"
"Jean-Marc Seleque","","Champagne JM Seleque, Solessence, Extra Brut","248","Case of 3 Magnums","https://www.bbr.com/products-10008174222-champagne-jm-seleque-solessence-extra-brut","1400869","10008174222"
"Jean-Marc Seleque","2018","Champagne JM Seleque, Soliste Chardonnay, Les Tartieres & Les Porgeons, 1er Cru, Pierry, Extra Brut","750","Case of 6 Bottles","https://www.bbr.com/products-20188168919-2018-champagne-jm-seleque-soliste-chardonnay-les-tartieres-les-porgeons-1er-cru-pierry-extra-brut","2196682","20188168919"
"Jean-Marc Seleque","2018","Champagne JM Seleque, Soliste Pinot Noir, Les Gayeres, 1er Cru, Pierry, Extra Brut","650","Case of 6 Bottles","https://www.bbr.com/products-20188168906-2018-champagne-jm-seleque-soliste-pinot-noir-les-gayeres-1er-cru-pierry-extra-brut","2581828","20188168906"
"Jean-Marc Seleque","2018","Champagne JM Seleque, Solistes Meunier, Les Gouttes d'Or, 1er Cru, Pierry, Extra Brut","750","Case of 6 Bottles","https://www.bbr.com/products-20188246309-2018-champagne-jm-seleque-solistes-meunier-les-gouttes-d-or-1er-cru-pierry-extra-brut","1400902","20188246309"
"Champagne Jacques Lassaigne","2012","Champagne Jacques Lassaigne, Millesime, Blanc de Blancs, Brut Nature (Disgorged 2020)","777","Case of 6 Bottles","https://www.bbr.com/products-20128232188-2012-champagne-jacques-lassaigne-millesime-blanc-de-blancs-brut-nature-disgorged-2020","1316746","20128232188"
"Jacques Selosse","","Champagne Jacques Selosse, Exquise Demi-Sec (2016)","3500","Case of 6 Bottles","https://www.bbr.com/products-10008035604-champagne-jacques-selosse-exquise-demi-sec-2016","1212615","10008035604"
"Jacques Selosse","","Champagne Jacques Selosse, Exquise Demi-Sec (2016)","2500","Case of 6 Bottles","https://www.bbr.com/products-10008035604-champagne-jacques-selosse-exquise-demi-sec-2016","1212615","10008035604"
"Jacques Selosse","","Champagne Jacques Selosse, Initial, Blanc de Blancs, Grand Cru, Brut (Disgorded 2020)","473","Case of 1 Bottles","https://www.bbr.com/products-10008232263-champagne-jacques-selosse-initial-blanc-de-blancs-grand-cru-brut-disgorded-2020","1082311","10008232263"
"Jacques Selosse","","Champagne Jacques Selosse, Les Six Liuex-Dits (Chemins de Chalon, Sous le Mont, Bout du Clos, Cote Farron, Carelles, Chantereines), Assortment Case (Disgorged February 2021)","4200","Case of 1 6 Bottle Assortments","https://www.bbr.com/products-10008232814-champagne-jacques-selosse-les-six-liuex-dits-chemins-de-chalon-sous-le-mont-bout-du-clos-cote-farron-carelles-chantereines-assortment-case-disgorged-february-2021","1233999","10008232814"
"Jacques Selosse","","Champagne Jacques Selosse, Liuex-Dits (Chemins de Chalon, Sous le Mont, Bout du Clos, Cote Farron, Carelles, Chantereines), Six-Bottle Assortment Case (Digorged 2013)","4750","Case of 1 6 Bottle Assortments","https://www.bbr.com/products-10008146582-champagne-jacques-selosse-liuex-dits-chemins-de-chalon-sous-le-mont-bout-du-clos-cote-farron-carelles-chantereines-six-bottle-assortment-case-digorged-2013","1233999","10008146582"
"Jacques Selosse","2008","Champagne Jacques Selosse, Millesime, Extra Brut","4800","Case of 1 Bottles","https://www.bbr.com/products-20088013541-2008-champagne-jacques-selosse-millesime-extra-brut","1226155","20088013541"
"Jacques Selosse","","Champagne Jacques Selosse, Substance, Blanc de Blancs, Grand Cru, Brut","4000","Case of 6 Bottles","https://www.bbr.com/products-10008010667-champagne-jacques-selosse-substance-blanc-de-blancs-grand-cru-brut","1082337","10008010667"
"Jacquesson","2008","Champagne Jacquesson, Champ Cain, Avize, Extra Brut","1050","Case of 6 Bottles","https://www.bbr.com/products-20088002725-2008-champagne-jacquesson-champ-cain-avize-extra-brut","1314986","20088002725"
"Jacquesson","","Champagne Jacquesson, Cuvee 746, Extra Brut (Disgorged August 2023)","280","Case of 6 Bottles","https://www.bbr.com/products-10008078780-champagne-jacquesson-cuvee-746-extra-brut-disgorged-august-2023","2832933","10008078780"
"Jacquesson","","Champagne Jacquesson, Cuvee 746, Extra Brut (Disgorged June 2023)","375","Case of 6 Bottles","https://www.bbr.com/products-10008079716-champagne-jacquesson-cuvee-746-extra-brut-disgorged-june-2023","2832933","10008079716"
"Champagne Jestin","2009","Champagne Jestin, Brut Nature","540","Case of 6 Bottles","https://www.bbr.com/products-20098147677-2009-champagne-jestin-brut-nature","1686102","20098147677"
"Champagne Jules Brochet","","Champagne Jules Brochet, Premices, Brut Nature","590","Case of 3 Bottles","https://www.bbr.com/products-10008314879-champagne-jules-brochet-premices-brut-nature","2026730","10008314879"
"Champagne Jules Brochet","","Champagne Jules Brochet, Premices, Brut Nature","1145","Case of 6 Bottles","https://www.bbr.com/products-10008314879-champagne-jules-brochet-premices-brut-nature","2026730","10008314879"
"Champagne Jules Brochet","","Champagne Jules Brochet, Premices, Extra Brut","1150","Case of 6 Bottles","https://www.bbr.com/products-10008086329-champagne-jules-brochet-premices-extra-brut","","10008086329"
"Champagne Jules Brochet","2019","Champagne Jules Brochet, Eole, Brut Nature","6000","Case of 6 Bottles","https://www.bbr.com/products-20198314882-2019-champagne-jules-brochet-eole-brut-nature","3073953","20198314882"
"Krug","2004","Champagne Krug Assort (3 x 75 Krug, 3 x 75 Grande Cuvee Edition 160)","1400","Case of 1 6 Bottle Assortments","https://www.bbr.com/products-20048049333-2004-champagne-krug-assort-3-x-75-krug-3-x-75-grande-cuvee-edition-160","","20048049333"
"Krug","","Champagne Krug Discovery Assortment 2 bts of GC NV 2003,2004,2005 base","1200","Case of 1 6 Bottle Assortments","https://www.bbr.com/products-10008103233-champagne-krug-discovery-assortment-2-bts-of-gc-nv-2003-2004-2005-base","9000344","10008103233"
"Krug","","Champagne Krug Grande Cuvee Assort 2 bts of GC NV 2004,2005,2006 base","1800","Case of 1 6 Bottle Assortments","https://www.bbr.com/products-10008103217-champagne-krug-grande-cuvee-assort-2-bts-of-gc-nv-2004-2005-2006-base","9000360","10008103217"
"Krug","1988","Champagne Krug, Brut","2000","Case of 1 Magnums","https://www.bbr.com/products-19888027876-1988-champagne-krug-brut","1316935","19888027876"
"Krug","1990","Champagne Krug, Brut","3800","Case of 6 Bottles","https://www.bbr.com/products-19908027876-1990-champagne-krug-brut","1316935","19908027876"
"Krug","1995","Champagne Krug, Brut","2300","Case of 6 Bottles","https://www.bbr.com/products-19958027876-1995-champagne-krug-brut","1316935","19958027876"
"Krug","1996","Champagne Krug, Brut","1700","Case of 1 Magnums","https://www.bbr.com/products-19968027876-1996-champagne-krug-brut","1316935","19968027876"
"Krug","1998","Champagne Krug, Brut","510","Case of 1 Bottles","https://www.bbr.com/products-19988027876-1998-champagne-krug-brut","1316935","19988027876"
"Krug","1998","Champagne Krug, Brut","575","Case of 1 Bottles","https://www.bbr.com/products-19988027876-1998-champagne-krug-brut","1316935","19988027876"
"Krug","2000","Champagne Krug, Brut","550","Case of 1 Bottles","https://www.bbr.com/products-20008027876-2000-champagne-krug-brut","1316935","20008027876"
"Krug","2000","Champagne Krug, Brut","1500","Case of 6 Bottles","https://www.bbr.com/products-20008027876-2000-champagne-krug-brut","1316935","20008027876"
"Krug","2002","Champagne Krug, Brut","1885","Case of 6 Bottles","https://www.bbr.com/products-20028027876-2002-champagne-krug-brut","1316935","20028027876"
"Krug","2002","Champagne Krug, Brut","2150","Case of 6 Bottles","https://www.bbr.com/products-20028027876-2002-champagne-krug-brut","1316935","20028027876"
"Krug","2002","Champagne Krug, Brut","750","Case of 1 Magnums","https://www.bbr.com/products-20028027876-2002-champagne-krug-brut","1316935","20028027876"
"Krug","2003","Champagne Krug, Brut","1330","Case of 6 Bottles","https://www.bbr.com/products-20038027876-2003-champagne-krug-brut","1316935","20038027876"
"Krug","2004","Champagne Krug, Brut","1295","Case of 6 Bottles","https://www.bbr.com/products-20048027876-2004-champagne-krug-brut","1316935","20048027876"
"Krug","2004","Champagne Krug, Brut","1600","Case of 6 Bottles","https://www.bbr.com/products-20048027876-2004-champagne-krug-brut","1316935","20048027876"
"Krug","2004","Champagne Krug, Brut","780","Case of 1 Magnums","https://www.bbr.com/products-20048027876-2004-champagne-krug-brut","1316935","20048027876"
"Krug","2006","Champagne Krug, Brut","1355","Case of 6 Bottles","https://www.bbr.com/products-20068027876-2006-champagne-krug-brut","1316935","20068027876"
"Krug","2006","Champagne Krug, Brut","1400","Case of 6 Bottles","https://www.bbr.com/products-20068027876-2006-champagne-krug-brut","1316935","20068027876"
"Krug","2008","Champagne Krug, Brut","2169","Case of 6 Bottles","https://www.bbr.com/products-20088027876-2008-champagne-krug-brut","1316935","20088027876"
"Krug","2008","Champagne Krug, Brut","420","Case of 1 Bottles","https://www.bbr.com/products-20088027876-2008-champagne-krug-brut","1316935","20088027876"
"Krug","2011","Champagne Krug, Brut","1295","Case of 6 Bottles","https://www.bbr.com/products-20118027876-2011-champagne-krug-brut","1316935","20118027876"
"Krug","2011","Champagne Krug, Brut","1260","Case of 6 Bottles","https://www.bbr.com/products-20118027876-2011-champagne-krug-brut","1316935","20118027876"
"Krug","1998","Champagne Krug, Brut (2020 Late Release)","850","Case of 1 Magnums","https://www.bbr.com/products-19988237037-1998-champagne-krug-brut-2020-late-release","1316935","19988237037"
"Krug","1996","Champagne Krug, Clos d'Ambonnay, Blanc de Noirs, Brut","2600","Case of 1 Bottles","https://www.bbr.com/products-19968119009-1996-champagne-krug-clos-d-ambonnay-blanc-de-noirs-brut","1082382","19968119009"
"Krug","2002","Champagne Krug, Clos d'Ambonnay, Blanc de Noirs, Brut","2050","Case of 1 Bottles","https://www.bbr.com/products-20028119009-2002-champagne-krug-clos-d-ambonnay-blanc-de-noirs-brut","1082382","20028119009"
"Krug","2006","Champagne Krug, Clos d'Ambonnay, Blanc de Noirs, Brut","2100","Case of 1 Bottles","https://www.bbr.com/products-20068119009-2006-champagne-krug-clos-d-ambonnay-blanc-de-noirs-brut","1082382","20068119009"
"Krug","1979","Champagne Krug, Clos du Mesnil, Blanc de Blancs, Brut","4850","Case of 1 Bottles","https://www.bbr.com/products-19798118998-1979-champagne-krug-clos-du-mesnil-blanc-de-blancs-brut","1082395","19798118998"
"Krug","1980","Champagne Krug, Clos du Mesnil, Blanc de Blancs, Brut","3850","Case of 1 Bottles","https://www.bbr.com/products-19808118998-1980-champagne-krug-clos-du-mesnil-blanc-de-blancs-brut","1082395","19808118998"
"Krug","1985","Champagne Krug, Clos du Mesnil, Blanc de Blancs, Brut","2700","Case of 1 Bottles","https://www.bbr.com/products-19858118998-1985-champagne-krug-clos-du-mesnil-blanc-de-blancs-brut","1082395","19858118998"
"Krug","1990","Champagne Krug, Clos du Mesnil, Blanc de Blancs, Brut","1800","Case of 1 Bottles","https://www.bbr.com/products-19908118998-1990-champagne-krug-clos-du-mesnil-blanc-de-blancs-brut","1082395","19908118998"
"Krug","2003","Champagne Krug, Clos du Mesnil, Blanc de Blancs, Brut","1200","Case of 1 Bottles","https://www.bbr.com/products-20038118998-2003-champagne-krug-clos-du-mesnil-blanc-de-blancs-brut","1082395","20038118998"
"Krug","2003","Champagne Krug, Clos du Mesnil, Blanc de Blancs, Brut","900","Case of 1 Bottles","https://www.bbr.com/products-20038118998-2003-champagne-krug-clos-du-mesnil-blanc-de-blancs-brut","1082395","20038118998"
"Krug","2004","Champagne Krug, Clos du Mesnil, Blanc de Blancs, Brut","1200","Case of 1 Bottles","https://www.bbr.com/products-20048118998-2004-champagne-krug-clos-du-mesnil-blanc-de-blancs-brut","1082395","20048118998"
"Krug","2006","Champagne Krug, Clos du Mesnil, Blanc de Blancs, Brut","1198","Case of 1 Bottles","https://www.bbr.com/products-20068118998-2006-champagne-krug-clos-du-mesnil-blanc-de-blancs-brut","1082395","20068118998"
"Krug","2006","Champagne Krug, Clos du Mesnil, Blanc de Blancs, Brut","1050","Case of 1 Bottles","https://www.bbr.com/products-20068118998-2006-champagne-krug-clos-du-mesnil-blanc-de-blancs-brut","1082395","20068118998"
"Krug","2006","Champagne Krug, Clos du Mesnil, Blanc de Blancs, Brut","2280","Case of 1 Magnums","https://www.bbr.com/products-20068118998-2006-champagne-krug-clos-du-mesnil-blanc-de-blancs-brut","1082395","20068118998"
"Krug","2008","Champagne Krug, Clos du Mesnil, Blanc de Blancs, Brut","1599","Case of 1 Bottles","https://www.bbr.com/products-20088118998-2008-champagne-krug-clos-du-mesnil-blanc-de-blancs-brut","1082395","20088118998"
"Krug","2009","Champagne Krug, Clos du Mesnil, Blanc de Blancs, Brut","1100","Case of 1 Bottles","https://www.bbr.com/products-20098118998-2009-champagne-krug-clos-du-mesnil-blanc-de-blancs-brut","1082395","20098118998"
"Krug","1981","Champagne Krug, Collection, Brut","8900","Case of 1 Magnums","https://www.bbr.com/products-19811082409-1981-champagne-krug-collection-brut","1082409","19811082409"
"Krug","1982","Champagne Krug, Collection, Brut","2300","Case of 1 Magnums","https://www.bbr.com/products-19821082409-1982-champagne-krug-collection-brut","1082409","19821082409"
"Krug","1982","Champagne Krug, Collection, Brut","2295","Case of 1 Magnums","https://www.bbr.com/products-19821082409-1982-champagne-krug-collection-brut","1082409","19821082409"
"Krug","1989","Champagne Krug, Collection, Brut","1358","Case of 1 Bottles","https://www.bbr.com/products-19891082409-1989-champagne-krug-collection-brut","1082409","19891082409"
"Krug","1990","Champagne Krug, Collection, Brut","1080","Case of 1 Bottles","https://www.bbr.com/products-19901082409-1990-champagne-krug-collection-brut","1082409","19901082409"
"Krug","1990","Champagne Krug, Collection, Brut","2600","Case of 1 Magnums","https://www.bbr.com/products-19901082409-1990-champagne-krug-collection-brut","1082409","19901082409"
"Krug","1995","Champagne Krug, Collection, Brut","800","Case of 1 Bottles","https://www.bbr.com/products-19951082409-1995-champagne-krug-collection-brut","1082409","19951082409"
"Krug","1995","Champagne Krug, Collection, Brut","999","Case of 1 Bottles","https://www.bbr.com/products-19951082409-1995-champagne-krug-collection-brut","1082409","19951082409"
"Krug","","Champagne Krug, Grande Cuvee Vertical Six-bottle Assortment Case (1 bottle each: 162, 163, 164, 165, 166, 167)","1400","Case of 1 6 Bottle Assortments","https://www.bbr.com/products-10008103767-champagne-krug-grande-cuvee-vertical-six-bottle-assortment-case-1-bottle-each-162-163-164-165-166-167","","10008103767"
"Krug","","Champagne Krug, Grande Cuvee, 161eme Edition, Brut","1300","Case of 1 Jeroboam 300cl","https://www.bbr.com/products-10008104315-champagne-krug-grande-cuvee-161eme-edition-brut","1653337","10008104315"
"Krug","","Champagne Krug, Grande Cuvee, 162eme Edition, Brut","2000","Case of 6 Bottles","https://www.bbr.com/products-10008104302-champagne-krug-grande-cuvee-162eme-edition-brut","1653340","10008104302"
"Krug","","Champagne Krug, Grande Cuvee, 163eme Edition, Brut","1080","Case of 6 Bottles","https://www.bbr.com/products-10008107303-champagne-krug-grande-cuvee-163eme-edition-brut","1419098","10008107303"
"Krug","","Champagne Krug, Grande Cuvee, 163eme Edition, Brut","1290","Case of 1 Jeroboam 300cl","https://www.bbr.com/products-10008107303-champagne-krug-grande-cuvee-163eme-edition-brut","1419098","10008107303"
"Krug","","Champagne Krug, Grande Cuvee, 165eme Edition, Brut","1035","Case of 6 Bottles","https://www.bbr.com/products-10001546864-champagne-krug-grande-cuvee-165eme-edition-brut","1546864","10001546864"
"Krug","","Champagne Krug, Grande Cuvee, 165eme Edition, Brut","1030","Case of 6 Bottles","https://www.bbr.com/products-10001546864-champagne-krug-grande-cuvee-165eme-edition-brut","1546864","10001546864"
"Krug","","Champagne Krug, Grande Cuvee, 166eme Edition, Brut","990","Case of 3 Magnums","https://www.bbr.com/products-10008011358-champagne-krug-grande-cuvee-166eme-edition-brut","1553914","10008011358"
"Krug","","Champagne Krug, Grande Cuvee, 167eme Edition, Brut","925","Case of 6 Bottles","https://www.bbr.com/products-10008039787-champagne-krug-grande-cuvee-167eme-edition-brut","1828740","10008039787"
"Krug","","Champagne Krug, Grande Cuvee, 168eme Edition, Brut","950","Case of 6 Bottles","https://www.bbr.com/products-10008055082-champagne-krug-grande-cuvee-168eme-edition-brut","1876767","10008055082"
"Krug","","Champagne Krug, Grande Cuvee, 168eme Edition, Brut","950","Case of 6 Bottles","https://www.bbr.com/products-10008055082-champagne-krug-grande-cuvee-168eme-edition-brut","1876767","10008055082"
"Krug","","Champagne Krug, Grande Cuvee, 168eme Edition, Brut","1800","Case of 3 Magnums","https://www.bbr.com/products-10008055082-champagne-krug-grande-cuvee-168eme-edition-brut","1876767","10008055082"
"Krug","","Champagne Krug, Grande Cuvee, 169eme Edition, Brut","880","Case of 6 Bottles","https://www.bbr.com/products-10008064484-champagne-krug-grande-cuvee-169eme-edition-brut","2059707","10008064484"
"Krug","","Champagne Krug, Grande Cuvee, 169eme Edition, Brut","1050","Case of 6 Bottles","https://www.bbr.com/products-10008064484-champagne-krug-grande-cuvee-169eme-edition-brut","2059707","10008064484"
"Krug","","Champagne Krug, Grande Cuvee, 170eme Edition, Brut","920","Case of 6 Bottles","https://www.bbr.com/products-10008068815-champagne-krug-grande-cuvee-170eme-edition-brut","2276988","10008068815"
"Krug","","Champagne Krug, Grande Cuvee, 170eme Edition, Brut","810","Case of 6 Bottles","https://www.bbr.com/products-10008068815-champagne-krug-grande-cuvee-170eme-edition-brut","2276988","10008068815"
"Krug","","Champagne Krug, Grande Cuvee, 170eme Edition, Brut","980","Case of 3 Magnums","https://www.bbr.com/products-10008068815-champagne-krug-grande-cuvee-170eme-edition-brut","2276988","10008068815"
"Krug","","Champagne Krug, Grande Cuvee, 171eme Edition, Brut","948","Case of 6 Bottles","https://www.bbr.com/products-10008073743-champagne-krug-grande-cuvee-171eme-edition-brut","2828321","10008073743"
"Krug","","Champagne Krug, Grande Cuvee, 171eme Edition, Brut","898","Case of 6 Bottles","https://www.bbr.com/products-10008073743-champagne-krug-grande-cuvee-171eme-edition-brut","2828321","10008073743"
"Krug","","Champagne Krug, Grande Cuvee, 172eme Edition, Brut","995","Case of 6 Bottles","https://www.bbr.com/products-10008079673-champagne-krug-grande-cuvee-172eme-edition-brut","","10008079673"
"Krug","","Champagne Krug, Grande Cuvee, 173eme Edition, Brut","1150","Case of 6 Bottles","https://www.bbr.com/products-10008402150-champagne-krug-grande-cuvee-173eme-edition-brut","3089048","10008402150"
"Krug","","Champagne Krug, Grande Cuvee, Brut","1100","Case of 6 Bottles","https://www.bbr.com/products-10008002914-champagne-krug-grande-cuvee-brut","1082412","10008002914"
"Krug","2002","Champagne Krug, Les Creations, Six-Bottle Assortment Case","3988","Case of 1 6 Bottle Assortments","https://www.bbr.com/products-20028109916-2002-champagne-krug-les-creations-six-bottle-assortment-case","1314683","20028109916"
"Krug","","Champagne Krug, Rose, 20eme Edition, Brut","750","Case of 1 Magnums","https://www.bbr.com/products-10008002927-champagne-krug-rose-20eme-edition-brut","1865752","10008002927"
"Krug","","Champagne Krug, Rose, 23eme Edition, Brut","1600","Case of 6 Bottles","https://www.bbr.com/products-10008041294-champagne-krug-rose-23eme-edition-brut","1839319","10008041294"
"Krug","","Champagne Krug, Rose, 25eme Edition, Brut","1500","Case of 6 Bottles","https://www.bbr.com/products-10008068004-champagne-krug-rose-25eme-edition-brut","2094177","10008068004"
"Krug","","Champagne Krug, Rose, 25eme Edition, Brut","750","Case of 3 Bottles","https://www.bbr.com/products-10008068004-champagne-krug-rose-25eme-edition-brut","2094177","10008068004"
"Krug","","Champagne Krug, Rose, 26eme Edition, Brut","760","Case of 3 Bottles","https://www.bbr.com/products-10008236072-champagne-krug-rose-26eme-edition-brut","2276991","10008236072"
"Krug","","Champagne Krug, Rose, 26eme Edition, Brut","750","Case of 3 Bottles","https://www.bbr.com/products-10008236072-champagne-krug-rose-26eme-edition-brut","2276991","10008236072"
"Krug","","Champagne Krug, Rose, 27eme Edition, Brut","1000","Case of 3 Bottles","https://www.bbr.com/products-10008073828-champagne-krug-rose-27eme-edition-brut","2847151","10008073828"
"Champagne Prevost","","Champagne La Closerie, Jerome Prevost, &amp;, Extra Brut","1195","Case of 6 Bottles","https://www.bbr.com/products-10008123783-champagne-la-closerie-jerome-prevost-and-extra-brut","2291505","10008123783"
"Champagne Prevost","","Champagne La Closerie, Jerome Prevost, Grand Cru, Extra Brut (Base 2021)","1600","Case of 6 Bottles","https://www.bbr.com/products-10008303444-champagne-la-closerie-jerome-prevost-grand-cru-extra-brut-base-2021","2157751","10008303444"
"Champagne Prevost","","Champagne La Closerie, Jerome Prevost, Grand Cru, Extra Brut (Base 2022)","1880","Case of 6 Bottles","https://www.bbr.com/products-10008315036-champagne-la-closerie-jerome-prevost-grand-cru-extra-brut-base-2022","2157751","10008315036"
"Champagne Prevost","","Champagne La Closerie, Jerome Prevost, Les Beguines, Extra Brut","1350","Case of 6 Bottles","https://www.bbr.com/products-10008123347-champagne-la-closerie-jerome-prevost-les-beguines-extra-brut","1198294","10008123347"
"Champagne Prevost","","Champagne La Closerie, Jerome Prevost, Les Beguines, Extra Brut (Base 2023)","925","Case of 6 Bottles","https://www.bbr.com/products-10008325969-champagne-la-closerie-jerome-prevost-les-beguines-extra-brut-base-2023","1198294","10008325969"
"Champagne Prevost","","Champagne La Closerie, Jerome Prevost, Les Beguines, Extra Brut (LC17)","1199","Case of 6 Bottles","https://www.bbr.com/products-10008209733-champagne-la-closerie-jerome-prevost-les-beguines-extra-brut-lc17","1198294","10008209733"
"Champagne La Rogerie","2013","Champagne La Rogerie, Heroine, Blanc de Blancs, Grand Cru, Avize, Extra Brut","750","Case of 6 Bottles","https://www.bbr.com/products-20138163350-2013-champagne-la-rogerie-heroine-blanc-de-blancs-grand-cru-avize-extra-brut","2137445","20138163350"
"Champagne La Rogerie","2015","Champagne La Rogerie, Heroine, Blanc de Blancs, Grand Cru, Avize, Extra Brut","750","Case of 6 Bottles","https://www.bbr.com/products-20158163350-2015-champagne-la-rogerie-heroine-blanc-de-blancs-grand-cru-avize-extra-brut","2137445","20158163350"
"Champagne Lafalise Froissart","","Champagne Lafalise Froissart, Cuvee 045, Grand Cru, Extra Brut (Base 2020)","300","Case of 6 Bottles","https://www.bbr.com/products-10008311054-champagne-lafalise-froissart-cuvee-045-grand-cru-extra-brut-base-2020","2555791","10008311054"
"Champagne Lafalise Froissart","","Champagne Lafalise Froissart, Cuvee 045, Grand Cru, Verzenay, Extra Brut (Base 2022)","350","Case of 6 Bottles","https://www.bbr.com/products-10008322274-champagne-lafalise-froissart-cuvee-045-grand-cru-verzenay-extra-brut-base-2022","2555791","10008322274"
"Champagne Laherte Freres","","Champagne Laherte Freres, Blanc de Noirs, Brut Nature","400","Case of 6 Bottles","https://www.bbr.com/products-10008086925-champagne-laherte-freres-blanc-de-noirs-brut-nature","","10008086925"
"Lanson","2009","Champagne Lanson, Le Clos Lanson, Blanc de Blancs, Brut","420","Case of 3 Bottles","https://www.bbr.com/products-20098157122-2009-champagne-lanson-le-clos-lanson-blanc-de-blancs-brut","1401459","20098157122"
"Champagne Larmandier-Bernier","2013","Champagne Larmandier-Bernier, Les Chemins d'Avize, Blanc de Blancs, Grand Cru, Extra Brut","500","Case of 6 Bottles","https://www.bbr.com/products-20138133414-2013-champagne-larmandier-bernier-les-chemins-d-avize-blanc-de-blancs-grand-cru-extra-brut","1378492","20138133414"
"Champagne Larmandier-Bernier","2015","Champagne Larmandier-Bernier, Les Chemins d'Avize, Blanc de Blancs, Grand Cru, Extra Brut","670","Case of 6 Bottles","https://www.bbr.com/products-20158133414-2015-champagne-larmandier-bernier-les-chemins-d-avize-blanc-de-blancs-grand-cru-extra-brut","1378492","20158133414"
"Champagne Larmandier-Bernier","2016","Champagne Larmandier-Bernier, Les Chemins d'Avize, Blanc de Blancs, Grand Cru, Extra Brut","820","Case of 6 Bottles","https://www.bbr.com/products-20168133414-2016-champagne-larmandier-bernier-les-chemins-d-avize-blanc-de-blancs-grand-cru-extra-brut","1378492","20168133414"
"Laurent Perrier","2012","Champagne Laurent-Perrier, Alexandra, Grande Cuvee Rose, Brut","850","Case of 3 Bottles","https://www.bbr.com/products-20121404939-2012-champagne-laurent-perrier-alexandra-grande-cuvee-rose-brut","1406946","20121404939"
"Laurent Perrier","","Champagne Laurent-Perrier, Grand Siecle No. 23, Brut","260","Case of 1 Magnums","https://www.bbr.com/products-10008152592-champagne-laurent-perrier-grand-siecle-no-23-brut","2166922","10008152592"
"Laurent Perrier","","Champagne Laurent-Perrier, Grand Siecle No. 24, Brut","850","Case of 6 Bottles","https://www.bbr.com/products-10008039439-champagne-laurent-perrier-grand-siecle-no-24-brut","1838165","10008039439"
"Laurent Perrier","","Champagne Laurent-Perrier, Grand Siecle No. 24, Brut","445","Case of 1 Magnums","https://www.bbr.com/products-10008039439-champagne-laurent-perrier-grand-siecle-no-24-brut","1838165","10008039439"
"Laurent Perrier","","Champagne Laurent-Perrier, Grand Siecle No. 25, Brut","800","Case of 6 Bottles","https://www.bbr.com/products-10008152589-champagne-laurent-perrier-grand-siecle-no-25-brut","2188519","10008152589"
"Laurent Perrier","","Champagne Laurent-Perrier, Grand Siecle No. 25, Brut","800","Case of 6 Bottles","https://www.bbr.com/products-10008152589-champagne-laurent-perrier-grand-siecle-no-25-brut","2188519","10008152589"
"Laurent Perrier","","Champagne Laurent-Perrier, Grand Siecle No. 26, Brut","925","Case of 6 Bottles","https://www.bbr.com/products-10008245865-champagne-laurent-perrier-grand-siecle-no-26-brut","2885870","10008245865"
"Laurent Perrier","2000","Champagne Laurent-Perrier, Late Disgorged Vintage, Brut (22/04/21)","299","Case of 1 Magnums","https://www.bbr.com/products-20008157021-2000-champagne-laurent-perrier-late-disgorged-vintage-brut-22-04-21","3104639","20008157021"
"Le Mesnil","2007","Champagne Le Mesnil, Cuvee Prestige, Blanc de Blancs, Grand Cru, Brut","300","Case of 6 Bottles","https://www.bbr.com/products-20078057350-2007-champagne-le-mesnil-cuvee-prestige-blanc-de-blancs-grand-cru-brut","1616312","20078057350"
"Champagne Leclerc Briant","2015","Champagne Leclerc Briant, Abyss, Brut Zero","760","Case of 6 Bottles","https://www.bbr.com/products-20158000183-2015-champagne-leclerc-briant-abyss-brut-zero","1680285","20158000183"
"Champagne Leclerc Briant","2018","Champagne Leclerc Briant, Abyss, Brut Zero","900","Case of 6 Bottles","https://www.bbr.com/products-20188000183-2018-champagne-leclerc-briant-abyss-brut-zero","1680285","20188000183"
"Champagne Leclerc Briant","2012","Champagne Leclerc Briant, Chateau d'Avize, Blanc de Blancs, Grand Cru, Brut Zero","474","Case of 3 Bottles","https://www.bbr.com/products-20128157119-2012-champagne-leclerc-briant-chateau-d-avize-blanc-de-blancs-grand-cru-brut-zero","2418542","20128157119"
"Champagne Leclerc Briant","2013","Champagne Leclerc Briant, Chateau d'Avize, Blanc de Blancs, Grand Cru, Brut Zero","520","Case of 3 Bottles","https://www.bbr.com/products-20138157119-2013-champagne-leclerc-briant-chateau-d-avize-blanc-de-blancs-grand-cru-brut-zero","2418542","20138157119"
"Champagne Leclerc Briant","2014","Champagne Leclerc Briant, Chateau d'Avize, Blanc de Blancs, Grand Cru, Brut Zero","430","Case of 3 Bottles","https://www.bbr.com/products-20148157119-2014-champagne-leclerc-briant-chateau-d-avize-blanc-de-blancs-grand-cru-brut-zero","2418542","20148157119"
"Champagne Leclerc Briant","2015","Champagne Leclerc Briant, Clos des Trois Clochers, Brut","650","Case of 6 Bottles","https://www.bbr.com/products-20158013408-2015-champagne-leclerc-briant-clos-des-trois-clochers-brut","1690743","20158013408"
"Champagne Leclerc Briant","2016","Champagne Leclerc Briant, Clos des Trois Clochers, Brut","545","Case of 6 Bottles","https://www.bbr.com/products-20168013408-2016-champagne-leclerc-briant-clos-des-trois-clochers-brut","1690743","20168013408"
"Champagne Leclerc Briant","2017","Champagne Leclerc Briant, Clos des Trois Clochers, Brut","936","Case of 6 Bottles","https://www.bbr.com/products-20178013408-2017-champagne-leclerc-briant-clos-des-trois-clochers-brut","1690743","20178013408"
"Champagne Leclerc Briant","2014","Champagne Leclerc Briant, Grand Blanc, Blanc de Blancs, Brut Zero","740","Case of 6 Bottles","https://www.bbr.com/products-20148044341-2014-champagne-leclerc-briant-grand-blanc-blanc-de-blancs-brut-zero","1860601","20148044341"
"Champagne Leclerc Briant","2015","Champagne Leclerc Briant, Les Basses Prieres, 1er Cru, Brut Zero","550","Case of 6 Bottles","https://www.bbr.com/products-20158013394-2015-champagne-leclerc-briant-les-basses-prieres-1er-cru-brut-zero","1690730","20158013394"
"Champagne Leclerc Briant","","Champagne Leclerc Briant, Les Carelles (2018) &amp; Derriere Les Clos (2019), Two-Bottle Assortment Case","265","Case of 1 Mixed Cases","https://www.bbr.com/products-10008314941-champagne-leclerc-briant-les-carelles-2018-and-derriere-les-clos-2019-two-bottle-assortment-case","9000357","10008314941"
"Champagne Leclerc Briant","2018","Champagne Leclerc Briant, Les Monts Ferres, 1er Cru, Brut Zero","275","Case of 3 Bottles","https://www.bbr.com/products-20188176910-2018-champagne-leclerc-briant-les-monts-ferres-1er-cru-brut-zero","2932503","20188176910"
"Champagne Leclerc Briant","2016","Champagne Leclerc Briant, Millesime, Extra Brut","395","Case of 6 Bottles","https://www.bbr.com/products-20168000196-2016-champagne-leclerc-briant-millesime-extra-brut","1680227","20168000196"
"Champagne Leclerc Briant","2012","Champagne Leclerc Briant, Pure Cramant, Blanc de Blancs, Brut Zero","750","Case of 6 Bottles","https://www.bbr.com/products-20128011488-2012-champagne-leclerc-briant-pure-cramant-blanc-de-blancs-brut-zero","1680272","20128011488"
"Champagne Leclerc Briant","","Champagne Leclerc Briant, Reserve, Brut","225","Case of 1 Jeroboam 300cl","https://www.bbr.com/products-10001680201-champagne-leclerc-briant-reserve-brut","1680201","10001680201"
"Louis Roederer","2014","Champagne Louis Roederer, Blanc de Blancs, Brut","400","Case of 6 Bottles","https://www.bbr.com/products-20148002842-2014-champagne-louis-roederer-blanc-de-blancs-brut","1082500","20148002842"
"Louis Roederer","2008","Champagne Louis Roederer, Brut","450","Case of 6 Bottles","https://www.bbr.com/products-20088111162-2008-champagne-louis-roederer-brut","1241004","20088111162"
"Louis Roederer","2013","Champagne Louis Roederer, Brut","450","Case of 6 Bottles","https://www.bbr.com/products-20138111162-2013-champagne-louis-roederer-brut","1241004","20138111162"
"Louis Roederer","2016","Champagne Louis Roederer, Brut","360","Case of 6 Bottles","https://www.bbr.com/products-20168111162-2016-champagne-louis-roederer-brut","1241004","20168111162"
"Louis Roederer","2015","Champagne Louis Roederer, Brut Nature, Philippe Starck","255","Case of 6 Bottles","https://www.bbr.com/products-20158002826-2015-champagne-louis-roederer-brut-nature-philippe-starck","1319691","20158002826"
"Louis Roederer","","Champagne Louis Roederer, Brut Premier","240","Case of 3 Magnums","https://www.bbr.com/products-10008002839-champagne-louis-roederer-brut-premier","1082526","10008002839"
"Louis Roederer","2008","Champagne Louis Roederer, Cristal Rose, Brut","1551","Case of 3 Bottles","https://www.bbr.com/products-20088118927-2008-champagne-louis-roederer-cristal-rose-brut","1082555","20088118927"
"Louis Roederer","2009","Champagne Louis Roederer, Cristal Rose, Brut","950","Case of 3 Bottles","https://www.bbr.com/products-20098118927-2009-champagne-louis-roederer-cristal-rose-brut","1082555","20098118927"
"Louis Roederer","2012","Champagne Louis Roederer, Cristal Rose, Brut","925","Case of 3 Bottles","https://www.bbr.com/products-20128118927-2012-champagne-louis-roederer-cristal-rose-brut","1082555","20128118927"
"Louis Roederer","2013","Champagne Louis Roederer, Cristal Rose, Brut","1285","Case of 3 Bottles","https://www.bbr.com/products-20138118927-2013-champagne-louis-roederer-cristal-rose-brut","1082555","20138118927"
"Louis Roederer","2013","Champagne Louis Roederer, Cristal Rose, Brut","895","Case of 3 Bottles","https://www.bbr.com/products-20138118927-2013-champagne-louis-roederer-cristal-rose-brut","1082555","20138118927"
"Louis Roederer","2013","Champagne Louis Roederer, Cristal Rose, Brut","500","Case of 1 Bottles","https://www.bbr.com/products-20138118927-2013-champagne-louis-roederer-cristal-rose-brut","1082555","20138118927"
"Louis Roederer","2013","Champagne Louis Roederer, Cristal Rose, Brut","999","Case of 3 Bottles","https://www.bbr.com/products-20138118927-2013-champagne-louis-roederer-cristal-rose-brut","1082555","20138118927"
"Louis Roederer","2013","Champagne Louis Roederer, Cristal Rose, Brut","1125","Case of 1 Magnums","https://www.bbr.com/products-20138118927-2013-champagne-louis-roederer-cristal-rose-brut","1082555","20138118927"
"Louis Roederer","1999","Champagne Louis Roederer, Cristal Vinotheque, Brut","1600","Case of 1 Magnums","https://www.bbr.com/products-19998104865-1999-champagne-louis-roederer-cristal-vinotheque-brut","1544062","19998104865"
"Louis Roederer","1999","Champagne Louis Roederer, Cristal Vinotheque, Brut","1880","Case of 1 Magnums","https://www.bbr.com/products-19998104865-1999-champagne-louis-roederer-cristal-vinotheque-brut","1544062","19998104865"
"Louis Roederer","2000","Champagne Louis Roederer, Cristal Vinotheque, Brut","888","Case of 1 Bottles","https://www.bbr.com/products-20008104865-2000-champagne-louis-roederer-cristal-vinotheque-brut","1544062","20008104865"
"Louis Roederer","2000","Champagne Louis Roederer, Cristal Vinotheque, Brut","1750","Case of 1 Magnums","https://www.bbr.com/products-20008104865-2000-champagne-louis-roederer-cristal-vinotheque-brut","1544062","20008104865"
"Louis Roederer","2002","Champagne Louis Roederer, Cristal Vinotheque, Brut","1169","Case of 1 Bottles","https://www.bbr.com/products-20028104865-2002-champagne-louis-roederer-cristal-vinotheque-brut","1544062","20028104865"
"Louis Roederer","2004","Champagne Louis Roederer, Cristal Vinotheque, Brut","1595","Case of 1 Magnums","https://www.bbr.com/products-20048104865-2004-champagne-louis-roederer-cristal-vinotheque-brut","1544062","20048104865"
"Louis Roederer","1999","Champagne Louis Roederer, Cristal Vinotheque, Rose, Brut","1450","Case of 1 Bottles","https://www.bbr.com/products-19998048004-1999-champagne-louis-roederer-cristal-vinotheque-rose-brut","1747623","19998048004"
"Louis Roederer","2002","Champagne Louis Roederer, Cristal, Brut","1350","Case of 6 Bottles","https://www.bbr.com/products-20021082542-2002-champagne-louis-roederer-cristal-brut","1082542","20021082542"
"Louis Roederer","2002","Champagne Louis Roederer, Cristal, Brut","295","Case of 1 Bottles","https://www.bbr.com/products-20021082542-2002-champagne-louis-roederer-cristal-brut","1082542","20021082542"
"Louis Roederer","2004","Champagne Louis Roederer, Cristal, Brut","1160","Case of 6 Bottles","https://www.bbr.com/products-20041082542-2004-champagne-louis-roederer-cristal-brut","1082542","20041082542"
"Louis Roederer","2005","Champagne Louis Roederer, Cristal, Brut","1100","Case of 6 Bottles","https://www.bbr.com/products-20051082542-2005-champagne-louis-roederer-cristal-brut","1082542","20051082542"
"Louis Roederer","2006","Champagne Louis Roederer, Cristal, Brut","860","Case of 6 Bottles","https://www.bbr.com/products-20061082542-2006-champagne-louis-roederer-cristal-brut","1082542","20061082542"
"Louis Roederer","2006","Champagne Louis Roederer, Cristal, Brut","870","Case of 6 Bottles","https://www.bbr.com/products-20061082542-2006-champagne-louis-roederer-cristal-brut","1082542","20061082542"
"Louis Roederer","2006","Champagne Louis Roederer, Cristal, Brut","974","Case of 6 Bottles","https://www.bbr.com/products-20061082542-2006-champagne-louis-roederer-cristal-brut","1082542","20061082542"
"Louis Roederer","2006","Champagne Louis Roederer, Cristal, Brut","430","Case of 1 Magnums","https://www.bbr.com/products-20061082542-2006-champagne-louis-roederer-cristal-brut","1082542","20061082542"
"Louis Roederer","2006","Champagne Louis Roederer, Cristal, Brut","430","Case of 1 Magnums","https://www.bbr.com/products-20061082542-2006-champagne-louis-roederer-cristal-brut","1082542","20061082542"
"Louis Roederer","2007","Champagne Louis Roederer, Cristal, Brut","1180","Case of 6 Bottles","https://www.bbr.com/products-20071082542-2007-champagne-louis-roederer-cristal-brut","1082542","20071082542"
"Louis Roederer","2007","Champagne Louis Roederer, Cristal, Brut","1180","Case of 6 Bottles","https://www.bbr.com/products-20071082542-2007-champagne-louis-roederer-cristal-brut","1082542","20071082542"
"Louis Roederer","2007","Champagne Louis Roederer, Cristal, Brut","275","Case of 1 Bottles","https://www.bbr.com/products-20071082542-2007-champagne-louis-roederer-cristal-brut","1082542","20071082542"
"Louis Roederer","2008","Champagne Louis Roederer, Cristal, Brut","1400","Case of 6 Bottles","https://www.bbr.com/products-20081082542-2008-champagne-louis-roederer-cristal-brut","1082542","20081082542"
"Louis Roederer","2008","Champagne Louis Roederer, Cristal, Brut","1250","Case of 6 Bottles","https://www.bbr.com/products-20081082542-2008-champagne-louis-roederer-cristal-brut","1082542","20081082542"
"Louis Roederer","2008","Champagne Louis Roederer, Cristal, Brut","1220","Case of 6 Bottles","https://www.bbr.com/products-20081082542-2008-champagne-louis-roederer-cristal-brut","1082542","20081082542"
"Louis Roederer","2008","Champagne Louis Roederer, Cristal, Brut","1250","Case of 6 Bottles","https://www.bbr.com/products-20081082542-2008-champagne-louis-roederer-cristal-brut","1082542","20081082542"
"Louis Roederer","2008","Champagne Louis Roederer, Cristal, Brut","2095","Case of 6 Bottles","https://www.bbr.com/products-20081082542-2008-champagne-louis-roederer-cristal-brut","1082542","20081082542"
"Louis Roederer","2008","Champagne Louis Roederer, Cristal, Brut","1669","Case of 6 Bottles","https://www.bbr.com/products-20081082542-2008-champagne-louis-roederer-cristal-brut","1082542","20081082542"
"Louis Roederer","2008","Champagne Louis Roederer, Cristal, Brut","988","Case of 1 Magnums","https://www.bbr.com/products-20081082542-2008-champagne-louis-roederer-cristal-brut","1082542","20081082542"
"Louis Roederer","2008","Champagne Louis Roederer, Cristal, Brut","895","Case of 1 Magnums","https://www.bbr.com/products-20081082542-2008-champagne-louis-roederer-cristal-brut","1082542","20081082542"
"Louis Roederer","2008","Champagne Louis Roederer, Cristal, Brut","6000","Case of 1 Methuselahs","https://www.bbr.com/products-20081082542-2008-champagne-louis-roederer-cristal-brut","1082542","20081082542"
"Louis Roederer","2009","Champagne Louis Roederer, Cristal, Brut","930","Case of 6 Bottles","https://www.bbr.com/products-20091082542-2009-champagne-louis-roederer-cristal-brut","1082542","20091082542"
"Louis Roederer","2009","Champagne Louis Roederer, Cristal, Brut","900","Case of 6 Bottles","https://www.bbr.com/products-20091082542-2009-champagne-louis-roederer-cristal-brut","1082542","20091082542"
"Louis Roederer","2009","Champagne Louis Roederer, Cristal, Brut","900","Case of 6 Bottles","https://www.bbr.com/products-20091082542-2009-champagne-louis-roederer-cristal-brut","1082542","20091082542"
"Louis Roederer","2009","Champagne Louis Roederer, Cristal, Brut","625","Case of 1 Magnums","https://www.bbr.com/products-20091082542-2009-champagne-louis-roederer-cristal-brut","1082542","20091082542"
"Louis Roederer","2009","Champagne Louis Roederer, Cristal, Brut","620","Case of 1 Magnums","https://www.bbr.com/products-20091082542-2009-champagne-louis-roederer-cristal-brut","1082542","20091082542"
"Louis Roederer","2012","Champagne Louis Roederer, Cristal, Brut","1285","Case of 6 Bottles","https://www.bbr.com/products-20121082542-2012-champagne-louis-roederer-cristal-brut","1082542","20121082542"
"Louis Roederer","2012","Champagne Louis Roederer, Cristal, Brut","920","Case of 6 Bottles","https://www.bbr.com/products-20121082542-2012-champagne-louis-roederer-cristal-brut","1082542","20121082542"
"Louis Roederer","2012","Champagne Louis Roederer, Cristal, Brut","910","Case of 6 Bottles","https://www.bbr.com/products-20121082542-2012-champagne-louis-roederer-cristal-brut","1082542","20121082542"
"Louis Roederer","2012","Champagne Louis Roederer, Cristal, Brut","800","Case of 1 Magnums","https://www.bbr.com/products-20121082542-2012-champagne-louis-roederer-cristal-brut","1082542","20121082542"
"Louis Roederer","2013","Champagne Louis Roederer, Cristal, Brut","935","Case of 6 Bottles","https://www.bbr.com/products-20131082542-2013-champagne-louis-roederer-cristal-brut","1082542","20131082542"
"Louis Roederer","2014","Champagne Louis Roederer, Cristal, Brut","900","Case of 3 Bottles","https://www.bbr.com/products-20141082542-2014-champagne-louis-roederer-cristal-brut","1082542","20141082542"
"Louis Roederer","2014","Champagne Louis Roederer, Cristal, Brut","600","Case of 3 Bottles","https://www.bbr.com/products-20141082542-2014-champagne-louis-roederer-cristal-brut","1082542","20141082542"
"Louis Roederer","2014","Champagne Louis Roederer, Cristal, Brut","900","Case of 6 Bottles","https://www.bbr.com/products-20141082542-2014-champagne-louis-roederer-cristal-brut","1082542","20141082542"
"Louis Roederer","2014","Champagne Louis Roederer, Cristal, Brut","900","Case of 6 Bottles","https://www.bbr.com/products-20141082542-2014-champagne-louis-roederer-cristal-brut","1082542","20141082542"
"Louis Roederer","2014","Champagne Louis Roederer, Cristal, Brut","949","Case of 6 Bottles","https://www.bbr.com/products-20141082542-2014-champagne-louis-roederer-cristal-brut","1082542","20141082542"
"Louis Roederer","2015","Champagne Louis Roederer, Cristal, Brut","1000","Case of 6 Bottles","https://www.bbr.com/products-20151082542-2015-champagne-louis-roederer-cristal-brut","1082542","20151082542"
"Louis Roederer","2016","Champagne Louis Roederer, Cristal, Brut","1150","Case of 6 Bottles","https://www.bbr.com/products-20161082542-2016-champagne-louis-roederer-cristal-brut","1082542","20161082542"
"Louis Roederer","2002","Champagne Louis Roederer, Cristal, Brut (2018 Release)","980","Case of 3 Bottles","https://www.bbr.com/products-20028046488-2002-champagne-louis-roederer-cristal-brut-2018-release","1815757","20028046488"
"Louis Roederer","2004","Champagne Louis Roederer, Cristal, Brut (2020 Late Release)","538","Case of 1 Magnums","https://www.bbr.com/products-20048060398-2004-champagne-louis-roederer-cristal-brut-2020-late-release","1815757","20048060398"
"Louis Roederer","2012","Champagne Louis Roederer, Rose, Brut","160","Case of 1 Magnums","https://www.bbr.com/products-20128016337-2012-champagne-louis-roederer-rose-brut","1082539","20128016337"
"Champagne Madeleine Brochet","2018","Champagne Madeleine Brochet, Extra-Brut (Disgorgement July 2024)","400","Case of 6 Bottles","https://www.bbr.com/products-20188181213-2018-champagne-madeleine-brochet-extra-brut-disgorgement-july-2024","3099216","20188181213"
"Champagne Mailly","2010","Champagne Mailly, L'Intemporelle, Grand Cru, Brut","375","Case of 6 Bottles","https://www.bbr.com/products-20101132931-2010-champagne-mailly-l-intemporelle-grand-cru-brut","1132931","20101132931"
"Champagne Mailly","2007","Champagne Mailly, Les Echansons, Grand Cru, Brut","465","Case of 6 Bottles","https://www.bbr.com/products-20071182079-2007-champagne-mailly-les-echansons-grand-cru-brut","1182079","20071182079"
"Champagne Marguet","2018","Champagne Marguet, Ambonnay, Grand Cru, Brut Nature","210","Case of 3 Bottles","https://www.bbr.com/products-20188147606-2018-champagne-marguet-ambonnay-grand-cru-brut-nature","1516058","20188147606"
"Champagne Marguet","2018","Champagne Marguet, Bouzy, Rose, Grand Cru, Brut","190","Case of 3 Bottles","https://www.bbr.com/products-20188170484-2018-champagne-marguet-bouzy-rose-grand-cru-brut","2841553","20188170484"
"Champagne Marguet","2018","Champagne Marguet, Le Parc, Blanc de Blancs, Grand Cru, Brut Nature","360","Case of 3 Bottles","https://www.bbr.com/products-20188156923-2018-champagne-marguet-le-parc-blanc-de-blancs-grand-cru-brut-nature","1516090","20188156923"
"Champagne Marguet","2017","Champagne Marguet, Les Crayeres, Blanc de Blancs, Grand Cru, Ambonnay, Brut Nature","320","Case of 3 Bottles","https://www.bbr.com/products-20178147648-2017-champagne-marguet-les-crayeres-blanc-de-blancs-grand-cru-ambonnay-brut-nature","3033663","20178147648"
"Champagne Marguet","2010","Champagne Marguet, Sapience Oenotheque, 1er Cru, Brut Nature","495","Case of 3 Bottles","https://www.bbr.com/products-20108156877-2010-champagne-marguet-sapience-oenotheque-1er-cru-brut-nature","2414137","20108156877"
"Champagne Marguet","","Champagne Marguet, Shaman 18, Rose, Grand Cru, Extra Brut","295","Case of 6 Bottles","https://www.bbr.com/products-10008147589-champagne-marguet-shaman-18-rose-grand-cru-extra-brut","2318709","10008147589"
"Champagne Marguet","","Champagne Marguet, Shaman 19, Rose, Grand Cru, Extra Brut","265","Case of 6 Bottles","https://www.bbr.com/products-10008157076-champagne-marguet-shaman-19-rose-grand-cru-extra-brut","2417646","10008157076"
"Champagne Marguet","","Champagne Marguet, Shaman 20, Grand Cru, Brut Nature","300","Case of 6 Bottles","https://www.bbr.com/products-10008170497-champagne-marguet-shaman-20-grand-cru-brut-nature","2845753","10008170497"
"Champagne Marguet","","Champagne Marguet, Shaman 20, Rose, Grand Cru, Brut Nature","250","Case of 6 Bottles","https://www.bbr.com/products-10008170774-champagne-marguet-shaman-20-rose-grand-cru-brut-nature","2845766","10008170774"
"Champagne Marguet","2017","Champagne Marguet, Verzenay, Blanc de Noirs, Grand Cru, Brut Nature","156","Case of 3 Bottles","https://www.bbr.com/products-20178147622-2017-champagne-marguet-verzenay-blanc-de-noirs-grand-cru-brut-nature","2131632","20178147622"
"Champagne Marie-Courtin","2016","Champagne Marie-Courtin, Concordance, Pinot Noir, Extra Brut","450","Case of 6 Bottles","https://www.bbr.com/products-20168065898-2016-champagne-marie-courtin-concordance-pinot-noir-extra-brut","1343649","20168065898"
"Champagne Marie-Courtin","2016","Champagne Marie-Courtin, Efflorescence, Pinot Noir, Extra Brut","400","Case of 6 Bottles","https://www.bbr.com/products-20168174251-2016-champagne-marie-courtin-efflorescence-pinot-noir-extra-brut","1199738","20168174251"
"Champagne Matthieu Godme-Guillaume","","Champagne Matthieu Godme-Guillaume, V.V.V, 1er Cru, Extra Brut","195","Case of 6 Bottles","https://www.bbr.com/products-10008311126-champagne-matthieu-godme-guillaume-v-v-v-1er-cru-extra-brut","","10008311126"
"Champagne Michel Fallon","","Champagne Michel Fallon, Ozanne, Blanc de Blancs, Grand Cru, Brut (2021 Disgorgement)","550","Case of 1 Bottles","https://www.bbr.com/products-10008163132-champagne-michel-fallon-ozanne-blanc-de-blancs-grand-cru-brut-2021-disgorgement","1509096","10008163132"
"Champagne Michel Fallon","","Champagne Michel Fallon, Ozanne, Blanc de Blancs, Grand Cru, Brut (2021 Disgorgement)","2600","Case of 6 Bottles","https://www.bbr.com/products-10008163132-champagne-michel-fallon-ozanne-blanc-de-blancs-grand-cru-brut-2021-disgorgement","1509096","10008163132"
"Champagne Michel Fallon","","Champagne Michel Fallon, Ozanne, Blanc de Blancs, Grand Cru, Brut (2022 Disgorgement)","2200","Case of 6 Bottles","https://www.bbr.com/products-10008071316-champagne-michel-fallon-ozanne-blanc-de-blancs-grand-cru-brut-2022-disgorgement","1509096","10008071316"
"Champagne Moet & Chandon","1992","Champagne Moet & Chandon, Grand Vintage, Brut","115","Case of 1 Bottles","https://www.bbr.com/products-19928002318-1992-champagne-moet-chandon-grand-vintage-brut","1082597","19928002318"
"Champagne Moet & Chandon","1995","Champagne Moet & Chandon, Grand Vintage, Brut","165","Case of 1 Bottles","https://www.bbr.com/products-19958002318-1995-champagne-moet-chandon-grand-vintage-brut","1082597","19958002318"
"Champagne Moet & Chandon","1996","Champagne Moet & Chandon, Grand Vintage, Brut","140","Case of 1 Bottles","https://www.bbr.com/products-19968002318-1996-champagne-moet-chandon-grand-vintage-brut","1082597","19968002318"
"Champagne Moet & Chandon","2012","Champagne Moet & Chandon, Grand Vintage, Rose, Brut","325","Case of 6 Bottles","https://www.bbr.com/products-20128002305-2012-champagne-moet-chandon-grand-vintage-rose-brut","1082601","20128002305"
"Champagne Odyssee 319","","Champagne Odyssee 319, Blanc de Blancs, Grand Cru, Avize, Brut","300","Case of 6 Bottles","https://www.bbr.com/products-10008310493-champagne-odyssee-319-blanc-de-blancs-grand-cru-avize-brut","2902188","10008310493"
"Champagne Oudiette x Filles","","Champagne Oudiette x Filles, Les Sablonnieres, Pinot Noir, Extra Brut (Base 2019)","500","Case of 6 Bottles","https://www.bbr.com/products-10008177395-champagne-oudiette-x-filles-les-sablonnieres-pinot-noir-extra-brut-base-2019","2944850","10008177395"
"Champagne Pascal Henin","","Champagne Pascal Henin, L'Etang de Nos Souvenirs, Extra Brut (Base 2021, Disgorged Dec-23)","900","Case of 3 Magnums","https://www.bbr.com/products-10008316509-champagne-pascal-henin-l-etang-de-nos-souvenirs-extra-brut-base-2021-disgorged-dec-23","3024072","10008316509"
"Champagne Pascal Henin","2015","Champagne Pascal Henin, Romain Henin, L'Appel de la Foret, Extra Brut (Disgorged October 2021)","1500","Case of 6 Bottles","https://www.bbr.com/products-20158071299-2015-champagne-pascal-henin-romain-henin-l-appel-de-la-foret-extra-brut-disgorged-october-2021","2414661","20158071299"
"Champagne Paul Bara","2006","Champagne Paul Bara, Comtesse Marie de France, Blanc de Noirs, Grand Cru, Brut","850","Case of 6 Bottles","https://www.bbr.com/products-20068103392-2006-champagne-paul-bara-comtesse-marie-de-france-blanc-de-noirs-grand-cru-brut","1311855","20068103392"
"Champagne Penet-Chardonnet","2009","Champagne Penet-Chardonnet, Cuvee Prestige Coline &amp; Candice, Grand Cru, Verzy, Extra Brut","500","Case of 6 Bottles","https://www.bbr.com/products-20098157887-2009-champagne-penet-chardonnet-cuvee-prestige-coline-and-candice-grand-cru-verzy-extra-brut","1889877","20098157887"
"Champagne Penet-Chardonnet","2010","Champagne Penet-Chardonnet, Les Epinettes, Blanc de Noirs, Grand Cru, Verzy, Extra Brut","550","Case of 6 Bottles","https://www.bbr.com/products-20108157845-2010-champagne-penet-chardonnet-les-epinettes-blanc-de-noirs-grand-cru-verzy-extra-brut","1889486","20108157845"
"Champagne Penet-Chardonnet","2010","Champagne Penet-Chardonnet, Les Fervins, Grand Cru, Verzy, Extra Brut","380","Case of 6 Bottles","https://www.bbr.com/products-20108157832-2010-champagne-penet-chardonnet-les-fervins-grand-cru-verzy-extra-brut","2465764","20108157832"
"Champagne Penet-Chardonnet","2011","Champagne Penet-Chardonnet, Les Fervins, Grand Cru, Verzy, Extra Brut","450","Case of 6 Bottles","https://www.bbr.com/products-20118157832-2011-champagne-penet-chardonnet-les-fervins-grand-cru-verzy-extra-brut","2465764","20118157832"
"Champagne Penet-Chardonnet","","Champagne Penet-Chardonnet, Terroir & Sens, Grand Cru, Extra Brut","210","Case of 6 Bottles","https://www.bbr.com/products-10008157816-champagne-penet-chardonnet-terroir-sens-grand-cru-extra-brut","1946361","10008157816"
"Perrier Jouet","2014","Champagne Perrier Jouet, mischer'traxler, Belle Epoque, Brut","700","Case of 6 Bottles","https://www.bbr.com/products-20148317216-2014-champagne-perrier-jouet-mischer-traxler-belle-epoque-brut","2147844","20148317216"
"Perrier Jouet","2008","Champagne Perrier-Jouet, Belle Epoque, Brut","765","Case of 3 Magnums","https://www.bbr.com/products-20088015718-2008-champagne-perrier-jouet-belle-epoque-brut","1082731","20088015718"
"Perrier Jouet","2012","Champagne Perrier-Jouet, Belle Epoque, Brut","750","Case of 3 Magnums","https://www.bbr.com/products-20128015718-2012-champagne-perrier-jouet-belle-epoque-brut","1082731","20128015718"
"Perrier Jouet","2013","Champagne Perrier-Jouet, Belle Epoque, Brut","740","Case of 6 Bottles","https://www.bbr.com/products-20138015718-2013-champagne-perrier-jouet-belle-epoque-brut","1082731","20138015718"
"Champagne Pertois-Lebrun","","Champagne Pertois-Lebrun, Derriere Le Mont Aigu No.15, Blanc de Blancs, Grand Cru, Chouilly, Extra Brut","580","Case of 6 Bottles","https://www.bbr.com/products-10008303936-champagne-pertois-lebrun-derriere-le-mont-aigu-no-15-blanc-de-blancs-grand-cru-chouilly-extra-brut","2982162","10008303936"
"Champagne Pertois-Lebrun","2015","Champagne Pertois-Lebrun, Les Chetillons, No. 15, Blanc de Blancs, Grand Cru, Le Mesnil-sur-Oger, Extra Brut","600","Case of 6 Bottles","https://www.bbr.com/products-20158076715-2015-champagne-pertois-lebrun-les-chetillons-no-15-blanc-de-blancs-grand-cru-le-mesnil-sur-oger-extra-brut","","20158076715"
"Champagne Philipponnat","2006","Champagne Philipponnat, Clos des Goisses, Brut","625","Case of 6 Bottles","https://www.bbr.com/products-20068110022-2006-champagne-philipponnat-clos-des-goisses-brut","1311770","20068110022"
"Champagne Philipponnat","2007","Champagne Philipponnat, Clos des Goisses, Brut","620","Case of 6 Bottles","https://www.bbr.com/products-20078110022-2007-champagne-philipponnat-clos-des-goisses-brut","1311770","20078110022"
"Champagne Philipponnat","2011","Champagne Philipponnat, Clos des Goisses, Extra Brut","660","Case of 6 Bottles","https://www.bbr.com/products-20118110022-2011-champagne-philipponnat-clos-des-goisses-extra-brut","1311770","20118110022"
"Champagne Philipponnat","2012","Champagne Philipponnat, Clos des Goisses, Extra Brut","349","Case of 1 Magnums","https://www.bbr.com/products-20128110022-2012-champagne-philipponnat-clos-des-goisses-extra-brut","1311770","20128110022"
"Champagne Philipponnat","2013","Champagne Philipponnat, Clos des Goisses, Extra Brut","400","Case of 3 Bottles","https://www.bbr.com/products-20138110022-2013-champagne-philipponnat-clos-des-goisses-extra-brut","1311770","20138110022"
"Champagne Philipponnat","2013","Champagne Philipponnat, Clos des Goisses, Extra Brut","1500","Case of 1 Jeroboam 300cl","https://www.bbr.com/products-20138110022-2013-champagne-philipponnat-clos-des-goisses-extra-brut","1311770","20138110022"
"Champagne Philipponnat","2013","Champagne Philipponnat, Clos des Goisses, Extra Brut","975","Case of 3 Magnums","https://www.bbr.com/products-20138110022-2013-champagne-philipponnat-clos-des-goisses-extra-brut","1311770","20138110022"
"Champagne Philipponnat","2013","Champagne Philipponnat, Clos des Goisses, Extra Brut","430","Case of 1 Magnums","https://www.bbr.com/products-20138110022-2013-champagne-philipponnat-clos-des-goisses-extra-brut","1311770","20138110022"
"Champagne Philipponnat","2013","Champagne Philipponnat, Clos des Goisses, Extra Brut","435","Case of 1 Magnums","https://www.bbr.com/products-20138110022-2013-champagne-philipponnat-clos-des-goisses-extra-brut","1311770","20138110022"
"Champagne Philipponnat","2012","Champagne Philipponnat, Clos des Goisses, Juste, Rose, Extra Brut","1275","Case of 3 Bottles","https://www.bbr.com/products-20128112866-2012-champagne-philipponnat-clos-des-goisses-juste-rose-extra-brut","1188101","20128112866"
"Champagne Philipponnat","1996","Champagne Philipponnat, Clos des Goisses, L.V., Extra Brut","750","Case of 1 Bottles","https://www.bbr.com/products-19968107606-1996-champagne-philipponnat-clos-des-goisses-l-v-extra-brut","1404753","19968107606"
"Champagne Philipponnat","1997","Champagne Philipponnat, Clos des Goisses, L.V., Extra Brut","548","Case of 1 Bottles","https://www.bbr.com/products-19978107606-1997-champagne-philipponnat-clos-des-goisses-l-v-extra-brut","1404753","19978107606"
"Champagne Philipponnat","1998","Champagne Philipponnat, Clos des Goisses, L.V., Extra Brut","550","Case of 1 Bottles","https://www.bbr.com/products-19988107606-1998-champagne-philipponnat-clos-des-goisses-l-v-extra-brut","1404753","19988107606"
"Champagne Philipponnat","2000","Champagne Philipponnat, Clos des Goisses, L.V., Extra Brut","2200","Case of 6 Bottles","https://www.bbr.com/products-20008107606-2000-champagne-philipponnat-clos-des-goisses-l-v-extra-brut","1404753","20008107606"
"Champagne Philipponnat","2009","Champagne Philipponnat, Les Cintres","240","Case of 1 Bottles","https://www.bbr.com/products-20098107938-2009-champagne-philipponnat-les-cintres","1385050","20098107938"
"Champagne Philipponnat","2010","Champagne Philipponnat, Les Cintres, Extra Brut","318","Case of 1 Bottles","https://www.bbr.com/products-20108107938-2010-champagne-philipponnat-les-cintres-extra-brut","1385050","20108107938"
"Champagne Philipponnat","2012","Champagne Philipponnat, Les Cintres, Extra Brut","500","Case of 1 Bottles","https://www.bbr.com/products-20128107938-2012-champagne-philipponnat-les-cintres-extra-brut","1385050","20128107938"
"Champagne Pierre Deville","","Champagne Pierre Deville, Copin, Pinot Noir, Grand Cru, Verzy, Extra Brut (Base 2019)","600","Case of 6 Bottles","https://www.bbr.com/products-10008177382-champagne-pierre-deville-copin-pinot-noir-grand-cru-verzy-extra-brut-base-2019","2944847","10008177382"
"Pierre Gimonnet","2015","Champagne Pierre Gimonnet & Fils, Special Club Cramant, Chardonnay, Grand Cru, Extra Brut","500","Case of 6 Bottles","https://www.bbr.com/products-20158302997-2015-champagne-pierre-gimonnet-fils-special-club-cramant-chardonnay-grand-cru-extra-brut","1757631","20158302997"
"Champagne Pierre Peters","2000","Champagne Pierre Peters, Cuvee Speciale Les Chetillons, Blanc de Blancs, Grand Cru, Brut","1350","Case of 6 Bottles","https://www.bbr.com/products-20001212527-2000-champagne-pierre-peters-cuvee-speciale-les-chetillons-blanc-de-blancs-grand-cru-brut","1212527","20001212527"
"Champagne Pierre Peters","2002","Champagne Pierre Peters, Cuvee Speciale Les Chetillons, Blanc de Blancs, Grand Cru, Brut","2600","Case of 6 Bottles","https://www.bbr.com/products-20021212527-2002-champagne-pierre-peters-cuvee-speciale-les-chetillons-blanc-de-blancs-grand-cru-brut","1212527","20021212527"
"Champagne Pierre Peters","2002","Champagne Pierre Peters, Cuvee Speciale Les Chetillons, Blanc de Blancs, Grand Cru, Brut","2250","Case of 3 Magnums","https://www.bbr.com/products-20021212527-2002-champagne-pierre-peters-cuvee-speciale-les-chetillons-blanc-de-blancs-grand-cru-brut","1212527","20021212527"
"Champagne Pierre Peters","2005","Champagne Pierre Peters, Cuvee Speciale Les Chetillons, Blanc de Blancs, Grand Cru, Brut","2100","Case of 6 Bottles","https://www.bbr.com/products-20051212527-2005-champagne-pierre-peters-cuvee-speciale-les-chetillons-blanc-de-blancs-grand-cru-brut","1212527","20051212527"
"Champagne Pierre Peters","2005","Champagne Pierre Peters, Cuvee Speciale Les Chetillons, Blanc de Blancs, Grand Cru, Brut","1995","Case of 3 Magnums","https://www.bbr.com/products-20051212527-2005-champagne-pierre-peters-cuvee-speciale-les-chetillons-blanc-de-blancs-grand-cru-brut","1212527","20051212527"
"Champagne Pierre Peters","2008","Champagne Pierre Peters, Cuvee Speciale Les Chetillons, Blanc de Blancs, Grand Cru, Brut","1500","Case of 6 Bottles","https://www.bbr.com/products-20081212527-2008-champagne-pierre-peters-cuvee-speciale-les-chetillons-blanc-de-blancs-grand-cru-brut","1212527","20081212527"
"Champagne Pierre Peters","2009","Champagne Pierre Peters, Cuvee Speciale Les Chetillons, Blanc de Blancs, Grand Cru, Brut","1500","Case of 6 Bottles","https://www.bbr.com/products-20091212527-2009-champagne-pierre-peters-cuvee-speciale-les-chetillons-blanc-de-blancs-grand-cru-brut","1212527","20091212527"
"Champagne Pierre Peters","2010","Champagne Pierre Peters, Cuvee Speciale Les Chetillons, Blanc de Blancs, Grand Cru, Brut","1150","Case of 6 Bottles","https://www.bbr.com/products-20101212527-2010-champagne-pierre-peters-cuvee-speciale-les-chetillons-blanc-de-blancs-grand-cru-brut","1212527","20101212527"
"Champagne Pierre Peters","2010","Champagne Pierre Peters, Cuvee Speciale Les Chetillons, Blanc de Blancs, Grand Cru, Brut","1200","Case of 6 Bottles","https://www.bbr.com/products-20101212527-2010-champagne-pierre-peters-cuvee-speciale-les-chetillons-blanc-de-blancs-grand-cru-brut","1212527","20101212527"
"Champagne Pierre Peters","2010","Champagne Pierre Peters, Cuvee Speciale Les Chetillons, Blanc de Blancs, Grand Cru, Brut","1400","Case of 3 Magnums","https://www.bbr.com/products-20101212527-2010-champagne-pierre-peters-cuvee-speciale-les-chetillons-blanc-de-blancs-grand-cru-brut","1212527","20101212527"
"Champagne Pierre Peters","2011","Champagne Pierre Peters, Cuvee Speciale Les Chetillons, Blanc de Blancs, Grand Cru, Brut","980","Case of 3 Magnums","https://www.bbr.com/products-20111212527-2011-champagne-pierre-peters-cuvee-speciale-les-chetillons-blanc-de-blancs-grand-cru-brut","1212527","20111212527"
"Champagne Pierre Peters","2014","Champagne Pierre Peters, Cuvee Speciale Les Chetillons, Blanc de Blancs, Grand Cru, Brut","1600","Case of 6 Bottles","https://www.bbr.com/products-20141212527-2014-champagne-pierre-peters-cuvee-speciale-les-chetillons-blanc-de-blancs-grand-cru-brut","1212527","20141212527"
"Champagne Pierre Peters","2014","Champagne Pierre Peters, Cuvee Speciale Les Chetillons, Blanc de Blancs, Grand Cru, Brut","1350","Case of 1 Jeroboam 300cl","https://www.bbr.com/products-20141212527-2014-champagne-pierre-peters-cuvee-speciale-les-chetillons-blanc-de-blancs-grand-cru-brut","1212527","20141212527"
"Champagne Pierre Peters","2016","Champagne Pierre Peters, Cuvee Speciale Les Chetillons, Blanc de Blancs, Grand Cru, Brut","1280","Case of 6 Bottles","https://www.bbr.com/products-20161212527-2016-champagne-pierre-peters-cuvee-speciale-les-chetillons-blanc-de-blancs-grand-cru-brut","1212527","20161212527"
"Champagne Pierre Peters","2016","Champagne Pierre Peters, Cuvee Speciale Les Chetillons, Blanc de Blancs, Grand Cru, Brut","1500","Case of 3 Magnums","https://www.bbr.com/products-20161212527-2016-champagne-pierre-peters-cuvee-speciale-les-chetillons-blanc-de-blancs-grand-cru-brut","1212527","20161212527"
"Champagne Pierre Peters","2004","Champagne Pierre Peters, Cuvee Speciale Les Chetillons, Blanc deBlancs, Grand Cru, Brut","1960","Case of 6 Bottles","https://www.bbr.com/products-20041212527-2004-champagne-pierre-peters-cuvee-speciale-les-chetillons-blanc-deblancs-grand-cru-brut","1212527","20041212527"
"Champagne Pierre Peters","2006","Champagne Pierre Peters, Cuvee Speciale Les Chetillons, Blanc deBlancs, Grand Cru, Brut","1150","Case of 6 Bottles","https://www.bbr.com/products-20061212527-2006-champagne-pierre-peters-cuvee-speciale-les-chetillons-blanc-deblancs-grand-cru-brut","1212527","20061212527"
"Champagne Pierre Peters","2015","Champagne Pierre Peters, Cuvee Speciale Les Chetillons, Blanc deBlancs, Grand Cru, Brut","1395","Case of 6 Bottles","https://www.bbr.com/products-20151212527-2015-champagne-pierre-peters-cuvee-speciale-les-chetillons-blanc-deblancs-grand-cru-brut","1212527","20151212527"
"Champagne Pierre Peters","2015","Champagne Pierre Peters, Cuvee Speciale Les Chetillons, Blanc deBlancs, Grand Cru, Brut","1300","Case of 1 Jeroboam 300cl","https://www.bbr.com/products-20151212527-2015-champagne-pierre-peters-cuvee-speciale-les-chetillons-blanc-deblancs-grand-cru-brut","1212527","20151212527"
"Champagne Pierre Peters","","Champagne Pierre Peters, Cuvee Speciale, Les Montjolys, Blanc de Blancs Vertical (2012 to 2014), Three-Magnum Assortment Case","1990","Case of 1 s","https://www.bbr.com/products-10008242529-champagne-pierre-peters-cuvee-speciale-les-montjolys-blanc-de-blancs-vertical-2012-to-2014-three-magnum-assortment-case","","10008242529"
"Champagne Pierre Peters","","Champagne Pierre Peters, Cuvee de Reserve, Blanc de Blancs, Grand Cru, Brut","220","Case of 6 Bottles","https://www.bbr.com/products-10001320547-champagne-pierre-peters-cuvee-de-reserve-blanc-de-blancs-grand-cru-brut","1320547","10001320547"
"Champagne Pierre Peters","","Champagne Pierre Peters, Cuvee de Reserve, Blanc de Blancs, Grand Cru, Brut","500","Case of 3 Magnums","https://www.bbr.com/products-10001320547-champagne-pierre-peters-cuvee-de-reserve-blanc-de-blancs-grand-cru-brut","1320547","10001320547"
"Champagne Pierre Peters","2004","Champagne Pierre Peters, Les Chetillons, Oenotheque, Blanc de Blancs, Brut","2945","Case of 6 Bottles","https://www.bbr.com/products-20041524697-2004-champagne-pierre-peters-les-chetillons-oenotheque-blanc-de-blancs-brut","1524697","20041524697"
"Champagne Pierre Peters","2009","Champagne Pierre Peters, Les Chetillons, Oenotheque, Blanc de Blancs, Brut","2425","Case of 3 Bottles","https://www.bbr.com/products-20091524697-2009-champagne-pierre-peters-les-chetillons-oenotheque-blanc-de-blancs-brut","1524697","20091524697"
"Champagne Pierre Peters","2018","Champagne Pierre Peters, L'Esprit, Blancs de Blancs, Grand Cru, Brut","500","Case of 6 Bottles","https://www.bbr.com/products-20188002363-2018-champagne-pierre-peters-l-esprit-blancs-de-blancs-grand-cru-brut","1212543","20188002363"
"Champagne Pierre Peters","","Champagne Pierre Peters, L'Etonnant Monsieur Victor, Edition MK 13, Blanc de Blancs, Grand Cru, Brut","850","Case of 1 Bottles","https://www.bbr.com/products-10008054607-champagne-pierre-peters-l-etonnant-monsieur-victor-edition-mk-13-blanc-de-blancs-grand-cru-brut","1380303","10008054607"
"Champagne Pierre Peters","","Champagne Pierre Peters, L'Etonnant Monsieur Victor, Edition MK 14, Blanc de Blancs, Grand Cru, Brut","2400","Case of 6 Bottles","https://www.bbr.com/products-10008065205-champagne-pierre-peters-l-etonnant-monsieur-victor-edition-mk-14-blanc-de-blancs-grand-cru-brut","1380303","10008065205"
"Champagne Pierre Peters","2012","Champagne Pierre Peters, Les Chetillons, Reserve Familiale, Blanc de Blancs, Brut","1250","Case of 3 Bottles","https://www.bbr.com/products-20128083575-2012-champagne-pierre-peters-les-chetillons-reserve-familiale-blanc-de-blancs-brut","2787350","20128083575"
"Champagne Pierre Peters","2013","Champagne Pierre Peters, Les Montjolys, Blanc de Blancs, Grand Cru, Brut","2250","Case of 6 Bottles","https://www.bbr.com/products-20138041799-2013-champagne-pierre-peters-les-montjolys-blanc-de-blancs-grand-cru-brut","1856305","20138041799"
"Piper Heidsieck","2008","Champagne Piper Heidsieck, Brut","310","Case of 6 Bottles","https://www.bbr.com/products-20088064035-2008-champagne-piper-heidsieck-brut","1082786","20088064035"
"Piper Heidsieck","2018","Champagne Piper Heidsieck, Brut","230","Case of 6 Bottles","https://www.bbr.com/products-20188064035-2018-champagne-piper-heidsieck-brut","1082786","20188064035"
"Piper Heidsieck","1998","Champagne Piper Heidsieck, Rare Millesime, Brut","690","Case of 3 Magnums","https://www.bbr.com/products-19988215961-1998-champagne-piper-heidsieck-rare-millesime-brut","1082799","19988215961"
"Piper Heidsieck","1998","Champagne Piper Heidsieck, Rare Millesime, Brut","935","Case of 3 Magnums","https://www.bbr.com/products-19988215961-1998-champagne-piper-heidsieck-rare-millesime-brut","1082799","19988215961"
"Piper Heidsieck","2002","Champagne Piper Heidsieck, Rare Millesime, Brut","840","Case of 3 Bottles","https://www.bbr.com/products-20028215961-2002-champagne-piper-heidsieck-rare-millesime-brut","1082799","20028215961"
"Pol Roger","2012","Champagne Pol Roger, Berry Bros. &amp; Rudd 325 Years Limited Release, Brut (Disgorged December 2019)","225","Case of 1 Magnums","https://www.bbr.com/products-20128073945-2012-champagne-pol-roger-berry-bros-and-rudd-325-years-limited-release-brut-disgorged-december-2019","2954578","20128073945"
"Pol Roger","2004","Champagne Pol Roger, Blanc de Blancs, Brut","500","Case of 6 Bottles","https://www.bbr.com/products-20048000213-2004-champagne-pol-roger-blanc-de-blancs-brut","1082829","20048000213"
"Pol Roger","2008","Champagne Pol Roger, Blanc de Blancs, Brut","500","Case of 6 Bottles","https://www.bbr.com/products-20088000213-2008-champagne-pol-roger-blanc-de-blancs-brut","1082829","20088000213"
"Pol Roger","2008","Champagne Pol Roger, Blanc de Blancs, Brut","500","Case of 6 Bottles","https://www.bbr.com/products-20088000213-2008-champagne-pol-roger-blanc-de-blancs-brut","1082829","20088000213"
"Pol Roger","2012","Champagne Pol Roger, Blanc de Blancs, Brut","386","Case of 6 Bottles","https://www.bbr.com/products-20128000213-2012-champagne-pol-roger-blanc-de-blancs-brut","1082829","20128000213"
"Pol Roger","2013","Champagne Pol Roger, Blanc de Blancs, Brut","372","Case of 6 Bottles","https://www.bbr.com/products-20138000213-2013-champagne-pol-roger-blanc-de-blancs-brut","1082829","20138000213"
"Pol Roger","2002","Champagne Pol Roger, Brut","500","Case of 6 Bottles","https://www.bbr.com/products-20021082832-2002-champagne-pol-roger-brut","1082832","20021082832"
"Pol Roger","2002","Champagne Pol Roger, Brut","550","Case of 6 Bottles","https://www.bbr.com/products-20021082832-2002-champagne-pol-roger-brut","1082832","20021082832"
"Pol Roger","2008","Champagne Pol Roger, Brut","360","Case of 6 Bottles","https://www.bbr.com/products-20081082832-2008-champagne-pol-roger-brut","1082832","20081082832"
"Pol Roger","2009","Champagne Pol Roger, Brut","380","Case of 6 Bottles","https://www.bbr.com/products-20091082832-2009-champagne-pol-roger-brut","1082832","20091082832"
"Pol Roger","2012","Champagne Pol Roger, Brut","370","Case of 3 Magnums","https://www.bbr.com/products-20121082832-2012-champagne-pol-roger-brut","1082832","20121082832"
"Pol Roger","2013","Champagne Pol Roger, Brut","290","Case of 6 Bottles","https://www.bbr.com/products-20131082832-2013-champagne-pol-roger-brut","1082832","20131082832"
"Pol Roger","2013","Champagne Pol Roger, Brut","440","Case of 1 Double Magnums","https://www.bbr.com/products-20131082832-2013-champagne-pol-roger-brut","1082832","20131082832"
"Pol Roger","2015","Champagne Pol Roger, Brut","330","Case of 6 Bottles","https://www.bbr.com/products-20151082832-2015-champagne-pol-roger-brut","1082832","20151082832"
"Pol Roger","2015","Champagne Pol Roger, Brut","500","Case of 3 Magnums","https://www.bbr.com/products-20151082832-2015-champagne-pol-roger-brut","1082832","20151082832"
"Pol Roger","2016","Champagne Pol Roger, Brut","330","Case of 6 Bottles","https://www.bbr.com/products-20161082832-2016-champagne-pol-roger-brut","1082832","20161082832"
"Pol Roger","2016","Champagne Pol Roger, Brut","355","Case of 3 Magnums","https://www.bbr.com/products-20161082832-2016-champagne-pol-roger-brut","1082832","20161082832"
"Pol Roger","2018","Champagne Pol Roger, Brut","450","Case of 6 Bottles","https://www.bbr.com/products-20181082832-2018-champagne-pol-roger-brut","1082832","20181082832"
"Pol Roger","2006","Champagne Pol Roger, Brut, Commemorative Limited Edition","500","Case of 3 Magnums","https://www.bbr.com/products-20068034405-2006-champagne-pol-roger-brut-commemorative-limited-edition","3104642","20068034405"
"Pol Roger","2004","Champagne Pol Roger, Rose, Brut","700","Case of 6 Bottles","https://www.bbr.com/products-20048106755-2004-champagne-pol-roger-rose-brut","1455801","20048106755"
"Pol Roger","2004","Champagne Pol Roger, Rose, Brut","610","Case of 6 Bottles","https://www.bbr.com/products-20048106755-2004-champagne-pol-roger-rose-brut","1455801","20048106755"
"Pol Roger","2008","Champagne Pol Roger, Rose, Brut","500","Case of 6 Bottles","https://www.bbr.com/products-20088106755-2008-champagne-pol-roger-rose-brut","1455801","20088106755"
"Pol Roger","2009","Champagne Pol Roger, Rose, Brut","495","Case of 6 Bottles","https://www.bbr.com/products-20098106755-2009-champagne-pol-roger-rose-brut","1455801","20098106755"
"Pol Roger","2018","Champagne Pol Roger, Rose, Brut","475","Case of 6 Bottles","https://www.bbr.com/products-20188106755-2018-champagne-pol-roger-rose-brut","1455801","20188106755"
"Pol Roger","","Champagne Pol Roger, Reserve, Brut","272","Case of 6 Bottles","https://www.bbr.com/products-10008002767-champagne-pol-roger-reserve-brut","1752144","10008002767"
"Pol Roger","","Champagne Pol Roger, Reserve, Brut","360","Case of 6 Bottles","https://www.bbr.com/products-10008002767-champagne-pol-roger-reserve-brut","1752144","10008002767"
"Pol Roger","1996","Champagne Pol Roger, Sir Winston Churchill, Brut","1700","Case of 6 Bottles","https://www.bbr.com/products-19968007892-1996-champagne-pol-roger-sir-winston-churchill-brut","1082861","19968007892"
"Pol Roger","1999","Champagne Pol Roger, Sir Winston Churchill, Brut","1795","Case of 6 Bottles","https://www.bbr.com/products-19998007892-1999-champagne-pol-roger-sir-winston-churchill-brut","1082861","19998007892"
"Pol Roger","1999","Champagne Pol Roger, Sir Winston Churchill, Brut","1795","Case of 6 Bottles","https://www.bbr.com/products-19998007892-1999-champagne-pol-roger-sir-winston-churchill-brut","1082861","19998007892"
"Pol Roger","2000","Champagne Pol Roger, Sir Winston Churchill, Brut","800","Case of 6 Bottles","https://www.bbr.com/products-20008007892-2000-champagne-pol-roger-sir-winston-churchill-brut","1082861","20008007892"
"Pol Roger","2002","Champagne Pol Roger, Sir Winston Churchill, Brut","1170","Case of 6 Bottles","https://www.bbr.com/products-20028007892-2002-champagne-pol-roger-sir-winston-churchill-brut","1082861","20028007892"
"Pol Roger","2004","Champagne Pol Roger, Sir Winston Churchill, Brut","990","Case of 6 Bottles","https://www.bbr.com/products-20048007892-2004-champagne-pol-roger-sir-winston-churchill-brut","1082861","20048007892"
"Pol Roger","2004","Champagne Pol Roger, Sir Winston Churchill, Brut","845","Case of 6 Bottles","https://www.bbr.com/products-20048007892-2004-champagne-pol-roger-sir-winston-churchill-brut","1082861","20048007892"
"Pol Roger","2006","Champagne Pol Roger, Sir Winston Churchill, Brut","730","Case of 6 Bottles","https://www.bbr.com/products-20068007892-2006-champagne-pol-roger-sir-winston-churchill-brut","1082861","20068007892"
"Pol Roger","2006","Champagne Pol Roger, Sir Winston Churchill, Brut","850","Case of 3 Magnums","https://www.bbr.com/products-20068007892-2006-champagne-pol-roger-sir-winston-churchill-brut","1082861","20068007892"
"Pol Roger","2008","Champagne Pol Roger, Sir Winston Churchill, Brut","948","Case of 6 Bottles","https://www.bbr.com/products-20088007892-2008-champagne-pol-roger-sir-winston-churchill-brut","1082861","20088007892"
"Pol Roger","2008","Champagne Pol Roger, Sir Winston Churchill, Brut","1269","Case of 6 Bottles","https://www.bbr.com/products-20088007892-2008-champagne-pol-roger-sir-winston-churchill-brut","1082861","20088007892"
"Pol Roger","2008","Champagne Pol Roger, Sir Winston Churchill, Brut","1195","Case of 3 Magnums","https://www.bbr.com/products-20088007892-2008-champagne-pol-roger-sir-winston-churchill-brut","1082861","20088007892"
"Pol Roger","2009","Champagne Pol Roger, Sir Winston Churchill, Brut","750","Case of 6 Bottles","https://www.bbr.com/products-20098007892-2009-champagne-pol-roger-sir-winston-churchill-brut","1082861","20098007892"
"Pol Roger","2012","Champagne Pol Roger, Sir Winston Churchill, Brut","795","Case of 6 Bottles","https://www.bbr.com/products-20128007892-2012-champagne-pol-roger-sir-winston-churchill-brut","1082861","20128007892"
"Pol Roger","2012","Champagne Pol Roger, Sir Winston Churchill, Brut","800","Case of 6 Bottles","https://www.bbr.com/products-20128007892-2012-champagne-pol-roger-sir-winston-churchill-brut","1082861","20128007892"
"Pol Roger","2012","Champagne Pol Roger, Sir Winston Churchill, Brut","975","Case of 3 Magnums","https://www.bbr.com/products-20128007892-2012-champagne-pol-roger-sir-winston-churchill-brut","1082861","20128007892"
"Pol Roger","2013","Champagne Pol Roger, Sir Winston Churchill, Brut","799","Case of 6 Bottles","https://www.bbr.com/products-20138007892-2013-champagne-pol-roger-sir-winston-churchill-brut","1082861","20138007892"
"Pol Roger","2013","Champagne Pol Roger, Sir Winston Churchill, Brut","775","Case of 6 Bottles","https://www.bbr.com/products-20138007892-2013-champagne-pol-roger-sir-winston-churchill-brut","1082861","20138007892"
"Pol Roger","2013","Champagne Pol Roger, Sir Winston Churchill, Brut","1200","Case of 3 Magnums","https://www.bbr.com/products-20138007892-2013-champagne-pol-roger-sir-winston-churchill-brut","1082861","20138007892"
"Pol Roger","2015","Champagne Pol Roger, Sir Winston Churchill, Brut","670","Case of 6 Bottles","https://www.bbr.com/products-20158007892-2015-champagne-pol-roger-sir-winston-churchill-brut","1082861","20158007892"
"Champagne R & L Legras","2002","Champagne R&L Legras, Evanescence Brut Nature","650","Case of 6 Bottles","https://www.bbr.com/products-20028031970-2002-champagne-r-l-legras-evanescence-brut-nature","1180394","20028031970"
"Rare Champagne","1998","Champagne Rare, Millesime, Brut","675","Case of 3 Magnums","https://www.bbr.com/products-19988146768-1998-champagne-rare-millesime-brut","1082799","19988146768"
"Rare Champagne","2006","Champagne Rare, Millesime, Brut","670","Case of 3 Magnums","https://www.bbr.com/products-20068146768-2006-champagne-rare-millesime-brut","1082799","20068146768"
"Rare Champagne","2008","Champagne Rare, Millesime, Brut","290","Case of 3 Bottles","https://www.bbr.com/products-20088146768-2008-champagne-rare-millesime-brut","1082799","20088146768"
"Rare Champagne","2008","Champagne Rare, Millesime, Brut","280","Case of 3 Bottles","https://www.bbr.com/products-20088146768-2008-champagne-rare-millesime-brut","1082799","20088146768"
"Rare Champagne","2012","Champagne Rare, Millesime, Brut","425","Case of 3 Bottles","https://www.bbr.com/products-20128146768-2012-champagne-rare-millesime-brut","1082799","20128146768"
"Rare Champagne","2013","Champagne Rare, Millesime, Brut","300","Case of 3 Bottles","https://www.bbr.com/products-20138146768-2013-champagne-rare-millesime-brut","1082799","20138146768"
"Rare Champagne","2012","Champagne Rare, Rose Millesime, Brut","450","Case of 3 Bottles","https://www.bbr.com/products-20128060965-2012-champagne-rare-rose-millesime-brut","1583951","20128060965"
"Champagne Rene Geoffroy","2004","Champagne Rene Geoffroy, Extra Brut","625","Case of 6 Bottles","https://www.bbr.com/products-20048226846-2004-champagne-rene-geoffroy-extra-brut","1158236","20048226846"
"Champagne Roger Coulon","","Champagne Roger Coulon, Esprit de Vrigny, 1er Cru, Brut Nature","560","Case of 6 Bottles","https://www.bbr.com/products-10008149495-champagne-roger-coulon-esprit-de-vrigny-1er-cru-brut-nature","1378519","10008149495"
"Champagne Roger Coulon","","Champagne Roger Coulon, L'Hommee, 1er Cru, Vrigny, Extra Brut","300","Case of 6 Bottles","https://www.bbr.com/products-10008303750-champagne-roger-coulon-l-hommee-1er-cru-vrigny-extra-brut","1378522","10008303750"
"Domaine Cedric Bouchard","2018","Champagne Roses de Jeanne, Creux d'Enfer, Cedric Bouchard, Rose, Brut","4800","Case of 6 Bottles","https://www.bbr.com/products-20181427510-2018-champagne-roses-de-jeanne-creux-d-enfer-cedric-bouchard-rose-brut","1427510","20181427510"
"Domaine Cedric Bouchard","","Champagne Roses de Jeanne, Cedric Bouchard, Cote de Bechalin, Blanc de Noirs, Brut (V11)","1250","Case of 6 Bottles","https://www.bbr.com/products-10008141402-champagne-roses-de-jeanne-cedric-bouchard-cote-de-bechalin-blanc-de-noirs-brut-v11","1427477","10008141402"
"Domaine Cedric Bouchard","2014","Champagne Roses de Jeanne, Cedric Bouchard, Cote de Bechalin, Blanc de Noirs, Brut","1090","Case of 6 Bottles","https://www.bbr.com/products-20148146159-2014-champagne-roses-de-jeanne-cedric-bouchard-cote-de-bechalin-blanc-de-noirs-brut","1427477","20148146159"
"Domaine Cedric Bouchard","","Champagne Roses de Jeanne, Cedric Bouchard, Cote de Bechalin, Blanc de Noirs, Brut (V10)","1300","Case of 6 Bottles","https://www.bbr.com/products-10001330744-champagne-roses-de-jeanne-cedric-bouchard-cote-de-bechalin-blanc-de-noirs-brut-v10","1330744","10001330744"
"Domaine Cedric Bouchard","","Champagne Roses de Jeanne, Cedric Bouchard, Cote de Bechalin, Blanc de Noirs, Brut (V12)","1875","Case of 6 Bottles","https://www.bbr.com/products-10008039703-champagne-roses-de-jeanne-cedric-bouchard-cote-de-bechalin-blanc-de-noirs-brut-v12","1427477","10008039703"
"Domaine Cedric Bouchard","","Champagne Roses de Jeanne, Cedric Bouchard, Cote de Val Vilaine VV/R21, Blanc de Noir, Brut","945","Case of 6 Bottles","https://www.bbr.com/products-10008168270-champagne-roses-de-jeanne-cedric-bouchard-cote-de-val-vilaine-vv-r21-blanc-de-noir-brut","1334247","10008168270"
"Domaine Cedric Bouchard","","Champagne Roses de Jeanne, Cedric Bouchard, Cote de Val Vilaine VV/R22, Blanc de Noirs, Brut","1100","Case of 6 Bottles","https://www.bbr.com/products-10008305422-champagne-roses-de-jeanne-cedric-bouchard-cote-de-val-vilaine-vv-r22-blanc-de-noirs-brut","1334247","10008305422"
"Domaine Cedric Bouchard","","Champagne Roses de Jeanne, Cedric Bouchard, Cote de Val Vilaine VV/R23, Blanc de Noirs, Brut","850","Case of 6 Bottles","https://www.bbr.com/products-10008083924-champagne-roses-de-jeanne-cedric-bouchard-cote-de-val-vilaine-vv-r23-blanc-de-noirs-brut","1334247","10008083924"
"Domaine Cedric Bouchard","2018","Champagne Roses de Jeanne, Cedric Bouchard, Cote de Val Vilaine, Blanc de Noirs, Brut","1200","Case of 6 Bottles","https://www.bbr.com/products-20188146162-2018-champagne-roses-de-jeanne-cedric-bouchard-cote-de-val-vilaine-blanc-de-noirs-brut","1791743","20188146162"
"Domaine Cedric Bouchard","2019","Champagne Roses de Jeanne, Cedric Bouchard, Cote de Val Vilaine, Blanc de Noirs, Brut","1100","Case of 6 Bottles","https://www.bbr.com/products-20198146162-2019-champagne-roses-de-jeanne-cedric-bouchard-cote-de-val-vilaine-blanc-de-noirs-brut","1791743","20198146162"
"Domaine Cedric Bouchard","2020","Champagne Roses de Jeanne, Cedric Bouchard, Cote de Val Vilaine, Blanc de Noirs, Brut","910","Case of 6 Bottles","https://www.bbr.com/products-20208146162-2020-champagne-roses-de-jeanne-cedric-bouchard-cote-de-val-vilaine-blanc-de-noirs-brut","1791743","20208146162"
"Domaine Cedric Bouchard","","Champagne Roses de Jeanne, Cedric Bouchard, Cote de Val Vilaine, Blanc de Noirs, Brut (V16)","780","Case of 6 Bottles","https://www.bbr.com/products-10001334247-champagne-roses-de-jeanne-cedric-bouchard-cote-de-val-vilaine-blanc-de-noirs-brut-v16","1334247","10001334247"
"Domaine Cedric Bouchard","","Champagne Roses de Jeanne, Cedric Bouchard, Cote de Val Vilaine, Blanc de Noirs, Brut (V16)","625","Case of 3 Bottles","https://www.bbr.com/products-10001334247-champagne-roses-de-jeanne-cedric-bouchard-cote-de-val-vilaine-blanc-de-noirs-brut-v16","1334247","10001334247"
"Domaine Cedric Bouchard","","Champagne Roses de Jeanne, Cedric Bouchard, Cote de Val Vilaine, Blanc de Noirs, Brut (V17)","780","Case of 6 Bottles","https://www.bbr.com/products-10008039716-champagne-roses-de-jeanne-cedric-bouchard-cote-de-val-vilaine-blanc-de-noirs-brut-v17","1791743","10008039716"
"Domaine Cedric Bouchard","","Champagne Roses de Jeanne, Cedric Bouchard, Cote de Val Vilaine, Blanc de Noirs, Brut (V18)","780","Case of 6 Bottles","https://www.bbr.com/products-10008139647-champagne-roses-de-jeanne-cedric-bouchard-cote-de-val-vilaine-blanc-de-noirs-brut-v18","1791743","10008139647"
"Domaine Cedric Bouchard","","Champagne Roses de Jeanne, Cedric Bouchard, La Boloree BO/R20, Blanc de Blancs, Brut","1400","Case of 6 Bottles","https://www.bbr.com/products-10008305435-champagne-roses-de-jeanne-cedric-bouchard-la-boloree-bo-r20-blanc-de-blancs-brut","1594520","10008305435"
"Domaine Cedric Bouchard","2011","Champagne Roses de Jeanne, Cedric Bouchard, La Boloree, Blanc de Blancs, Brut","5500","Case of 6 Bottles","https://www.bbr.com/products-20118001249-2011-champagne-roses-de-jeanne-cedric-bouchard-la-boloree-blanc-de-blancs-brut","1594520","20118001249"
"Domaine Cedric Bouchard","2017","Champagne Roses de Jeanne, Cedric Bouchard, La Boloree, Blanc de Blancs, Brut","1800","Case of 6 Bottles","https://www.bbr.com/products-20178001249-2017-champagne-roses-de-jeanne-cedric-bouchard-la-boloree-blanc-de-blancs-brut","1594520","20178001249"
"Domaine Cedric Bouchard","2012","Champagne Roses de Jeanne, Cedric Bouchard, La Boloree, Blanc deBlancs, Brut","3000","Case of 6 Bottles","https://www.bbr.com/products-20128001249-2012-champagne-roses-de-jeanne-cedric-bouchard-la-boloree-blanc-deblancs-brut","1594520","20128001249"
"Domaine Cedric Bouchard","2013","Champagne Roses de Jeanne, Cedric Bouchard, La Boloree, Blanc deBlancs, Brut","4000","Case of 6 Bottles","https://www.bbr.com/products-20138001249-2013-champagne-roses-de-jeanne-cedric-bouchard-la-boloree-blanc-deblancs-brut","1594520","20138001249"
"Domaine Cedric Bouchard","2018","Champagne Roses de Jeanne, Cedric Bouchard, La Boloree, Blanc deBlancs, Brut","2895","Case of 6 Bottles","https://www.bbr.com/products-20188001249-2018-champagne-roses-de-jeanne-cedric-bouchard-la-boloree-blanc-deblancs-brut","1594520","20188001249"
"Domaine Cedric Bouchard","2018","Champagne Roses de Jeanne, Cedric Bouchard, La Boloree, Blanc deBlancs, Brut","1950","Case of 6 Bottles","https://www.bbr.com/products-20188001249-2018-champagne-roses-de-jeanne-cedric-bouchard-la-boloree-blanc-deblancs-brut","1594520","20188001249"
"Domaine Cedric Bouchard","2011","Champagne Roses de Jeanne, Cedric Bouchard, La Haute Lemble, Blanc de Blancs, Brut","1380","Case of 6 Bottles","https://www.bbr.com/products-20118001252-2011-champagne-roses-de-jeanne-cedric-bouchard-la-haute-lemble-blanc-de-blancs-brut","1476084","20118001252"
"Domaine Cedric Bouchard","2016","Champagne Roses de Jeanne, Cedric Bouchard, La Haute Lemble, Blanc de Blancs, Brut","1450","Case of 6 Bottles","https://www.bbr.com/products-20168001252-2016-champagne-roses-de-jeanne-cedric-bouchard-la-haute-lemble-blanc-de-blancs-brut","1476084","20168001252"
"Domaine Cedric Bouchard","2018","Champagne Roses de Jeanne, Cedric Bouchard, La Haute Lemble, Blanc de Blancs, Brut","2500","Case of 6 Bottles","https://www.bbr.com/products-20188001252-2018-champagne-roses-de-jeanne-cedric-bouchard-la-haute-lemble-blanc-de-blancs-brut","1476084","20188001252"
"Domaine Cedric Bouchard","2005","Champagne Roses de Jeanne, Cedric Bouchard, La Haute Lemble, Blanc deBlancs, Brut","1700","Case of 6 Bottles","https://www.bbr.com/products-20058001252-2005-champagne-roses-de-jeanne-cedric-bouchard-la-haute-lemble-blanc-deblancs-brut","1476084","20058001252"
"Domaine Cedric Bouchard","2006","Champagne Roses de Jeanne, Cedric Bouchard, La Haute Lemble, Blanc deBlancs, Brut","1600","Case of 6 Bottles","https://www.bbr.com/products-20068001252-2006-champagne-roses-de-jeanne-cedric-bouchard-la-haute-lemble-blanc-deblancs-brut","1476084","20068001252"
"Domaine Cedric Bouchard","2012","Champagne Roses de Jeanne, Cedric Bouchard, La Haute Lemble, Blanc deBlancs, Brut","1799","Case of 6 Bottles","https://www.bbr.com/products-20128001252-2012-champagne-roses-de-jeanne-cedric-bouchard-la-haute-lemble-blanc-deblancs-brut","1476084","20128001252"
"Domaine Cedric Bouchard","","Champagne Roses de Jeanne, Cedric Bouchard, Les Ursules UR/R20, Blanc de Noirs, Brut","2090","Case of 6 Bottles","https://www.bbr.com/products-10008305477-champagne-roses-de-jeanne-cedric-bouchard-les-ursules-ur-r20-blanc-de-noirs-brut","1427480","10008305477"
"Domaine Cedric Bouchard","2018","Champagne Roses de Jeanne, Cedric Bouchard, Les Ursules, Blanc de Noirs,","1999","Case of 6 Bottles","https://www.bbr.com/products-20181427480-2018-champagne-roses-de-jeanne-cedric-bouchard-les-ursules-blanc-de-noirs","1427480","20181427480"
"Domaine Cedric Bouchard","2020","Champagne Roses de Jeanne, Cedric Bouchard, Les Ursules, Blanc de Noirs,","600","Case of 1 Bottles","https://www.bbr.com/products-20201427480-2020-champagne-roses-de-jeanne-cedric-bouchard-les-ursules-blanc-de-noirs","1427480","20201427480"
"Domaine Cedric Bouchard","2007","Champagne Roses de Jeanne, Cedric Bouchard, Les Ursules, Blanc de Noirs, Brut","550","Case of 1 Magnums","https://www.bbr.com/products-20071427480-2007-champagne-roses-de-jeanne-cedric-bouchard-les-ursules-blanc-de-noirs-brut","1427480","20071427480"
"Domaine Cedric Bouchard","2010","Champagne Roses de Jeanne, Cedric Bouchard, Les Ursules, Blanc de Noirs, Brut","1439","Case of 6 Bottles","https://www.bbr.com/products-20101427480-2010-champagne-roses-de-jeanne-cedric-bouchard-les-ursules-blanc-de-noirs-brut","1427480","20101427480"
"Domaine Cedric Bouchard","2012","Champagne Roses de Jeanne, Cedric Bouchard, Les Ursules, Blanc de Noirs, Brut","1880","Case of 6 Bottles","https://www.bbr.com/products-20121427480-2012-champagne-roses-de-jeanne-cedric-bouchard-les-ursules-blanc-de-noirs-brut","1427480","20121427480"
"Domaine Cedric Bouchard","2012","Champagne Roses de Jeanne, Cedric Bouchard, Les Ursules, Blanc de Noirs, Brut","1500","Case of 1 Magnums","https://www.bbr.com/products-20121427480-2012-champagne-roses-de-jeanne-cedric-bouchard-les-ursules-blanc-de-noirs-brut","1427480","20121427480"
"Domaine Cedric Bouchard","2013","Champagne Roses de Jeanne, Cedric Bouchard, Les Ursules, Blanc de Noirs, Brut","1650","Case of 6 Bottles","https://www.bbr.com/products-20131427480-2013-champagne-roses-de-jeanne-cedric-bouchard-les-ursules-blanc-de-noirs-brut","1427480","20131427480"
"Domaine Cedric Bouchard","2013","Champagne Roses de Jeanne, Cedric Bouchard, Les Ursules, Blanc de Noirs, Brut","775","Case of 1 Magnums","https://www.bbr.com/products-20131427480-2013-champagne-roses-de-jeanne-cedric-bouchard-les-ursules-blanc-de-noirs-brut","1427480","20131427480"
"Domaine Cedric Bouchard","2014","Champagne Roses de Jeanne, Cedric Bouchard, Les Ursules, Blanc de Noirs, Brut","1580","Case of 6 Bottles","https://www.bbr.com/products-20141427480-2014-champagne-roses-de-jeanne-cedric-bouchard-les-ursules-blanc-de-noirs-brut","1427480","20141427480"
"Domaine Cedric Bouchard","2015","Champagne Roses de Jeanne, Cedric Bouchard, Les Ursules, Blanc de Noirs, Brut","1650","Case of 6 Bottles","https://www.bbr.com/products-20151427480-2015-champagne-roses-de-jeanne-cedric-bouchard-les-ursules-blanc-de-noirs-brut","1427480","20151427480"
"Domaine Cedric Bouchard","2016","Champagne Roses de Jeanne, Cedric Bouchard, Les Ursules, Blanc de Noirs, Brut","1975","Case of 6 Bottles","https://www.bbr.com/products-20161427480-2016-champagne-roses-de-jeanne-cedric-bouchard-les-ursules-blanc-de-noirs-brut","1427480","20161427480"
"Domaine Cedric Bouchard","2016","Champagne Roses de Jeanne, Cedric Bouchard, Les Ursules, Blanc de Noirs, Brut","2000","Case of 1 Magnums","https://www.bbr.com/products-20161427480-2016-champagne-roses-de-jeanne-cedric-bouchard-les-ursules-blanc-de-noirs-brut","1427480","20161427480"
"Domaine Cedric Bouchard","2017","Champagne Roses de Jeanne, Cedric Bouchard, Les Ursules, Blanc de Noirs, Brut","1500","Case of 6 Bottles","https://www.bbr.com/products-20171427480-2017-champagne-roses-de-jeanne-cedric-bouchard-les-ursules-blanc-de-noirs-brut","1427480","20171427480"
"Domaine Cedric Bouchard","","Champagne Roses de Jeanne, Cedric Bouchard, Presle PR/R19, Blanc de Noir, Brut","1333","Case of 6 Bottles","https://www.bbr.com/products-10008168254-champagne-roses-de-jeanne-cedric-bouchard-presle-pr-r19-blanc-de-noir-brut","1330757","10008168254"
"Domaine Cedric Bouchard","","Champagne Roses de Jeanne, Cedric Bouchard, Presle PR/R20, Blanc de Noirs, Brut","2000","Case of 6 Bottles","https://www.bbr.com/products-10008305464-champagne-roses-de-jeanne-cedric-bouchard-presle-pr-r20-blanc-de-noirs-brut","1330757","10008305464"
"Domaine Cedric Bouchard","2012","Champagne Roses de Jeanne, Cedric Bouchard, Presle, Blanc de Noirs, Brut","1899","Case of 6 Bottles","https://www.bbr.com/products-20128001265-2012-champagne-roses-de-jeanne-cedric-bouchard-presle-blanc-de-noirs-brut","1330757","20128001265"
"Domaine Cedric Bouchard","","Champagne Roses de Jeanne, Cote de Bechalin, Cedric Bouchard (Base 2009)","1350","Case of 6 Bottles","https://www.bbr.com/products-10008058429-champagne-roses-de-jeanne-cote-de-bechalin-cedric-bouchard-base-2009","1427477","10008058429"
"Domaine Cedric Bouchard","","Champagne Roses de Jeanne, Cote de Bechalin, Cedric Bouchard (Base 2009)","1680","Case of 6 Bottles","https://www.bbr.com/products-10008058429-champagne-roses-de-jeanne-cote-de-bechalin-cedric-bouchard-base-2009","1427477","10008058429"
"Domaine Cedric Bouchard","","Champagne Roses de Jeanne, Cote de Val Vilaine, C.Bouchard (Base 2014)","1200","Case of 6 Bottles","https://www.bbr.com/products-10008103187-champagne-roses-de-jeanne-cote-de-val-vilaine-c-bouchard-base-2014","1334247","10008103187"
"Domaine Cedric Bouchard","","Champagne Roses de Jeanne, Cote de Val Vilaine, C.Bouchard (Base 2015)","750","Case of 6 Bottles","https://www.bbr.com/products-10008103204-champagne-roses-de-jeanne-cote-de-val-vilaine-c-bouchard-base-2015","1334247","10008103204"
"Domaine Cedric Bouchard","","Champagne Roses de Jeanne, Cote de Val Vilaine, Cedric Bouchard (Base 2012)","1400","Case of 6 Bottles","https://www.bbr.com/products-10008059774-champagne-roses-de-jeanne-cote-de-val-vilaine-cedric-bouchard-base-2012","1334247","10008059774"
"Salon","","Champagne Salon Oenotheque (1x150 2008,2x75 2007,2x75 2006,2x75 2004)","7350","Case of 1 Mixed Cases","https://www.bbr.com/products-10008049261-champagne-salon-oenotheque-1x150-2008-2x75-2007-2x75-2006-2x75-2004","1856347","10008049261"
"Salon","","Champagne Salon Oenotheque (1x150 2008,2x75 2007,2x75 2006,2x75 2004)","9000","Case of 1 Mixed Cases","https://www.bbr.com/products-10008049261-champagne-salon-oenotheque-1x150-2008-2x75-2007-2x75-2006-2x75-2004","1856347","10008049261"
"Salon","1988","Champagne Salon, Le Mesnil, Blanc de Blancs, Brut","9250","Case of 6 Bottles","https://www.bbr.com/products-19881082946-1988-champagne-salon-le-mesnil-blanc-de-blancs-brut","1082946","19881082946"
"Salon","1990","Champagne Salon, Le Mesnil, Blanc de Blancs, Brut","7800","Case of 6 Bottles","https://www.bbr.com/products-19901082946-1990-champagne-salon-le-mesnil-blanc-de-blancs-brut","1082946","19901082946"
"Salon","1997","Champagne Salon, Le Mesnil, Blanc de Blancs, Brut","1200","Case of 1 Bottles","https://www.bbr.com/products-19971082946-1997-champagne-salon-le-mesnil-blanc-de-blancs-brut","1082946","19971082946"
"Salon","1997","Champagne Salon, Le Mesnil, Blanc de Blancs, Brut","4900","Case of 6 Bottles","https://www.bbr.com/products-19971082946-1997-champagne-salon-le-mesnil-blanc-de-blancs-brut","1082946","19971082946"
"Salon","1999","Champagne Salon, Le Mesnil, Blanc de Blancs, Brut","2000","Case of 3 Bottles","https://www.bbr.com/products-19991082946-1999-champagne-salon-le-mesnil-blanc-de-blancs-brut","1082946","19991082946"
"Salon","1999","Champagne Salon, Le Mesnil, Blanc de Blancs, Brut","4500","Case of 6 Bottles","https://www.bbr.com/products-19991082946-1999-champagne-salon-le-mesnil-blanc-de-blancs-brut","1082946","19991082946"
"Salon","2002","Champagne Salon, Le Mesnil, Blanc de Blancs, Brut","5000","Case of 6 Bottles","https://www.bbr.com/products-20021082946-2002-champagne-salon-le-mesnil-blanc-de-blancs-brut","1082946","20021082946"
"Salon","2002","Champagne Salon, Le Mesnil, Blanc de Blancs, Brut","1300","Case of 1 Bottles","https://www.bbr.com/products-20021082946-2002-champagne-salon-le-mesnil-blanc-de-blancs-brut","1082946","20021082946"
"Salon","2002","Champagne Salon, Le Mesnil, Blanc de Blancs, Brut","1100","Case of 1 Bottles","https://www.bbr.com/products-20021082946-2002-champagne-salon-le-mesnil-blanc-de-blancs-brut","1082946","20021082946"
"Salon","2002","Champagne Salon, Le Mesnil, Blanc de Blancs, Brut","3350","Case of 3 Bottles","https://www.bbr.com/products-20021082946-2002-champagne-salon-le-mesnil-blanc-de-blancs-brut","1082946","20021082946"
"Salon","2002","Champagne Salon, Le Mesnil, Blanc de Blancs, Brut","4780","Case of 6 Bottles","https://www.bbr.com/products-20021082946-2002-champagne-salon-le-mesnil-blanc-de-blancs-brut","1082946","20021082946"
"Salon","2002","Champagne Salon, Le Mesnil, Blanc de Blancs, Brut","1833","Case of 1 Magnums","https://www.bbr.com/products-20021082946-2002-champagne-salon-le-mesnil-blanc-de-blancs-brut","1082946","20021082946"
"Salon","2008","Champagne Salon, Le Mesnil, Blanc de Blancs, Brut","8000","Case of 1 Magnums","https://www.bbr.com/products-20081082946-2008-champagne-salon-le-mesnil-blanc-de-blancs-brut","1082946","20081082946"
"Salon","2012","Champagne Salon, Le Mesnil, Blanc de Blancs, Brut","2000","Case of 3 Bottles","https://www.bbr.com/products-20121082946-2012-champagne-salon-le-mesnil-blanc-de-blancs-brut","1082946","20121082946"
"Salon","2012","Champagne Salon, Le Mesnil, Blanc de Blancs, Brut","2095","Case of 3 Bottles","https://www.bbr.com/products-20121082946-2012-champagne-salon-le-mesnil-blanc-de-blancs-brut","1082946","20121082946"
"Salon","2012","Champagne Salon, Le Mesnil, Blanc de Blancs, Brut","1250","Case of 1 Bottles","https://www.bbr.com/products-20121082946-2012-champagne-salon-le-mesnil-blanc-de-blancs-brut","1082946","20121082946"
"Salon","2013","Champagne Salon, Le Mesnil, Blanc de Blancs, Brut","3000","Case of 3 Bottles","https://www.bbr.com/products-20131082946-2013-champagne-salon-le-mesnil-blanc-de-blancs-brut","1082946","20131082946"
"Salon","2013","Champagne Salon, Le Mesnil, Blanc de Blancs, Brut","2200","Case of 3 Bottles","https://www.bbr.com/products-20131082946-2013-champagne-salon-le-mesnil-blanc-de-blancs-brut","1082946","20131082946"
"Salon","2015","Champagne Salon, Le Mesnil, Blanc de Blancs, Brut","1925","Case of 3 Bottles","https://www.bbr.com/products-20151082946-2015-champagne-salon-le-mesnil-blanc-de-blancs-brut","1082946","20151082946"
"Salon","2015","Champagne Salon, Le Mesnil, Blanc de Blancs, Brut","2269","Case of 3 Bottles","https://www.bbr.com/products-20151082946-2015-champagne-salon-le-mesnil-blanc-de-blancs-brut","1082946","20151082946"
"Champagne Savart","","Champagne Savart, Ephemere 019, Blanc de Blancs, Grand Cru, Extra Brut","300","Case of 6 Bottles","https://www.bbr.com/products-10008074955-champagne-savart-ephemere-019-blanc-de-blancs-grand-cru-extra-brut","2875442","10008074955"
"Jacques Selosse","","Champagne Selosse, Lieux-dits Collection 2016 (1xBdC, 1xSlM, 1xLCF, 1xLC, 1xLCA, 1xCdC), Six-Bottle Assortment Case","4000","Case of 1 6 Bottle Assortments","https://www.bbr.com/products-10008103262-champagne-selosse-lieux-dits-collection-2016-1xbdc-1xslm-1xlcf-1xlc-1xlca-1xcdc-six-bottle-assortment-case","9000315","10008103262"
"Jacques Selosse","","Champagne Selosse, Lieux-dits Collection 2016 (1xBdC, 1xSlM, 1xLCF, 1xLC, 1xLCA, 1xCdC), Six-Bottle Assortment Case","3800","Case of 1 6 Bottle Assortments","https://www.bbr.com/products-10008103262-champagne-selosse-lieux-dits-collection-2016-1xbdc-1xslm-1xlcf-1xlc-1xlca-1xcdc-six-bottle-assortment-case","9000315","10008103262"
"Jacques Selosse","","Champagne Selosse, Lieux-dits Collection 2016 (1xBdC, 1xSlM, 1xLCF, 1xLC, 1xLCA, 1xCdC), Six-Bottle Assortment Case","4200","Case of 1 6 Bottle Assortments","https://www.bbr.com/products-10008103262-champagne-selosse-lieux-dits-collection-2016-1xbdc-1xslm-1xlcf-1xlc-1xlca-1xcdc-six-bottle-assortment-case","9000315","10008103262"
"Champagne Taittinger","2008","Champagne Taittinger, Brut","300","Case of 6 Bottles","https://www.bbr.com/products-20088118800-2008-champagne-taittinger-brut","1082962","20088118800"
"Champagne Taittinger","2008","Champagne Taittinger, Brut","350","Case of 3 Magnums","https://www.bbr.com/products-20088118800-2008-champagne-taittinger-brut","1082962","20088118800"
"Champagne Taittinger","2007","Champagne Taittinger, Comtes de Champagne Rose, Brut","565","Case of 6 Bottles","https://www.bbr.com/products-20078109974-2007-champagne-taittinger-comtes-de-champagne-rose-brut","1314380","20078109974"
"Champagne Taittinger","2007","Champagne Taittinger, Comtes de Champagne Rose, Brut","580","Case of 6 Bottles","https://www.bbr.com/products-20078109974-2007-champagne-taittinger-comtes-de-champagne-rose-brut","1314380","20078109974"
"Champagne Taittinger","2007","Champagne Taittinger, Comtes de Champagne Rose, Brut","710","Case of 3 Magnums","https://www.bbr.com/products-20078109974-2007-champagne-taittinger-comtes-de-champagne-rose-brut","1314380","20078109974"
"Champagne Taittinger","2008","Champagne Taittinger, Comtes de Champagne Rose, Brut","475","Case of 3 Bottles","https://www.bbr.com/products-20088109974-2008-champagne-taittinger-comtes-de-champagne-rose-brut","1314380","20088109974"
"Champagne Taittinger","2008","Champagne Taittinger, Comtes de Champagne Rose, Brut","480","Case of 3 Bottles","https://www.bbr.com/products-20088109974-2008-champagne-taittinger-comtes-de-champagne-rose-brut","1314380","20088109974"
"Champagne Taittinger","2008","Champagne Taittinger, Comtes de Champagne Rose, Brut","665","Case of 3 Bottles","https://www.bbr.com/products-20088109974-2008-champagne-taittinger-comtes-de-champagne-rose-brut","1314380","20088109974"
"Champagne Taittinger","2008","Champagne Taittinger, Comtes de Champagne Rose, Brut","495","Case of 3 Bottles","https://www.bbr.com/products-20088109974-2008-champagne-taittinger-comtes-de-champagne-rose-brut","1314380","20088109974"
"Champagne Taittinger","2011","Champagne Taittinger, Comtes de Champagne Rose, Brut","576","Case of 3 Bottles","https://www.bbr.com/products-20118109974-2011-champagne-taittinger-comtes-de-champagne-rose-brut","1314380","20118109974"
"Champagne Taittinger","2012","Champagne Taittinger, Comtes de Champagne Rose, Brut","445","Case of 3 Bottles","https://www.bbr.com/products-20128109974-2012-champagne-taittinger-comtes-de-champagne-rose-brut","1314380","20128109974"
"Champagne Taittinger","1999","Champagne Taittinger, Comtes de Champagne, Blanc de Blancs, Brut","1200","Case of 6 Bottles","https://www.bbr.com/products-19998012674-1999-champagne-taittinger-comtes-de-champagne-blanc-de-blancs-brut","1314377","19998012674"
"Champagne Taittinger","2002","Champagne Taittinger, Comtes de Champagne, Blanc de Blancs, Brut","700","Case of 3 Bottles","https://www.bbr.com/products-20028012674-2002-champagne-taittinger-comtes-de-champagne-blanc-de-blancs-brut","1314377","20028012674"
"Champagne Taittinger","2002","Champagne Taittinger, Comtes de Champagne, Blanc de Blancs, Brut","1390","Case of 6 Bottles","https://www.bbr.com/products-20028012674-2002-champagne-taittinger-comtes-de-champagne-blanc-de-blancs-brut","1314377","20028012674"
"Champagne Taittinger","2004","Champagne Taittinger, Comtes de Champagne, Blanc de Blancs, Brut","800","Case of 6 Bottles","https://www.bbr.com/products-20048012674-2004-champagne-taittinger-comtes-de-champagne-blanc-de-blancs-brut","1314377","20048012674"
"Champagne Taittinger","2006","Champagne Taittinger, Comtes de Champagne, Blanc de Blancs, Brut","520","Case of 6 Bottles","https://www.bbr.com/products-20068012674-2006-champagne-taittinger-comtes-de-champagne-blanc-de-blancs-brut","1314377","20068012674"
"Champagne Taittinger","2006","Champagne Taittinger, Comtes de Champagne, Blanc de Blancs, Brut","525","Case of 6 Bottles","https://www.bbr.com/products-20068012674-2006-champagne-taittinger-comtes-de-champagne-blanc-de-blancs-brut","1314377","20068012674"
"Champagne Taittinger","2006","Champagne Taittinger, Comtes de Champagne, Blanc de Blancs, Brut","520","Case of 6 Bottles","https://www.bbr.com/products-20068012674-2006-champagne-taittinger-comtes-de-champagne-blanc-de-blancs-brut","1314377","20068012674"
"Champagne Taittinger","2006","Champagne Taittinger, Comtes de Champagne, Blanc de Blancs, Brut","540","Case of 6 Bottles","https://www.bbr.com/products-20068012674-2006-champagne-taittinger-comtes-de-champagne-blanc-de-blancs-brut","1314377","20068012674"
"Champagne Taittinger","2007","Champagne Taittinger, Comtes de Champagne, Blanc de Blancs, Brut","570","Case of 6 Bottles","https://www.bbr.com/products-20078012674-2007-champagne-taittinger-comtes-de-champagne-blanc-de-blancs-brut","1314377","20078012674"
"Champagne Taittinger","2007","Champagne Taittinger, Comtes de Champagne, Blanc de Blancs, Brut","505","Case of 6 Bottles","https://www.bbr.com/products-20078012674-2007-champagne-taittinger-comtes-de-champagne-blanc-de-blancs-brut","1314377","20078012674"
"Champagne Taittinger","2007","Champagne Taittinger, Comtes de Champagne, Blanc de Blancs, Brut","510","Case of 6 Bottles","https://www.bbr.com/products-20078012674-2007-champagne-taittinger-comtes-de-champagne-blanc-de-blancs-brut","1314377","20078012674"
"Champagne Taittinger","2007","Champagne Taittinger, Comtes de Champagne, Blanc de Blancs, Brut","505","Case of 6 Bottles","https://www.bbr.com/products-20078012674-2007-champagne-taittinger-comtes-de-champagne-blanc-de-blancs-brut","1314377","20078012674"
"Champagne Taittinger","2008","Champagne Taittinger, Comtes de Champagne, Blanc de Blancs, Brut","200","Case of 1 Bottles","https://www.bbr.com/products-20088012674-2008-champagne-taittinger-comtes-de-champagne-blanc-de-blancs-brut","1314377","20088012674"
"Champagne Taittinger","2008","Champagne Taittinger, Comtes de Champagne, Blanc de Blancs, Brut","800","Case of 6 Bottles","https://www.bbr.com/products-20088012674-2008-champagne-taittinger-comtes-de-champagne-blanc-de-blancs-brut","1314377","20088012674"
"Champagne Taittinger","2008","Champagne Taittinger, Comtes de Champagne, Blanc de Blancs, Brut","810","Case of 6 Bottles","https://www.bbr.com/products-20088012674-2008-champagne-taittinger-comtes-de-champagne-blanc-de-blancs-brut","1314377","20088012674"
"Champagne Taittinger","2008","Champagne Taittinger, Comtes de Champagne, Blanc de Blancs, Brut","650","Case of 1 Magnums","https://www.bbr.com/products-20088012674-2008-champagne-taittinger-comtes-de-champagne-blanc-de-blancs-brut","1314377","20088012674"
"Champagne Taittinger","2011","Champagne Taittinger, Comtes de Champagne, Blanc de Blancs, Brut","450","Case of 6 Bottles","https://www.bbr.com/products-20118012674-2011-champagne-taittinger-comtes-de-champagne-blanc-de-blancs-brut","1314377","20118012674"
"Champagne Taittinger","2011","Champagne Taittinger, Comtes de Champagne, Blanc de Blancs, Brut","440","Case of 6 Bottles","https://www.bbr.com/products-20118012674-2011-champagne-taittinger-comtes-de-champagne-blanc-de-blancs-brut","1314377","20118012674"
"Champagne Taittinger","2011","Champagne Taittinger, Comtes de Champagne, Blanc de Blancs, Brut","445","Case of 6 Bottles","https://www.bbr.com/products-20118012674-2011-champagne-taittinger-comtes-de-champagne-blanc-de-blancs-brut","1314377","20118012674"
"Champagne Taittinger","2012","Champagne Taittinger, Comtes de Champagne, Blanc de Blancs, Brut","600","Case of 6 Bottles","https://www.bbr.com/products-20128012674-2012-champagne-taittinger-comtes-de-champagne-blanc-de-blancs-brut","1314377","20128012674"
"Champagne Taittinger","2012","Champagne Taittinger, Comtes de Champagne, Blanc de Blancs, Brut","610","Case of 6 Bottles","https://www.bbr.com/products-20128012674-2012-champagne-taittinger-comtes-de-champagne-blanc-de-blancs-brut","1314377","20128012674"
"Champagne Taittinger","2012","Champagne Taittinger, Comtes de Champagne, Blanc de Blancs, Brut","585","Case of 6 Bottles","https://www.bbr.com/products-20128012674-2012-champagne-taittinger-comtes-de-champagne-blanc-de-blancs-brut","1314377","20128012674"
"Champagne Taittinger","2012","Champagne Taittinger, Comtes de Champagne, Blanc de Blancs, Brut","950","Case of 1 Double Magnums","https://www.bbr.com/products-20128012674-2012-champagne-taittinger-comtes-de-champagne-blanc-de-blancs-brut","1314377","20128012674"
"Champagne Taittinger","2012","Champagne Taittinger, Comtes de Champagne, Blanc de Blancs, Brut","980","Case of 3 Magnums","https://www.bbr.com/products-20128012674-2012-champagne-taittinger-comtes-de-champagne-blanc-de-blancs-brut","1314377","20128012674"
"Champagne Taittinger","2013","Champagne Taittinger, Comtes de Champagne, Blanc de Blancs, Brut","600","Case of 6 Bottles","https://www.bbr.com/products-20138012674-2013-champagne-taittinger-comtes-de-champagne-blanc-de-blancs-brut","1314377","20138012674"
"Champagne Taittinger","2013","Champagne Taittinger, Comtes de Champagne, Blanc de Blancs, Brut","560","Case of 6 Bottles","https://www.bbr.com/products-20138012674-2013-champagne-taittinger-comtes-de-champagne-blanc-de-blancs-brut","1314377","20138012674"
"Champagne Taittinger","2013","Champagne Taittinger, Comtes de Champagne, Blanc de Blancs, Brut","990","Case of 1 Jeroboam 300cl","https://www.bbr.com/products-20138012674-2013-champagne-taittinger-comtes-de-champagne-blanc-de-blancs-brut","1314377","20138012674"
"Champagne Taittinger","2014","Champagne Taittinger, Comtes de Champagne, Blanc de Blancs, Brut","695","Case of 6 Bottles","https://www.bbr.com/products-20148012674-2014-champagne-taittinger-comtes-de-champagne-blanc-de-blancs-brut","1314377","20148012674"
"Champagne Taittinger","2014","Champagne Taittinger, Comtes de Champagne, Blanc de Blancs, Brut","880","Case of 3 Magnums","https://www.bbr.com/products-20148012674-2014-champagne-taittinger-comtes-de-champagne-blanc-de-blancs-brut","1314377","20148012674"
"Champagne Tarlant","2007","Champagne Tarlant, La Vigne Royale, Blanc de Noirs, Brut Nature","780","Case of 6 Bottles","https://www.bbr.com/products-20078311083-2007-champagne-tarlant-la-vigne-royale-blanc-de-noirs-brut-nature","1351419","20078311083"
"Champagne Tarlant","2004","Champagne Tarlant, La Vigne d'Antan, Blanc de Blancs, Brut Nature","840","Case of 6 Bottles","https://www.bbr.com/products-20048138002-2004-champagne-tarlant-la-vigne-d-antan-blanc-de-blancs-brut-nature","1351422","20048138002"
"Champagne Tarlant","2004","Champagne Tarlant, La Vigne d'Or, Blanc de Meuniers, Brut Nature","650","Case of 6 Bottles","https://www.bbr.com/products-20048175708-2004-champagne-tarlant-la-vigne-d-or-blanc-de-meuniers-brut-nature","1594940","20048175708"
"Champagne Tarlant","2009","Champagne Tarlant, Le Triumvirat, Brut Nature","420","Case of 6 Bottles","https://www.bbr.com/products-20098311096-2009-champagne-tarlant-le-triumvirat-brut-nature","","20098311096"
"Champagne Tarlant","2004","Champagne Tarlant, L?Aerienne, Rose, Brut","330","Case of 6 Bottles","https://www.bbr.com/products-20048176011-2004-champagne-tarlant-l-aerienne-rose-brut","1944963","20048176011"
"Champagne Tarlant","2002","Champagne Tarlant, L?Etincelante, Brut Nature","980","Case of 6 Bottles","https://www.bbr.com/products-20028175711-2002-champagne-tarlant-l-etincelante-brut-nature","1940646","20028175711"
"Champagne Thienot","2014","Champagne Thienot x Penfolds, Blanc de Blancs, Grand Cru, Brut","695","Case of 6 Bottles","https://www.bbr.com/products-20148254010-2014-champagne-thienot-x-penfolds-blanc-de-blancs-grand-cru-brut","2037064","20148254010"
"Champagne Thienot","2008","Champagne Thienot, Cuvee Alain Brut, Brut","400","Case of 6 Bottles","https://www.bbr.com/products-20088237877-2008-champagne-thienot-cuvee-alain-brut-brut","","20088237877"
"Champagne Thienot","2008","Champagne Thienot, La Vigne aux Gamins, Blanc de Blancs, Brut","1100","Case of 6 Bottles","https://www.bbr.com/products-20088068798-2008-champagne-thienot-la-vigne-aux-gamins-blanc-de-blancs-brut","1658257","20088068798"
"Champagne Ulysse Collin","","Champagne Ulysse Collin, Les Enfers, Blanc de Blancs, Extra Brut (Base 2015, 48 months)","2650","Case of 6 Bottles","https://www.bbr.com/products-10008324294-champagne-ulysse-collin-les-enfers-blanc-de-blancs-extra-brut-base-2015-48-months","2667328","10008324294"
"Champagne Ulysse Collin","","Champagne Ulysse Collin, Les Enfers, Blanc de Blancs, Extra Brut (Base 2016, 60 months)","2100","Case of 3 Bottles","https://www.bbr.com/products-10008173645-champagne-ulysse-collin-les-enfers-blanc-de-blancs-extra-brut-base-2016-60-months","2815237","10008173645"
"Champagne Ulysse Collin","","Champagne Ulysse Collin, Les Maillons, Blanc de Noirs, Extra Brut (Base 2016)","1300","Case of 6 Bottles","https://www.bbr.com/products-10008061887-champagne-ulysse-collin-les-maillons-blanc-de-noirs-extra-brut-base-2016","1175206","10008061887"
"Champagne Ulysse Collin","","Champagne Ulysse Collin, Les Maillons, Blanc de Noirs, Extra Brut (Base 2018)","850","Case of 3 Bottles","https://www.bbr.com/products-10008072791-champagne-ulysse-collin-les-maillons-blanc-de-noirs-extra-brut-base-2018","1175206","10008072791"
"Champagne Ulysse Collin","","Champagne Ulysse Collin, Les Maillons, Blanc de Noirs, Extra Brut (Base 2018)","825","Case of 3 Bottles","https://www.bbr.com/products-10008072791-champagne-ulysse-collin-les-maillons-blanc-de-noirs-extra-brut-base-2018","1175206","10008072791"
"Champagne Ulysse Collin","","Champagne Ulysse Collin, Les Maillons, Blanc de Noirs, Extra Brut (Base 2019, 48 months, Disgorged Feb-24)","1000","Case of 3 Bottles","https://www.bbr.com/products-10008313784-champagne-ulysse-collin-les-maillons-blanc-de-noirs-extra-brut-base-2019-48-months-disgorged-feb-24","3062892","10008313784"
"Champagne Ulysse Collin","","Champagne Ulysse Collin, Les Maillons, Blanc de Noirs, Extra Brut (Base 2020, 48 months)","950","Case of 3 Bottles","https://www.bbr.com/products-10008085638-champagne-ulysse-collin-les-maillons-blanc-de-noirs-extra-brut-base-2020-48-months","3098655","10008085638"
"Champagne Ulysse Collin","","Champagne Ulysse Collin, Les Maillons, Blanc de Noirs, Extra Brut(Base 2017)","1300","Case of 6 Bottles","https://www.bbr.com/products-10008067078-champagne-ulysse-collin-les-maillons-blanc-de-noirs-extra-brut-base-2017","1175206","10008067078"
"Champagne Ulysse Collin","","Champagne Ulysse Collin, Les Pierrieres, Blanc de Blancs, Extra Brut (Base 2017)","260","Case of 1 Bottles","https://www.bbr.com/products-10008150123-champagne-ulysse-collin-les-pierrieres-blanc-de-blancs-extra-brut-base-2017","1175189","10008150123"
"Champagne Ulysse Collin","","Champagne Ulysse Collin, Les Pierrieres, Blanc de Blancs, Extra Brut (Base 2019, 48 months, Disgorged Feb-24)","1250","Case of 3 Bottles","https://www.bbr.com/products-10008313771-champagne-ulysse-collin-les-pierrieres-blanc-de-blancs-extra-brut-base-2019-48-months-disgorged-feb-24","3071005","10008313771"
"Champagne Ulysse Collin","","Champagne Ulysse Collin, Les Pierrieres, Blanc de Blancs, Extra Brut(Base 2016)","1850","Case of 6 Bottles","https://www.bbr.com/products-10008149714-champagne-ulysse-collin-les-pierrieres-blanc-de-blancs-extra-brut-base-2016","1175189","10008149714"
"Champagne Ulysse Collin","","Champagne Ulysse Collin, Les Pierrieres, Blanc de Blancs, Extra Brut(Base 2016)","1936","Case of 6 Bottles","https://www.bbr.com/products-10008149714-champagne-ulysse-collin-les-pierrieres-blanc-de-blancs-extra-brut-base-2016","1175189","10008149714"
"Champagne Ulysse Collin","","Champagne Ulysse Collin, Les Roises, Blanc de Blanc, Ulysse Collin, Brut (Base 2015)","3200","Case of 6 Bottles","https://www.bbr.com/products-10008152576-champagne-ulysse-collin-les-roises-blanc-de-blanc-ulysse-collin-brut-base-2015","1175192","10008152576"
"Champagne Ulysse Collin","","Champagne Ulysse Collin, Les Roises, Blanc de Blanc, Ulysse Collin, Brut (Base 2016)","1500","Case of 3 Bottles","https://www.bbr.com/products-10008150107-champagne-ulysse-collin-les-roises-blanc-de-blanc-ulysse-collin-brut-base-2016","1175192","10008150107"
"Champagne Ulysse Collin","","Champagne Ulysse Collin, Les Roises, Blanc de Blanc, Ulysse Collin, Brut (Base 2016)","3800","Case of 6 Bottles","https://www.bbr.com/products-10008150107-champagne-ulysse-collin-les-roises-blanc-de-blanc-ulysse-collin-brut-base-2016","1175192","10008150107"
"Champagne Valentin Leflaive","","Champagne Valentin Leflaive, Avize 16 40, Grand Cru","375","Case of 6 Bottles","https://www.bbr.com/products-10008066332-champagne-valentin-leflaive-avize-16-40-grand-cru","2360072","10008066332"
"Champagne Valentin Leflaive","","Champagne Valentin Leflaive, CV 17 50, Blanc de Blancs, Extra Brut","375","Case of 6 Bottles","https://www.bbr.com/products-10008066329-champagne-valentin-leflaive-cv-17-50-blanc-de-blancs-extra-brut","2131704","10008066329"
"Champagne Valentin Leflaive","","Champagne Valentin Leflaive, MA 17 60, Rose, Grand Cru, Brut","340","Case of 6 Bottles","https://www.bbr.com/products-10008236287-champagne-valentin-leflaive-ma-17-60-rose-grand-cru-brut","2665483","10008236287"
"Champagne Vernier-Fanniere","","Champagne Varnier-Fanniere, Cuvee St. Denis","200","Case of 6 Bottles","https://www.bbr.com/products-10008205386-champagne-varnier-fanniere-cuvee-st-denis","1356922","10008205386"
"Veuve Clicquot","2002","Champagne Veuve Clicquot, 250th Anniversary Edition, Brut","600","Case of 3 Magnums","https://www.bbr.com/products-20028170400-2002-champagne-veuve-clicquot-250th-anniversary-edition-brut","2983101","20028170400"
"Veuve Clicquot","1983","Champagne Veuve Clicquot, Cave Privee, Brut","1275","Case of 6 Bottles","https://www.bbr.com/products-19838052892-1983-champagne-veuve-clicquot-cave-privee-brut","1128808","19838052892"
"Veuve Clicquot","1989","Champagne Veuve Clicquot, Cave Privee, Rose, Brut","700","Case of 3 Bottles","https://www.bbr.com/products-19898114352-1989-champagne-veuve-clicquot-cave-privee-rose-brut","1144073","19898114352"
"Veuve Clicquot","1996","Champagne Veuve Clicquot, Cave Privee, Rose, Brut","950","Case of 6 Bottles","https://www.bbr.com/products-19968114352-1996-champagne-veuve-clicquot-cave-privee-rose-brut","1144073","19968114352"
"Veuve Clicquot","2012","Champagne Veuve Clicquot, La Grande Dame by Yayoi Kusama, Brut","250","Case of 1 Bottles","https://www.bbr.com/products-20128229616-2012-champagne-veuve-clicquot-la-grande-dame-by-yayoi-kusama-brut","1083099","20128229616"
"Veuve Clicquot","2006","Champagne Veuve Clicquot, La Grande Dame, Brut","888","Case of 6 Bottles","https://www.bbr.com/products-20068036382-2006-champagne-veuve-clicquot-la-grande-dame-brut","1083099","20068036382"
"Veuve Clicquot","2008","Champagne Veuve Clicquot, La Grande Dame, Brut","569","Case of 6 Bottles","https://www.bbr.com/products-20088036382-2008-champagne-veuve-clicquot-la-grande-dame-brut","1083099","20088036382"
"Veuve Clicquot","2008","Champagne Veuve Clicquot, La Grande Dame, Brut","450","Case of 1 Jeroboam 300cl","https://www.bbr.com/products-20088036382-2008-champagne-veuve-clicquot-la-grande-dame-brut","1083099","20088036382"
"Veuve Clicquot","2008","Champagne Veuve Clicquot, La Grande Dame, Brut","595","Case of 3 Magnums","https://www.bbr.com/products-20088036382-2008-champagne-veuve-clicquot-la-grande-dame-brut","1083099","20088036382"
"Veuve Clicquot","2012","Champagne Veuve Clicquot, La Grande Dame, Brut","950","Case of 3 Magnums","https://www.bbr.com/products-20128036382-2012-champagne-veuve-clicquot-la-grande-dame-brut","1083099","20128036382"
"Veuve Clicquot","2015","Champagne Veuve Clicquot, La Grande Dame, Brut","525","Case of 6 Bottles","https://www.bbr.com/products-20158036382-2015-champagne-veuve-clicquot-la-grande-dame-brut","1083099","20158036382"
"Veuve Clicquot","2015","Champagne Veuve Clicquot, La Grande Dame, Brut","700","Case of 6 Bottles","https://www.bbr.com/products-20158036382-2015-champagne-veuve-clicquot-la-grande-dame-brut","1083099","20158036382"
"Veuve Clicquot","2012","Champagne Veuve Clicquot, La Grande Dame, Brut (Artist Edition)","595","Case of 6 Bottles","https://www.bbr.com/products-20128059875-2012-champagne-veuve-clicquot-la-grande-dame-brut-artist-edition","1083099","20128059875"
"Veuve Clicquot","2012","Champagne Veuve Clicquot, La Grande Dame, Brut (Artist Edition)","450","Case of 6 Bottles","https://www.bbr.com/products-20128059875-2012-champagne-veuve-clicquot-la-grande-dame-brut-artist-edition","1083099","20128059875"
"Veuve Clicquot","2012","Champagne Veuve Clicquot, La Grande Dame, Brut (Artist Edition)","606","Case of 6 Bottles","https://www.bbr.com/products-20128059875-2012-champagne-veuve-clicquot-la-grande-dame-brut-artist-edition","1083099","20128059875"
"Veuve Clicquot","2008","Champagne Veuve Clicquot, La Grande Dame, Rose, Brut","1465","Case of 3 Magnums","https://www.bbr.com/products-20088118767-2008-champagne-veuve-clicquot-la-grande-dame-rose-brut","1083103","20088118767"
"Veuve Clicquot","1995","Champagne Veuve Clicquot, Vintage Reserve, Brut","825","Case of 3 Magnums","https://www.bbr.com/products-19958002741-1995-champagne-veuve-clicquot-vintage-reserve-brut","1217766","19958002741"
"Champagne Vilmart & Cie","2012","Champagne Vilmart & Cie., Les Blanches Voies, Blanc de Blancs, 1er Cru, Extra Brut","200","Case of 1 Bottles","https://www.bbr.com/products-20128243773-2012-champagne-vilmart-cie-les-blanches-voies-blanc-de-blancs-1er-cru-extra-brut","1703335","20128243773"
"Champagne Vilmart & Cie","2012","Champagne Vilmart & Cie., Les Blanches Voies, Blanc de Blancs, 1er Cru, Extra Brut","150","Case of 1 Bottles","https://www.bbr.com/products-20128243773-2012-champagne-vilmart-cie-les-blanches-voies-blanc-de-blancs-1er-cru-extra-brut","1703335","20128243773"
"Champagne Vilmart & Cie","2010","Champagne Vilmart &amp; Cie, Coeur de Cuvee, 1er Cru, Brut","480","Case of 6 Bottles","https://www.bbr.com/products-20108031752-2010-champagne-vilmart-and-cie-coeur-de-cuvee-1er-cru-brut","1083158","20108031752"
"Champagne Vilmart & Cie","2013","Champagne Vilmart &amp; Cie, Coeur de Cuvee, 1er Cru, Brut","485","Case of 6 Bottles","https://www.bbr.com/products-20138031752-2013-champagne-vilmart-and-cie-coeur-de-cuvee-1er-cru-brut","1083158","20138031752"
"Champagne Vilmart & Cie","2016","Champagne Vilmart &amp; Cie, Grand Cellier d'Or, 1er Cru, Brut","280","Case of 6 Bottles","https://www.bbr.com/products-20168031765-2016-champagne-vilmart-and-cie-grand-cellier-d-or-1er-cru-brut","1138874","20168031765"
"Champagne Vilmart & Cie","2013","Champagne Vilmart &amp; Cie., Emotion, Rose, Brut","650","Case of 6 Bottles","https://www.bbr.com/products-20138175971-2013-champagne-vilmart-and-cie-emotion-rose-brut","1213289","20138175971"
"Champagne Vilmart & Cie","2013","Champagne Vilmart &amp; Cie., Emotion, Rose, Brut","655","Case of 6 Bottles","https://www.bbr.com/products-20138175971-2013-champagne-vilmart-and-cie-emotion-rose-brut","1213289","20138175971"
"Champagne Waris Hubert","2016","Champagne Waris Hubert, Annexa, Blanc de Noirs, Grand Cru, Ay, Extra Brut","76","Case of 1 Bottles","https://www.bbr.com/products-20168158161-2016-champagne-waris-hubert-annexa-blanc-de-noirs-grand-cru-ay-extra-brut","2489791","20168158161"
"Champagne Waris Hubert","2017","Champagne Waris Hubert, Blanche, Blanc de Blancs, Grand Cru, Avize, Extra Brut","170","Case of 3 Bottles","https://www.bbr.com/products-20178158145-2017-champagne-waris-hubert-blanche-blanc-de-blancs-grand-cru-avize-extra-brut","2489717","20178158145"
"Champagne Waris Hubert","2013","Champagne Waris Hubert, Clos de la Corneille, Grand Cru, Avize, Extra Brut","142","Case of 1 Bottles","https://www.bbr.com/products-20138158800-2013-champagne-waris-hubert-clos-de-la-corneille-grand-cru-avize-extra-brut","2529912","20138158800"
"Champagne Waris Hubert","","Champagne Waris Hubert, Lilyale, Blanc de Blancs, Grand Cru, Zero Dosage","200","Case of 6 Bottles","https://www.bbr.com/products-10008158129-champagne-waris-hubert-lilyale-blanc-de-blancs-grand-cru-zero-dosage","2489645","10008158129"
"Champagne Waris Hubert","","Champagne Waris Hubert, Lilyale, Blanc de Blancs, Grand Cru, Zero Dosage (Base 2021)","198","Case of 6 Bottles","https://www.bbr.com/products-10008311100-champagne-waris-hubert-lilyale-blanc-de-blancs-grand-cru-zero-dosage-base-2021","2489645","10008311100"
"Champagne Waris Hubert","","Champagne Waris Hubert, Sans Sulfites Ajoutes, Les Hauts Boquets, Blanc de Blancs, 1er Cru, Extra Brut","295","Case of 6 Bottles","https://www.bbr.com/products-10008158132-champagne-waris-hubert-sans-sulfites-ajoutes-les-hauts-boquets-blanc-de-blancs-1er-cru-extra-brut","2489674","10008158132"
"Champagne Waris Hubert","2016","Champagne Waris Hubert, Sophos, Blanc de Blancs, Grand Cru, Avize, Extra Brut","69","Case of 1 Bottles","https://www.bbr.com/products-20168158158-2016-champagne-waris-hubert-sophos-blanc-de-blancs-grand-cru-avize-extra-brut","2489759","20168158158"
"Champagne de Venoge","1988","Champagne de Venoge, Millesime, Brut (2020 Release)","1320","Case of 6 Bottles","https://www.bbr.com/products-19888242978-1988-champagne-de-venoge-millesime-brut-2020-release","1378333","19888242978"
"Champagne Etienne Calsac","","Champagne Etienne Calsac, Les Revenants L RV XX, Brut Nature","1500","Case of 6 Bottles","https://www.bbr.com/products-10008082451-champagne-etienne-calsac-les-revenants-l-rv-xx-brut-nature","2024996","10008082451"
"Champagne Etienne Calsac","","Champagne Etienne Calsac, Les Revenants LXIX, Brut Nature","500","Case of 6 Bottles","https://www.bbr.com/products-10008082448-champagne-etienne-calsac-les-revenants-lxix-brut-nature","2024996","10008082448"
"Chanin Wine","2022","Chanin, Sanford & Benedict Vineyard Pinot Noir, Santa Rita Hills,California, USA","636","Case of 12 Bottles","https://www.bbr.com/products-20228106973-2022-chanin-sanford-benedict-vineyard-pinot-noir-santa-rita-hills-california-usa","1403192","20228106973"
"Domaine Ponsot","2009","Chapelle Chambertin, Grand Cru, Domaine Ponsot, Burgundy","1775","Case of 6 Bottles","https://www.bbr.com/products-20098120489-2009-chapelle-chambertin-grand-cru-domaine-ponsot-burgundy","1051478","20098120489"
"Domaine Ponsot","2009","Chapelle Chambertin, Grand Cru, Domaine Ponsot, Burgundy","1770","Case of 6 Bottles","https://www.bbr.com/products-20098120489-2009-chapelle-chambertin-grand-cru-domaine-ponsot-burgundy","1051478","20098120489"
"Domaine Ponsot","2009","Chapelle Chambertin, Grand Cru, Domaine Ponsot, Burgundy","1780","Case of 6 Bottles","https://www.bbr.com/products-20098120489-2009-chapelle-chambertin-grand-cru-domaine-ponsot-burgundy","1051478","20098120489"
"Domaine Ponsot","2013","Chapelle Chambertin, Grand Cru, Domaine Ponsot, Burgundy","1600","Case of 6 Bottles","https://www.bbr.com/products-20138120489-2013-chapelle-chambertin-grand-cru-domaine-ponsot-burgundy","1051478","20138120489"
"Chateau Ausone","2005","Chapelle d'Ausone, St Emilion, Bordeaux","495","Case of 3 Bottles","https://www.bbr.com/products-20058013613-2005-chapelle-d-ausone-st-emilion-bordeaux","1007983","20058013613"
"Chateau Ausone","2006","Chapelle d'Ausone, St Emilion, Bordeaux","1500","Case of 12 Bottles","https://www.bbr.com/products-20068013613-2006-chapelle-d-ausone-st-emilion-bordeaux","1007983","20068013613"
"Chateau Ausone","2008","Chapelle d'Ausone, St Emilion, Bordeaux","672","Case of 6 Bottles","https://www.bbr.com/products-20088013613-2008-chapelle-d-ausone-st-emilion-bordeaux","1007983","20088013613"
"Chateau Ausone","2009","Chapelle d'Ausone, St Emilion, Bordeaux","750","Case of 6 Bottles","https://www.bbr.com/products-20098013613-2009-chapelle-d-ausone-st-emilion-bordeaux","1007983","20098013613"
"Chateau Ausone","2010","Chapelle d'Ausone, St Emilion, Bordeaux","880","Case of 6 Bottles","https://www.bbr.com/products-20108013613-2010-chapelle-d-ausone-st-emilion-bordeaux","1007983","20108013613"
"Chateau Ausone","2011","Chapelle d'Ausone, St Emilion, Bordeaux","620","Case of 6 Bottles","https://www.bbr.com/products-20118013613-2011-chapelle-d-ausone-st-emilion-bordeaux","1007983","20118013613"
"Chateau Ausone","2014","Chapelle d'Ausone, St Emilion, Bordeaux","495","Case of 6 Bottles","https://www.bbr.com/products-20148013613-2014-chapelle-d-ausone-st-emilion-bordeaux","1007983","20148013613"
"Chateau Ausone","2015","Chapelle d'Ausone, St Emilion, Bordeaux","700","Case of 6 Bottles","https://www.bbr.com/products-20158013613-2015-chapelle-d-ausone-st-emilion-bordeaux","1007983","20158013613"
"Chateau Ausone","2016","Chapelle d'Ausone, St Emilion, Bordeaux","800","Case of 6 Bottles","https://www.bbr.com/products-20168013613-2016-chapelle-d-ausone-st-emilion-bordeaux","1007983","20168013613"
"Chateau Ausone","2019","Chapelle d'Ausone, St Emilion, Bordeaux","400","Case of 6 Bottles","https://www.bbr.com/products-20198013613-2019-chapelle-d-ausone-st-emilion-bordeaux","1007983","20198013613"
"Chateau Potensac","2010","Chapelle de Potensac, Medoc, Bordeaux","120","Case of 6 Bottles","https://www.bbr.com/products-20108124940-2010-chapelle-de-potensac-medoc-bordeaux","1008010","20108124940"
"Drouhin-Laroze","2011","Chapelle-Chambertin, Grand Cru, Domaine Drouhin-Laroze, Burgundy","671","Case of 6 Bottles","https://www.bbr.com/products-20111029525-2011-chapelle-chambertin-grand-cru-domaine-drouhin-laroze-burgundy","1029525","20111029525"
"Drouhin-Laroze","2013","Chapelle-Chambertin, Grand Cru, Domaine Drouhin-Laroze, Burgundy","1128","Case of 12 Bottles","https://www.bbr.com/products-20131029525-2013-chapelle-chambertin-grand-cru-domaine-drouhin-laroze-burgundy","1029525","20131029525"
"Drouhin-Laroze","2014","Chapelle-Chambertin, Grand Cru, Domaine Drouhin-Laroze, Burgundy","1072","Case of 12 Bottles","https://www.bbr.com/products-20141029525-2014-chapelle-chambertin-grand-cru-domaine-drouhin-laroze-burgundy","1029525","20141029525"
"Drouhin-Laroze","2015","Chapelle-Chambertin, Grand Cru, Domaine Drouhin-Laroze, Burgundy","1410","Case of 12 Bottles","https://www.bbr.com/products-20151029525-2015-chapelle-chambertin-grand-cru-domaine-drouhin-laroze-burgundy","1029525","20151029525"
"Drouhin-Laroze","2017","Chapelle-Chambertin, Grand Cru, Domaine Drouhin-Laroze, Burgundy","587","Case of 6 Bottles","https://www.bbr.com/products-20171029525-2017-chapelle-chambertin-grand-cru-domaine-drouhin-laroze-burgundy","1029525","20171029525"
"Drouhin-Laroze","2018","Chapelle-Chambertin, Grand Cru, Domaine Drouhin-Laroze, Burgundy","649","Case of 6 Bottles","https://www.bbr.com/products-20181029525-2018-chapelle-chambertin-grand-cru-domaine-drouhin-laroze-burgundy","1029525","20181029525"
"Drouhin-Laroze","2019","Chapelle-Chambertin, Grand Cru, Domaine Drouhin-Laroze, Burgundy","400","Case of 3 Bottles","https://www.bbr.com/products-20191029525-2019-chapelle-chambertin-grand-cru-domaine-drouhin-laroze-burgundy","1029525","20191029525"
"Louis Jadot","2003","Chapelle-Chambertin, Grand Cru, Domaine Louis Jadot, Burgundy","900","Case of 6 Bottles","https://www.bbr.com/products-20038022028-2003-chapelle-chambertin-grand-cru-domaine-louis-jadot-burgundy","1037991","20038022028"
"Louis Jadot","2011","Chapelle-Chambertin, Grand Cru, Domaine Louis Jadot, Burgundy","425","Case of 6 Bottles","https://www.bbr.com/products-20118022028-2011-chapelle-chambertin-grand-cru-domaine-louis-jadot-burgundy","1037991","20118022028"
"Louis Jadot","2015","Chapelle-Chambertin, Grand Cru, Domaine Louis Jadot, Burgundy","540","Case of 6 Bottles","https://www.bbr.com/products-20158022028-2015-chapelle-chambertin-grand-cru-domaine-louis-jadot-burgundy","1037991","20158022028"
"Louis Jadot","2019","Chapelle-Chambertin, Grand Cru, Domaine Louis Jadot, Burgundy","1020","Case of 6 Bottles","https://www.bbr.com/products-20198022028-2019-chapelle-chambertin-grand-cru-domaine-louis-jadot-burgundy","1037991","20198022028"
"Domaine Rossignol-Trapet","2008","Chapelle-Chambertin, Grand Cru, Domaine Rossignol-Trapet, Burgundy","1250","Case of 12 Bottles","https://www.bbr.com/products-20088011983-2008-chapelle-chambertin-grand-cru-domaine-rossignol-trapet-burgundy","1055883","20088011983"
"Domaine Rossignol-Trapet","2009","Chapelle-Chambertin, Grand Cru, Domaine Rossignol-Trapet, Burgundy","900","Case of 6 Bottles","https://www.bbr.com/products-20098011983-2009-chapelle-chambertin-grand-cru-domaine-rossignol-trapet-burgundy","1055883","20098011983"
"Domaine Rossignol-Trapet","2010","Chapelle-Chambertin, Grand Cru, Domaine Rossignol-Trapet, Burgundy","990","Case of 6 Bottles","https://www.bbr.com/products-20108011983-2010-chapelle-chambertin-grand-cru-domaine-rossignol-trapet-burgundy","1055883","20108011983"
"Domaine Rossignol-Trapet","2011","Chapelle-Chambertin, Grand Cru, Domaine Rossignol-Trapet, Burgundy","570","Case of 6 Bottles","https://www.bbr.com/products-20118011983-2011-chapelle-chambertin-grand-cru-domaine-rossignol-trapet-burgundy","1055883","20118011983"
"Domaine Rossignol-Trapet","2012","Chapelle-Chambertin, Grand Cru, Domaine Rossignol-Trapet, Burgundy","875","Case of 6 Bottles","https://www.bbr.com/products-20128011983-2012-chapelle-chambertin-grand-cru-domaine-rossignol-trapet-burgundy","1055883","20128011983"
"Domaine Rossignol-Trapet","2013","Chapelle-Chambertin, Grand Cru, Domaine Rossignol-Trapet, Burgundy","650","Case of 6 Bottles","https://www.bbr.com/products-20138011983-2013-chapelle-chambertin-grand-cru-domaine-rossignol-trapet-burgundy","1055883","20138011983"
"Domaine Rossignol-Trapet","2015","Chapelle-Chambertin, Grand Cru, Domaine Rossignol-Trapet, Burgundy","690","Case of 6 Bottles","https://www.bbr.com/products-20158011983-2015-chapelle-chambertin-grand-cru-domaine-rossignol-trapet-burgundy","1055883","20158011983"
"Domaine Rossignol-Trapet","2016","Chapelle-Chambertin, Grand Cru, Domaine Rossignol-Trapet, Burgundy","680","Case of 6 Bottles","https://www.bbr.com/products-20168011983-2016-chapelle-chambertin-grand-cru-domaine-rossignol-trapet-burgundy","1055883","20168011983"
"Domaine Rossignol-Trapet","2016","Chapelle-Chambertin, Grand Cru, Domaine Rossignol-Trapet, Burgundy","690","Case of 6 Bottles","https://www.bbr.com/products-20168011983-2016-chapelle-chambertin-grand-cru-domaine-rossignol-trapet-burgundy","1055883","20168011983"
"Domaine Rossignol-Trapet","2017","Chapelle-Chambertin, Grand Cru, Domaine Rossignol-Trapet, Burgundy","665","Case of 6 Bottles","https://www.bbr.com/products-20178011983-2017-chapelle-chambertin-grand-cru-domaine-rossignol-trapet-burgundy","1055883","20178011983"
"Domaine Rossignol-Trapet","2017","Chapelle-Chambertin, Grand Cru, Domaine Rossignol-Trapet, Burgundy","645","Case of 6 Bottles","https://www.bbr.com/products-20178011983-2017-chapelle-chambertin-grand-cru-domaine-rossignol-trapet-burgundy","1055883","20178011983"
"Domaine Rossignol-Trapet","2018","Chapelle-Chambertin, Grand Cru, Domaine Rossignol-Trapet, Burgundy","810","Case of 6 Bottles","https://www.bbr.com/products-20188011983-2018-chapelle-chambertin-grand-cru-domaine-rossignol-trapet-burgundy","1055883","20188011983"
"Domaine Rossignol-Trapet","2019","Chapelle-Chambertin, Grand Cru, Domaine Rossignol-Trapet, Burgundy","755","Case of 6 Bottles","https://www.bbr.com/products-20198011983-2019-chapelle-chambertin-grand-cru-domaine-rossignol-trapet-burgundy","1055883","20198011983"
"Domaine Rossignol-Trapet","2020","Chapelle-Chambertin, Grand Cru, Domaine Rossignol-Trapet, Burgundy","750","Case of 6 Bottles","https://www.bbr.com/products-20208011983-2020-chapelle-chambertin-grand-cru-domaine-rossignol-trapet-burgundy","1055883","20208011983"
"Domaine Perrot-Minot","2009","Chapelle-Chambertin, Grand Cru, Vieilles Vignes, Domaine Perrot-Minot, Burgundy","3075","Case of 12 Bottles","https://www.bbr.com/products-20098111742-2009-chapelle-chambertin-grand-cru-vieilles-vignes-domaine-perrot-minot-burgundy","1224151","20098111742"
"Domaine Perrot-Minot","2014","Chapelle-Chambertin, Grand Cru, Vieilles Vignes, Domaine Perrot-Minot, Burgundy","1666","Case of 6 Bottles","https://www.bbr.com/products-20148111742-2014-chapelle-chambertin-grand-cru-vieilles-vignes-domaine-perrot-minot-burgundy","1224151","20148111742"
"Domaine de la Vougeraie","2013","Charlemagne, Grand Cru, Domaine de la Vougeraie, Burgundy","790","Case of 6 Bottles","https://www.bbr.com/products-20138005234-2013-charlemagne-grand-cru-domaine-de-la-vougeraie-burgundy","1081590","20138005234"
"Domaine de la Vougeraie","2015","Charlemagne, Grand Cru, Domaine de la Vougeraie, Burgundy","1000","Case of 6 Bottles","https://www.bbr.com/products-20158005234-2015-charlemagne-grand-cru-domaine-de-la-vougeraie-burgundy","1081590","20158005234"
"Domaine de la Vougeraie","2016","Charlemagne, Grand Cru, Domaine de la Vougeraie, Burgundy","1750","Case of 6 Bottles","https://www.bbr.com/products-20168005234-2016-charlemagne-grand-cru-domaine-de-la-vougeraie-burgundy","1081590","20168005234"
"Domaine de la Vougeraie","2017","Charlemagne, Grand Cru, Domaine de la Vougeraie, Burgundy","2380","Case of 3 Magnums","https://www.bbr.com/products-20178005234-2017-charlemagne-grand-cru-domaine-de-la-vougeraie-burgundy","1081590","20178005234"
"Domaine de la Vougeraie","2018","Charlemagne, Grand Cru, Domaine de la Vougeraie, Burgundy","1100","Case of 6 Bottles","https://www.bbr.com/products-20188005234-2018-charlemagne-grand-cru-domaine-de-la-vougeraie-burgundy","1081590","20188005234"
"Domaine de la Vougeraie","2019","Charlemagne, Grand Cru, Domaine de la Vougeraie, Burgundy","1050","Case of 6 Bottles","https://www.bbr.com/products-20198005234-2019-charlemagne-grand-cru-domaine-de-la-vougeraie-burgundy","1081590","20198005234"
"Domaine de la Vougeraie","2022","Charlemagne, Grand Cru, Domaine de la Vougeraie, Burgundy","540","Case of 3 Bottles","https://www.bbr.com/products-20228005234-2022-charlemagne-grand-cru-domaine-de-la-vougeraie-burgundy","1081590","20228005234"
"Domaine de la Vougeraie","2022","Charlemagne, Grand Cru, Domaine de la Vougeraie, Burgundy","475","Case of 1 Magnums","https://www.bbr.com/products-20228005234-2022-charlemagne-grand-cru-domaine-de-la-vougeraie-burgundy","1081590","20228005234"
"Domaine de la Vougeraie","2023","Charlemagne, Grand Cru, Domaine de la Vougeraie, Burgundy","500","Case of 3 Bottles","https://www.bbr.com/products-20238005234-2023-charlemagne-grand-cru-domaine-de-la-vougeraie-burgundy","1081590","20238005234"
"Charles Van Canneyt","2016","Charles Van Canneyt, Gevrey-Chambertin 1er Cru Horizontal (2 x Cazetiers 2 x Cherbaudes, 2 x Fontenys), Six-Bottle Assortment Case","425","Case of 1 6 Bottle Assortments","https://www.bbr.com/products-20168160867-2016-charles-van-canneyt-gevrey-chambertin-1er-cru-horizontal-2-x-cazetiers-2-x-cherbaudes-2-x-fontenys-six-bottle-assortment-case","","20168160867"
"Benjamin Leroux","2021","Charmes Chambertin, Grand Cru, Benjamin Leroux, Burgundy","460","Case of 3 Bottles","https://www.bbr.com/products-20218235756-2021-charmes-chambertin-grand-cru-benjamin-leroux-burgundy","1866140","20218235756"
"Benjamin Leroux","2022","Charmes Chambertin, Grand Cru, Benjamin Leroux, Burgundy","615","Case of 3 Bottles","https://www.bbr.com/products-20228235756-2022-charmes-chambertin-grand-cru-benjamin-leroux-burgundy","1866140","20228235756"
"Benjamin Leroux","2023","Charmes Chambertin, Grand Cru, Benjamin Leroux, Burgundy","750","Case of 3 Bottles","https://www.bbr.com/products-20238235756-2023-charmes-chambertin-grand-cru-benjamin-leroux-burgundy","1866140","20238235756"
"Domaine Dupont-Tisserandot","2012","Charmes Chambertin, Grand Cru, Domaine Dupont-Tisserandot, Burgundy","1088","Case of 6 Bottles","https://www.bbr.com/products-20128236580-2012-charmes-chambertin-grand-cru-domaine-dupont-tisserandot-burgundy","1135860","20128236580"
"Domaine Jean Taupenot-Merme","2011","Charmes Chambertin, Grand Cru, Domaine Taupenot-Merme, Burgundy","770","Case of 6 Bottles","https://www.bbr.com/products-20118030612-2011-charmes-chambertin-grand-cru-domaine-taupenot-merme-burgundy","1057975","20118030612"
"Domaine Jean Taupenot-Merme","2013","Charmes Chambertin, Grand Cru, Domaine Taupenot-Merme, Burgundy","1125","Case of 6 Bottles","https://www.bbr.com/products-20138030612-2013-charmes-chambertin-grand-cru-domaine-taupenot-merme-burgundy","1057975","20138030612"
"Domaine Jean Taupenot-Merme","2014","Charmes Chambertin, Grand Cru, Domaine Taupenot-Merme, Burgundy","670","Case of 6 Bottles","https://www.bbr.com/products-20148030612-2014-charmes-chambertin-grand-cru-domaine-taupenot-merme-burgundy","1057975","20148030612"
"Domaine Jean Taupenot-Merme","2015","Charmes Chambertin, Grand Cru, Domaine Taupenot-Merme, Burgundy","846","Case of 6 Bottles","https://www.bbr.com/products-20158030612-2015-charmes-chambertin-grand-cru-domaine-taupenot-merme-burgundy","1057975","20158030612"
"Domaine Jean Taupenot-Merme","2016","Charmes Chambertin, Grand Cru, Domaine Taupenot-Merme, Burgundy","800","Case of 6 Bottles","https://www.bbr.com/products-20168030612-2016-charmes-chambertin-grand-cru-domaine-taupenot-merme-burgundy","1057975","20168030612"
"Domaine Jean Taupenot-Merme","2017","Charmes Chambertin, Grand Cru, Domaine Taupenot-Merme, Burgundy","987","Case of 6 Bottles","https://www.bbr.com/products-20178030612-2017-charmes-chambertin-grand-cru-domaine-taupenot-merme-burgundy","1057975","20178030612"
"Domaine Jean Taupenot-Merme","2018","Charmes Chambertin, Grand Cru, Domaine Taupenot-Merme, Burgundy","750","Case of 6 Bottles","https://www.bbr.com/products-20188030612-2018-charmes-chambertin-grand-cru-domaine-taupenot-merme-burgundy","1057975","20188030612"
"Domaine Jean Taupenot-Merme","2019","Charmes Chambertin, Grand Cru, Domaine Taupenot-Merme, Burgundy","599","Case of 6 Bottles","https://www.bbr.com/products-20198030612-2019-charmes-chambertin-grand-cru-domaine-taupenot-merme-burgundy","1057975","20198030612"
"Frederic Magnien","2015","Charmes-Chamberin, Aux Mazoyeres, Grand Cru, Frederic Magnien, Burgundy","874","Case of 6 Bottles","https://www.bbr.com/products-20158201737-2015-charmes-chamberin-aux-mazoyeres-grand-cru-frederic-magnien-burgundy","1550001","20158201737"
"Frederic Magnien","2015","Charmes-Chamberin, Aux Mazoyeres, Grand Cru, Frederic Magnien, Burgundy","1749","Case of 12 Bottles","https://www.bbr.com/products-20158201737-2015-charmes-chamberin-aux-mazoyeres-grand-cru-frederic-magnien-burgundy","1550001","20158201737"
"Frederic Magnien","2013","Charmes-Chambertin, Aux Charmes, Grand Cru, Frederic Magnien, Burgundy","1636","Case of 12 Bottles","https://www.bbr.com/products-20138218500-2013-charmes-chambertin-aux-charmes-grand-cru-frederic-magnien-burgundy","2726975","20138218500"
"Frederic Magnien","2019","Charmes-Chambertin, Aux Charmes, Grand Cru, Frederic Magnien, Burgundy","650","Case of 6 Bottles","https://www.bbr.com/products-20198218500-2019-charmes-chambertin-aux-charmes-grand-cru-frederic-magnien-burgundy","1045572","20198218500"
"Domaine Thibault Liger-Belair","2016","Charmes-Chambertin, Aux Charmes, Grand Cru, Thibault Liger-Belair Successeurs, Burgundy","799","Case of 6 Bottles","https://www.bbr.com/products-20168022507-2016-charmes-chambertin-aux-charmes-grand-cru-thibault-liger-belair-successeurs-burgundy","1785586","20168022507"
"Domaine Thibault Liger-Belair","2016","Charmes-Chambertin, Aux Charmes, Grand Cru, Thibault Liger-Belair Successeurs, Burgundy","800","Case of 6 Bottles","https://www.bbr.com/products-20168022507-2016-charmes-chambertin-aux-charmes-grand-cru-thibault-liger-belair-successeurs-burgundy","1785586","20168022507"
"Domaine Thibault Liger-Belair","2017","Charmes-Chambertin, Aux Charmes, Grand Cru, Thibault Liger-Belair Successeurs, Burgundy","1150","Case of 6 Bottles","https://www.bbr.com/products-20178022507-2017-charmes-chambertin-aux-charmes-grand-cru-thibault-liger-belair-successeurs-burgundy","1785586","20178022507"
"Domaine Thibault Liger-Belair","2018","Charmes-Chambertin, Aux Charmes, Grand Cru, Thibault Liger-Belair Successeurs, Burgundy","900","Case of 3 Magnums","https://www.bbr.com/products-20188022507-2018-charmes-chambertin-aux-charmes-grand-cru-thibault-liger-belair-successeurs-burgundy","1785586","20188022507"
"Domaine Thibault Liger-Belair","2020","Charmes-Chambertin, Aux Charmes, Grand Cru, Thibault Liger-Belair Successeurs, Burgundy","1750","Case of 6 Bottles","https://www.bbr.com/products-20208022507-2020-charmes-chambertin-aux-charmes-grand-cru-thibault-liger-belair-successeurs-burgundy","1785586","20208022507"
"Domaine Thibault Liger-Belair","2021","Charmes-Chambertin, Aux Charmes, Grand Cru, Thibault Liger-Belair Successeurs, Burgundy","710","Case of 6 Bottles","https://www.bbr.com/products-20218022507-2021-charmes-chambertin-aux-charmes-grand-cru-thibault-liger-belair-successeurs-burgundy","1785586","20218022507"
"Domaine Thibault Liger-Belair","2022","Charmes-Chambertin, Aux Charmes, Grand Cru, Thibault Liger-Belair Successeurs, Burgundy","720","Case of 3 Bottles","https://www.bbr.com/products-20228022507-2022-charmes-chambertin-aux-charmes-grand-cru-thibault-liger-belair-successeurs-burgundy","1785586","20228022507"
"Domaine Thibault Liger-Belair","2023","Charmes-Chambertin, Aux Charmes, Grand Cru, Thibault Liger-Belair Successeurs, Burgundy","900","Case of 3 Bottles","https://www.bbr.com/products-20238022507-2023-charmes-chambertin-aux-charmes-grand-cru-thibault-liger-belair-successeurs-burgundy","1785586","20238022507"
"Jean-Pierre Mathieu","2017","Charmes-Chambertin, Aux Mazoyeres, Jean-Pierre Mathieu (C. Roumier), Burgundy","1200","Case of 1 Bottles","https://www.bbr.com/products-20178112114-2017-charmes-chambertin-aux-mazoyeres-jean-pierre-mathieu-c-roumier-burgundy","1216701","20178112114"
"Laurent Ponsot SAS","2019","Charmes-Chambertin, Cuvee du Cypres, Laurent Ponsot, Burgundy","1330","Case of 6 Bottles","https://www.bbr.com/products-20198243005-2019-charmes-chambertin-cuvee-du-cypres-laurent-ponsot-burgundy","1906228","20198243005"
"Domaine Thibault Liger-Belair","2015","Charmes-Chambertin, Domaine Thibault Liger-Belair Successeurs, Burgundy","1100","Case of 6 Bottles","https://www.bbr.com/products-20158022493-2015-charmes-chambertin-domaine-thibault-liger-belair-successeurs-burgundy","1160570","20158022493"
"Arnaud Mortet","2016","Charmes-Chambertin, Grand Cru, Arnaud Mortet, Burgundy","1950","Case of 6 Bottles","https://www.bbr.com/products-20168026026-2016-charmes-chambertin-grand-cru-arnaud-mortet-burgundy","1614813","20168026026"
"Arnaud Mortet","2017","Charmes-Chambertin, Grand Cru, Arnaud Mortet, Burgundy","1750","Case of 6 Bottles","https://www.bbr.com/products-20178026026-2017-charmes-chambertin-grand-cru-arnaud-mortet-burgundy","1614813","20178026026"
"Arnaud Mortet","2018","Charmes-Chambertin, Grand Cru, Arnaud Mortet, Burgundy","1395","Case of 3 Bottles","https://www.bbr.com/products-20188026026-2018-charmes-chambertin-grand-cru-arnaud-mortet-burgundy","1614813","20188026026"
"Arnaud Mortet","2019","Charmes-Chambertin, Grand Cru, Arnaud Mortet, Burgundy","1495","Case of 3 Bottles","https://www.bbr.com/products-20198026026-2019-charmes-chambertin-grand-cru-arnaud-mortet-burgundy","1614813","20198026026"
"Maison Camille Giroud","2009","Charmes-Chambertin, Grand Cru, Camille Giroud, Burgundy","750","Case of 6 Bottles","https://www.bbr.com/products-20098011299-2009-charmes-chambertin-grand-cru-camille-giroud-burgundy","1034684","20098011299"
"Maison Camille Giroud","2010","Charmes-Chambertin, Grand Cru, Camille Giroud, Burgundy","790","Case of 6 Bottles","https://www.bbr.com/products-20108011299-2010-charmes-chambertin-grand-cru-camille-giroud-burgundy","1034684","20108011299"
"Maison Camille Giroud","2011","Charmes-Chambertin, Grand Cru, Camille Giroud, Burgundy","500","Case of 6 Bottles","https://www.bbr.com/products-20118011299-2011-charmes-chambertin-grand-cru-camille-giroud-burgundy","1034684","20118011299"
"Maison Camille Giroud","2014","Charmes-Chambertin, Grand Cru, Camille Giroud, Burgundy","1245","Case of 6 Bottles","https://www.bbr.com/products-20148011299-2014-charmes-chambertin-grand-cru-camille-giroud-burgundy","1034684","20148011299"
"Maison Camille Giroud","2017","Charmes-Chambertin, Grand Cru, Camille Giroud, Burgundy","590","Case of 6 Bottles","https://www.bbr.com/products-20178011299-2017-charmes-chambertin-grand-cru-camille-giroud-burgundy","1034684","20178011299"
"Maison Camille Giroud","2018","Charmes-Chambertin, Grand Cru, Camille Giroud, Burgundy","500","Case of 6 Bottles","https://www.bbr.com/products-20188011299-2018-charmes-chambertin-grand-cru-camille-giroud-burgundy","1034684","20188011299"
"Maison Camille Giroud","2019","Charmes-Chambertin, Grand Cru, Camille Giroud, Burgundy","650","Case of 6 Bottles","https://www.bbr.com/products-20198011299-2019-charmes-chambertin-grand-cru-camille-giroud-burgundy","1034684","20198011299"
"Maison Camille Giroud","2020","Charmes-Chambertin, Grand Cru, Camille Giroud, Burgundy","900","Case of 6 Bottles","https://www.bbr.com/products-20208011299-2020-charmes-chambertin-grand-cru-camille-giroud-burgundy","1034684","20208011299"
"Maison Camille Giroud","2023","Charmes-Chambertin, Grand Cru, Camille Giroud, Burgundy","1549","Case of 6 Bottles","https://www.bbr.com/products-20238011299-2023-charmes-chambertin-grand-cru-camille-giroud-burgundy","1034684","20238011299"
"Charles Van Canneyt","2015","Charmes-Chambertin, Grand Cru, Charles Van Canneyt, Burgundy","1195","Case of 6 Bottles","https://www.bbr.com/products-20158202138-2015-charmes-chambertin-grand-cru-charles-van-canneyt-burgundy","1340895","20158202138"
"Charles Van Canneyt","2016","Charmes-Chambertin, Grand Cru, Charles Van Canneyt, Burgundy","1175","Case of 6 Bottles","https://www.bbr.com/products-20168202138-2016-charmes-chambertin-grand-cru-charles-van-canneyt-burgundy","1340895","20168202138"
"Charles Van Canneyt","2016","Charmes-Chambertin, Grand Cru, Charles Van Canneyt, Burgundy","1000","Case of 6 Bottles","https://www.bbr.com/products-20168202138-2016-charmes-chambertin-grand-cru-charles-van-canneyt-burgundy","1340895","20168202138"
"Charles Van Canneyt","2018","Charmes-Chambertin, Grand Cru, Charles Van Canneyt, Burgundy","1400","Case of 6 Bottles","https://www.bbr.com/products-20188202138-2018-charmes-chambertin-grand-cru-charles-van-canneyt-burgundy","1340895","20188202138"
"Domaine Claude-Dugat","2016","Charmes-Chambertin, Grand Cru, Claude-Dugat, Burgundy","5555","Case of 12 Bottles","https://www.bbr.com/products-20168122119-2016-charmes-chambertin-grand-cru-claude-dugat-burgundy","1029974","20168122119"
"David Duband","2007","Charmes-Chambertin, Grand Cru, David Duband, Burgundy","1890","Case of 12 Bottles","https://www.bbr.com/products-20078210995-2007-charmes-chambertin-grand-cru-david-duband-burgundy","1156463","20078210995"
"David Duband","2014","Charmes-Chambertin, Grand Cru, David Duband, Burgundy","953","Case of 6 Bottles","https://www.bbr.com/products-20148210995-2014-charmes-chambertin-grand-cru-david-duband-burgundy","1156463","20148210995"
"David Duband","2014","Charmes-Chambertin, Grand Cru, David Duband, Burgundy","1906","Case of 12 Bottles","https://www.bbr.com/products-20148210995-2014-charmes-chambertin-grand-cru-david-duband-burgundy","1156463","20148210995"
"David Duband","2015","Charmes-Chambertin, Grand Cru, David Duband, Burgundy","1043","Case of 6 Bottles","https://www.bbr.com/products-20158210995-2015-charmes-chambertin-grand-cru-david-duband-burgundy","1156463","20158210995"
"David Duband","2016","Charmes-Chambertin, Grand Cru, David Duband, Burgundy","903","Case of 6 Bottles","https://www.bbr.com/products-20168210995-2016-charmes-chambertin-grand-cru-david-duband-burgundy","1156463","20168210995"
"Domaine Amiot & Fils","2020","Charmes-Chambertin, Grand Cru, Domaine Amiot &amp; Fils, Burgundy","870","Case of 6 Bottles","https://www.bbr.com/products-20208152013-2020-charmes-chambertin-grand-cru-domaine-amiot-and-fils-burgundy","2222594","20208152013"
"Domaine Amiot-Servelle","2014","Charmes-Chambertin, Grand Cru, Domaine Amiot-Servelle, Burgundy","875","Case of 6 Bottles","https://www.bbr.com/products-20148210067-2014-charmes-chambertin-grand-cru-domaine-amiot-servelle-burgundy","1182330","20148210067"
"Domaine Amiot-Servelle","2020","Charmes-Chambertin, Grand Cru, Domaine Amiot-Servelle, Burgundy","212","Case of 1 Bottles","https://www.bbr.com/products-20208210067-2020-charmes-chambertin-grand-cru-domaine-amiot-servelle-burgundy","1182330","20208210067"
"Domaine Arlaud","2013","Charmes-Chambertin, Grand Cru, Domaine Arlaud, Burgundy","818","Case of 6 Bottles","https://www.bbr.com/products-20138220378-2013-charmes-chambertin-grand-cru-domaine-arlaud-burgundy","1018451","20138220378"
"Domaine Arlaud","2014","Charmes-Chambertin, Grand Cru, Domaine Arlaud, Burgundy","1569","Case of 12 Bottles","https://www.bbr.com/products-20148220378-2014-charmes-chambertin-grand-cru-domaine-arlaud-burgundy","1018451","20148220378"
"Domaine Arlaud","2014","Charmes-Chambertin, Grand Cru, Domaine Arlaud, Burgundy","780","Case of 6 Bottles","https://www.bbr.com/products-20148220378-2014-charmes-chambertin-grand-cru-domaine-arlaud-burgundy","1018451","20148220378"
"Domaine Arlaud","2018","Charmes-Chambertin, Grand Cru, Domaine Arlaud, Burgundy","840","Case of 6 Bottles","https://www.bbr.com/products-20188220378-2018-charmes-chambertin-grand-cru-domaine-arlaud-burgundy","1018451","20188220378"
"Domaine Arlaud","2019","Charmes-Chambertin, Grand Cru, Domaine Arlaud, Burgundy","931","Case of 6 Bottles","https://www.bbr.com/products-20198220378-2019-charmes-chambertin-grand-cru-domaine-arlaud-burgundy","1018451","20198220378"
"Domaine Armand Rousseau","2020","Charmes-Chambertin, Grand Cru, Domaine Armand Rousseau, Burgundy","3800","Case of 6 Bottles","https://www.bbr.com/products-20201057034-2020-charmes-chambertin-grand-cru-domaine-armand-rousseau-burgundy","1057034","20201057034"
"Domaine Castagnier","2014","Charmes-Chambertin, Grand Cru, Domaine Castagnier, Burgundy","490","Case of 6 Bottles","https://www.bbr.com/products-20148023621-2014-charmes-chambertin-grand-cru-domaine-castagnier-burgundy","1617667","20148023621"
"Domaine Castagnier","2015","Charmes-Chambertin, Grand Cru, Domaine Castagnier, Burgundy","665","Case of 6 Bottles","https://www.bbr.com/products-20158023621-2015-charmes-chambertin-grand-cru-domaine-castagnier-burgundy","1617667","20158023621"
"Domaine Castagnier","2016","Charmes-Chambertin, Grand Cru, Domaine Castagnier, Burgundy","430","Case of 6 Bottles","https://www.bbr.com/products-20168023621-2016-charmes-chambertin-grand-cru-domaine-castagnier-burgundy","1617667","20168023621"
"Domaine Castagnier","2017","Charmes-Chambertin, Grand Cru, Domaine Castagnier, Burgundy","545","Case of 6 Bottles","https://www.bbr.com/products-20178023621-2017-charmes-chambertin-grand-cru-domaine-castagnier-burgundy","1617667","20178023621"
"Domaine Castagnier","2018","Charmes-Chambertin, Grand Cru, Domaine Castagnier, Burgundy","750","Case of 6 Bottles","https://www.bbr.com/products-20188023621-2018-charmes-chambertin-grand-cru-domaine-castagnier-burgundy","1617667","20188023621"
"Domaine Castagnier","2022","Charmes-Chambertin, Grand Cru, Domaine Castagnier, Burgundy","545","Case of 3 Bottles","https://www.bbr.com/products-20228023621-2022-charmes-chambertin-grand-cru-domaine-castagnier-burgundy","1617667","20228023621"
"Confuron-Cotetidot","2013","Charmes-Chambertin, Grand Cru, Domaine Confuron-Cotetidot, Burgundy","1260","Case of 6 Bottles","https://www.bbr.com/products-20138219813-2013-charmes-chambertin-grand-cru-domaine-confuron-cotetidot-burgundy","1027068","20138219813"
"Confuron-Cotetidot","2021","Charmes-Chambertin, Grand Cru, Domaine Confuron-Cotetidot, Burgundy","960","Case of 6 Bottles","https://www.bbr.com/products-20218219813-2021-charmes-chambertin-grand-cru-domaine-confuron-cotetidot-burgundy","1027068","20218219813"
"Domaine Coquard Loison Fleurot","2017","Charmes-Chambertin, Grand Cru, Domaine Coquard Loison-Fleurot, Burgundy","786","Case of 6 Bottles","https://www.bbr.com/products-20178032993-2017-charmes-chambertin-grand-cru-domaine-coquard-loison-fleurot-burgundy","1339923","20178032993"
"Domaine Coquard Loison Fleurot","2018","Charmes-Chambertin, Grand Cru, Domaine Coquard Loison-Fleurot, Burgundy","1000","Case of 6 Bottles","https://www.bbr.com/products-20188032993-2018-charmes-chambertin-grand-cru-domaine-coquard-loison-fleurot-burgundy","1339923","20188032993"
"Domaine Coquard Loison Fleurot","2019","Charmes-Chambertin, Grand Cru, Domaine Coquard Loison-Fleurot, Burgundy","1390","Case of 6 Bottles","https://www.bbr.com/products-20198032993-2019-charmes-chambertin-grand-cru-domaine-coquard-loison-fleurot-burgundy","1339923","20198032993"
"Domaine Coquard Loison Fleurot","2020","Charmes-Chambertin, Grand Cru, Domaine Coquard Loison-Fleurot, Burgundy","1185","Case of 6 Bottles","https://www.bbr.com/products-20208032993-2020-charmes-chambertin-grand-cru-domaine-coquard-loison-fleurot-burgundy","1339923","20208032993"
"Domaine Coquard Loison Fleurot","2020","Charmes-Chambertin, Grand Cru, Domaine Coquard Loison-Fleurot, Burgundy","1185","Case of 6 Bottles","https://www.bbr.com/products-20208032993-2020-charmes-chambertin-grand-cru-domaine-coquard-loison-fleurot-burgundy","1339923","20208032993"
"Dujac","2005","Charmes-Chambertin, Grand Cru, Domaine Dujac, Burgundy","8300","Case of 12 Bottles","https://www.bbr.com/products-20051030530-2005-charmes-chambertin-grand-cru-domaine-dujac-burgundy","1030530","20051030530"
"Dujac","2010","Charmes-Chambertin, Grand Cru, Domaine Dujac, Burgundy","4098","Case of 6 Bottles","https://www.bbr.com/products-20101030530-2010-charmes-chambertin-grand-cru-domaine-dujac-burgundy","1030530","20101030530"
"Dujac","2013","Charmes-Chambertin, Grand Cru, Domaine Dujac, Burgundy","2700","Case of 6 Bottles","https://www.bbr.com/products-20131030530-2013-charmes-chambertin-grand-cru-domaine-dujac-burgundy","1030530","20131030530"
"Dujac","2014","Charmes-Chambertin, Grand Cru, Domaine Dujac, Burgundy","2250","Case of 6 Bottles","https://www.bbr.com/products-20141030530-2014-charmes-chambertin-grand-cru-domaine-dujac-burgundy","1030530","20141030530"
"Dujac","2016","Charmes-Chambertin, Grand Cru, Domaine Dujac, Burgundy","2888","Case of 6 Bottles","https://www.bbr.com/products-20161030530-2016-charmes-chambertin-grand-cru-domaine-dujac-burgundy","1030530","20161030530"
"Dujac","2017","Charmes-Chambertin, Grand Cru, Domaine Dujac, Burgundy","1900","Case of 6 Bottles","https://www.bbr.com/products-20171030530-2017-charmes-chambertin-grand-cru-domaine-dujac-burgundy","1030530","20171030530"
"Dujac","2018","Charmes-Chambertin, Grand Cru, Domaine Dujac, Burgundy","1550","Case of 3 Bottles","https://www.bbr.com/products-20181030530-2018-charmes-chambertin-grand-cru-domaine-dujac-burgundy","1030530","20181030530"
"Dujac","2020","Charmes-Chambertin, Grand Cru, Domaine Dujac, Burgundy","1400","Case of 3 Bottles","https://www.bbr.com/products-20201030530-2020-charmes-chambertin-grand-cru-domaine-dujac-burgundy","1030530","20201030530"
"Dujac","2021","Charmes-Chambertin, Grand Cru, Domaine Dujac, Burgundy","3500","Case of 3 Bottles","https://www.bbr.com/products-20211030530-2021-charmes-chambertin-grand-cru-domaine-dujac-burgundy","1030530","20211030530"
"Dujac","2021","Charmes-Chambertin, Grand Cru, Domaine Dujac, Burgundy","1990","Case of 6 Bottles","https://www.bbr.com/products-20211030530-2021-charmes-chambertin-grand-cru-domaine-dujac-burgundy","1030530","20211030530"
"Dujac","2021","Charmes-Chambertin, Grand Cru, Domaine Dujac, Burgundy","698","Case of 1 Magnums","https://www.bbr.com/products-20211030530-2021-charmes-chambertin-grand-cru-domaine-dujac-burgundy","1030530","20211030530"
"Dujac","2023","Charmes-Chambertin, Grand Cru, Domaine Dujac, Burgundy","1455","Case of 3 Bottles","https://www.bbr.com/products-20231030530-2023-charmes-chambertin-grand-cru-domaine-dujac-burgundy","1030530","20231030530"
"Domaine Duroche","2016","Charmes-Chambertin, Grand Cru, Domaine Duroche, Burgundy","2025","Case of 6 Bottles","https://www.bbr.com/products-20168211602-2016-charmes-chambertin-grand-cru-domaine-duroche-burgundy","1142066","20168211602"
"Domaine Duroche","2017","Charmes-Chambertin, Grand Cru, Domaine Duroche, Burgundy","2000","Case of 6 Bottles","https://www.bbr.com/products-20178211602-2017-charmes-chambertin-grand-cru-domaine-duroche-burgundy","1142066","20178211602"
"Domaine Duroche","2019","Charmes-Chambertin, Grand Cru, Domaine Duroche, Burgundy","2599","Case of 6 Bottles","https://www.bbr.com/products-20198211602-2019-charmes-chambertin-grand-cru-domaine-duroche-burgundy","1142066","20198211602"
"Domaine Henri Rebourseau","2016","Charmes-Chambertin, Grand Cru, Domaine Henri Rebourseau, Burgundy","833","Case of 3 Bottles","https://www.bbr.com/products-20168118943-2016-charmes-chambertin-grand-cru-domaine-henri-rebourseau-burgundy","1054352","20168118943"
"Domaine Henri Rebourseau","2019","Charmes-Chambertin, Grand Cru, Domaine Henri Rebourseau, Burgundy","420","Case of 3 Bottles","https://www.bbr.com/products-20198118943-2019-charmes-chambertin-grand-cru-domaine-henri-rebourseau-burgundy","1054352","20198118943"
"Domaine Henri Rebourseau","2020","Charmes-Chambertin, Grand Cru, Domaine Henri Rebourseau, Burgundy","550","Case of 3 Bottles","https://www.bbr.com/products-20208118943-2020-charmes-chambertin-grand-cru-domaine-henri-rebourseau-burgundy","1054352","20208118943"
"Domaine Henri Rebourseau","2021","Charmes-Chambertin, Grand Cru, Domaine Henri Rebourseau, Burgundy","400","Case of 3 Bottles","https://www.bbr.com/products-20218118943-2021-charmes-chambertin-grand-cru-domaine-henri-rebourseau-burgundy","1054352","20218118943"
"Hubert Lignier","2014","Charmes-Chambertin, Grand Cru, Domaine Hubert Lignier, Burgundy","900","Case of 6 Bottles","https://www.bbr.com/products-20148120926-2014-charmes-chambertin-grand-cru-domaine-hubert-lignier-burgundy","1045253","20148120926"
"Hubert Lignier","2015","Charmes-Chambertin, Grand Cru, Domaine Hubert Lignier, Burgundy","1315","Case of 6 Bottles","https://www.bbr.com/products-20158120926-2015-charmes-chambertin-grand-cru-domaine-hubert-lignier-burgundy","1045253","20158120926"
"Hubert Lignier","2017","Charmes-Chambertin, Grand Cru, Domaine Hubert Lignier, Burgundy","1213","Case of 6 Bottles","https://www.bbr.com/products-20178120926-2017-charmes-chambertin-grand-cru-domaine-hubert-lignier-burgundy","1045253","20178120926"
"Hubert Lignier","2020","Charmes-Chambertin, Grand Cru, Domaine Hubert Lignier, Burgundy","780","Case of 3 Bottles","https://www.bbr.com/products-20208120926-2020-charmes-chambertin-grand-cru-domaine-hubert-lignier-burgundy","1045253","20208120926"
"Domaine Joseph Faiveley","2014","Charmes-Chambertin, Grand Cru, Domaine Joseph Faiveley, Burgundy","765","Case of 6 Bottles","https://www.bbr.com/products-20148020981-2014-charmes-chambertin-grand-cru-domaine-joseph-faiveley-burgundy","1031306","20148020981"
"Domaine Joseph Faiveley","2016","Charmes-Chambertin, Grand Cru, Domaine Joseph Faiveley, Burgundy","920","Case of 6 Bottles","https://www.bbr.com/products-20168020981-2016-charmes-chambertin-grand-cru-domaine-joseph-faiveley-burgundy","1031306","20168020981"
"Domaine Joseph Faiveley","2017","Charmes-Chambertin, Grand Cru, Domaine Joseph Faiveley, Burgundy","748","Case of 6 Bottles","https://www.bbr.com/products-20178020981-2017-charmes-chambertin-grand-cru-domaine-joseph-faiveley-burgundy","1031306","20178020981"
"Domaine Joseph Faiveley","2018","Charmes-Chambertin, Grand Cru, Domaine Joseph Faiveley, Burgundy","829","Case of 6 Bottles","https://www.bbr.com/products-20188020981-2018-charmes-chambertin-grand-cru-domaine-joseph-faiveley-burgundy","1031306","20188020981"
"Domaine Joseph Faiveley","2020","Charmes-Chambertin, Grand Cru, Domaine Joseph Faiveley, Burgundy","950","Case of 6 Bottles","https://www.bbr.com/products-20208020981-2020-charmes-chambertin-grand-cru-domaine-joseph-faiveley-burgundy","1031306","20208020981"
"Domaine Michel Magnien","2013","Charmes-Chambertin, Grand Cru, Domaine Michel Magnien, Burgundy","930","Case of 6 Bottles","https://www.bbr.com/products-20138218470-2013-charmes-chambertin-grand-cru-domaine-michel-magnien-burgundy","1045918","20138218470"
"Domaine Michel Magnien","2015","Charmes-Chambertin, Grand Cru, Domaine Michel Magnien, Burgundy","970","Case of 6 Bottles","https://www.bbr.com/products-20158218470-2015-charmes-chambertin-grand-cru-domaine-michel-magnien-burgundy","1045918","20158218470"
"Domaine Odoul-Coquard","2013","Charmes-Chambertin, Grand Cru, Domaine Odoul-Coquard","845","Case of 6 Bottles","https://www.bbr.com/products-20138208462-2013-charmes-chambertin-grand-cru-domaine-odoul-coquard","1226171","20138208462"
"Domaine Odoul-Coquard","2014","Charmes-Chambertin, Grand Cru, Domaine Odoul-Coquard, Burgundy","775","Case of 6 Bottles","https://www.bbr.com/products-20148208462-2014-charmes-chambertin-grand-cru-domaine-odoul-coquard-burgundy","1226171","20148208462"
"Domaine Odoul-Coquard","2015","Charmes-Chambertin, Grand Cru, Domaine Odoul-Coquard, Burgundy","875","Case of 6 Bottles","https://www.bbr.com/products-20158208462-2015-charmes-chambertin-grand-cru-domaine-odoul-coquard-burgundy","1226171","20158208462"
"Philippe Charlopin","2018","Charmes-Chambertin, Grand Cru, Domaine Philippe Charlopin, Burgundy","1128","Case of 6 Bottles","https://www.bbr.com/products-20188054649-2018-charmes-chambertin-grand-cru-domaine-philippe-charlopin-burgundy","1024663","20188054649"
"Philippe Charlopin","2019","Charmes-Chambertin, Grand Cru, Domaine Philippe Charlopin, Burgundy","1015","Case of 6 Bottles","https://www.bbr.com/products-20198054649-2019-charmes-chambertin-grand-cru-domaine-philippe-charlopin-burgundy","1024663","20198054649"
"Domaine Pierre Amiot & Fils","2016","Charmes-Chambertin, Grand Cru, Domaine Pierre Amiot & Fils, Burgundy","705","Case of 6 Bottles","https://www.bbr.com/products-20168126713-2016-charmes-chambertin-grand-cru-domaine-pierre-amiot-fils-burgundy","1319819","20168126713"
"Domaine Pierre Amiot & Fils","2017","Charmes-Chambertin, Grand Cru, Domaine Pierre Amiot & Fils, Burgundy","705","Case of 6 Bottles","https://www.bbr.com/products-20178126713-2017-charmes-chambertin-grand-cru-domaine-pierre-amiot-fils-burgundy","1319819","20178126713"
"Domaine Pierre Amiot & Fils","2019","Charmes-Chambertin, Grand Cru, Domaine Pierre Amiot & Fils, Burgundy","835","Case of 6 Bottles","https://www.bbr.com/products-20198126713-2019-charmes-chambertin-grand-cru-domaine-pierre-amiot-fils-burgundy","1319819","20198126713"
"Domaine Serafin Pere & Fils","2008","Charmes-Chambertin, Grand Cru, Domaine Serafin Pere & Fils, Burgundy","980","Case of 6 Bottles","https://www.bbr.com/products-20088018139-2008-charmes-chambertin-grand-cru-domaine-serafin-pere-fils-burgundy","1057627","20088018139"
"Domaine Serafin Pere & Fils","2011","Charmes-Chambertin, Grand Cru, Domaine Serafin Pere & Fils, Burgundy","970","Case of 6 Bottles","https://www.bbr.com/products-20118018139-2011-charmes-chambertin-grand-cru-domaine-serafin-pere-fils-burgundy","1057627","20118018139"
"Domaine Serafin Pere & Fils","2013","Charmes-Chambertin, Grand Cru, Domaine Serafin Pere & Fils, Burgundy","970","Case of 6 Bottles","https://www.bbr.com/products-20138018139-2013-charmes-chambertin-grand-cru-domaine-serafin-pere-fils-burgundy","1057627","20138018139"
"Domaine Serafin Pere & Fils","2014","Charmes-Chambertin, Grand Cru, Domaine Serafin Pere & Fils, Burgundy","950","Case of 6 Bottles","https://www.bbr.com/products-20148018139-2014-charmes-chambertin-grand-cru-domaine-serafin-pere-fils-burgundy","1057627","20148018139"
"Domaine Serafin Pere & Fils","2019","Charmes-Chambertin, Grand Cru, Domaine Serafin Pere & Fils, Burgundy","756","Case of 3 Bottles","https://www.bbr.com/products-20198018139-2019-charmes-chambertin-grand-cru-domaine-serafin-pere-fils-burgundy","1057627","20198018139"
"Domaine Serafin Pere & Fils","2023","Charmes-Chambertin, Grand Cru, Domaine Serafin Pere & Fils, Burgundy","625","Case of 3 Bottles","https://www.bbr.com/products-20238018139-2023-charmes-chambertin-grand-cru-domaine-serafin-pere-fils-burgundy","1057627","20238018139"
"Domaine Serafin Pere & Fils","2009","Charmes-Chambertin, Grand Cru, Domaine Serafin Pere &amp; Fils, Burgundy","3000","Case of 6 Bottles","https://www.bbr.com/products-20098018139-2009-charmes-chambertin-grand-cru-domaine-serafin-pere-and-fils-burgundy","1057627","20098018139"
"Domaine Serafin Pere & Fils","2010","Charmes-Chambertin, Grand Cru, Domaine Serafin Pere &amp; Fils, Burgundy","2300","Case of 6 Bottles","https://www.bbr.com/products-20108018139-2010-charmes-chambertin-grand-cru-domaine-serafin-pere-and-fils-burgundy","1057627","20108018139"
"Domaine Serafin Pere & Fils","2012","Charmes-Chambertin, Grand Cru, Domaine Serafin Pere &amp; Fils, Burgundy","1200","Case of 6 Bottles","https://www.bbr.com/products-20128018139-2012-charmes-chambertin-grand-cru-domaine-serafin-pere-and-fils-burgundy","1057627","20128018139"
"Domaine Serafin Pere & Fils","2016","Charmes-Chambertin, Grand Cru, Domaine Serafin Pere &amp; Fils, Burgundy","1380","Case of 6 Bottles","https://www.bbr.com/products-20168018139-2016-charmes-chambertin-grand-cru-domaine-serafin-pere-and-fils-burgundy","1057627","20168018139"
"Domaine Serafin Pere & Fils","2017","Charmes-Chambertin, Grand Cru, Domaine Serafin Pere &amp; Fils, Burgundy","920","Case of 6 Bottles","https://www.bbr.com/products-20178018139-2017-charmes-chambertin-grand-cru-domaine-serafin-pere-and-fils-burgundy","1057627","20178018139"
"Domaine Serafin Pere & Fils","2020","Charmes-Chambertin, Grand Cru, Domaine Serafin Pere &amp; Fils, Burgundy","357","Case of 3 Bottles","https://www.bbr.com/products-20208018139-2020-charmes-chambertin-grand-cru-domaine-serafin-pere-and-fils-burgundy","1057627","20208018139"
"Domaine Serafin Pere & Fils","2022","Charmes-Chambertin, Grand Cru, Domaine Serafin Pere &amp; Fils, Burgundy","399","Case of 3 Bottles","https://www.bbr.com/products-20228018139-2022-charmes-chambertin-grand-cru-domaine-serafin-pere-and-fils-burgundy","1057627","20228018139"
"Tortochot","2011","Charmes-Chambertin, Grand Cru, Domaine Tortochot, Burgundy","750","Case of 6 Bottles","https://www.bbr.com/products-20118217558-2011-charmes-chambertin-grand-cru-domaine-tortochot-burgundy","1058480","20118217558"
"Tortochot","2014","Charmes-Chambertin, Grand Cru, Domaine Tortochot, Burgundy","1340","Case of 12 Bottles","https://www.bbr.com/products-20148217558-2014-charmes-chambertin-grand-cru-domaine-tortochot-burgundy","1058480","20148217558"
"Tortochot","2016","Charmes-Chambertin, Grand Cru, Domaine Tortochot, Burgundy","1357","Case of 12 Bottles","https://www.bbr.com/products-20168217558-2016-charmes-chambertin-grand-cru-domaine-tortochot-burgundy","1058480","20168217558"
"Tortochot","2017","Charmes-Chambertin, Grand Cru, Domaine Tortochot, Burgundy","540","Case of 6 Bottles","https://www.bbr.com/products-20178217558-2017-charmes-chambertin-grand-cru-domaine-tortochot-burgundy","1058480","20178217558"
"Tortochot","2018","Charmes-Chambertin, Grand Cru, Domaine Tortochot, Burgundy","550","Case of 6 Bottles","https://www.bbr.com/products-20188217558-2018-charmes-chambertin-grand-cru-domaine-tortochot-burgundy","1058480","20188217558"
"Tortochot","2019","Charmes-Chambertin, Grand Cru, Domaine Tortochot, Burgundy","1000","Case of 6 Bottles","https://www.bbr.com/products-20198217558-2019-charmes-chambertin-grand-cru-domaine-tortochot-burgundy","1058480","20198217558"
"Tortochot","2020","Charmes-Chambertin, Grand Cru, Domaine Tortochot, Burgundy","800","Case of 6 Bottles","https://www.bbr.com/products-20208217558-2020-charmes-chambertin-grand-cru-domaine-tortochot-burgundy","1058480","20208217558"
"Domaine des Varoilles","2009","Charmes-Chambertin, Grand Cru, Domaine des Varoilles, Burgundy","780","Case of 6 Bottles","https://www.bbr.com/products-20098217457-2009-charmes-chambertin-grand-cru-domaine-des-varoilles-burgundy","1058695","20098217457"
"Domaine des Varoilles","2010","Charmes-Chambertin, Grand Cru, Domaine des Varoilles, Burgundy","725","Case of 6 Bottles","https://www.bbr.com/products-20108217457-2010-charmes-chambertin-grand-cru-domaine-des-varoilles-burgundy","1058695","20108217457"
"Domaine des Varoilles","2011","Charmes-Chambertin, Grand Cru, Domaine des Varoilles, Burgundy","860","Case of 6 Bottles","https://www.bbr.com/products-20118217457-2011-charmes-chambertin-grand-cru-domaine-des-varoilles-burgundy","1058695","20118217457"
"Domaine des Varoilles","2015","Charmes-Chambertin, Grand Cru, Domaine des Varoilles, Burgundy","650","Case of 6 Bottles","https://www.bbr.com/products-20158217457-2015-charmes-chambertin-grand-cru-domaine-des-varoilles-burgundy","1058695","20158217457"
"Domaine des Varoilles","2016","Charmes-Chambertin, Grand Cru, Domaine des Varoilles, Burgundy","620","Case of 6 Bottles","https://www.bbr.com/products-20168217457-2016-charmes-chambertin-grand-cru-domaine-des-varoilles-burgundy","1058695","20168217457"
"Domaine des Varoilles","2019","Charmes-Chambertin, Grand Cru, Domaine des Varoilles, Burgundy","790","Case of 6 Bottles","https://www.bbr.com/products-20198217457-2019-charmes-chambertin-grand-cru-domaine-des-varoilles-burgundy","1058695","20198217457"
"Domaine Geantet-Pansiot","2013","Charmes-Chambertin, Grand Cru, Geantet-Pansiot, Burgundy","1650","Case of 12 Bottles","https://www.bbr.com/products-20138219174-2013-charmes-chambertin-grand-cru-geantet-pansiot-burgundy","1033137","20138219174"
"Domaine Geantet-Pansiot","2014","Charmes-Chambertin, Grand Cru, Geantet-Pansiot, Burgundy","1580","Case of 12 Bottles","https://www.bbr.com/products-20148219174-2014-charmes-chambertin-grand-cru-geantet-pansiot-burgundy","1033137","20148219174"
"Domaine Geantet-Pansiot","2015","Charmes-Chambertin, Grand Cru, Geantet-Pansiot, Burgundy","1692","Case of 12 Bottles","https://www.bbr.com/products-20158219174-2015-charmes-chambertin-grand-cru-geantet-pansiot-burgundy","1033137","20158219174"
"Domaine Geantet-Pansiot","2016","Charmes-Chambertin, Grand Cru, Geantet-Pansiot, Burgundy","1636","Case of 12 Bottles","https://www.bbr.com/products-20168219174-2016-charmes-chambertin-grand-cru-geantet-pansiot-burgundy","1033137","20168219174"
"Domaine Geantet-Pansiot","2017","Charmes-Chambertin, Grand Cru, Geantet-Pansiot, Burgundy","1590","Case of 12 Bottles","https://www.bbr.com/products-20178219174-2017-charmes-chambertin-grand-cru-geantet-pansiot-burgundy","1033137","20178219174"
"Domaine Geantet-Pansiot","2018","Charmes-Chambertin, Grand Cru, Geantet-Pansiot, Burgundy","1805","Case of 12 Bottles","https://www.bbr.com/products-20188219174-2018-charmes-chambertin-grand-cru-geantet-pansiot-burgundy","1033137","20188219174"
"Domaine Geantet-Pansiot","2019","Charmes-Chambertin, Grand Cru, Geantet-Pansiot, Burgundy","800","Case of 6 Bottles","https://www.bbr.com/products-20198219174-2019-charmes-chambertin-grand-cru-geantet-pansiot-burgundy","1033137","20198219174"
"Domaine Geantet-Pansiot","2020","Charmes-Chambertin, Grand Cru, Geantet-Pansiot, Burgundy","855","Case of 6 Bottles","https://www.bbr.com/products-20208219174-2020-charmes-chambertin-grand-cru-geantet-pansiot-burgundy","1033137","20208219174"
"Gerard Quivy","2013","Charmes-Chambertin, Grand Cru, Gerard Quivy","838","Case of 6 Bottles","https://www.bbr.com/products-20138026550-2013-charmes-chambertin-grand-cru-gerard-quivy","1373585","20138026550"
"Jane Eyre","2019","Charmes-Chambertin, Grand Cru, Jane Eyre, Burgundy","600","Case of 3 Magnums","https://www.bbr.com/products-20198065537-2019-charmes-chambertin-grand-cru-jane-eyre-burgundy","1891270","20198065537"
"Domaine Fourrier","2019","Charmes-Chambertin, Grand Cru, Jean-Marie Fourrier, Burgundy","1899","Case of 6 Bottles","https://www.bbr.com/products-20198203193-2019-charmes-chambertin-grand-cru-jean-marie-fourrier-burgundy","1484984","20198203193"
"Maison Joseph Drouhin","2011","Charmes-Chambertin, Grand Cru, Joseph Drouhin, Burgundy","1466","Case of 12 Bottles","https://www.bbr.com/products-20118018953-2011-charmes-chambertin-grand-cru-joseph-drouhin-burgundy","1028964","20118018953"
"Maison Joseph Drouhin","2013","Charmes-Chambertin, Grand Cru, Joseph Drouhin, Burgundy","1906","Case of 12 Bottles","https://www.bbr.com/products-20138018953-2013-charmes-chambertin-grand-cru-joseph-drouhin-burgundy","1028964","20138018953"
"Maison Joseph Drouhin","2014","Charmes-Chambertin, Grand Cru, Joseph Drouhin, Burgundy","1288","Case of 6 Bottles","https://www.bbr.com/products-20148018953-2014-charmes-chambertin-grand-cru-joseph-drouhin-burgundy","1028964","20148018953"
"Maison Joseph Drouhin","2016","Charmes-Chambertin, Grand Cru, Joseph Drouhin, Burgundy","960","Case of 6 Bottles","https://www.bbr.com/products-20168018953-2016-charmes-chambertin-grand-cru-joseph-drouhin-burgundy","1028964","20168018953"
"Maison Joseph Drouhin","2017","Charmes-Chambertin, Grand Cru, Joseph Drouhin, Burgundy","1072","Case of 6 Bottles","https://www.bbr.com/products-20178018953-2017-charmes-chambertin-grand-cru-joseph-drouhin-burgundy","1028964","20178018953"
"Maison Joseph Drouhin","2018","Charmes-Chambertin, Grand Cru, Joseph Drouhin, Burgundy","1040","Case of 6 Bottles","https://www.bbr.com/products-20188018953-2018-charmes-chambertin-grand-cru-joseph-drouhin-burgundy","1028964","20188018953"
"Maison Joseph Drouhin","2020","Charmes-Chambertin, Grand Cru, Joseph Drouhin, Burgundy","1240","Case of 6 Bottles","https://www.bbr.com/products-20208018953-2020-charmes-chambertin-grand-cru-joseph-drouhin-burgundy","1028964","20208018953"
"Maison Joseph Drouhin","2020","Charmes-Chambertin, Grand Cru, Joseph Drouhin, Burgundy","455","Case of 3 Bottles","https://www.bbr.com/products-20208018953-2020-charmes-chambertin-grand-cru-joseph-drouhin-burgundy","1028964","20208018953"
"Domaine Claude-Dugat","2021","Charmes-Chambertin, Grand Cru, La Gibryotte, Domaine Claude-Dugat, Burgundy","450","Case of 3 Bottles","https://www.bbr.com/products-20218171292-2021-charmes-chambertin-grand-cru-la-gibryotte-domaine-claude-dugat-burgundy","1271722","20218171292"
"Louis Jadot","2021","Charmes-Chambertin, Grand Cru, Louis Jadot, Burgundy","600","Case of 3 Bottles","https://www.bbr.com/products-20218022031-2021-charmes-chambertin-grand-cru-louis-jadot-burgundy","1038002","20218022031"
"Louis Jadot","2022","Charmes-Chambertin, Grand Cru, Louis Jadot, Burgundy","645","Case of 3 Bottles","https://www.bbr.com/products-20228022031-2022-charmes-chambertin-grand-cru-louis-jadot-burgundy","1038002","20228022031"
"Lucien Le Moine","2012","Charmes-Chambertin, Grand Cru, Lucien Le Moine, Burgundy","1095","Case of 6 Bottles","https://www.bbr.com/products-20128218799-2012-charmes-chambertin-grand-cru-lucien-le-moine-burgundy","1042526","20128218799"
"Lucien Le Moine","2017","Charmes-Chambertin, Grand Cru, Lucien Le Moine, Burgundy","1427","Case of 6 Bottles","https://www.bbr.com/products-20178218799-2017-charmes-chambertin-grand-cru-lucien-le-moine-burgundy","1042526","20178218799"
"Maison Roche de Bellene","2012","Charmes-Chambertin, Grand Cru, Maison Roche de Bellene, Burgundy","1580","Case of 12 Bottles","https://www.bbr.com/products-20128020200-2012-charmes-chambertin-grand-cru-maison-roche-de-bellene-burgundy","1176232","20128020200"
"Domaine Tawse","2019","Charmes-Chambertin, Grand Cru, Marchand-Tawse, Burgundy","1000","Case of 6 Bottles","https://www.bbr.com/products-20198166322-2019-charmes-chambertin-grand-cru-marchand-tawse-burgundy","1229387","20198166322"
"Domaine Tawse","2020","Charmes-Chambertin, Grand Cru, Marchand-Tawse, Burgundy","999","Case of 3 Bottles","https://www.bbr.com/products-20208166322-2020-charmes-chambertin-grand-cru-marchand-tawse-burgundy","1229387","20208166322"
"Olivier Bernstein","2010","Charmes-Chambertin, Grand Cru, Olivier Bernstein, Burgundy","1200","Case of 6 Bottles","https://www.bbr.com/products-20101019735-2010-charmes-chambertin-grand-cru-olivier-bernstein-burgundy","1019735","20101019735"
"Olivier Bernstein","2013","Charmes-Chambertin, Grand Cru, Olivier Bernstein, Burgundy","1015","Case of 6 Bottles","https://www.bbr.com/products-20131019735-2013-charmes-chambertin-grand-cru-olivier-bernstein-burgundy","1019735","20131019735"
"Olivier Bernstein","2014","Charmes-Chambertin, Grand Cru, Olivier Bernstein, Burgundy","1195","Case of 6 Bottles","https://www.bbr.com/products-20141019735-2014-charmes-chambertin-grand-cru-olivier-bernstein-burgundy","1019735","20141019735"
"Olivier Bernstein","2014","Charmes-Chambertin, Grand Cru, Olivier Bernstein, Burgundy","1190","Case of 6 Bottles","https://www.bbr.com/products-20141019735-2014-charmes-chambertin-grand-cru-olivier-bernstein-burgundy","1019735","20141019735"
"Olivier Bernstein","2015","Charmes-Chambertin, Grand Cru, Olivier Bernstein, Burgundy","999","Case of 6 Bottles","https://www.bbr.com/products-20151019735-2015-charmes-chambertin-grand-cru-olivier-bernstein-burgundy","1019735","20151019735"
"Olivier Bernstein","2016","Charmes-Chambertin, Grand Cru, Olivier Bernstein, Burgundy","1250","Case of 6 Bottles","https://www.bbr.com/products-20161019735-2016-charmes-chambertin-grand-cru-olivier-bernstein-burgundy","1019735","20161019735"
"Philippe Pacalet","2019","Charmes-Chambertin, Grand Cru, Phillipe Pacalet, Burgundy","2098","Case of 6 Bottles","https://www.bbr.com/products-20198218249-2019-charmes-chambertin-grand-cru-phillipe-pacalet-burgundy","1049958","20198218249"
"Remoissenet Pere et Fils","2013","Charmes-Chambertin, Grand Cru, Remoissenet Pere & Fils, Burgundy","2233","Case of 12 Bottles","https://www.bbr.com/products-20138217880-2013-charmes-chambertin-grand-cru-remoissenet-pere-fils-burgundy","1054495","20138217880"
"Domaine Joseph Roty","2009","Charmes-Chambertin, Grand Cru, Tres Vieilles Vignes, Domaine JosephRoty, Burgundy","4640","Case of 12 Bottles","https://www.bbr.com/products-20098120216-2009-charmes-chambertin-grand-cru-tres-vieilles-vignes-domaine-josephroty-burgundy","1056330","20098120216"
"Domaine Joseph Roty","2017","Charmes-Chambertin, Grand Cru, Tres Vieilles Vignes, Domaine JosephRoty, Burgundy","1588","Case of 6 Bottles","https://www.bbr.com/products-20178120216-2017-charmes-chambertin-grand-cru-tres-vieilles-vignes-domaine-josephroty-burgundy","1056330","20178120216"
"Domaine Joseph Roty","2018","Charmes-Chambertin, Grand Cru, Tres Vieilles Vignes, Domaine JosephRoty, Burgundy","1510","Case of 6 Bottles","https://www.bbr.com/products-20188120216-2018-charmes-chambertin-grand-cru-tres-vieilles-vignes-domaine-josephroty-burgundy","1056330","20188120216"
"Domaine Denis Bachelet","2003","Charmes-Chambertin, Grand Cru, Vieilles Vignes, Domaine Denis Bachelet, Burgundy","4800","Case of 12 Bottles","https://www.bbr.com/products-20031019269-2003-charmes-chambertin-grand-cru-vieilles-vignes-domaine-denis-bachelet-burgundy","1019269","20031019269"
"Domaine Denis Bachelet","2006","Charmes-Chambertin, Grand Cru, Vieilles Vignes, Domaine Denis Bachelet, Burgundy","2200","Case of 6 Bottles","https://www.bbr.com/products-20061019269-2006-charmes-chambertin-grand-cru-vieilles-vignes-domaine-denis-bachelet-burgundy","1019269","20061019269"
"Domaine Denis Bachelet","2010","Charmes-Chambertin, Grand Cru, Vieilles Vignes, Domaine Denis Bachelet, Burgundy","4950","Case of 6 Bottles","https://www.bbr.com/products-20101019269-2010-charmes-chambertin-grand-cru-vieilles-vignes-domaine-denis-bachelet-burgundy","1019269","20101019269"
"Domaine Denis Bachelet","2016","Charmes-Chambertin, Grand Cru, Vieilles Vignes, Domaine Denis Bachelet, Burgundy","996","Case of 1 Bottles","https://www.bbr.com/products-20161019269-2016-charmes-chambertin-grand-cru-vieilles-vignes-domaine-denis-bachelet-burgundy","1019269","20161019269"
"Domaine Denis Bachelet","2018","Charmes-Chambertin, Grand Cru, Vieilles Vignes, Domaine Denis Bachelet, Burgundy","4800","Case of 6 Bottles","https://www.bbr.com/products-20181019269-2018-charmes-chambertin-grand-cru-vieilles-vignes-domaine-denis-bachelet-burgundy","1019269","20181019269"
"Domaine Denis Bachelet","2018","Charmes-Chambertin, Grand Cru, Vieilles Vignes, Domaine Denis Bachelet, Burgundy","4995","Case of 3 Magnums","https://www.bbr.com/products-20181019269-2018-charmes-chambertin-grand-cru-vieilles-vignes-domaine-denis-bachelet-burgundy","1019269","20181019269"
"Domaine Denis Bachelet","2011","Charmes-Chambertin, Grand Cru, Vieilles Vignes, Domaine DenisBachelet, Burgundy","4500","Case of 6 Bottles","https://www.bbr.com/products-20111019269-2011-charmes-chambertin-grand-cru-vieilles-vignes-domaine-denisbachelet-burgundy","1019269","20111019269"
"Dugat-Py","2011","Charmes-Chambertin, Grand Cru, Vieilles Vignes, Domaine Dugat-Py, Burgundy","1800","Case of 6 Bottles","https://www.bbr.com/products-20118122050-2011-charmes-chambertin-grand-cru-vieilles-vignes-domaine-dugat-py-burgundy","1030152","20118122050"
"Dugat-Py","2013","Charmes-Chambertin, Grand Cru, Vieilles Vignes, Domaine Dugat-Py, Burgundy","1800","Case of 6 Bottles","https://www.bbr.com/products-20138122050-2013-charmes-chambertin-grand-cru-vieilles-vignes-domaine-dugat-py-burgundy","1030152","20138122050"
"Dugat-Py","2020","Charmes-Chambertin, Grand Cru, Vieilles Vignes, Domaine Dugat-Py, Burgundy","1545","Case of 3 Bottles","https://www.bbr.com/products-20208122050-2020-charmes-chambertin-grand-cru-vieilles-vignes-domaine-dugat-py-burgundy","1030152","20208122050"
"Dugat-Py","2020","Charmes-Chambertin, Grand Cru, Vieilles Vignes, Domaine Dugat-Py, Burgundy","2850","Case of 6 Bottles","https://www.bbr.com/products-20208122050-2020-charmes-chambertin-grand-cru-vieilles-vignes-domaine-dugat-py-burgundy","1030152","20208122050"
"Dugat-Py","2021","Charmes-Chambertin, Grand Cru, Vieilles Vignes, Domaine Dugat-Py, Burgundy","1750","Case of 3 Bottles","https://www.bbr.com/products-20218122050-2021-charmes-chambertin-grand-cru-vieilles-vignes-domaine-dugat-py-burgundy","1030152","20218122050"
"Dugat-Py","2006","Charmes-Chambertin, Grand Cru, Vieilles Vignes, Domaine Dugat-Py,Burgundy","2400","Case of 6 Bottles","https://www.bbr.com/products-20068122050-2006-charmes-chambertin-grand-cru-vieilles-vignes-domaine-dugat-py-burgundy","1030152","20068122050"
"Dugat-Py","2017","Charmes-Chambertin, Grand Cru, Vieilles Vignes, Domaine Dugat-Py,Burgundy","2350","Case of 6 Bottles","https://www.bbr.com/products-20178122050-2017-charmes-chambertin-grand-cru-vieilles-vignes-domaine-dugat-py-burgundy","1030152","20178122050"
"Dugat-Py","2019","Charmes-Chambertin, Grand Cru, Vieilles Vignes, Domaine Dugat-Py,Burgundy","2700","Case of 6 Bottles","https://www.bbr.com/products-20198122050-2019-charmes-chambertin-grand-cru-vieilles-vignes-domaine-dugat-py-burgundy","1030152","20198122050"
"Domaine Perrot-Minot","2015","Charmes-Chambertin, Grand Cru, Vieilles Vignes, Domaine Perrot-Minot, Burgundy","333","Case of 1 Bottles","https://www.bbr.com/products-20158120623-2015-charmes-chambertin-grand-cru-vieilles-vignes-domaine-perrot-minot-burgundy","1050862","20158120623"
"Domaine Perrot-Minot","2016","Charmes-Chambertin, Grand Cru, Vieilles Vignes, Domaine Perrot-Minot, Burgundy","550","Case of 1 Magnums","https://www.bbr.com/products-20168120623-2016-charmes-chambertin-grand-cru-vieilles-vignes-domaine-perrot-minot-burgundy","1050862","20168120623"
"Domaine Perrot-Minot","2017","Charmes-Chambertin, Grand Cru, Vieilles Vignes, Domaine Perrot-Minot, Burgundy","1850","Case of 6 Bottles","https://www.bbr.com/products-20178120623-2017-charmes-chambertin-grand-cru-vieilles-vignes-domaine-perrot-minot-burgundy","1050862","20178120623"
"Domaine Perrot-Minot","2011","Charmes-Chambertin, Grand Cru, Vieilles Vignes, Domaine Perrot-Minot,Burgundy","1888","Case of 6 Bottles","https://www.bbr.com/products-20118120623-2011-charmes-chambertin-grand-cru-vieilles-vignes-domaine-perrot-minot-burgundy","1050862","20118120623"
"Domaine Joseph Faiveley","2015","Charmes-Chambertin, Les Mazoyeres Grand Cru, Domaine Faiveley","958","Case of 6 Bottles","https://www.bbr.com/products-20158020994-2015-charmes-chambertin-les-mazoyeres-grand-cru-domaine-faiveley","1838181","20158020994"
"Domaine de la Vougeraie","2005","Charmes-Chambertin, Les Mazoyeres, Grand Cru, Domaine de la Vougeraie,  Burgundy","1400","Case of 6 Bottles","https://www.bbr.com/products-20058005250-2005-charmes-chambertin-les-mazoyeres-grand-cru-domaine-de-la-vougeraie-burgundy","1132175","20058005250"
"Domaine de la Vougeraie","2009","Charmes-Chambertin, Les Mazoyeres, Grand Cru, Domaine de la Vougeraie, Burgundy","1000","Case of 6 Bottles","https://www.bbr.com/products-20098005250-2009-charmes-chambertin-les-mazoyeres-grand-cru-domaine-de-la-vougeraie-burgundy","1132175","20098005250"
"Domaine de la Vougeraie","2009","Charmes-Chambertin, Les Mazoyeres, Grand Cru, Domaine de la Vougeraie, Burgundy","1304","Case of 6 Bottles","https://www.bbr.com/products-20098005250-2009-charmes-chambertin-les-mazoyeres-grand-cru-domaine-de-la-vougeraie-burgundy","1132175","20098005250"
"Domaine de la Vougeraie","2010","Charmes-Chambertin, Les Mazoyeres, Grand Cru, Domaine de la Vougeraie, Burgundy","1150","Case of 6 Bottles","https://www.bbr.com/products-20108005250-2010-charmes-chambertin-les-mazoyeres-grand-cru-domaine-de-la-vougeraie-burgundy","1132175","20108005250"
"Domaine de la Vougeraie","2011","Charmes-Chambertin, Les Mazoyeres, Grand Cru, Domaine de la Vougeraie, Burgundy","585","Case of 6 Bottles","https://www.bbr.com/products-20118005250-2011-charmes-chambertin-les-mazoyeres-grand-cru-domaine-de-la-vougeraie-burgundy","1132175","20118005250"
"Domaine de la Vougeraie","2012","Charmes-Chambertin, Les Mazoyeres, Grand Cru, Domaine de la Vougeraie, Burgundy","680","Case of 6 Bottles","https://www.bbr.com/products-20128005250-2012-charmes-chambertin-les-mazoyeres-grand-cru-domaine-de-la-vougeraie-burgundy","1132175","20128005250"
"Domaine de la Vougeraie","2012","Charmes-Chambertin, Les Mazoyeres, Grand Cru, Domaine de la Vougeraie, Burgundy","650","Case of 6 Bottles","https://www.bbr.com/products-20128005250-2012-charmes-chambertin-les-mazoyeres-grand-cru-domaine-de-la-vougeraie-burgundy","1132175","20128005250"
"Domaine de la Vougeraie","2013","Charmes-Chambertin, Les Mazoyeres, Grand Cru, Domaine de la Vougeraie, Burgundy","678","Case of 6 Bottles","https://www.bbr.com/products-20138005250-2013-charmes-chambertin-les-mazoyeres-grand-cru-domaine-de-la-vougeraie-burgundy","1132175","20138005250"
"Domaine de la Vougeraie","2013","Charmes-Chambertin, Les Mazoyeres, Grand Cru, Domaine de la Vougeraie, Burgundy","680","Case of 6 Bottles","https://www.bbr.com/products-20138005250-2013-charmes-chambertin-les-mazoyeres-grand-cru-domaine-de-la-vougeraie-burgundy","1132175","20138005250"
"Domaine de la Vougeraie","2013","Charmes-Chambertin, Les Mazoyeres, Grand Cru, Domaine de la Vougeraie, Burgundy","750","Case of 6 Bottles","https://www.bbr.com/products-20138005250-2013-charmes-chambertin-les-mazoyeres-grand-cru-domaine-de-la-vougeraie-burgundy","1132175","20138005250"
"Domaine de la Vougeraie","2015","Charmes-Chambertin, Les Mazoyeres, Grand Cru, Domaine de la Vougeraie, Burgundy","1050","Case of 6 Bottles","https://www.bbr.com/products-20158005250-2015-charmes-chambertin-les-mazoyeres-grand-cru-domaine-de-la-vougeraie-burgundy","1132175","20158005250"
"Domaine de la Vougeraie","2015","Charmes-Chambertin, Les Mazoyeres, Grand Cru, Domaine de la Vougeraie, Burgundy","855","Case of 3 Magnums","https://www.bbr.com/products-20158005250-2015-charmes-chambertin-les-mazoyeres-grand-cru-domaine-de-la-vougeraie-burgundy","1132175","20158005250"
"Domaine de la Vougeraie","2016","Charmes-Chambertin, Les Mazoyeres, Grand Cru, Domaine de la Vougeraie, Burgundy","860","Case of 6 Bottles","https://www.bbr.com/products-20168005250-2016-charmes-chambertin-les-mazoyeres-grand-cru-domaine-de-la-vougeraie-burgundy","1132175","20168005250"
"Domaine de la Vougeraie","2018","Charmes-Chambertin, Les Mazoyeres, Grand Cru, Domaine de la Vougeraie, Burgundy","725","Case of 6 Bottles","https://www.bbr.com/products-20188005250-2018-charmes-chambertin-les-mazoyeres-grand-cru-domaine-de-la-vougeraie-burgundy","1132175","20188005250"
"Domaine de la Vougeraie","2018","Charmes-Chambertin, Les Mazoyeres, Grand Cru, Domaine de la Vougeraie, Burgundy","570","Case of 6 Bottles","https://www.bbr.com/products-20188005250-2018-charmes-chambertin-les-mazoyeres-grand-cru-domaine-de-la-vougeraie-burgundy","1132175","20188005250"
"Domaine de la Vougeraie","2019","Charmes-Chambertin, Les Mazoyeres, Grand Cru, Domaine de la Vougeraie, Burgundy","1050","Case of 6 Bottles","https://www.bbr.com/products-20198005250-2019-charmes-chambertin-les-mazoyeres-grand-cru-domaine-de-la-vougeraie-burgundy","1132175","20198005250"
"Domaine de la Vougeraie","2020","Charmes-Chambertin, Les Mazoyeres, Grand Cru, Domaine de la Vougeraie, Burgundy","1495","Case of 6 Bottles","https://www.bbr.com/products-20208005250-2020-charmes-chambertin-les-mazoyeres-grand-cru-domaine-de-la-vougeraie-burgundy","1132175","20208005250"
"Domaine de la Vougeraie","2021","Charmes-Chambertin, Les Mazoyeres, Grand Cru, Domaine de la Vougeraie, Burgundy","895","Case of 6 Bottles","https://www.bbr.com/products-20218005250-2021-charmes-chambertin-les-mazoyeres-grand-cru-domaine-de-la-vougeraie-burgundy","1132175","20218005250"
"Domaine de la Vougeraie","2021","Charmes-Chambertin, Les Mazoyeres, Grand Cru, Domaine de la Vougeraie, Burgundy","1140","Case of 3 Magnums","https://www.bbr.com/products-20218005250-2021-charmes-chambertin-les-mazoyeres-grand-cru-domaine-de-la-vougeraie-burgundy","1132175","20218005250"
"Domaine de la Vougeraie","2022","Charmes-Chambertin, Les Mazoyeres, Grand Cru, Domaine de la Vougeraie, Burgundy","780","Case of 3 Bottles","https://www.bbr.com/products-20228005250-2022-charmes-chambertin-les-mazoyeres-grand-cru-domaine-de-la-vougeraie-burgundy","1132175","20228005250"
"Domaine de la Vougeraie","2023","Charmes-Chambertin, Les Mazoyeres, Grand Cru, Domaine de la Vougeraie, Burgundy","1400","Case of 3 Bottles","https://www.bbr.com/products-20238005250-2023-charmes-chambertin-les-mazoyeres-grand-cru-domaine-de-la-vougeraie-burgundy","1132175","20238005250"
"Benjamin Leroux","2017","Charmes-Chambertin, Mazoyeres, Grand Cru, Benjamin Leroux, Burgundy","530","Case of 3 Bottles","https://www.bbr.com/products-20178017419-2017-charmes-chambertin-mazoyeres-grand-cru-benjamin-leroux-burgundy","1860119","20178017419"
"Benjamin Leroux","2018","Charmes-Chambertin, Mazoyeres, Grand Cru, Benjamin Leroux, Burgundy","550","Case of 3 Bottles","https://www.bbr.com/products-20188017419-2018-charmes-chambertin-mazoyeres-grand-cru-benjamin-leroux-burgundy","1860119","20188017419"
"Benjamin Leroux","2020","Charmes-Chambertin, Mazoyeres, Grand Cru, Benjamin Leroux, Burgundy","500","Case of 3 Bottles","https://www.bbr.com/products-20208017419-2020-charmes-chambertin-mazoyeres-grand-cru-benjamin-leroux-burgundy","1860119","20208017419"
"Caroline Morey","2021","Chassagne-Montrachet Blanc, 1er Cru, Caroline Morey, Burgundy","375","Case of 3 Bottles","https://www.bbr.com/products-20218256128-2021-chassagne-montrachet-blanc-1er-cru-caroline-morey-burgundy","1850895","20218256128"
"Domaine Amiot & Fils","2020","Chassagne-Montrachet Blanc, Clos Saint-Jean, 1er Cru, Domaine Amiot Guy Burgundy","400","Case of 6 Bottles","https://www.bbr.com/products-20208251237-2020-chassagne-montrachet-blanc-clos-saint-jean-1er-cru-domaine-amiot-guy-burgundy","1024780","20208251237"
"Domaine Lamy-Pillot","2014","Chassagne-Montrachet Blanc, Domaine Lamy-Pillot, Burgundy","1600","Case of 6 Magnums","https://www.bbr.com/products-20148066114-2014-chassagne-montrachet-blanc-domaine-lamy-pillot-burgundy","1072156","20148066114"
"Domaine Paul Pillot","2023","Chassagne-Montrachet Blanc, Domaine Paul Pillot, Burgundy","600","Case of 6 Bottles","https://www.bbr.com/products-20238238643-2023-chassagne-montrachet-blanc-domaine-paul-pillot-burgundy","1448706","20238238643"
"Philippe Charlopin","2020","Chassagne-Montrachet Blanc, Domaine Philippe Charlopin, Burgundy","655","Case of 12 Bottles","https://www.bbr.com/products-20208251211-2020-chassagne-montrachet-blanc-domaine-philippe-charlopin-burgundy","1063800","20208251211"
"Jean-Marc Pillot","2020","Chassagne-Montrachet Blanc, Les Macherelles, 1er Cru, Domaine Jean-Marc Pillot, Burgundy","480","Case of 6 Bottles","https://www.bbr.com/products-20208070609-2020-chassagne-montrachet-blanc-les-macherelles-1er-cru-domaine-jean-marc-pillot-burgundy","1077904","20208070609"
"Armand Heitz","2019","Chassagne-Montrachet Blanc, Morgeot, 1er Cru, Armand Heitz, Burgundy","500","Case of 6 Bottles","https://www.bbr.com/products-20198156301-2019-chassagne-montrachet-blanc-morgeot-1er-cru-armand-heitz-burgundy","1879739","20198156301"
"Armand Heitz","2021","Chassagne-Montrachet Blanc, Morgeot, 1er Cru, Armand Heitz, Burgundy","525","Case of 6 Bottles","https://www.bbr.com/products-20218156301-2021-chassagne-montrachet-blanc-morgeot-1er-cru-armand-heitz-burgundy","1879739","20218156301"
"Michel Niellon","2015","Chassagne-Montrachet Chenevottes, 1er Cru, Domaine Niellon, Burgundy","590","Case of 6 Bottles","https://www.bbr.com/products-20158038328-2015-chassagne-montrachet-chenevottes-1er-cru-domaine-niellon-burgundy","1077513","20158038328"
"Michel Niellon","2020","Chassagne-Montrachet Chenevottes, 1er Cru, Domaine Niellon, Burgundy","600","Case of 6 Bottles","https://www.bbr.com/products-20208038328-2020-chassagne-montrachet-chenevottes-1er-cru-domaine-niellon-burgundy","1077513","20208038328"
"Caroline Morey","2021","Chassagne-Montrachet Rouge, Caroline Morey, Burgundy","280","Case of 6 Bottles","https://www.bbr.com/products-20218204682-2021-chassagne-montrachet-rouge-caroline-morey-burgundy","1382323","20218204682"
"Domaine Lamy-Pillot","2018","Chassagne-Montrachet Rouge, Champs de Morgeot, Domaine Lamy-Pillot, Burgundy","600","Case of 6 Bottles","https://www.bbr.com/products-20188151364-2018-chassagne-montrachet-rouge-champs-de-morgeot-domaine-lamy-pillot-burgundy","1862403","20188151364"
"Chateau de Maltroye","2013","Chassagne-Montrachet Rouge, Clos du Chateau de la Maltroye, 1er Cru, Chateau de la Maltroye, Burgundy","550","Case of 12 Bottles","https://www.bbr.com/products-20138163376-2013-chassagne-montrachet-rouge-clos-du-chateau-de-la-maltroye-1er-cru-chateau-de-la-maltroye-burgundy","1263343","20138163376"
"Domaine Jean-Noel Gagnard","2012","Chassagne-Montrachet Rouge, Cuvee l'Estimee, Jean-Noel Gagnard","388","Case of 6 Bottles","https://www.bbr.com/products-20128034102-2012-chassagne-montrachet-rouge-cuvee-l-estimee-jean-noel-gagnard","1142170","20128034102"
"Ramonet","2021","Chassagne-Montrachet Rouge, Jean-Claude Ramonet, Burgundy","265","Case of 6 Bottles","https://www.bbr.com/products-20218170295-2021-chassagne-montrachet-rouge-jean-claude-ramonet-burgundy","1053964","20218170295"
"Domaine Joseph Colin","2018","Chassagne-Montrachet Rouge, Joseph Colin, Burgundy","220","Case of 6 Bottles","https://www.bbr.com/products-20188030726-2018-chassagne-montrachet-rouge-joseph-colin-burgundy","1768776","20188030726"
"Domaine Philippe Colin","2019","Chassagne-Montrachet Rouge, Les Chenes, Domaine Philippe Colin, Burgundy","360","Case of 12 Bottles","https://www.bbr.com/products-20191263314-2019-chassagne-montrachet-rouge-les-chenes-domaine-philippe-colin-burgundy","1263314","20191263314"
"Domaine Jean-Noel Gagnard","2017","Chassagne-Montrachet Rouge, Maison Caroline Lestime, Burgundy","335","Case of 12 Bottles","https://www.bbr.com/products-20178036568-2017-chassagne-montrachet-rouge-maison-caroline-lestime-burgundy","1845781","20178036568"
"Domaine Jean-Noel Gagnard","2020","Chassagne-Montrachet Rouge, Maison Caroline Lestime, Burgundy","190","Case of 6 Bottles","https://www.bbr.com/products-20208036568-2020-chassagne-montrachet-rouge-maison-caroline-lestime-burgundy","1845781","20208036568"
"Domaine Jean-Noel Gagnard","2019","Chassagne-Montrachet Rouge, Morgeot, 1er Cru, Domaine Jean-Noel Gagnard, Burgundy","260","Case of 6 Bottles","https://www.bbr.com/products-20198023735-2019-chassagne-montrachet-rouge-morgeot-1er-cru-domaine-jean-noel-gagnard-burgundy","1032534","20198023735"
"Domaine Jean-Noel Gagnard","2020","Chassagne-Montrachet Rouge, Morgeot, 1er Cru, Domaine Jean-Noel Gagnard, Burgundy","290","Case of 6 Bottles","https://www.bbr.com/products-20208023735-2020-chassagne-montrachet-rouge-morgeot-1er-cru-domaine-jean-noel-gagnard-burgundy","1032534","20208023735"
"Domaine Jean-Noel Gagnard","2021","Chassagne-Montrachet Rouge, Morgeot, 1er Cru, Domaine Jean-Noel Gagnard, Burgundy","325","Case of 6 Bottles","https://www.bbr.com/products-20218023735-2021-chassagne-montrachet-rouge-morgeot-1er-cru-domaine-jean-noel-gagnard-burgundy","1032534","20218023735"
"Domaine Jean-Noel Gagnard","2022","Chassagne-Montrachet Rouge, Morgeot, 1er Cru, Domaine Jean-Noel Gagnard, Burgundy","323","Case of 6 Bottles","https://www.bbr.com/products-20228023735-2022-chassagne-montrachet-rouge-morgeot-1er-cru-domaine-jean-noel-gagnard-burgundy","1032534","20228023735"
"Domaine Jean-Noel Gagnard","2023","Chassagne-Montrachet Rouge, Morgeot, 1er Cru, Domaine Jean-Noel Gagnard, Burgundy","298","Case of 6 Bottles","https://www.bbr.com/products-20238023735-2023-chassagne-montrachet-rouge-morgeot-1er-cru-domaine-jean-noel-gagnard-burgundy","1032534","20238023735"
"Domaine Jean-Noel Gagnard","2012","Chassagne-Montrachet Rouge, Morgeot, 1er Cru, Domaine Jean-NoelGagnard, Burgundy","420","Case of 6 Bottles","https://www.bbr.com/products-20128023735-2012-chassagne-montrachet-rouge-morgeot-1er-cru-domaine-jean-noelgagnard-burgundy","1032534","20128023735"
"Domaine Jean-Noel Gagnard","2018","Chassagne-Montrachet Rouge, Morgeot, 1er Cru, Domaine Jean-NoelGagnard, Burgundy","348","Case of 6 Bottles","https://www.bbr.com/products-20188023735-2018-chassagne-montrachet-rouge-morgeot-1er-cru-domaine-jean-noelgagnard-burgundy","1032534","20188023735"
"Lucien Le Moine","2018","Chassagne-Montrachet Rouge, Morgeot, 1er Cru, Lucien Le Moine, Burgundy","536","Case of 6 Bottles","https://www.bbr.com/products-20188107097-2018-chassagne-montrachet-rouge-morgeot-1er-cru-lucien-le-moine-burgundy","1412510","20188107097"
"Domaine de la Vougeraie","2021","Chassagne-Montrachet Rouge, Morgeot, Clos de la Chapelle, 1er Cru, Domaine de la Vougeraie, Burgundy","394","Case of 6 Bottles","https://www.bbr.com/products-20218160434-2021-chassagne-montrachet-rouge-morgeot-clos-de-la-chapelle-1er-cru-domaine-de-la-vougeraie-burgundy","2973470","20218160434"
"Domaine de la Vougeraie","2022","Chassagne-Montrachet Rouge, Morgeot, Clos de la Chapelle, 1er Cru, Domaine de la Vougeraie, Burgundy","777","Case of 6 Bottles","https://www.bbr.com/products-20228160434-2022-chassagne-montrachet-rouge-morgeot-clos-de-la-chapelle-1er-cru-domaine-de-la-vougeraie-burgundy","2973470","20228160434"
"Maison Pierre Brisset","2020","Chassagne-Montrachet, Abbaye de Morgeot, 1er Cru, Pierre Brisset, Burgundy","330","Case of 6 Bottles","https://www.bbr.com/products-20208327947-2020-chassagne-montrachet-abbaye-de-morgeot-1er-cru-pierre-brisset-burgundy","2239804","20208327947"
"Maison Pierre Brisset","2021","Chassagne-Montrachet, Abbaye de Morgeot, 1er Cru, Pierre Brisset, Burgundy","450","Case of 6 Bottles","https://www.bbr.com/products-20218327947-2021-chassagne-montrachet-abbaye-de-morgeot-1er-cru-pierre-brisset-burgundy","2239804","20218327947"
"Olivier Leflaive","2023","Chassagne-Montrachet, Abbaye de Morgeot, 1er Cru, Recolte du Domaine, Olivier Leflaive, Burgundy","769","Case of 6 Bottles","https://www.bbr.com/products-20238164142-2023-chassagne-montrachet-abbaye-de-morgeot-1er-cru-recolte-du-domaine-olivier-leflaive-burgundy","1830127","20238164142"
"Domaine Jean-Noel Gagnard","2015","Chassagne-Montrachet, Blanchot Dessus, 1er Cru, Domaine Jean-Noel Gagnard, Burgundy","620","Case of 6 Bottles","https://www.bbr.com/products-20158023719-2015-chassagne-montrachet-blanchot-dessus-1er-cru-domaine-jean-noel-gagnard-burgundy","1068720","20158023719"
"Domaine Jean-Noel Gagnard","2018","Chassagne-Montrachet, Blanchot Dessus, 1er Cru, Domaine Jean-Noel Gagnard, Burgundy","390","Case of 6 Bottles","https://www.bbr.com/products-20188023719-2018-chassagne-montrachet-blanchot-dessus-1er-cru-domaine-jean-noel-gagnard-burgundy","1068720","20188023719"
"Domaine Jean-Noel Gagnard","2021","Chassagne-Montrachet, Blanchot Dessus, 1er Cru, Domaine Jean-Noel Gagnard, Burgundy","850","Case of 6 Bottles","https://www.bbr.com/products-20218023719-2021-chassagne-montrachet-blanchot-dessus-1er-cru-domaine-jean-noel-gagnard-burgundy","1068720","20218023719"
"Domaine Jean-Noel Gagnard","2023","Chassagne-Montrachet, Blanchot Dessus, 1er Cru, Domaine Jean-Noel Gagnard, Burgundy","665","Case of 6 Bottles","https://www.bbr.com/products-20238023719-2023-chassagne-montrachet-blanchot-dessus-1er-cru-domaine-jean-noel-gagnard-burgundy","1068720","20238023719"
"Jean-Claude Bachelet","2018","Chassagne-Montrachet, Blanchots Dessus, 1er Cru, Domaine Jean-Claude Bachelet, Burgundy","2600","Case of 6 Bottles","https://www.bbr.com/products-20181525522-2018-chassagne-montrachet-blanchots-dessus-1er-cru-domaine-jean-claude-bachelet-burgundy","1525522","20181525522"
"Jean-Claude Bachelet","2013","Chassagne-Montrachet, Blanchots Dessus, 1er Cru, Domaine Jean-ClaudeBachelet, Burgundy","1700","Case of 6 Bottles","https://www.bbr.com/products-20131525522-2013-chassagne-montrachet-blanchots-dessus-1er-cru-domaine-jean-claudebachelet-burgundy","1525522","20131525522"
"Jean-Claude Bachelet","2014","Chassagne-Montrachet, Blanchots Dessus, 1er Cru, Domaine Jean-ClaudeBachelet, Burgundy","4000","Case of 6 Bottles","https://www.bbr.com/products-20141525522-2014-chassagne-montrachet-blanchots-dessus-1er-cru-domaine-jean-claudebachelet-burgundy","1525522","20141525522"
"Jean-Claude Bachelet","2015","Chassagne-Montrachet, Blanchots Dessus, 1er Cru, Domaine Jean-ClaudeBachelet, Burgundy","2900","Case of 6 Bottles","https://www.bbr.com/products-20151525522-2015-chassagne-montrachet-blanchots-dessus-1er-cru-domaine-jean-claudebachelet-burgundy","1525522","20151525522"
"Jean-Claude Bachelet","2016","Chassagne-Montrachet, Blanchots Dessus, 1er Cru, Domaine Jean-ClaudeBachelet, Burgundy","4750","Case of 6 Bottles","https://www.bbr.com/products-20161525522-2016-chassagne-montrachet-blanchots-dessus-1er-cru-domaine-jean-claudebachelet-burgundy","1525522","20161525522"
"Lucien Le Moine","2016","Chassagne-Montrachet, Cailleret, 1er Cru, Lucien Le Moine, Burgundy","850","Case of 6 Bottles","https://www.bbr.com/products-20168103376-2016-chassagne-montrachet-cailleret-1er-cru-lucien-le-moine-burgundy","1073153","20168103376"
"Vincent & Sophie Morey","2017","Chassagne-Montrachet, Caillerets, 1er Cru, Vincent & Sophie Morey, Burgundy","430","Case of 6 Bottles","https://www.bbr.com/products-20178000226-2017-chassagne-montrachet-caillerets-1er-cru-vincent-sophie-morey-burgundy","1233609","20178000226"
"Caroline Morey","2018","Chassagne-Montrachet, Chambrees, Caroline Morey, Burgundy","900","Case of 6 Bottles","https://www.bbr.com/products-20188044051-2018-chassagne-montrachet-chambrees-caroline-morey-burgundy","1858497","20188044051"
"Domaine Jean-Noel Gagnard","2018","Chassagne-Montrachet, Champ Derriere, Jean-Noel Gagnard, Burgundy","378","Case of 6 Bottles","https://www.bbr.com/products-20188237747-2018-chassagne-montrachet-champ-derriere-jean-noel-gagnard-burgundy","1762051","20188237747"
"Domaine Bernard Moreau et Fils","2022","Chassagne-Montrachet, Chenevottes, 1er Cru, Alex Moreau, Burgundy","788","Case of 6 Bottles","https://www.bbr.com/products-20228041164-2022-chassagne-montrachet-chenevottes-1er-cru-alex-moreau-burgundy","1076095","20228041164"
"Domaine Paul Pillot","2023","Chassagne-Montrachet, Clos Saint Jean, 1er Cru, Domaine Paul Pillot, Burgundy","500","Case of 3 Bottles","https://www.bbr.com/products-20238039471-2023-chassagne-montrachet-clos-saint-jean-1er-cru-domaine-paul-pillot-burgundy","1078086","20238039471"
"Michel Niellon","2010","Chassagne-Montrachet, Clos de la Maltroie, 1er Cru, Domaine Michel Niellon, Burgundy","1200","Case of 12 Bottles","https://www.bbr.com/products-20108023562-2010-chassagne-montrachet-clos-de-la-maltroie-1er-cru-domaine-michel-niellon-burgundy","1077526","20108023562"
"Domaine de la Vougeraie","2020","Chassagne-Montrachet, Clos de la Maltroie, 1er Cru, Domaine de la Vougeraie, Burgundy","350","Case of 6 Bottles","https://www.bbr.com/products-20208119070-2020-chassagne-montrachet-clos-de-la-maltroie-1er-cru-domaine-de-la-vougeraie-burgundy","2115731","20208119070"
"Domaine Jean-Noel Gagnard","2017","Chassagne-Montrachet, Clos de la Maltroye, 1er Cru, Jean-Noel Gagnard, Burgundy","430","Case of 6 Bottles","https://www.bbr.com/products-20171068788-2017-chassagne-montrachet-clos-de-la-maltroye-1er-cru-jean-noel-gagnard-burgundy","1068788","20171068788"
"Domaine Jean-Noel Gagnard","2018","Chassagne-Montrachet, Clos de la Maltroye, 1er Cru, Jean-Noel Gagnard, Burgundy","400","Case of 6 Bottles","https://www.bbr.com/products-20181068788-2018-chassagne-montrachet-clos-de-la-maltroye-1er-cru-jean-noel-gagnard-burgundy","1068788","20181068788"
"Domaine Jean-Noel Gagnard","2020","Chassagne-Montrachet, Clos de la Maltroye, 1er Cru, Jean-Noel Gagnard, Burgundy","440","Case of 6 Bottles","https://www.bbr.com/products-20201068788-2020-chassagne-montrachet-clos-de-la-maltroye-1er-cru-jean-noel-gagnard-burgundy","1068788","20201068788"
"Domaine Jean-Noel Gagnard","2021","Chassagne-Montrachet, Clos de la Maltroye, 1er Cru, Jean-Noel Gagnard, Burgundy","600","Case of 6 Bottles","https://www.bbr.com/products-20211068788-2021-chassagne-montrachet-clos-de-la-maltroye-1er-cru-jean-noel-gagnard-burgundy","1068788","20211068788"
"Domaine Marc Colin","2022","Chassagne-Montrachet, Cuvee Margot, Marc Colin & Fils, Burgundy","445","Case of 6 Bottles","https://www.bbr.com/products-20221572962-2022-chassagne-montrachet-cuvee-margot-marc-colin-fils-burgundy","1572962","20221572962"
"Domaine Jacques Carillon","2022","Chassagne-Montrachet, Domaine Jacques Carillon, Burgundy","390","Case of 6 Bottles","https://www.bbr.com/products-20221537387-2022-chassagne-montrachet-domaine-jacques-carillon-burgundy","1537387","20221537387"
"Lamy Caillat","2018","Chassagne-Montrachet, Domaine Lamy Caillat, Burgundy","1750","Case of 6 Bottles","https://www.bbr.com/products-20188048990-2018-chassagne-montrachet-domaine-lamy-caillat-burgundy","1762468","20188048990"
"Lamy Caillat","2019","Chassagne-Montrachet, Domaine Lamy Caillat, Burgundy","2245","Case of 6 Bottles","https://www.bbr.com/products-20198048990-2019-chassagne-montrachet-domaine-lamy-caillat-burgundy","1762468","20198048990"
"Michel Niellon","2012","Chassagne-Montrachet, Domaine Michel Niellon","860","Case of 12 Bottles","https://www.bbr.com/products-20128023517-2012-chassagne-montrachet-domaine-michel-niellon","1077470","20128023517"
"Michel Niellon","2013","Chassagne-Montrachet, Domaine Michel Niellon","675","Case of 12 Bottles","https://www.bbr.com/products-20138023517-2013-chassagne-montrachet-domaine-michel-niellon","1077470","20138023517"
"Michel Niellon","2014","Chassagne-Montrachet, Domaine Michel Niellon","875","Case of 12 Bottles","https://www.bbr.com/products-20148023517-2014-chassagne-montrachet-domaine-michel-niellon","1077470","20148023517"
"Michel Niellon","2019","Chassagne-Montrachet, Domaine Michel Niellon, Burgundy","330","Case of 6 Bottles","https://www.bbr.com/products-20198023517-2019-chassagne-montrachet-domaine-michel-niellon-burgundy","1077470","20198023517"
"Domaine Philippe Colin","2019","Chassagne-Montrachet, Domaine Philippe Colin, Burgundy","282","Case of 6 Bottles","https://www.bbr.com/products-20191232312-2019-chassagne-montrachet-domaine-philippe-colin-burgundy","1232312","20191232312"
"Domaine Thomas Morey","2023","Chassagne-Montrachet, Domaine Thomas Morey, Burgundy","300","Case of 6 Bottles","https://www.bbr.com/products-20238070931-2023-chassagne-montrachet-domaine-thomas-morey-burgundy","1202160","20238070931"
"Domaine de Montille","2020","Chassagne-Montrachet, Domaine de Montille, Burgundy","325","Case of 6 Bottles","https://www.bbr.com/products-20208018386-2020-chassagne-montrachet-domaine-de-montille-burgundy","1063145","20208018386"
"Domaine de Montille","2021","Chassagne-Montrachet, Domaine de Montille, Burgundy","400","Case of 6 Bottles","https://www.bbr.com/products-20218018386-2021-chassagne-montrachet-domaine-de-montille-burgundy","1063145","20218018386"
"Domaine de Montille","2022","Chassagne-Montrachet, Domaine de Montille, Burgundy","350","Case of 6 Bottles","https://www.bbr.com/products-20228018386-2022-chassagne-montrachet-domaine-de-montille-burgundy","1063145","20228018386"
"Domaine de Montille","2023","Chassagne-Montrachet, Domaine de Montille, Burgundy","350","Case of 6 Bottles","https://www.bbr.com/products-20238018386-2023-chassagne-montrachet-domaine-de-montille-burgundy","1063145","20238018386"
"Domaine Joseph Colin","2018","Chassagne-Montrachet, En Cailleret, 1er Cru, Joseph Colin, Burgundy","1200","Case of 6 Bottles","https://www.bbr.com/products-20188030885-2018-chassagne-montrachet-en-cailleret-1er-cru-joseph-colin-burgundy","1768750","20188030885"
"Domaine Joseph Colin","2019","Chassagne-Montrachet, En Cailleret, 1er Cru, Joseph Colin, Burgundy","1800","Case of 6 Bottles","https://www.bbr.com/products-20198030885-2019-chassagne-montrachet-en-cailleret-1er-cru-joseph-colin-burgundy","1768750","20198030885"
"Domaine Joseph Colin","2021","Chassagne-Montrachet, En Cailleret, 1er Cru, Joseph Colin, Burgundy","750","Case of 6 Bottles","https://www.bbr.com/products-20218030885-2021-chassagne-montrachet-en-cailleret-1er-cru-joseph-colin-burgundy","1768750","20218030885"
"Domaine Bruno Colin","2023","Chassagne-Montrachet, En Remilly, 1er Cru, Bruno Colin, Burgundy","1150","Case of 6 Bottles","https://www.bbr.com/products-20238166856-2023-chassagne-montrachet-en-remilly-1er-cru-bruno-colin-burgundy","1198643","20238166856"
"Lucien Le Moine","2018","Chassagne-Montrachet, En Remilly, 1er Cru, Lucien Le Moine, Burgundy","672","Case of 6 Bottles","https://www.bbr.com/products-20188103493-2018-chassagne-montrachet-en-remilly-1er-cru-lucien-le-moine-burgundy","1381209","20188103493"
"Xavier Monnot","2021","Chassagne-Montrachet, En Remilly, 1er Cru, Xavier Monnot, Burgundy","458","Case of 6 Bottles","https://www.bbr.com/products-20218229339-2021-chassagne-montrachet-en-remilly-1er-cru-xavier-monnot-burgundy","1865635","20218229339"
"Domaine Fernand et Laurent Pillot","2023","Chassagne-Montrachet, Grandes Ruchottes, 1er Cru, Domaine Fernand &amp;  Laurent Pillot, Burgundy","690","Case of 6 Bottles","https://www.bbr.com/products-20238327804-2023-chassagne-montrachet-grandes-ruchottes-1er-cru-domaine-fernand-and-laurent-pillot-burgundy","1077786","20238327804"
"Domaine Joseph Colin","2017","Chassagne-Montrachet, Joseph Colin, Burgundy","700","Case of 6 Bottles","https://www.bbr.com/products-20178030898-2017-chassagne-montrachet-joseph-colin-burgundy","1768747","20178030898"
"Domaine Fontaine-Gagnard","2023","Chassagne-Montrachet, La Boudriotte, 1er Cru, Domaine Fontaine- Gagnard, Burgundy","430","Case of 6 Bottles","https://www.bbr.com/products-20238232335-2023-chassagne-montrachet-la-boudriotte-1er-cru-domaine-fontaine-gagnard-burgundy","1068515","20238232335"
"Domaine Jean-Noel Gagnard","2012","Chassagne-Montrachet, La Boudriotte, 1er Cru, Domaine Jean-Noel Gagnard, Burgundy","355","Case of 6 Bottles","https://www.bbr.com/products-20128000239-2012-chassagne-montrachet-la-boudriotte-1er-cru-domaine-jean-noel-gagnard-burgundy","1068733","20128000239"
"Domaine Jean-Noel Gagnard","2018","Chassagne-Montrachet, La Boudriotte, 1er Cru, Domaine Jean-Noel Gagnard, Burgundy","450","Case of 6 Bottles","https://www.bbr.com/products-20188000239-2018-chassagne-montrachet-la-boudriotte-1er-cru-domaine-jean-noel-gagnard-burgundy","1068733","20188000239"
"Domaine Jean-Noel Gagnard","2019","Chassagne-Montrachet, La Boudriotte, 1er Cru, Domaine Jean-Noel Gagnard, Burgundy","465","Case of 6 Bottles","https://www.bbr.com/products-20198000239-2019-chassagne-montrachet-la-boudriotte-1er-cru-domaine-jean-noel-gagnard-burgundy","1068733","20198000239"
"Domaine Jean-Noel Gagnard","2020","Chassagne-Montrachet, La Boudriotte, 1er Cru, Domaine Jean-Noel Gagnard, Burgundy","435","Case of 6 Bottles","https://www.bbr.com/products-20208000239-2020-chassagne-montrachet-la-boudriotte-1er-cru-domaine-jean-noel-gagnard-burgundy","1068733","20208000239"
"Domaine Jean-Noel Gagnard","2021","Chassagne-Montrachet, La Boudriotte, 1er Cru, Domaine Jean-Noel Gagnard, Burgundy","588","Case of 6 Bottles","https://www.bbr.com/products-20218000239-2021-chassagne-montrachet-la-boudriotte-1er-cru-domaine-jean-noel-gagnard-burgundy","1068733","20218000239"
"Domaine Jean-Noel Gagnard","2022","Chassagne-Montrachet, La Boudriotte, 1er Cru, Domaine Jean-Noel Gagnard, Burgundy","630","Case of 6 Bottles","https://www.bbr.com/products-20228000239-2022-chassagne-montrachet-la-boudriotte-1er-cru-domaine-jean-noel-gagnard-burgundy","1068733","20228000239"
"Domaine Jean-Noel Gagnard","2023","Chassagne-Montrachet, La Boudriotte, 1er Cru, Domaine Jean-Noel Gagnard, Burgundy","625","Case of 6 Bottles","https://www.bbr.com/products-20238000239-2023-chassagne-montrachet-la-boudriotte-1er-cru-domaine-jean-noel-gagnard-burgundy","1068733","20238000239"
"Jean-Claude Bachelet","2021","Chassagne-Montrachet, La Boudriotte, 1er Cru, Jean-Claude Bachelet & Fils, Burgundy","475","Case of 6 Bottles","https://www.bbr.com/products-20211131657-2021-chassagne-montrachet-la-boudriotte-1er-cru-jean-claude-bachelet-fils-burgundy","1131657","20211131657"
"Jean-Claude Bachelet","2017","Chassagne-Montrachet, La Boudriotte, 1er Cru, Jean-Claude Bachelet &amp; Fils, Burgundy","750","Case of 6 Bottles","https://www.bbr.com/products-20171131657-2017-chassagne-montrachet-la-boudriotte-1er-cru-jean-claude-bachelet-and-fils-burgundy","1131657","20171131657"
"Jean-Claude Bachelet","2019","Chassagne-Montrachet, La Boudriotte, 1er Cru, Jean-Claude Bachelet &amp; Fils, Burgundy","450","Case of 6 Bottles","https://www.bbr.com/products-20191131657-2019-chassagne-montrachet-la-boudriotte-1er-cru-jean-claude-bachelet-and-fils-burgundy","1131657","20191131657"
"Jean-Claude Bachelet","2022","Chassagne-Montrachet, La Boudriotte, 1er Cru, Jean-Claude Bachelet &amp; Fils, Burgundy","500","Case of 6 Bottles","https://www.bbr.com/products-20221131657-2022-chassagne-montrachet-la-boudriotte-1er-cru-jean-claude-bachelet-and-fils-burgundy","1131657","20221131657"
"Domaine Coffinet-Duvernay","2020","Chassagne-Montrachet, La Maltroie, 1er Cru, Domaine Coffinet-Duvernay, Burgundy","500","Case of 6 Bottles","https://www.bbr.com/products-20208302809-2020-chassagne-montrachet-la-maltroie-1er-cru-domaine-coffinet-duvernay-burgundy","1478639","20208302809"
"Domaine Jean-Noel Gagnard","2023","Chassagne-Montrachet, La Maltroie, Clos de la Maltroie, 1er Cru, Jean- Noel Gagnard, Burgundy","525","Case of 6 Bottles","https://www.bbr.com/products-20231068788-2023-chassagne-montrachet-la-maltroie-clos-de-la-maltroie-1er-cru-jean-noel-gagnard-burgundy","1068788","20231068788"
"Domaine Pierre Vincent","2023","Chassagne-Montrachet, La Platiere, Domaine Pierre Vincent, Burgundy","1080","Case of 6 Bottles","https://www.bbr.com/products-20238182089-2023-chassagne-montrachet-la-platiere-domaine-pierre-vincent-burgundy","1449660","20238182089"
"Domaine Paul Pillot","2019","Chassagne-Montrachet, La Romanee, 1er Cru, Domaine Paul Pillot, Burgundy","2450","Case of 3 Magnums","https://www.bbr.com/products-20198216304-2019-chassagne-montrachet-la-romanee-1er-cru-domaine-paul-pillot-burgundy","1078060","20198216304"
"Lamy Caillat","2017","Chassagne-Montrachet, La Romanee, 1er Cru, Lamy-Caillat, Burgundy","3960","Case of 6 Bottles","https://www.bbr.com/products-20178049001-2017-chassagne-montrachet-la-romanee-1er-cru-lamy-caillat-burgundy","1569881","20178049001"
"Vincent Dancer","2018","Chassagne-Montrachet, La Romanee, 1er Cru, Vincent Dancer, Burgundy","2125","Case of 6 Bottles","https://www.bbr.com/products-20188217125-2018-chassagne-montrachet-la-romanee-1er-cru-vincent-dancer-burgundy","1066348","20188217125"
"Domaine Hubert Lamy","2021","Chassagne-Montrachet, Le Concis du Champs, Domaine Hubert Lamy, Burgundy","769","Case of 6 Bottles","https://www.bbr.com/products-20218019370-2021-chassagne-montrachet-le-concis-du-champs-domaine-hubert-lamy-burgundy","1171455","20218019370"
"Domaine Hubert Lamy","2022","Chassagne-Montrachet, Le Concis du Champs, Domaine Hubert Lamy, Burgundy","350","Case of 3 Bottles","https://www.bbr.com/products-20228019370-2022-chassagne-montrachet-le-concis-du-champs-domaine-hubert-lamy-burgundy","1171455","20228019370"
"Benjamin Leroux","2017","Chassagne-Montrachet, Les Baudines, 1er Cru, Benjamin Leroux, Burgundy","530","Case of 6 Bottles","https://www.bbr.com/products-20171138470-2017-chassagne-montrachet-les-baudines-1er-cru-benjamin-leroux-burgundy","1138470","20171138470"
"Domaine Amiot & Fils","2020","Chassagne-Montrachet, Les Baudines, 1er Cru, Domaine Amiot Guy & Fils, Burgundy","406","Case of 6 Bottles","https://www.bbr.com/products-20208251240-2020-chassagne-montrachet-les-baudines-1er-cru-domaine-amiot-guy-fils-burgundy","1059735","20208251240"
"Domaine Coffinet-Duvernay","2022","Chassagne-Montrachet, Les Blanchots Dessous, Domaine Coffinet-Duvernay, Burgundy","600","Case of 6 Bottles","https://www.bbr.com/products-20228163510-2022-chassagne-montrachet-les-blanchots-dessous-domaine-coffinet-duvernay-burgundy","1496420","20228163510"
"Caroline Morey","2015","Chassagne-Montrachet, Les Caillerets, 1er Cru, Caroline Morey, Burgundy","2500","Case of 6 Bottles","https://www.bbr.com/products-20158042161-2015-chassagne-montrachet-les-caillerets-1er-cru-caroline-morey-burgundy","1382310","20158042161"
"Caroline Morey","2018","Chassagne-Montrachet, Les Caillerets, 1er Cru, Caroline Morey, Burgundy","1688","Case of 6 Bottles","https://www.bbr.com/products-20188042161-2018-chassagne-montrachet-les-caillerets-1er-cru-caroline-morey-burgundy","1382310","20188042161"
"Domaine Coffinet-Duvernay","2021","Chassagne-Montrachet, Les Caillerets, 1er Cru, Domaine Coffinet- Duvernay Burgundy","290","Case of 3 Bottles","https://www.bbr.com/products-20218163523-2021-chassagne-montrachet-les-caillerets-1er-cru-domaine-coffinet-duvernay-burgundy","1452712","20218163523"
"Domaine Jean-Noel Gagnard","2006","Chassagne-Montrachet, Les Caillerets, 1er Cru, Domaine Jean-Noel Gagnard, Burgundy","852","Case of 12 Bottles","https://www.bbr.com/products-20068023692-2006-chassagne-montrachet-les-caillerets-1er-cru-domaine-jean-noel-gagnard-burgundy","1068746","20068023692"
"Domaine Jean-Noel Gagnard","2012","Chassagne-Montrachet, Les Caillerets, 1er Cru, Domaine Jean-Noel Gagnard, Burgundy","430","Case of 6 Bottles","https://www.bbr.com/products-20128023692-2012-chassagne-montrachet-les-caillerets-1er-cru-domaine-jean-noel-gagnard-burgundy","1068746","20128023692"
"Domaine Jean-Noel Gagnard","2015","Chassagne-Montrachet, Les Caillerets, 1er Cru, Domaine Jean-Noel Gagnard, Burgundy","445","Case of 6 Bottles","https://www.bbr.com/products-20158023692-2015-chassagne-montrachet-les-caillerets-1er-cru-domaine-jean-noel-gagnard-burgundy","1068746","20158023692"
"Domaine Jean-Noel Gagnard","2018","Chassagne-Montrachet, Les Caillerets, 1er Cru, Domaine Jean-Noel Gagnard, Burgundy","430","Case of 6 Bottles","https://www.bbr.com/products-20188023692-2018-chassagne-montrachet-les-caillerets-1er-cru-domaine-jean-noel-gagnard-burgundy","1068746","20188023692"
"Domaine Jean-Noel Gagnard","2019","Chassagne-Montrachet, Les Caillerets, 1er Cru, Domaine Jean-Noel Gagnard, Burgundy","495","Case of 6 Bottles","https://www.bbr.com/products-20198023692-2019-chassagne-montrachet-les-caillerets-1er-cru-domaine-jean-noel-gagnard-burgundy","1068746","20198023692"
"Domaine Jean-Noel Gagnard","2020","Chassagne-Montrachet, Les Caillerets, 1er Cru, Domaine Jean-Noel Gagnard, Burgundy","745","Case of 6 Bottles","https://www.bbr.com/products-20208023692-2020-chassagne-montrachet-les-caillerets-1er-cru-domaine-jean-noel-gagnard-burgundy","1068746","20208023692"
"Domaine Jean-Noel Gagnard","2021","Chassagne-Montrachet, Les Caillerets, 1er Cru, Domaine Jean-Noel Gagnard, Burgundy","600","Case of 6 Bottles","https://www.bbr.com/products-20218023692-2021-chassagne-montrachet-les-caillerets-1er-cru-domaine-jean-noel-gagnard-burgundy","1068746","20218023692"
"Domaine Fontaine-Gagnard","2015","Chassagne-Montrachet, Les Caillerets, 1er Cru, DomaineFontaine-Gagnard, Burgundy","530","Case of 6 Bottles","https://www.bbr.com/products-20158216997-2015-chassagne-montrachet-les-caillerets-1er-cru-domainefontaine-gagnard-burgundy","1068528","20158216997"
"Domaine Fontaine-Gagnard","2020","Chassagne-Montrachet, Les Caillerets, 1er Cru, DomaineFontaine-Gagnard, Burgundy","650","Case of 6 Bottles","https://www.bbr.com/products-20208216997-2020-chassagne-montrachet-les-caillerets-1er-cru-domainefontaine-gagnard-burgundy","1068528","20208216997"
"Domaine Coffinet-Duvernay","2021","Chassagne-Montrachet, Les Champgains, 1er Cru, Domaine Coffinet-Duvernay, Burgundy","250","Case of 3 Bottles","https://www.bbr.com/products-20218181457-2021-chassagne-montrachet-les-champgains-1er-cru-domaine-coffinet-duvernay-burgundy","1854789","20218181457"
"Domaine Amiot & Fils","2020","Chassagne-Montrachet, Les Champs Gain, 1er Cru, Domaine Amiot Guy & Fils Burgundy","410","Case of 6 Bottles","https://www.bbr.com/products-20208251253-2020-chassagne-montrachet-les-champs-gain-1er-cru-domaine-amiot-guy-fils-burgundy","1059751","20208251253"
"Domaine Jean-Noel Gagnard","2009","Chassagne-Montrachet, Les Chaumees, 1er Cru, Domaine Jean-Noel Gagnard, Burgundy","1680","Case of 12 Bottles","https://www.bbr.com/products-20098000242-2009-chassagne-montrachet-les-chaumees-1er-cru-domaine-jean-noel-gagnard-burgundy","1068762","20098000242"
"Domaine Jean-Noel Gagnard","2018","Chassagne-Montrachet, Les Chaumees, 1er Cru, Domaine Jean-Noel Gagnard, Burgundy","400","Case of 6 Bottles","https://www.bbr.com/products-20188000242-2018-chassagne-montrachet-les-chaumees-1er-cru-domaine-jean-noel-gagnard-burgundy","1068762","20188000242"
"Domaine Jean-Noel Gagnard","2019","Chassagne-Montrachet, Les Chaumees, 1er Cru, Domaine Jean-Noel Gagnard, Burgundy","500","Case of 6 Bottles","https://www.bbr.com/products-20198000242-2019-chassagne-montrachet-les-chaumees-1er-cru-domaine-jean-noel-gagnard-burgundy","1068762","20198000242"
"Domaine Jean-Noel Gagnard","2020","Chassagne-Montrachet, Les Chaumees, 1er Cru, Domaine Jean-Noel Gagnard, Burgundy","420","Case of 6 Bottles","https://www.bbr.com/products-20208000242-2020-chassagne-montrachet-les-chaumees-1er-cru-domaine-jean-noel-gagnard-burgundy","1068762","20208000242"
"Domaine Jean-Noel Gagnard","2022","Chassagne-Montrachet, Les Chaumees, 1er Cru, Domaine Jean-Noel Gagnard, Burgundy","485","Case of 6 Bottles","https://www.bbr.com/products-20228000242-2022-chassagne-montrachet-les-chaumees-1er-cru-domaine-jean-noel-gagnard-burgundy","1068762","20228000242"
"Domaine Jean-Noel Gagnard","2023","Chassagne-Montrachet, Les Chaumees, 1er Cru, Domaine Jean-Noel Gagnard, Burgundy","395","Case of 6 Bottles","https://www.bbr.com/products-20238000242-2023-chassagne-montrachet-les-chaumees-1er-cru-domaine-jean-noel-gagnard-burgundy","1068762","20238000242"
"Domaine Simon Colin","2022","Chassagne-Montrachet, Les Chaumees, 1er Cru, Simon Colin, Burgundy","795","Case of 6 Bottles","https://www.bbr.com/products-20228159357-2022-chassagne-montrachet-les-chaumees-1er-cru-simon-colin-burgundy","2249317","20228159357"
"Domaine Philippe Colin","2021","Chassagne-Montrachet, Les Chaumees, Clos Saint-Abdon, 1er Cru, Domaine Philippe Colin, Burgundy","450","Case of 6 Bottles","https://www.bbr.com/products-20218016265-2021-chassagne-montrachet-les-chaumees-clos-saint-abdon-1er-cru-domaine-philippe-colin-burgundy","1808492","20218016265"
"Domaine Simon Colin","2023","Chassagne-Montrachet, Les Chaumees, Clos Saint-Abdon, 1er Cru, Simon Colin, Burgundy","1145","Case of 6 Bottles","https://www.bbr.com/products-20238304164-2023-chassagne-montrachet-les-chaumees-clos-saint-abdon-1er-cru-simon-colin-burgundy","2984964","20238304164"
"Michel Niellon","2009","Chassagne-Montrachet, Les Chaumees, Clos de la Truffiere, 1er Cru, Domaine Michel Niellon, Burgundy","885","Case of 12 Bottles","https://www.bbr.com/products-20098031374-2009-chassagne-montrachet-les-chaumees-clos-de-la-truffiere-1er-cru-domaine-michel-niellon-burgundy","1077500","20098031374"
"Michel Niellon","2015","Chassagne-Montrachet, Les Chaumees, Clos de la Truffiere, 1er Cru, Domaine Michel Niellon, Burgundy","520","Case of 6 Bottles","https://www.bbr.com/products-20158031374-2015-chassagne-montrachet-les-chaumees-clos-de-la-truffiere-1er-cru-domaine-michel-niellon-burgundy","1077500","20158031374"
"Domaine Chanson","2017","Chassagne-Montrachet, Les Chenevottes, 1er Cru, Domaine Chanson, Burgundy","380","Case of 6 Bottles","https://www.bbr.com/products-20178217170-2017-chassagne-montrachet-les-chenevottes-1er-cru-domaine-chanson-burgundy","1063549","20178217170"
"Domaine Chanson","2018","Chassagne-Montrachet, Les Chenevottes, 1er Cru, Domaine Chanson, Burgundy","339","Case of 6 Bottles","https://www.bbr.com/products-20188217170-2018-chassagne-montrachet-les-chenevottes-1er-cru-domaine-chanson-burgundy","1063549","20188217170"
"Jean-Marc Pillot","2020","Chassagne-Montrachet, Les Chenevottes, 1er Cru, Domaine Jean-Marc Pillot, Burgundy","450","Case of 6 Bottles","https://www.bbr.com/products-20208216375-2020-chassagne-montrachet-les-chenevottes-1er-cru-domaine-jean-marc-pillot-burgundy","1077887","20208216375"
"Maison Leroy","2014","Chassagne-Montrachet, Les Chenevottes, 1er Cru, Maison Leroy, Burgundy","6666","Case of 6 Bottles","https://www.bbr.com/products-20148119490-2014-chassagne-montrachet-les-chenevottes-1er-cru-maison-leroy-burgundy","1074408","20148119490"
"Domaine Simon Colin","2022","Chassagne-Montrachet, Les Chenevottes, 1er Cru, Simon Colin, Burgundy","550","Case of 6 Bottles","https://www.bbr.com/products-20228159360-2022-chassagne-montrachet-les-chenevottes-1er-cru-simon-colin-burgundy","2569303","20228159360"
"Domaine Simon Colin","2023","Chassagne-Montrachet, Les Chenevottes, 1er Cru, Simon Colin, Burgundy","995","Case of 6 Bottles","https://www.bbr.com/products-20238159360-2023-chassagne-montrachet-les-chenevottes-1er-cru-simon-colin-burgundy","2569303","20238159360"
"Domaine Thomas Morey","2022","Chassagne-Montrachet, Les Chenevottes, 1er Cru, Thomas Morey, Burgundy","330","Case of 6 Bottles","https://www.bbr.com/products-20228238874-2022-chassagne-montrachet-les-chenevottes-1er-cru-thomas-morey-burgundy","1506398","20228238874"
"Benjamin Leroux","2010","Chassagne-Montrachet, Les Embazees, 1er Cru, Benjamin Leroux, Burgundy","435","Case of 6 Bottles","https://www.bbr.com/products-20101131963-2010-chassagne-montrachet-les-embazees-1er-cru-benjamin-leroux-burgundy","1131963","20101131963"
"Benjamin Leroux","2014","Chassagne-Montrachet, Les Embazees, 1er Cru, Benjamin Leroux, Burgundy","680","Case of 6 Bottles","https://www.bbr.com/products-20141131963-2014-chassagne-montrachet-les-embazees-1er-cru-benjamin-leroux-burgundy","1131963","20141131963"
"Benjamin Leroux","2017","Chassagne-Montrachet, Les Embazees, 1er Cru, Benjamin Leroux, Burgundy","425","Case of 6 Bottles","https://www.bbr.com/products-20171131963-2017-chassagne-montrachet-les-embazees-1er-cru-benjamin-leroux-burgundy","1131963","20171131963"
"Benjamin Leroux","2018","Chassagne-Montrachet, Les Embazees, 1er Cru, Benjamin Leroux, Burgundy","420","Case of 6 Bottles","https://www.bbr.com/products-20181131963-2018-chassagne-montrachet-les-embazees-1er-cru-benjamin-leroux-burgundy","1131963","20181131963"
"Benjamin Leroux","2019","Chassagne-Montrachet, Les Embazees, 1er Cru, Benjamin Leroux, Burgundy","560","Case of 6 Bottles","https://www.bbr.com/products-20191131963-2019-chassagne-montrachet-les-embazees-1er-cru-benjamin-leroux-burgundy","1131963","20191131963"
"Jean-Claude Bachelet","2019","Chassagne-Montrachet, Les Encegnieres, Domaine Jean-Claude Bachelet, Burgundy","359","Case of 6 Bottles","https://www.bbr.com/products-20198061076-2019-chassagne-montrachet-les-encegnieres-domaine-jean-claude-bachelet-burgundy","1764000","20198061076"
"Etienne Sauzet","2018","Chassagne-Montrachet, Les Encegnieres, Etienne Sauzet, Burgundy","600","Case of 6 Bottles","https://www.bbr.com/products-20188023054-2018-chassagne-montrachet-les-encegnieres-etienne-sauzet-burgundy","1124581","20188023054"
"Etienne Sauzet","2022","Chassagne-Montrachet, Les Encegnieres, Etienne Sauzet, Burgundy","375","Case of 6 Bottles","https://www.bbr.com/products-20228023054-2022-chassagne-montrachet-les-encegnieres-etienne-sauzet-burgundy","1124581","20228023054"
"Domaine Paul Pillot","2018","Chassagne-Montrachet, Les Grandes Ruchottes, 1er Cru, Domaine PaulPillot, Burgundy","1450","Case of 3 Magnums","https://www.bbr.com/products-20188216317-2018-chassagne-montrachet-les-grandes-ruchottes-1er-cru-domaine-paulpillot-burgundy","1078044","20188216317"
"Domaine Coffinet-Duvernay","2021","Chassagne-Montrachet, Les Grands Clos, 1er Cru, Domaine Coffinet-Duvernay, Burgundy","315","Case of 3 Bottles","https://www.bbr.com/products-20218071013-2021-chassagne-montrachet-les-grands-clos-1er-cru-domaine-coffinet-duvernay-burgundy","1605176","20218071013"
"Domaine Amiot & Fils","2020","Chassagne-Montrachet, Les Macherelles, 1er Cru, Domaine Amiot Guy & Fils Burgundy","450","Case of 6 Bottles","https://www.bbr.com/products-20208251279-2020-chassagne-montrachet-les-macherelles-1er-cru-domaine-amiot-guy-fils-burgundy","1862360","20208251279"
"Domaine Francois Carillon","2010","Chassagne-Montrachet, Les Macherelles, 1er Cru, Domaine Francois Carillon, Burgundy","1200","Case of 12 Bottles","https://www.bbr.com/products-20108223412-2010-chassagne-montrachet-les-macherelles-1er-cru-domaine-francois-carillon-burgundy","1315358","20108223412"
"Jean-Claude Bachelet","2019","Chassagne-Montrachet, Les Macherelles, 1er Cru, Jean-Claude Bachelet &  Fils, Burgundy","500","Case of 6 Bottles","https://www.bbr.com/products-20198003706-2019-chassagne-montrachet-les-macherelles-1er-cru-jean-claude-bachelet-fils-burgundy","1231676","20198003706"
"Jean-Claude Bachelet","2020","Chassagne-Montrachet, Les Macherelles, 1er Cru, Jean-Claude Bachelet &  Fils, Burgundy","500","Case of 6 Bottles","https://www.bbr.com/products-20208003706-2020-chassagne-montrachet-les-macherelles-1er-cru-jean-claude-bachelet-fils-burgundy","1231676","20208003706"
"Domaine Jean-Noel Gagnard","2020","Chassagne-Montrachet, Les Masures, Domaine Jean-Noel Gagnard, Burgundy","290","Case of 6 Bottles","https://www.bbr.com/products-20208023706-2020-chassagne-montrachet-les-masures-domaine-jean-noel-gagnard-burgundy","1316847","20208023706"
"Domaine d'Eugenie","2018","Chassagne-Montrachet, Les Perclos, Domaine d'Eugenie, Burgundy","899","Case of 6 Bottles","https://www.bbr.com/products-20188023357-2018-chassagne-montrachet-les-perclos-domaine-d-eugenie-burgundy","1384907","20188023357"
"Domaine Jean-Noel Gagnard","2012","Chassagne-Montrachet, Les Petits Clos, 1er Cru, Domaine Jean-Noel Gagnard, Burgundy","400","Case of 6 Bottles","https://www.bbr.com/products-20121171468-2012-chassagne-montrachet-les-petits-clos-1er-cru-domaine-jean-noel-gagnard-burgundy","1171468","20121171468"
"Domaine Jean-Noel Gagnard","2017","Chassagne-Montrachet, Les Petits Clos, 1er Cru, Domaine Jean-Noel Gagnard, Burgundy","475","Case of 6 Bottles","https://www.bbr.com/products-20171171468-2017-chassagne-montrachet-les-petits-clos-1er-cru-domaine-jean-noel-gagnard-burgundy","1171468","20171171468"
"Domaine Jean-Noel Gagnard","2018","Chassagne-Montrachet, Les Petits Clos, 1er Cru, Domaine Jean-Noel Gagnard, Burgundy","370","Case of 6 Bottles","https://www.bbr.com/products-20181171468-2018-chassagne-montrachet-les-petits-clos-1er-cru-domaine-jean-noel-gagnard-burgundy","1171468","20181171468"
"Domaine Jean-Noel Gagnard","2019","Chassagne-Montrachet, Les Petits Clos, 1er Cru, Domaine Jean-Noel Gagnard, Burgundy","420","Case of 6 Bottles","https://www.bbr.com/products-20191171468-2019-chassagne-montrachet-les-petits-clos-1er-cru-domaine-jean-noel-gagnard-burgundy","1171468","20191171468"
"Domaine Jean-Noel Gagnard","2020","Chassagne-Montrachet, Les Petits Clos, 1er Cru, Domaine Jean-Noel Gagnard, Burgundy","500","Case of 6 Bottles","https://www.bbr.com/products-20201171468-2020-chassagne-montrachet-les-petits-clos-1er-cru-domaine-jean-noel-gagnard-burgundy","1171468","20201171468"
"Domaine Jean-Noel Gagnard","2021","Chassagne-Montrachet, Les Petits Clos, 1er Cru, Domaine Jean-Noel Gagnard, Burgundy","360","Case of 6 Bottles","https://www.bbr.com/products-20211171468-2021-chassagne-montrachet-les-petits-clos-1er-cru-domaine-jean-noel-gagnard-burgundy","1171468","20211171468"
"Ramonet","2016","Chassagne-Montrachet, Les Ruchottes, 1er Cru, Domaine Ramonet, Burgundy","2290","Case of 6 Bottles","https://www.bbr.com/products-20168011954-2016-chassagne-montrachet-les-ruchottes-1er-cru-domaine-ramonet-burgundy","1079009","20168011954"
"Ramonet","2018","Chassagne-Montrachet, Les Ruchottes, 1er Cru, Domaine Ramonet,Burgundy","1930","Case of 6 Bottles","https://www.bbr.com/products-20188011954-2018-chassagne-montrachet-les-ruchottes-1er-cru-domaine-ramonet-burgundy","1079009","20188011954"
"Maison Camille Giroud","2014","Chassagne-Montrachet, Les Vergers, 1er Cru, Camille Giroud, Burgundy","384","Case of 6 Bottles","https://www.bbr.com/products-20148011592-2014-chassagne-montrachet-les-vergers-1er-cru-camille-giroud-burgundy","1069860","20148011592"
"Maison Camille Giroud","2019","Chassagne-Montrachet, Les Vergers, 1er Cru, Camille Giroud, Burgundy","650","Case of 6 Bottles","https://www.bbr.com/products-20198011592-2019-chassagne-montrachet-les-vergers-1er-cru-camille-giroud-burgundy","1069860","20198011592"
"Maison Camille Giroud","2021","Chassagne-Montrachet, Les Vergers, 1er Cru, Camille Giroud, Burgundy","500","Case of 6 Bottles","https://www.bbr.com/products-20218011592-2021-chassagne-montrachet-les-vergers-1er-cru-camille-giroud-burgundy","1069860","20218011592"
"Amiot Guy & Fils","2020","Chassagne-Montrachet, Les Vergers, 1er Cru, Domaine Amiot Guy & Fils, Burgundy","440","Case of 6 Bottles","https://www.bbr.com/products-20208076786-2020-chassagne-montrachet-les-vergers-1er-cru-domaine-amiot-guy-fils-burgundy","1059793","20208076786"
"Domaine Fontaine-Gagnard","2019","Chassagne-Montrachet, Les Vergers, 1er Cru, Domaine Fontaine-Gagnard,Burgundy","505","Case of 6 Bottles","https://www.bbr.com/products-20198216939-2019-chassagne-montrachet-les-vergers-1er-cru-domaine-fontaine-gagnard-burgundy","1068599","20198216939"
"Domaine Lamy-Pillot","2019","Chassagne-Montrachet, Les Vergers, 1er Cru, Domaine Lamy-Pillot, Burgundy","750","Case of 6 Bottles","https://www.bbr.com/products-20198151407-2019-chassagne-montrachet-les-vergers-1er-cru-domaine-lamy-pillot-burgundy","2048327","20198151407"
"Marc Morey, Chassagne-Montrachet","2020","Chassagne-Montrachet, Les Vergers, 1er Cru, Domaine Marc Morey & Fils, Burgundy","580","Case of 6 Bottles","https://www.bbr.com/products-20208140128-2020-chassagne-montrachet-les-vergers-1er-cru-domaine-marc-morey-fils-burgundy","1077177","20208140128"
"Armand Heitz","2019","Chassagne-Montrachet, Maltroie, 1er Cru, Armand Heitz, Burgundy","500","Case of 6 Bottles","https://www.bbr.com/products-20198030843-2019-chassagne-montrachet-maltroie-1er-cru-armand-heitz-burgundy","2362340","20198030843"
"Domaine Henri Germain","2021","Chassagne-Montrachet, Morgeot, 1er Cru, Domaine Henri Germain & Fils, Burgundy","445","Case of 6 Bottles","https://www.bbr.com/products-20218137773-2021-chassagne-montrachet-morgeot-1er-cru-domaine-henri-germain-fils-burgundy","1196711","20218137773"
"Ramonet","2015","Chassagne-Montrachet, Morgeot, 1er Cru, Domaine Ramonet, Burgundy","1600","Case of 6 Bottles","https://www.bbr.com/products-20158119331-2015-chassagne-montrachet-morgeot-1er-cru-domaine-ramonet-burgundy","1079025","20158119331"
"Marc Morey, Chassagne-Montrachet","2020","Chassagne-Montrachet, Morgeot, 1er Cru, Marc Morey & Fils, Burgundy","419","Case of 6 Bottles","https://www.bbr.com/products-20208171609-2020-chassagne-montrachet-morgeot-1er-cru-marc-morey-fils-burgundy","1077164","20208171609"
"Maison Pierre-Yves Colin-Morey","2020","Chassagne-Montrachet, Morgeot, 1er Cru, Pierre-Yves Colin-Morey, Burgundy","1290","Case of 6 Bottles","https://www.bbr.com/products-20208115290-2020-chassagne-montrachet-morgeot-1er-cru-pierre-yves-colin-morey-burgundy","1128462","20208115290"
"Maison Pierre-Yves Colin-Morey","2018","Chassagne-Montrachet, Morgeot, 1er Cru, Pierre-Yves Colin-Morey,Burgundy","1000","Case of 6 Bottles","https://www.bbr.com/products-20188115290-2018-chassagne-montrachet-morgeot-1er-cru-pierre-yves-colin-morey-burgundy","1128462","20188115290"
"Domaine de la Vougeraie","2021","Chassagne-Montrachet, Morgeot, Clos de la Chapelle, 1er Cru, Domaine de la Vougeraie, Burgundy","550","Case of 6 Bottles","https://www.bbr.com/products-20218160421-2021-chassagne-montrachet-morgeot-clos-de-la-chapelle-1er-cru-domaine-de-la-vougeraie-burgundy","2742427","20218160421"
"Domaine de la Vougeraie","2021","Chassagne-Montrachet, Morgeot, Clos de la Chapelle, 1er Cru, Domaine de la Vougeraie, Burgundy","2500","Case of 3 Magnums","https://www.bbr.com/products-20218160421-2021-chassagne-montrachet-morgeot-clos-de-la-chapelle-1er-cru-domaine-de-la-vougeraie-burgundy","2742427","20218160421"
"Domaine de la Vougeraie","2022","Chassagne-Montrachet, Morgeot, Clos de la Chapelle, 1er Cru, Domaine de la Vougeraie, Burgundy","777","Case of 6 Bottles","https://www.bbr.com/products-20228160421-2022-chassagne-montrachet-morgeot-clos-de-la-chapelle-1er-cru-domaine-de-la-vougeraie-burgundy","2742427","20228160421"
"Domaine de la Vougeraie","2022","Chassagne-Montrachet, Morgeot, Clos de la Chapelle, 1er Cru, Domaine de la Vougeraie, Burgundy","380","Case of 3 Magnums","https://www.bbr.com/products-20228160421-2022-chassagne-montrachet-morgeot-clos-de-la-chapelle-1er-cru-domaine-de-la-vougeraie-burgundy","2742427","20228160421"
"Domaine Henri Germain","2023","Chassagne-Montrachet, Morgeot, Les Fairendes, 1er Cru, Domaine Henri Germain &amp; Fils, Burgundy","540","Case of 6 Bottles","https://www.bbr.com/products-20238062347-2023-chassagne-montrachet-morgeot-les-fairendes-1er-cru-domaine-henri-germain-and-fils-burgundy","1196711","20238062347"
"Maison Joseph Drouhin","2011","Chassagne-Montrachet, Morgeot, Marquis de Laguiche, 1er Cru, Joseph Drouhin, Burgundy","600","Case of 6 Bottles","https://www.bbr.com/products-20118019149-2011-chassagne-montrachet-morgeot-marquis-de-laguiche-1er-cru-joseph-drouhin-burgundy","1142200","20118019149"
"Maison Joseph Drouhin","2015","Chassagne-Montrachet, Morgeot, Marquis de Laguiche, 1er Cru, Joseph Drouhin, Burgundy","712","Case of 6 Bottles","https://www.bbr.com/products-20158019149-2015-chassagne-montrachet-morgeot-marquis-de-laguiche-1er-cru-joseph-drouhin-burgundy","1142200","20158019149"
"Maison Joseph Drouhin","2018","Chassagne-Montrachet, Morgeot, Marquis de Laguiche, 1er Cru, Joseph Drouhin, Burgundy","790","Case of 6 Bottles","https://www.bbr.com/products-20188019149-2018-chassagne-montrachet-morgeot-marquis-de-laguiche-1er-cru-joseph-drouhin-burgundy","1142200","20188019149"
"Maison Joseph Drouhin","2020","Chassagne-Montrachet, Morgeot, Marquis de Laguiche, 1er Cru, Joseph Drouhin, Burgundy","778","Case of 6 Bottles","https://www.bbr.com/products-20208019149-2020-chassagne-montrachet-morgeot-marquis-de-laguiche-1er-cru-joseph-drouhin-burgundy","1142200","20208019149"
"Maison Joseph Drouhin","2022","Chassagne-Montrachet, Morgeot, Marquis de Laguiche, 1er Cru, Joseph Drouhin, Burgundy","900","Case of 6 Bottles","https://www.bbr.com/products-20228019149-2022-chassagne-montrachet-morgeot-marquis-de-laguiche-1er-cru-joseph-drouhin-burgundy","1142200","20228019149"
"Domaine Blain-Gagnard","2021","Chassagne-Montrachet, Rouge, Clos Saint-Jean, 1er Cru, Domaine Blain-Gagnard, Burgundy","450","Case of 6 Bottles","https://www.bbr.com/products-20218172954-2021-chassagne-montrachet-rouge-clos-saint-jean-1er-cru-domaine-blain-gagnard-burgundy","1020535","20218172954"
"Domaine Simon Colin","2021","Chassagne-Montrachet, Simon Colin, Burgundy","360","Case of 6 Bottles","https://www.bbr.com/products-20218159344-2021-chassagne-montrachet-simon-colin-burgundy","1877504","20218159344"
"Domaine Simon Colin","2022","Chassagne-Montrachet, Simon Colin, Burgundy","695","Case of 6 Bottles","https://www.bbr.com/products-20228159344-2022-chassagne-montrachet-simon-colin-burgundy","1877504","20228159344"
"Maison Camille Giroud","2019","Chassagne-Montrachet, Tonton Marcel, 1er Cru, Camille Giroud, Burgundy","650","Case of 6 Bottles","https://www.bbr.com/products-20198046983-2019-chassagne-montrachet-tonton-marcel-1er-cru-camille-giroud-burgundy","1973929","20198046983"
"Benjamin Leroux","2010","Chassagne-Montrachet, Tete du Clos, 1er Cru, Benjamin Leroux, Burgundy","400","Case of 6 Bottles","https://www.bbr.com/products-20108025117-2010-chassagne-montrachet-tete-du-clos-1er-cru-benjamin-leroux-burgundy","1285259","20108025117"
"Benjamin Leroux","2011","Chassagne-Montrachet, Tete du Clos, 1er Cru, Benjamin Leroux, Burgundy","445","Case of 6 Bottles","https://www.bbr.com/products-20118025117-2011-chassagne-montrachet-tete-du-clos-1er-cru-benjamin-leroux-burgundy","1285259","20118025117"
"Benjamin Leroux","2014","Chassagne-Montrachet, Tete du Clos, 1er Cru, Benjamin Leroux, Burgundy","600","Case of 6 Bottles","https://www.bbr.com/products-20148025117-2014-chassagne-montrachet-tete-du-clos-1er-cru-benjamin-leroux-burgundy","1285259","20148025117"
"Benjamin Leroux","2017","Chassagne-Montrachet, Tete du Clos, 1er Cru, Benjamin Leroux, Burgundy","1000","Case of 6 Bottles","https://www.bbr.com/products-20178025117-2017-chassagne-montrachet-tete-du-clos-1er-cru-benjamin-leroux-burgundy","1285259","20178025117"
"Benjamin Leroux","2018","Chassagne-Montrachet, Tete du Clos, 1er Cru, Benjamin Leroux, Burgundy","540","Case of 6 Bottles","https://www.bbr.com/products-20188025117-2018-chassagne-montrachet-tete-du-clos-1er-cru-benjamin-leroux-burgundy","1285259","20188025117"
"Benjamin Leroux","2020","Chassagne-Montrachet, Tete du Clos, 1er Cru, Benjamin Leroux, Burgundy","624","Case of 6 Bottles","https://www.bbr.com/products-20208025117-2020-chassagne-montrachet-tete-du-clos-1er-cru-benjamin-leroux-burgundy","1285259","20208025117"
"Benjamin Leroux","2022","Chassagne-Montrachet, Tete du Clos, 1er Cru, Benjamin Leroux, Burgundy","720","Case of 6 Bottles","https://www.bbr.com/products-20228025117-2022-chassagne-montrachet-tete-du-clos-1er-cru-benjamin-leroux-burgundy","1285259","20228025117"
"Benjamin Leroux","2023","Chassagne-Montrachet, Tete du Clos, 1er Cru, Benjamin Leroux, Burgundy","780","Case of 6 Bottles","https://www.bbr.com/products-20238025117-2023-chassagne-montrachet-tete-du-clos-1er-cru-benjamin-leroux-burgundy","1285259","20238025117"
"Domaine Thomas Morey","2022","Chassagne-Montrachet, Vide Bourse, 1er Cru, Domaine Thomas Morey, Burgundy","300","Case of 3 Bottles","https://www.bbr.com/products-20228238193-2022-chassagne-montrachet-vide-bourse-1er-cru-domaine-thomas-morey-burgundy","1233553","20228238193"
"Domaine Fernand et Laurent Pillot","2022","Chassagne-Montrachet, Vide Bourse, 1er Cru, Fernand & Laurent Pillot, Burgundy","505","Case of 6 Bottles","https://www.bbr.com/products-20228166784-2022-chassagne-montrachet-vide-bourse-1er-cru-fernand-laurent-pillot-burgundy","1077829","20228166784"
"Domaine Joseph Colin","2020","Chassagne-Montrachet, Vide Bourse, 1er Cru, Joseph Colin, Burgundy","808","Case of 6 Bottles","https://www.bbr.com/products-20208030902-2020-chassagne-montrachet-vide-bourse-1er-cru-joseph-colin-burgundy","1768763","20208030902"
"Domaine Joseph Colin","2022","Chassagne-Montrachet, Vide Bourse, 1er Cru, Joseph Colin, Burgundy","850","Case of 6 Bottles","https://www.bbr.com/products-20228030902-2022-chassagne-montrachet-vide-bourse-1er-cru-joseph-colin-burgundy","1768763","20228030902"
"Domaine Joseph Colin","2023","Chassagne-Montrachet, Vide Bourse, 1er Cru, Joseph Colin, Burgundy","600","Case of 6 Bottles","https://www.bbr.com/products-20238030902-2023-chassagne-montrachet-vide-bourse-1er-cru-joseph-colin-burgundy","1768763","20238030902"
"Maison Pierre-Yves Colin-Morey","2021","Chassagne-Montrachet, Vieilles Vignes, Pierre-Yves Colin-Morey, Burgundy","750","Case of 3 Magnums","https://www.bbr.com/products-20218042347-2021-chassagne-montrachet-vieilles-vignes-pierre-yves-colin-morey-burgundy","1785557","20218042347"
"Chateau Musar","2007","Chateau Musar, Bekaa Valley, Lebanon","475","Case of 6 Bottles","https://www.bbr.com/products-20078011941-2007-chateau-musar-bekaa-valley-lebanon","1106673","20078011941"
"Chateau Musar","2009","Chateau Musar, Bekaa Valley, Lebanon","699","Case of 6 Bottles","https://www.bbr.com/products-20098011941-2009-chateau-musar-bekaa-valley-lebanon","1106673","20098011941"
"Chateau Musar","2014","Chateau Musar, Bekaa Valley, Lebanon","699","Case of 6 Bottles","https://www.bbr.com/products-20148011941-2014-chateau-musar-bekaa-valley-lebanon","1106673","20148011941"
"Chateau Musar","2018","Chateau Musar, Bekaa Valley, Lebanon","182","Case of 6 Bottles","https://www.bbr.com/products-20188011941-2018-chateau-musar-bekaa-valley-lebanon","1106673","20188011941"
"Chateau Musar","2018","Chateau Musar, Bekaa Valley, Lebanon","390","Case of 6 Bottles","https://www.bbr.com/products-20188011941-2018-chateau-musar-bekaa-valley-lebanon","1106673","20188011941"
"Chateau Musar","2012","Chateau Musar, White, Bekaa Valley, Lebanon","698","Case of 6 Bottles","https://www.bbr.com/products-20128139735-2012-chateau-musar-white-bekaa-valley-lebanon","1106699","20128139735"
"Cheval des Andes","2007","Cheval des Andes, Mendoza, Argentina","350","Case of 6 Bottles","https://www.bbr.com/products-20078024556-2007-cheval-des-andes-mendoza-argentina","1083233","20078024556"
"Cheval des Andes","2009","Cheval des Andes, Mendoza, Argentina","395","Case of 6 Bottles","https://www.bbr.com/products-20098024556-2009-cheval-des-andes-mendoza-argentina","1083233","20098024556"
"Cheval des Andes","2010","Cheval des Andes, Mendoza, Argentina","425","Case of 6 Bottles","https://www.bbr.com/products-20108024556-2010-cheval-des-andes-mendoza-argentina","1083233","20108024556"
"Cheval des Andes","2013","Cheval des Andes, Mendoza, Argentina","300","Case of 6 Bottles","https://www.bbr.com/products-20138024556-2013-cheval-des-andes-mendoza-argentina","1083233","20138024556"
"Cheval des Andes","2015","Cheval des Andes, Mendoza, Argentina","320","Case of 6 Bottles","https://www.bbr.com/products-20158024556-2015-cheval-des-andes-mendoza-argentina","1083233","20158024556"
"Cheval des Andes","2016","Cheval des Andes, Mendoza, Argentina","468","Case of 6 Bottles","https://www.bbr.com/products-20168024556-2016-cheval-des-andes-mendoza-argentina","1083233","20168024556"
"Cheval des Andes","2017","Cheval des Andes, Mendoza, Argentina","340","Case of 6 Bottles","https://www.bbr.com/products-20178024556-2017-cheval-des-andes-mendoza-argentina","1083233","20178024556"
"Cheval des Andes","2017","Cheval des Andes, Mendoza, Argentina","135","Case of 1 Magnums","https://www.bbr.com/products-20178024556-2017-cheval-des-andes-mendoza-argentina","1083233","20178024556"
"Cheval des Andes","2018","Cheval des Andes, Mendoza, Argentina","330","Case of 6 Bottles","https://www.bbr.com/products-20188024556-2018-cheval-des-andes-mendoza-argentina","1083233","20188024556"
"Cheval des Andes","2018","Cheval des Andes, Mendoza, Argentina","430","Case of 6 Bottles","https://www.bbr.com/products-20188024556-2018-cheval-des-andes-mendoza-argentina","1083233","20188024556"
"Cheval des Andes","2019","Cheval des Andes, Mendoza, Argentina","250","Case of 6 Bottles","https://www.bbr.com/products-20198024556-2019-cheval-des-andes-mendoza-argentina","1083233","20198024556"
"Cheval des Andes","2021","Cheval des Andes, Mendoza, Argentina","375","Case of 6 Bottles","https://www.bbr.com/products-20218024556-2021-cheval-des-andes-mendoza-argentina","1083233","20218024556"
"Alvina Pernot","2022","Chevalier-Montrachet, Grand Cru, Alvina Pernot, Burgundy","950","Case of 1 Bottles","https://www.bbr.com/products-20228179894-2022-chevalier-montrachet-grand-cru-alvina-pernot-burgundy","2214030","20228179894"
"Chateau de Puligny-Montrachet","2009","Chevalier-Montrachet, Grand Cru, Chateau de Puligny-Montrachet, Burgundy","1720","Case of 6 Bottles","https://www.bbr.com/products-20091063161-2009-chevalier-montrachet-grand-cru-chateau-de-puligny-montrachet-burgundy","1063161","20091063161"
"Chateau de Puligny-Montrachet","2013","Chevalier-Montrachet, Grand Cru, Chateau de Puligny-Montrachet, Burgundy","1995","Case of 6 Bottles","https://www.bbr.com/products-20131063161-2013-chevalier-montrachet-grand-cru-chateau-de-puligny-montrachet-burgundy","1063161","20131063161"
"Chateau de Puligny-Montrachet","2014","Chevalier-Montrachet, Grand Cru, Chateau de Puligny-Montrachet, Burgundy","1850","Case of 6 Bottles","https://www.bbr.com/products-20141063161-2014-chevalier-montrachet-grand-cru-chateau-de-puligny-montrachet-burgundy","1063161","20141063161"
"Chateau de Puligny-Montrachet","2015","Chevalier-Montrachet, Grand Cru, Chateau de Puligny-Montrachet, Burgundy","1350","Case of 6 Bottles","https://www.bbr.com/products-20151063161-2015-chevalier-montrachet-grand-cru-chateau-de-puligny-montrachet-burgundy","1063161","20151063161"
"Chateau de Puligny-Montrachet","2015","Chevalier-Montrachet, Grand Cru, Chateau de Puligny-Montrachet, Burgundy","960","Case of 1 Jeroboam 300cl","https://www.bbr.com/products-20151063161-2015-chevalier-montrachet-grand-cru-chateau-de-puligny-montrachet-burgundy","1063161","20151063161"
"Chateau de Puligny-Montrachet","2016","Chevalier-Montrachet, Grand Cru, Chateau de Puligny-Montrachet, Burgundy","1680","Case of 6 Bottles","https://www.bbr.com/products-20161063161-2016-chevalier-montrachet-grand-cru-chateau-de-puligny-montrachet-burgundy","1063161","20161063161"
"Chateau de Puligny-Montrachet","2016","Chevalier-Montrachet, Grand Cru, Chateau de Puligny-Montrachet, Burgundy","1680","Case of 3 Magnums","https://www.bbr.com/products-20161063161-2016-chevalier-montrachet-grand-cru-chateau-de-puligny-montrachet-burgundy","1063161","20161063161"
"Bouchard Pere & Fils","2017","Chevalier-Montrachet, Grand Cru, Domaine Bouchard Pere &amp; Fils, Burgundy","1000","Case of 3 Bottles","https://www.bbr.com/products-20178019950-2017-chevalier-montrachet-grand-cru-domaine-bouchard-pere-and-fils-burgundy","1061978","20178019950"
"Bouchard Pere & Fils","2018","Chevalier-Montrachet, Grand Cru, Domaine Bouchard Pere &amp; Fils, Burgundy","1050","Case of 3 Bottles","https://www.bbr.com/products-20188019950-2018-chevalier-montrachet-grand-cru-domaine-bouchard-pere-and-fils-burgundy","1061978","20188019950"
"Bouchard Pere & Fils","2019","Chevalier-Montrachet, Grand Cru, Domaine Bouchard Pere &amp; Fils, Burgundy","1100","Case of 3 Bottles","https://www.bbr.com/products-20198019950-2019-chevalier-montrachet-grand-cru-domaine-bouchard-pere-and-fils-burgundy","1061978","20198019950"
"Bouchard Pere & Fils","2022","Chevalier-Montrachet, Grand Cru, Domaine Bouchard Pere &amp; Fils, Burgundy","1400","Case of 3 Bottles","https://www.bbr.com/products-20228019950-2022-chevalier-montrachet-grand-cru-domaine-bouchard-pere-and-fils-burgundy","1061978","20228019950"
"Jacques Prieur","2020","Chevalier-Montrachet, Grand Cru, Domaine Jacques Prieur, Burgundy","1600","Case of 3 Bottles","https://www.bbr.com/products-20208216287-2020-chevalier-montrachet-grand-cru-domaine-jacques-prieur-burgundy","1078611","20208216287"
"Domaine Leflaive","2011","Chevalier-Montrachet, Grand Cru, Domaine Leflaive, Burgundy","6750","Case of 6 Bottles","https://www.bbr.com/products-20118012443-2011-chevalier-montrachet-grand-cru-domaine-leflaive-burgundy","1073401","20118012443"
"Domaine Leflaive","2020","Chevalier-Montrachet, Grand Cru, Domaine Leflaive, Burgundy","2900","Case of 1 Magnums","https://www.bbr.com/products-20208012443-2020-chevalier-montrachet-grand-cru-domaine-leflaive-burgundy","1073401","20208012443"
"Michel Niellon","2008","Chevalier-Montrachet, Grand Cru, Domaine Michel Niellon, Burgundy","2000","Case of 6 Bottles","https://www.bbr.com/products-20088023533-2008-chevalier-montrachet-grand-cru-domaine-michel-niellon-burgundy","1077568","20088023533"
"Michel Niellon","2009","Chevalier-Montrachet, Grand Cru, Domaine Michel Niellon, Burgundy","2400","Case of 6 Bottles","https://www.bbr.com/products-20098023533-2009-chevalier-montrachet-grand-cru-domaine-michel-niellon-burgundy","1077568","20098023533"
"Michel Niellon","2010","Chevalier-Montrachet, Grand Cru, Domaine Michel Niellon, Burgundy","3000","Case of 6 Bottles","https://www.bbr.com/products-20108023533-2010-chevalier-montrachet-grand-cru-domaine-michel-niellon-burgundy","1077568","20108023533"
"Michel Niellon","2012","Chevalier-Montrachet, Grand Cru, Domaine Michel Niellon, Burgundy","2500","Case of 6 Bottles","https://www.bbr.com/products-20128023533-2012-chevalier-montrachet-grand-cru-domaine-michel-niellon-burgundy","1077568","20128023533"
"Michel Niellon","2013","Chevalier-Montrachet, Grand Cru, Domaine Michel Niellon, Burgundy","2000","Case of 6 Bottles","https://www.bbr.com/products-20138023533-2013-chevalier-montrachet-grand-cru-domaine-michel-niellon-burgundy","1077568","20138023533"
"Michel Niellon","2014","Chevalier-Montrachet, Grand Cru, Domaine Michel Niellon, Burgundy","2400","Case of 6 Bottles","https://www.bbr.com/products-20148023533-2014-chevalier-montrachet-grand-cru-domaine-michel-niellon-burgundy","1077568","20148023533"
"Michel Niellon","2015","Chevalier-Montrachet, Grand Cru, Domaine Michel Niellon, Burgundy","1960","Case of 6 Bottles","https://www.bbr.com/products-20158023533-2015-chevalier-montrachet-grand-cru-domaine-michel-niellon-burgundy","1077568","20158023533"
"Olivier Leflaive","2017","Chevalier-Montrachet, Grand Cru, Domaine Olivier Leflaive, Burgundy","1400","Case of 3 Bottles","https://www.bbr.com/products-20178012762-2017-chevalier-montrachet-grand-cru-domaine-olivier-leflaive-burgundy","1073847","20178012762"
"Olivier Leflaive","2018","Chevalier-Montrachet, Grand Cru, Domaine Olivier Leflaive, Burgundy","1600","Case of 3 Bottles","https://www.bbr.com/products-20188012762-2018-chevalier-montrachet-grand-cru-domaine-olivier-leflaive-burgundy","1073847","20188012762"
"Olivier Leflaive","2020","Chevalier-Montrachet, Grand Cru, Domaine Olivier Leflaive, Burgundy","2300","Case of 3 Bottles","https://www.bbr.com/products-20208012762-2020-chevalier-montrachet-grand-cru-domaine-olivier-leflaive-burgundy","1073847","20208012762"
"Olivier Leflaive","2021","Chevalier-Montrachet, Grand Cru, Domaine Olivier Leflaive, Burgundy","900","Case of 1 Bottles","https://www.bbr.com/products-20218012762-2021-chevalier-montrachet-grand-cru-domaine-olivier-leflaive-burgundy","1073847","20218012762"
"Domaine de Montille","2018","Chevalier-Montrachet, Grand Cru, Domaine de Montille, Burgundy","1850","Case of 6 Bottles","https://www.bbr.com/products-20188032704-2018-chevalier-montrachet-grand-cru-domaine-de-montille-burgundy","1655038","20188032704"
"Domaine de Montille","2018","Chevalier-Montrachet, Grand Cru, Domaine de Montille, Burgundy","1850","Case of 3 Magnums","https://www.bbr.com/products-20188032704-2018-chevalier-montrachet-grand-cru-domaine-de-montille-burgundy","1655038","20188032704"
"Domaine de Montille","2022","Chevalier-Montrachet, Grand Cru, Domaine de Montille, Burgundy","1600","Case of 3 Bottles","https://www.bbr.com/products-20228032704-2022-chevalier-montrachet-grand-cru-domaine-de-montille-burgundy","1655038","20228032704"
"Bouchard Pere & Fils","2011","Chevalier-Montrachet, La Cabotte, Grand Cru, Domaine Bouchard Pere & Fils, Burgundy","2950","Case of 6 Bottles","https://www.bbr.com/products-20118019963-2011-chevalier-montrachet-la-cabotte-grand-cru-domaine-bouchard-pere-fils-burgundy","1061981","20118019963"
"Louis Jadot","2019","Chevalier-Montrachet, Les Demoiselles, Grand Cru, Domaine des Heritiers Louis Jadot, Burgundy","1170","Case of 3 Bottles","https://www.bbr.com/products-20198022073-2019-chevalier-montrachet-les-demoiselles-grand-cru-domaine-des-heritiers-louis-jadot-burgundy","1070644","20198022073"
"Barone Ricasoli","2018","Chianti Classico, CeniPrimo, Gran Selezione, Ricasoli, Tuscany, Italy","400","Case of 6 Bottles","https://www.bbr.com/products-20188050133-2018-chianti-classico-ceniprimo-gran-selezione-ricasoli-tuscany-italy","1858338","20188050133"
"Barone Ricasoli","2016","Chianti Classico, Colledila, Gran Selezione, Ricasoli, Tuscany, Italy","275","Case of 6 Bottles","https://www.bbr.com/products-20168104403-2016-chianti-classico-colledila-gran-selezione-ricasoli-tuscany-italy","1641312","20168104403"
"Felsina","2016","Chianti Classico, Colonia, Gran Selezione, Felsina, Tuscany, Italy","280","Case of 6 Bottles","https://www.bbr.com/products-20168053251-2016-chianti-classico-colonia-gran-selezione-felsina-tuscany-italy","1423903","20168053251"
"Antinori","2021","Chianti Classico, Gran Selezione, Badia a Passignano, Antinori, Tuscany, Italy","360","Case of 6 Bottles","https://www.bbr.com/products-20218042158-2021-chianti-classico-gran-selezione-badia-a-passignano-antinori-tuscany-italy","1095346","20218042158"
"Marchesi Mazzei","2010","Chianti Classico, Gran Selezione, Castello di Fonterutoli, Mazzei, Tuscany, Italy","77.5","Case of 1 Magnums","https://www.bbr.com/products-20108075835-2010-chianti-classico-gran-selezione-castello-di-fonterutoli-mazzei-tuscany-italy","1338245","20108075835"
"Ipsus","2015","Chianti Classico, Gran Selezione, Il Caggio Ipsus, Tuscany, Italy","600","Case of 3 Bottles","https://www.bbr.com/products-20158157395-2015-chianti-classico-gran-selezione-il-caggio-ipsus-tuscany-italy","1888740","20158157395"
"Ipsus","2015","Chianti Classico, Gran Selezione, Il Caggio Ipsus, Tuscany, Italy","420","Case of 1 Magnums","https://www.bbr.com/products-20158157395-2015-chianti-classico-gran-selezione-il-caggio-ipsus-tuscany-italy","1888740","20158157395"
"Ipsus","2016","Chianti Classico, Gran Selezione, Il Caggio Ipsus, Tuscany, Italy","600","Case of 3 Bottles","https://www.bbr.com/products-20168157395-2016-chianti-classico-gran-selezione-il-caggio-ipsus-tuscany-italy","1888740","20168157395"
"Ipsus","2019","Chianti Classico, Gran Selezione, Il Caggio Ipsus, Tuscany, Italy","550","Case of 3 Bottles","https://www.bbr.com/products-20198157395-2019-chianti-classico-gran-selezione-il-caggio-ipsus-tuscany-italy","1888740","20198157395"
"Castello Monsanto","2020","Chianti Classico, Gran Selezione, Il Poggio, Castello di Monsanto, Tuscany, Italy","345","Case of 1 Magnums","https://www.bbr.com/products-20208085742-2020-chianti-classico-gran-selezione-il-poggio-castello-di-monsanto-tuscany-italy","2986519","20208085742"
"Isole e Olena","2010","Chianti Classico, Gran Selezione, Isole e Olena, Tuscany, Italy","500","Case of 3 Bottles","https://www.bbr.com/products-20108108472-2010-chianti-classico-gran-selezione-isole-e-olena-tuscany-italy","1361342","20108108472"
"Isole e Olena","2015","Chianti Classico, Gran Selezione, Isole e Olena, Tuscany, Italy","540","Case of 3 Bottles","https://www.bbr.com/products-20158108472-2015-chianti-classico-gran-selezione-isole-e-olena-tuscany-italy","1361342","20158108472"
"Azienda Agricola Monteraponi","2017","Chianti Classico, Il Campitello, Riserva, Monteraponi, Tuscany, Italy","306","Case of 6 Bottles","https://www.bbr.com/products-20178156109-2017-chianti-classico-il-campitello-riserva-monteraponi-tuscany-italy","1239119","20178156109"
"San Giusto a Rentennano","2018","Chianti Classico, Le Baroncole, Riserva, San Giusto a Rentennano, Tuscany, Italy","300","Case of 6 Bottles","https://www.bbr.com/products-20188313797-2018-chianti-classico-le-baroncole-riserva-san-giusto-a-rentennano-tuscany-italy","1104624","20188313797"
"Antinori","2016","Chianti Classico, Marchese Antinori, Riserva, Tignanello, Tuscany, Italy","290","Case of 6 Bottles","https://www.bbr.com/products-20168102005-2016-chianti-classico-marchese-antinori-riserva-tignanello-tuscany-italy","1095359","20168102005"
"Bibbiano, Tuscany","2009","Chianti Classico, Montornello, Bibbiano, Tuscany, Italy","126","Case of 6 Bottles","https://www.bbr.com/products-20098029968-2009-chianti-classico-montornello-bibbiano-tuscany-italy","1169674","20098029968"
"Badia a Coltibuono, Tuscany","2009","Chianti Classico, Riserva, Badia a Coltibuono, Tuscany, Italy","250","Case of 6 Bottles","https://www.bbr.com/products-20091095636-2009-chianti-classico-riserva-badia-a-coltibuono-tuscany-italy","1095636","20091095636"
"Villa Calcinaia, Tuscany","2010","Chianti Classico, Riserva, Villa Calcinaia, Tuscany, Italy","160","Case of 6 Bottles","https://www.bbr.com/products-20108027629-2010-chianti-classico-riserva-villa-calcinaia-tuscany-italy","1533842","20108027629"
"Barone Ricasoli","2016","Chianti Classico, Roncicone, Gran Selezione, Barone Ricasoli, Tuscany, Italy","290","Case of 6 Bottles","https://www.bbr.com/products-20168164979-2016-chianti-classico-roncicone-gran-selezione-barone-ricasoli-tuscany-italy","1858341","20168164979"
"San Giusto a Rentennano","2022","Chianti Classico, San Giusto a Rentennano, Tuscany, Italy","150","Case of 6 Bottles","https://www.bbr.com/products-20228200495-2022-chianti-classico-san-giusto-a-rentennano-tuscany-italy","1741692","20228200495"
"Vecchie Terre Di Montefili, Acuti","2021","Chianti Classico, Vecchie Terre di Montefili, Tuscany, Italy","90","Case of 6 Bottles","https://www.bbr.com/products-20218302939-2021-chianti-classico-vecchie-terre-di-montefili-tuscany-italy","1106080","20218302939"
"Marchesi Mazzei","2018","Chianti Classico, Vicoregio 36, Gran Selezione, Castello di Fonterutoli, Mazzei, Tuscany, Italy","360","Case of 6 Bottles","https://www.bbr.com/products-20188314055-2018-chianti-classico-vicoregio-36-gran-selezione-castello-di-fonterutoli-mazzei-tuscany-italy","1906547","20188314055"
"Istine Societa Semplice Agricola","2021","Chianti Classico, Vigna Cavarchione, Istine, Tuscany, Italy","245","Case of 6 Bottles","https://www.bbr.com/products-20218172912-2021-chianti-classico-vigna-cavarchione-istine-tuscany-italy","1608467","20218172912"
"Fontodi","2015","Chianti Classico, Vigna del Sorbo, Gran Selezione, Fontodi, Tuscany, Italy","160","Case of 1 Magnums","https://www.bbr.com/products-20158109020-2015-chianti-classico-vigna-del-sorbo-gran-selezione-fontodi-tuscany-italy","1334856","20158109020"
"Fontodi","2018","Chianti Classico, Vigna del Sorbo, Gran Selezione, Fontodi, Tuscany, Italy","230","Case of 6 Bottles","https://www.bbr.com/products-20188109020-2018-chianti-classico-vigna-del-sorbo-gran-selezione-fontodi-tuscany-italy","1334856","20188109020"
"Fontodi","2018","Chianti Classico, Vigna del Sorbo, Gran Selezione, Fontodi, Tuscany, Italy","285","Case of 6 Bottles","https://www.bbr.com/products-20188109020-2018-chianti-classico-vigna-del-sorbo-gran-selezione-fontodi-tuscany-italy","1334856","20188109020"
"Fontodi","2018","Chianti Classico, Vigna del Sorbo, Gran Selezione, Fontodi, Tuscany, Italy","150","Case of 1 Magnums","https://www.bbr.com/products-20188109020-2018-chianti-classico-vigna-del-sorbo-gran-selezione-fontodi-tuscany-italy","1334856","20188109020"
"Fontodi","2010","Chianti Classico, Vigna del Sorbo, Riserva, Fontodi, Tuscany, Italy","400","Case of 6 Bottles","https://www.bbr.com/products-20108117845-2010-chianti-classico-vigna-del-sorbo-riserva-fontodi-tuscany-italy","1099243","20108117845"
"Castello di Ama","2006","Chianti Classico, Vigneto Bellavista, Castello di Ama, Tuscany, Italy","585","Case of 6 Bottles","https://www.bbr.com/products-20068014782-2006-chianti-classico-vigneto-bellavista-castello-di-ama-tuscany-italy","1097395","20068014782"
"Castello di Ama","2016","Chianti Classico, Vigneto Bellavista, Castello di Ama, Tuscany, Italy","565","Case of 6 Bottles","https://www.bbr.com/products-20168014782-2016-chianti-classico-vigneto-bellavista-castello-di-ama-tuscany-italy","1097395","20168014782"
"Castello di Ama","2016","Chianti Classico, Vigneto La Casuccia, Castello di Ama, Tuscany, Italy","480","Case of 6 Bottles","https://www.bbr.com/products-20168014779-2016-chianti-classico-vigneto-la-casuccia-castello-di-ama-tuscany-italy","1097412","20168014779"
"Castello di Ama","2018","Chianti Classico, Vigneto La Casuccia, Castello di Ama, Tuscany, Italy","820","Case of 6 Bottles","https://www.bbr.com/products-20188014779-2018-chianti-classico-vigneto-la-casuccia-castello-di-ama-tuscany-italy","1097412","20188014779"
"Fattoria Selvapiana","2016","Chianti Rufina, Vigneto Erchi, Selvapiana, Tuscany, Italy","153","Case of 3 Bottles","https://www.bbr.com/products-20168128283-2016-chianti-rufina-vigneto-erchi-selvapiana-tuscany-italy","1852192","20168128283"
"Charles Joguet","2020","Chinon Rouge, Clos du Chene Vert, Charles Joguet, Loire","208","Case of 6 Bottles","https://www.bbr.com/products-20208213358-2020-chinon-rouge-clos-du-chene-vert-charles-joguet-loire","1106859","20208213358"
"Charles Joguet","2022","Chinon Rouge, Clos du Chene Vert, Charles Joguet, Loire","250","Case of 6 Bottles","https://www.bbr.com/products-20228213358-2022-chinon-rouge-clos-du-chene-vert-charles-joguet-loire","1106859","20228213358"
"Charles Joguet","2022","Chinon Rouge, Les Varennes de Grand Clos, Charles Joguet, Loire","225","Case of 6 Bottles","https://www.bbr.com/products-20228206240-2022-chinon-rouge-les-varennes-de-grand-clos-charles-joguet-loire","1315589","20228206240"
"Domaine Philippe Alliet","2022","Chinon Rouge, Vieilles Vignes, Philippe Alliet, Loire","235","Case of 6 Bottles","https://www.bbr.com/products-20228042028-2022-chinon-rouge-vieilles-vignes-philippe-alliet-loire","1192159","20228042028"
"Domaine Philippe Alliet","2022","Chinon Rouge, Vieilles Vignes, Philippe Alliet, Loire","85","Case of 1 Magnums","https://www.bbr.com/products-20228042028-2022-chinon-rouge-vieilles-vignes-philippe-alliet-loire","1192159","20228042028"
"Domaine Philippe Alliet","2022","Chinon, Blanc, Domaine Philippe Alliet, Loire","199","Case of 6 Bottles","https://www.bbr.com/products-20228042015-2022-chinon-blanc-domaine-philippe-alliet-loire","1807857","20228042015"
"Charles Joguet","2017","Chinon, Clos de la Dioterie, Charles Joguet, Loire","290","Case of 6 Bottles","https://www.bbr.com/products-20178213345-2017-chinon-clos-de-la-dioterie-charles-joguet-loire","1106875","20178213345"
"Charles Joguet","2020","Chinon, Clos de la Dioterie, Charles Joguet, Loire","260","Case of 6 Bottles","https://www.bbr.com/products-20208213345-2020-chinon-clos-de-la-dioterie-charles-joguet-loire","1106875","20208213345"
"Domaine Philippe Alliet","2020","Chinon, Coteau de Noire, Philippe Alliet, Loire","350","Case of 6 Bottles","https://www.bbr.com/products-20208109743-2020-chinon-coteau-de-noire-philippe-alliet-loire","1316397","20208109743"
"Domaine Philippe Alliet","2020","Chinon, L'Huisserie, Domaine Philippe Alliet, Loire","160","Case of 6 Bottles","https://www.bbr.com/products-20208111683-2020-chinon-l-huisserie-domaine-philippe-alliet-loire","1224786","20208111683"
"Bernard Baudry","2019","Chinon, Le Clos Guillot, Bernard Baudry, Loire","230","Case of 3 Magnums","https://www.bbr.com/products-20198147912-2019-chinon-le-clos-guillot-bernard-baudry-loire","1326305","20198147912"
"Bernard Baudry","2021","Chinon, Les Grezeaux, Bernard Baudry, Loire","140","Case of 3 Magnums","https://www.bbr.com/products-20218173977-2021-chinon-les-grezeaux-bernard-baudry-loire","1306549","20218173977"
"Charles Joguet","2020","Chinon, Rouge, Les Charmes, Charles Joguet, Loire","165","Case of 6 Bottles","https://www.bbr.com/products-20208177278-2020-chinon-rouge-les-charmes-charles-joguet-loire","1238516","20208177278"
"Charles Joguet","2022","Chinon, Rouge, Les Charmes, Charles Joguet, Loire","105","Case of 6 Bottles","https://www.bbr.com/products-20228177278-2022-chinon-rouge-les-charmes-charles-joguet-loire","1238516","20228177278"
"Domaine de Vernus","2023","Chiroubles, Domaine de Vernus, Beaujolais","140","Case of 6 Bottles","https://www.bbr.com/products-20238301886-2023-chiroubles-domaine-de-vernus-beaujolais","2096445","20238301886"
"Frederic Cossard","2020","Chiroubles, Les en Hauts, Frederic Cossard, Beaujolais","188","Case of 6 Bottles","https://www.bbr.com/products-20208148296-2020-chiroubles-les-en-hauts-frederic-cossard-beaujolais","2148274","20208148296"
"Domaine Guyon","2015","Chorey-les-Beaune, Les Bons Ores, Domaine Guyon, Burgundy","175","Case of 6 Bottles","https://www.bbr.com/products-20151447145-2015-chorey-les-beaune-les-bons-ores-domaine-guyon-burgundy","1194502","20151447145"
"Domaine Guyon","2016","Chorey-les-Beaune, Les Bons Ores, Domaine Guyon, Burgundy","312","Case of 6 Bottles","https://www.bbr.com/products-20161447145-2016-chorey-les-beaune-les-bons-ores-domaine-guyon-burgundy","1194502","20161447145"
"Domaine Guyon","2017","Chorey-les-Beaune, Les Bons Ores, Domaine Guyon, Burgundy","190","Case of 6 Bottles","https://www.bbr.com/products-20171447145-2017-chorey-les-beaune-les-bons-ores-domaine-guyon-burgundy","1194502","20171447145"
"Domaine Guyon","2020","Chorey-les-Beaune, Les Bons Ores, Domaine Guyon, Burgundy","220","Case of 6 Bottles","https://www.bbr.com/products-20201447145-2020-chorey-les-beaune-les-bons-ores-domaine-guyon-burgundy","1194502","20201447145"
"Domaine Guyon","2021","Chorey-les-Beaune, Les Bons Ores, Domaine Guyon, Burgundy","235","Case of 6 Bottles","https://www.bbr.com/products-20211447145-2021-chorey-les-beaune-les-bons-ores-domaine-guyon-burgundy","1194502","20211447145"
"Domaine Guyon","2022","Chorey-les-Beaune, Les Bons Ores, Domaine Guyon, Burgundy","250","Case of 6 Bottles","https://www.bbr.com/products-20221447145-2022-chorey-les-beaune-les-bons-ores-domaine-guyon-burgundy","1194502","20221447145"
"Domaine Guyon","2023","Chorey-les-Beaune, Les Bons Ores, Domaine Guyon, Burgundy","240","Case of 6 Bottles","https://www.bbr.com/products-20231447145-2023-chorey-les-beaune-les-bons-ores-domaine-guyon-burgundy","1194502","20231447145"
"Chryseia","2011","Chryseia, Prats & Symington, Quinta de Roriz, Douro, Portugal","1800","Case of 6 Bottles","https://www.bbr.com/products-20118116936-2011-chryseia-prats-symington-quinta-de-roriz-douro-portugal","1108013","20118116936"
"Chryseia","2017","Chryseia, Prats &amp; Symington, Quinta de Roriz, Douro, Portugal","369","Case of 6 Bottles","https://www.bbr.com/products-20178116936-2017-chryseia-prats-and-symington-quinta-de-roriz-douro-portugal","1108013","20178116936"
"Churchill","2011","Churchill's, Port, Portugal","342","Case of 6 Bottles","https://www.bbr.com/products-20118015268-2011-churchill-s-port-portugal","1405558","20118015268"
"Chateau Angludet","2008","Chateau Angludet, Margaux, Bordeaux","912","Case of 12 Bottles","https://www.bbr.com/products-20088008828-2008-chateau-angludet-margaux-bordeaux","1006058","20088008828"
"Chateau Angludet","2012","Chateau Angludet, Margaux, Bordeaux","454","Case of 12 Bottles","https://www.bbr.com/products-20128008828-2012-chateau-angludet-margaux-bordeaux","1006058","20128008828"
"Chateau Angludet","2014","Chateau Angludet, Margaux, Bordeaux","410","Case of 12 Bottles","https://www.bbr.com/products-20148008828-2014-chateau-angludet-margaux-bordeaux","1006058","20148008828"
"Chateau Angludet","2014","Chateau Angludet, Margaux, Bordeaux","425","Case of 1 Salmanazars","https://www.bbr.com/products-20148008828-2014-chateau-angludet-margaux-bordeaux","1006058","20148008828"
"Chateau Angludet","2015","Chateau Angludet, Margaux, Bordeaux","315","Case of 12 Bottles","https://www.bbr.com/products-20158008828-2015-chateau-angludet-margaux-bordeaux","1006058","20158008828"
"Chateau Angludet","2016","Chateau Angludet, Margaux, Bordeaux","190","Case of 6 Bottles","https://www.bbr.com/products-20168008828-2016-chateau-angludet-margaux-bordeaux","1006058","20168008828"
"Chateau Angludet","2018","Chateau Angludet, Margaux, Bordeaux","160","Case of 6 Bottles","https://www.bbr.com/products-20188008828-2018-chateau-angludet-margaux-bordeaux","1006058","20188008828"
"Chateau Angludet","2018","Chateau Angludet, Margaux, Bordeaux","304","Case of 3 Magnums","https://www.bbr.com/products-20188008828-2018-chateau-angludet-margaux-bordeaux","1006058","20188008828"
"Chateau Angludet","2019","Chateau Angludet, Margaux, Bordeaux","160","Case of 6 Bottles","https://www.bbr.com/products-20198008828-2019-chateau-angludet-margaux-bordeaux","1006058","20198008828"
"Chateau Angludet","2019","Chateau Angludet, Margaux, Bordeaux","180","Case of 12 Half Bottles","https://www.bbr.com/products-20198008828-2019-chateau-angludet-margaux-bordeaux","1006058","20198008828"
"Chateau Angludet","2020","Chateau Angludet, Margaux, Bordeaux","158","Case of 6 Bottles","https://www.bbr.com/products-20208008828-2020-chateau-angludet-margaux-bordeaux","1006058","20208008828"
"Chateau Angludet","2020","Chateau Angludet, Margaux, Bordeaux","160","Case of 6 Bottles","https://www.bbr.com/products-20208008828-2020-chateau-angludet-margaux-bordeaux","1006058","20208008828"
"Chateau Angludet","2020","Chateau Angludet, Margaux, Bordeaux","299","Case of 12 Half Bottles","https://www.bbr.com/products-20208008828-2020-chateau-angludet-margaux-bordeaux","1006058","20208008828"
"Chateau Angludet","2021","Chateau Angludet, Margaux, Bordeaux","160","Case of 6 Bottles","https://www.bbr.com/products-20218008828-2021-chateau-angludet-margaux-bordeaux","1006058","20218008828"
"Chateau Angludet","2021","Chateau Angludet, Margaux, Bordeaux","130","Case of 3 Magnums","https://www.bbr.com/products-20218008828-2021-chateau-angludet-margaux-bordeaux","1006058","20218008828"
"Chateau Angludet","2022","Chateau Angludet, Margaux, Bordeaux","175","Case of 6 Bottles","https://www.bbr.com/products-20228008828-2022-chateau-angludet-margaux-bordeaux","1006058","20228008828"
"Chateau Angludet","2022","Chateau Angludet, Margaux, Bordeaux","150","Case of 3 Magnums","https://www.bbr.com/products-20228008828-2022-chateau-angludet-margaux-bordeaux","1006058","20228008828"
"Chateau Angelus","2005","Chateau Angelus, St Emilion, Bordeaux","2350","Case of 6 Bottles","https://www.bbr.com/products-20058004341-2005-chateau-angelus-st-emilion-bordeaux","1006045","20058004341"
"Chateau Angelus","2005","Chateau Angelus, St Emilion, Bordeaux","4656","Case of 12 Bottles","https://www.bbr.com/products-20058004341-2005-chateau-angelus-st-emilion-bordeaux","1006045","20058004341"
"Chateau Angelus","2005","Chateau Angelus, St Emilion, Bordeaux","4600","Case of 6 Magnums","https://www.bbr.com/products-20058004341-2005-chateau-angelus-st-emilion-bordeaux","1006045","20058004341"
"Chateau Angelus","2008","Chateau Angelus, St Emilion, Bordeaux","3000","Case of 12 Bottles","https://www.bbr.com/products-20088004341-2008-chateau-angelus-st-emilion-bordeaux","1006045","20088004341"
"Chateau Angelus","2009","Chateau Angelus, St Emilion, Bordeaux","1700","Case of 6 Bottles","https://www.bbr.com/products-20098004341-2009-chateau-angelus-st-emilion-bordeaux","1006045","20098004341"
"Chateau Angelus","2009","Chateau Angelus, St Emilion, Bordeaux","1700","Case of 6 Bottles","https://www.bbr.com/products-20098004341-2009-chateau-angelus-st-emilion-bordeaux","1006045","20098004341"
"Chateau Angelus","2010","Chateau Angelus, St Emilion, Bordeaux","1575","Case of 6 Bottles","https://www.bbr.com/products-20108004341-2010-chateau-angelus-st-emilion-bordeaux","1006045","20108004341"
"Chateau Angelus","2012","Chateau Angelus, St Emilion, Bordeaux","2400","Case of 6 Bottles","https://www.bbr.com/products-20128004341-2012-chateau-angelus-st-emilion-bordeaux","1006045","20128004341"
"Chateau Angelus","2015","Chateau Angelus, St Emilion, Bordeaux","2000","Case of 1 Imperials","https://www.bbr.com/products-20158004341-2015-chateau-angelus-st-emilion-bordeaux","1006045","20158004341"
"Chateau Angelus","2017","Chateau Angelus, St Emilion, Bordeaux","1800","Case of 1 Double Magnums","https://www.bbr.com/products-20178004341-2017-chateau-angelus-st-emilion-bordeaux","1006045","20178004341"
"Chateau Angelus","2018","Chateau Angelus, St Emilion, Bordeaux","1900","Case of 6 Bottles","https://www.bbr.com/products-20188004341-2018-chateau-angelus-st-emilion-bordeaux","1006045","20188004341"
"Chateau Angelus","2018","Chateau Angelus, St Emilion, Bordeaux","1370","Case of 6 Bottles","https://www.bbr.com/products-20188004341-2018-chateau-angelus-st-emilion-bordeaux","1006045","20188004341"
"Chateau Angelus","2019","Chateau Angelus, St Emilion, Bordeaux","1675","Case of 6 Bottles","https://www.bbr.com/products-20198004341-2019-chateau-angelus-st-emilion-bordeaux","1006045","20198004341"
"Chateau Angelus","2020","Chateau Angelus, St Emilion, Bordeaux","2250","Case of 6 Bottles","https://www.bbr.com/products-20208004341-2020-chateau-angelus-st-emilion-bordeaux","1006045","20208004341"
"Chateau Angelus","2021","Chateau Angelus, St Emilion, Bordeaux","1872","Case of 6 Bottles","https://www.bbr.com/products-20218004341-2021-chateau-angelus-st-emilion-bordeaux","1006045","20218004341"
"Chateau Angelus","2022","Chateau Angelus, St Emilion, Bordeaux","1850","Case of 6 Bottles","https://www.bbr.com/products-20228004341-2022-chateau-angelus-st-emilion-bordeaux","1006045","20228004341"
"Chateau Angelus","2022","Chateau Angelus, St Emilion, Bordeaux","999","Case of 3 Bottles","https://www.bbr.com/products-20228004341-2022-chateau-angelus-st-emilion-bordeaux","1006045","20228004341"
"Chateau Angelus","2023","Chateau Angelus, St Emilion, Bordeaux","760","Case of 3 Bottles","https://www.bbr.com/products-20238004341-2023-chateau-angelus-st-emilion-bordeaux","1006045","20238004341"
"Chateau Ausone","2002","Chateau Ausone, St Emilion, Bordeaux","1750","Case of 6 Bottles","https://www.bbr.com/products-20028008785-2002-chateau-ausone-st-emilion-bordeaux","1006205","20028008785"
"Chateau Ausone","2004","Chateau Ausone, St Emilion, Bordeaux","3250","Case of 12 Bottles","https://www.bbr.com/products-20048008785-2004-chateau-ausone-st-emilion-bordeaux","1006205","20048008785"
"Chateau Ausone","2005","Chateau Ausone, St Emilion, Bordeaux","4500","Case of 6 Bottles","https://www.bbr.com/products-20058008785-2005-chateau-ausone-st-emilion-bordeaux","1006205","20058008785"
"Chateau Ausone","2006","Chateau Ausone, St Emilion, Bordeaux","1900","Case of 6 Bottles","https://www.bbr.com/products-20068008785-2006-chateau-ausone-st-emilion-bordeaux","1006205","20068008785"
"Chateau Ausone","2008","Chateau Ausone, St Emilion, Bordeaux","2350","Case of 6 Bottles","https://www.bbr.com/products-20088008785-2008-chateau-ausone-st-emilion-bordeaux","1006205","20088008785"
"Chateau Ausone","2008","Chateau Ausone, St Emilion, Bordeaux","2400","Case of 6 Bottles","https://www.bbr.com/products-20088008785-2008-chateau-ausone-st-emilion-bordeaux","1006205","20088008785"
"Chateau Ausone","2009","Chateau Ausone, St Emilion, Bordeaux","3625","Case of 6 Bottles","https://www.bbr.com/products-20098008785-2009-chateau-ausone-st-emilion-bordeaux","1006205","20098008785"
"Chateau Ausone","2011","Chateau Ausone, St Emilion, Bordeaux","1900","Case of 6 Bottles","https://www.bbr.com/products-20118008785-2011-chateau-ausone-st-emilion-bordeaux","1006205","20118008785"
"Chateau Ausone","2012","Chateau Ausone, St Emilion, Bordeaux","2380","Case of 6 Bottles","https://www.bbr.com/products-20128008785-2012-chateau-ausone-st-emilion-bordeaux","1006205","20128008785"
"Chateau Ausone","2013","Chateau Ausone, St Emilion, Bordeaux","700","Case of 3 Bottles","https://www.bbr.com/products-20138008785-2013-chateau-ausone-st-emilion-bordeaux","1006205","20138008785"
"Chateau Ausone","2014","Chateau Ausone, St Emilion, Bordeaux","1020","Case of 3 Bottles","https://www.bbr.com/products-20148008785-2014-chateau-ausone-st-emilion-bordeaux","1006205","20148008785"
"Chateau Ausone","2015","Chateau Ausone, St Emilion, Bordeaux","1000","Case of 1 Magnums","https://www.bbr.com/products-20158008785-2015-chateau-ausone-st-emilion-bordeaux","1006205","20158008785"
"Chateau Ausone","2016","Chateau Ausone, St Emilion, Bordeaux","4450","Case of 6 Bottles","https://www.bbr.com/products-20168008785-2016-chateau-ausone-st-emilion-bordeaux","1006205","20168008785"
"Chateau Ausone","2016","Chateau Ausone, St Emilion, Bordeaux","1663","Case of 1 Magnums","https://www.bbr.com/products-20168008785-2016-chateau-ausone-st-emilion-bordeaux","1006205","20168008785"
"Chateau Ausone","2017","Chateau Ausone, St Emilion, Bordeaux","1665","Case of 6 Bottles","https://www.bbr.com/products-20178008785-2017-chateau-ausone-st-emilion-bordeaux","1006205","20178008785"
"Chateau Ausone","2017","Chateau Ausone, St Emilion, Bordeaux","799.5","Case of 3 Bottles","https://www.bbr.com/products-20178008785-2017-chateau-ausone-st-emilion-bordeaux","1006205","20178008785"
"Chateau Ausone","2017","Chateau Ausone, St Emilion, Bordeaux","800","Case of 3 Bottles","https://www.bbr.com/products-20178008785-2017-chateau-ausone-st-emilion-bordeaux","1006205","20178008785"
"Chateau Ausone","2018","Chateau Ausone, St Emilion, Bordeaux","1099","Case of 3 Bottles","https://www.bbr.com/products-20188008785-2018-chateau-ausone-st-emilion-bordeaux","1006205","20188008785"
"Chateau Ausone","2019","Chateau Ausone, St Emilion, Bordeaux","1030","Case of 3 Bottles","https://www.bbr.com/products-20198008785-2019-chateau-ausone-st-emilion-bordeaux","1006205","20198008785"
"Chateau Ausone","2019","Chateau Ausone, St Emilion, Bordeaux","1030","Case of 3 Bottles","https://www.bbr.com/products-20198008785-2019-chateau-ausone-st-emilion-bordeaux","1006205","20198008785"
"Chateau Ausone","2020","Chateau Ausone, St Emilion, Bordeaux","2150","Case of 6 Bottles","https://www.bbr.com/products-20208008785-2020-chateau-ausone-st-emilion-bordeaux","1006205","20208008785"
"Chateau Ausone","2020","Chateau Ausone, St Emilion, Bordeaux","1488","Case of 3 Bottles","https://www.bbr.com/products-20208008785-2020-chateau-ausone-st-emilion-bordeaux","1006205","20208008785"
"Chateau Ausone","2020","Chateau Ausone, St Emilion, Bordeaux","2700","Case of 3 Bottles","https://www.bbr.com/products-20208008785-2020-chateau-ausone-st-emilion-bordeaux","1006205","20208008785"
"Chateau Ausone","2021","Chateau Ausone, St Emilion, Bordeaux","285","Case of 1 Bottles","https://www.bbr.com/products-20218008785-2021-chateau-ausone-st-emilion-bordeaux","1006205","20218008785"
"Chateau Ausone","2021","Chateau Ausone, St Emilion, Bordeaux","795","Case of 3 Bottles","https://www.bbr.com/products-20218008785-2021-chateau-ausone-st-emilion-bordeaux","1006205","20218008785"
"Chateau Ausone","2022","Chateau Ausone, St Emilion, Bordeaux","1245","Case of 3 Bottles","https://www.bbr.com/products-20228008785-2022-chateau-ausone-st-emilion-bordeaux","1006205","20228008785"
"Chateau Haut-Brion","2005","Chateau Bahans Haut-Brion, Pessac-Leognan, Bordeaux","1175","Case of 12 Bottles","https://www.bbr.com/products-20058125266-2005-chateau-bahans-haut-brion-pessac-leognan-bordeaux","1006221","20058125266"
"Chateau Barde Haut","2009","Chateau Barde-Haut, St Emilion, Bordeaux","410","Case of 12 Bottles","https://www.bbr.com/products-20098125253-2009-chateau-barde-haut-st-emilion-bordeaux","1006263","20098125253"
"Chateau Barde Haut","2019","Chateau Barde-Haut, St Emilion, Bordeaux","235","Case of 12 Bottles","https://www.bbr.com/products-20198125253-2019-chateau-barde-haut-st-emilion-bordeaux","1006263","20198125253"
"Chateau Batailley","2000","Chateau Batailley, Pauillac, Bordeaux","800","Case of 12 Bottles","https://www.bbr.com/products-20008003227-2000-chateau-batailley-pauillac-bordeaux","1006322","20008003227"
"Chateau Batailley","2003","Chateau Batailley, Pauillac, Bordeaux","550","Case of 12 Bottles","https://www.bbr.com/products-20038003227-2003-chateau-batailley-pauillac-bordeaux","1006322","20038003227"
"Chateau Batailley","2004","Chateau Batailley, Pauillac, Bordeaux","450","Case of 12 Bottles","https://www.bbr.com/products-20048003227-2004-chateau-batailley-pauillac-bordeaux","1006322","20048003227"
"Chateau Batailley","2005","Chateau Batailley, Pauillac, Bordeaux","700","Case of 12 Bottles","https://www.bbr.com/products-20058003227-2005-chateau-batailley-pauillac-bordeaux","1006322","20058003227"
"Chateau Batailley","2005","Chateau Batailley, Pauillac, Bordeaux","590","Case of 12 Bottles","https://www.bbr.com/products-20058003227-2005-chateau-batailley-pauillac-bordeaux","1006322","20058003227"
"Chateau Batailley","2005","Chateau Batailley, Pauillac, Bordeaux","695","Case of 6 Magnums","https://www.bbr.com/products-20058003227-2005-chateau-batailley-pauillac-bordeaux","1006322","20058003227"
"Chateau Batailley","2006","Chateau Batailley, Pauillac, Bordeaux","393","Case of 6 Magnums","https://www.bbr.com/products-20068003227-2006-chateau-batailley-pauillac-bordeaux","1006322","20068003227"
"Chateau Batailley","2007","Chateau Batailley, Pauillac, Bordeaux","355","Case of 12 Bottles","https://www.bbr.com/products-20078003227-2007-chateau-batailley-pauillac-bordeaux","1006322","20078003227"
"Chateau Batailley","2008","Chateau Batailley, Pauillac, Bordeaux","395","Case of 12 Bottles","https://www.bbr.com/products-20088003227-2008-chateau-batailley-pauillac-bordeaux","1006322","20088003227"
"Chateau Batailley","2008","Chateau Batailley, Pauillac, Bordeaux","394","Case of 12 Bottles","https://www.bbr.com/products-20088003227-2008-chateau-batailley-pauillac-bordeaux","1006322","20088003227"
"Chateau Batailley","2009","Chateau Batailley, Pauillac, Bordeaux","535","Case of 12 Bottles","https://www.bbr.com/products-20098003227-2009-chateau-batailley-pauillac-bordeaux","1006322","20098003227"
"Chateau Batailley","2009","Chateau Batailley, Pauillac, Bordeaux","555","Case of 12 Bottles","https://www.bbr.com/products-20098003227-2009-chateau-batailley-pauillac-bordeaux","1006322","20098003227"
"Chateau Batailley","2009","Chateau Batailley, Pauillac, Bordeaux","560","Case of 12 Bottles","https://www.bbr.com/products-20098003227-2009-chateau-batailley-pauillac-bordeaux","1006322","20098003227"
"Chateau Batailley","2009","Chateau Batailley, Pauillac, Bordeaux","590","Case of 24 Half Bottles","https://www.bbr.com/products-20098003227-2009-chateau-batailley-pauillac-bordeaux","1006322","20098003227"
"Chateau Batailley","2009","Chateau Batailley, Pauillac, Bordeaux","590","Case of 6 Magnums","https://www.bbr.com/products-20098003227-2009-chateau-batailley-pauillac-bordeaux","1006322","20098003227"
"Chateau Batailley","2010","Chateau Batailley, Pauillac, Bordeaux","530","Case of 12 Bottles","https://www.bbr.com/products-20108003227-2010-chateau-batailley-pauillac-bordeaux","1006322","20108003227"
"Chateau Batailley","2010","Chateau Batailley, Pauillac, Bordeaux","545","Case of 12 Bottles","https://www.bbr.com/products-20108003227-2010-chateau-batailley-pauillac-bordeaux","1006322","20108003227"
"Chateau Batailley","2010","Chateau Batailley, Pauillac, Bordeaux","530","Case of 6 Magnums","https://www.bbr.com/products-20108003227-2010-chateau-batailley-pauillac-bordeaux","1006322","20108003227"
"Chateau Batailley","2011","Chateau Batailley, Pauillac, Bordeaux","400","Case of 12 Bottles","https://www.bbr.com/products-20118003227-2011-chateau-batailley-pauillac-bordeaux","1006322","20118003227"
"Chateau Batailley","2011","Chateau Batailley, Pauillac, Bordeaux","425","Case of 12 Bottles","https://www.bbr.com/products-20118003227-2011-chateau-batailley-pauillac-bordeaux","1006322","20118003227"
"Chateau Batailley","2011","Chateau Batailley, Pauillac, Bordeaux","625","Case of 6 Magnums","https://www.bbr.com/products-20118003227-2011-chateau-batailley-pauillac-bordeaux","1006322","20118003227"
"Chateau Batailley","2012","Chateau Batailley, Pauillac, Bordeaux","420","Case of 12 Bottles","https://www.bbr.com/products-20128003227-2012-chateau-batailley-pauillac-bordeaux","1006322","20128003227"
"Chateau Batailley","2013","Chateau Batailley, Pauillac, Bordeaux","330","Case of 12 Bottles","https://www.bbr.com/products-20138003227-2013-chateau-batailley-pauillac-bordeaux","1006322","20138003227"
"Chateau Batailley","2013","Chateau Batailley, Pauillac, Bordeaux","550","Case of 3 Double Magnums","https://www.bbr.com/products-20138003227-2013-chateau-batailley-pauillac-bordeaux","1006322","20138003227"
"Chateau Batailley","2014","Chateau Batailley, Pauillac, Bordeaux","880","Case of 1 18 Litre Bottles","https://www.bbr.com/products-20148003227-2014-chateau-batailley-pauillac-bordeaux","1006322","20148003227"
"Chateau Batailley","2014","Chateau Batailley, Pauillac, Bordeaux","195","Case of 6 Bottles","https://www.bbr.com/products-20148003227-2014-chateau-batailley-pauillac-bordeaux","1006322","20148003227"
"Chateau Batailley","2014","Chateau Batailley, Pauillac, Bordeaux","200","Case of 3 Magnums","https://www.bbr.com/products-20148003227-2014-chateau-batailley-pauillac-bordeaux","1006322","20148003227"
"Chateau Batailley","2014","Chateau Batailley, Pauillac, Bordeaux","450","Case of 1 Salmanazars","https://www.bbr.com/products-20148003227-2014-chateau-batailley-pauillac-bordeaux","1006322","20148003227"
"Chateau Batailley","2015","Chateau Batailley, Pauillac, Bordeaux","200","Case of 6 Bottles","https://www.bbr.com/products-20158003227-2015-chateau-batailley-pauillac-bordeaux","1006322","20158003227"
"Chateau Batailley","2015","Chateau Batailley, Pauillac, Bordeaux","240","Case of 3 Magnums","https://www.bbr.com/products-20158003227-2015-chateau-batailley-pauillac-bordeaux","1006322","20158003227"
"Chateau Batailley","2016","Chateau Batailley, Pauillac, Bordeaux","239","Case of 6 Bottles","https://www.bbr.com/products-20168003227-2016-chateau-batailley-pauillac-bordeaux","1006322","20168003227"
"Chateau Batailley","2016","Chateau Batailley, Pauillac, Bordeaux","190","Case of 1 Double Magnums","https://www.bbr.com/products-20168003227-2016-chateau-batailley-pauillac-bordeaux","1006322","20168003227"
"Chateau Batailley","2016","Chateau Batailley, Pauillac, Bordeaux","420","Case of 12 Half Bottles","https://www.bbr.com/products-20168003227-2016-chateau-batailley-pauillac-bordeaux","1006322","20168003227"
"Chateau Batailley","2016","Chateau Batailley, Pauillac, Bordeaux","280","Case of 3 Magnums","https://www.bbr.com/products-20168003227-2016-chateau-batailley-pauillac-bordeaux","1006322","20168003227"
"Chateau Batailley","2017","Chateau Batailley, Pauillac, Bordeaux","200","Case of 6 Bottles","https://www.bbr.com/products-20178003227-2017-chateau-batailley-pauillac-bordeaux","1006322","20178003227"
"Chateau Batailley","2017","Chateau Batailley, Pauillac, Bordeaux","180","Case of 12 Half Bottles","https://www.bbr.com/products-20178003227-2017-chateau-batailley-pauillac-bordeaux","1006322","20178003227"
"Chateau Batailley","2018","Chateau Batailley, Pauillac, Bordeaux","238","Case of 6 Bottles","https://www.bbr.com/products-20188003227-2018-chateau-batailley-pauillac-bordeaux","1006322","20188003227"
"Chateau Batailley","2018","Chateau Batailley, Pauillac, Bordeaux","330","Case of 3 Magnums","https://www.bbr.com/products-20188003227-2018-chateau-batailley-pauillac-bordeaux","1006322","20188003227"
"Chateau Batailley","2019","Chateau Batailley, Pauillac, Bordeaux","170","Case of 6 Bottles","https://www.bbr.com/products-20198003227-2019-chateau-batailley-pauillac-bordeaux","1006322","20198003227"
"Chateau Batailley","2019","Chateau Batailley, Pauillac, Bordeaux","405","Case of 1 Double Magnums","https://www.bbr.com/products-20198003227-2019-chateau-batailley-pauillac-bordeaux","1006322","20198003227"
"Chateau Batailley","2019","Chateau Batailley, Pauillac, Bordeaux","220","Case of 12 Half Bottles","https://www.bbr.com/products-20198003227-2019-chateau-batailley-pauillac-bordeaux","1006322","20198003227"
"Chateau Batailley","2019","Chateau Batailley, Pauillac, Bordeaux","175","Case of 3 Magnums","https://www.bbr.com/products-20198003227-2019-chateau-batailley-pauillac-bordeaux","1006322","20198003227"
"Chateau Batailley","2020","Chateau Batailley, Pauillac, Bordeaux","148","Case of 6 Bottles","https://www.bbr.com/products-20208003227-2020-chateau-batailley-pauillac-bordeaux","1006322","20208003227"
"Chateau Batailley","2020","Chateau Batailley, Pauillac, Bordeaux","260","Case of 12 Bottles","https://www.bbr.com/products-20208003227-2020-chateau-batailley-pauillac-bordeaux","1006322","20208003227"
"Chateau Batailley","2020","Chateau Batailley, Pauillac, Bordeaux","183","Case of 12 Half Bottles","https://www.bbr.com/products-20208003227-2020-chateau-batailley-pauillac-bordeaux","1006322","20208003227"
"Chateau Batailley","2020","Chateau Batailley, Pauillac, Bordeaux","175","Case of 3 Magnums","https://www.bbr.com/products-20208003227-2020-chateau-batailley-pauillac-bordeaux","1006322","20208003227"
"Chateau Batailley","2021","Chateau Batailley, Pauillac, Bordeaux","134","Case of 6 Bottles","https://www.bbr.com/products-20218003227-2021-chateau-batailley-pauillac-bordeaux","1006322","20218003227"
"Chateau Batailley","2021","Chateau Batailley, Pauillac, Bordeaux","330","Case of 12 Bottles","https://www.bbr.com/products-20218003227-2021-chateau-batailley-pauillac-bordeaux","1006322","20218003227"
"Chateau Batailley","2021","Chateau Batailley, Pauillac, Bordeaux","348","Case of 12 Half Bottles","https://www.bbr.com/products-20218003227-2021-chateau-batailley-pauillac-bordeaux","1006322","20218003227"
"Chateau Batailley","2021","Chateau Batailley, Pauillac, Bordeaux","210","Case of 3 Magnums","https://www.bbr.com/products-20218003227-2021-chateau-batailley-pauillac-bordeaux","1006322","20218003227"
"Chateau Batailley","2022","Chateau Batailley, Pauillac, Bordeaux","185","Case of 6 Bottles","https://www.bbr.com/products-20228003227-2022-chateau-batailley-pauillac-bordeaux","1006322","20228003227"
"Chateau Batailley","2022","Chateau Batailley, Pauillac, Bordeaux","180","Case of 1 Double Magnums","https://www.bbr.com/products-20228003227-2022-chateau-batailley-pauillac-bordeaux","1006322","20228003227"
"Chateau Batailley","2022","Chateau Batailley, Pauillac, Bordeaux","299","Case of 12 Half Bottles","https://www.bbr.com/products-20228003227-2022-chateau-batailley-pauillac-bordeaux","1006322","20228003227"
"Chateau Batailley","2022","Chateau Batailley, Pauillac, Bordeaux","195","Case of 3 Magnums","https://www.bbr.com/products-20228003227-2022-chateau-batailley-pauillac-bordeaux","1006322","20228003227"
"Chateau Beau-Site","2005","Chateau Beau-Site, St Estephe, Bordeaux","450","Case of 12 Bottles","https://www.bbr.com/products-20058125208-2005-chateau-beau-site-st-estephe-bordeaux","1006436","20058125208"
"Chateau Beau-Site","2009","Chateau Beau-Site, St Estephe, Bordeaux","340","Case of 12 Bottles","https://www.bbr.com/products-20098125208-2009-chateau-beau-site-st-estephe-bordeaux","1006436","20098125208"
"Chateau Beau-Site","2016","Chateau Beau-Site, St Estephe, Bordeaux","100","Case of 6 Bottles","https://www.bbr.com/products-20168125208-2016-chateau-beau-site-st-estephe-bordeaux","1006436","20168125208"
"Chateau Beau-Sejour Becot","2011","Chateau Beau-Sejour Becot, St Emilion, Bordeaux","840","Case of 12 Bottles","https://www.bbr.com/products-20118109815-2011-chateau-beau-sejour-becot-st-emilion-bordeaux","1316153","20118109815"
"Chateau Beau-Sejour Becot","2012","Chateau Beau-Sejour Becot, St Emilion, Bordeaux","250","Case of 6 Bottles","https://www.bbr.com/products-20128109815-2012-chateau-beau-sejour-becot-st-emilion-bordeaux","1316153","20128109815"
"Chateau Beau-Sejour Becot","2015","Chateau Beau-Sejour Becot, St Emilion, Bordeaux","330","Case of 6 Bottles","https://www.bbr.com/products-20158109815-2015-chateau-beau-sejour-becot-st-emilion-bordeaux","1316153","20158109815"
"Chateau Beau-Sejour Becot","2016","Chateau Beau-Sejour Becot, St Emilion, Bordeaux","520","Case of 12 Bottles","https://www.bbr.com/products-20168109815-2016-chateau-beau-sejour-becot-st-emilion-bordeaux","1316153","20168109815"
"Chateau Beau-Sejour Becot","2016","Chateau Beau-Sejour Becot, St Emilion, Bordeaux","400","Case of 6 Bottles","https://www.bbr.com/products-20168109815-2016-chateau-beau-sejour-becot-st-emilion-bordeaux","1316153","20168109815"
"Chateau Beau-Sejour Becot","2018","Chateau Beau-Sejour Becot, St Emilion, Bordeaux","185","Case of 6 Bottles","https://www.bbr.com/products-20188109815-2018-chateau-beau-sejour-becot-st-emilion-bordeaux","1316153","20188109815"
"Chateau Beau-Sejour Becot","2018","Chateau Beau-Sejour Becot, St Emilion, Bordeaux","390","Case of 12 Bottles","https://www.bbr.com/products-20188109815-2018-chateau-beau-sejour-becot-st-emilion-bordeaux","1316153","20188109815"
"Chateau Beau-Sejour Becot","2018","Chateau Beau-Sejour Becot, St Emilion, Bordeaux","220","Case of 6 Bottles","https://www.bbr.com/products-20188109815-2018-chateau-beau-sejour-becot-st-emilion-bordeaux","1316153","20188109815"
"Chateau Beau-Sejour Becot","2018","Chateau Beau-Sejour Becot, St Emilion, Bordeaux","290","Case of 1 Double Magnums","https://www.bbr.com/products-20188109815-2018-chateau-beau-sejour-becot-st-emilion-bordeaux","1316153","20188109815"
"Chateau Beau-Sejour Becot","2018","Chateau Beau-Sejour Becot, St Emilion, Bordeaux","680","Case of 3 Magnums","https://www.bbr.com/products-20188109815-2018-chateau-beau-sejour-becot-st-emilion-bordeaux","1316153","20188109815"
"Chateau Beau-Sejour Becot","2019","Chateau Beau-Sejour Becot, St Emilion, Bordeaux","265","Case of 6 Bottles","https://www.bbr.com/products-20198109815-2019-chateau-beau-sejour-becot-st-emilion-bordeaux","1316153","20198109815"
"Chateau Beau-Sejour Becot","2019","Chateau Beau-Sejour Becot, St Emilion, Bordeaux","240","Case of 6 Bottles","https://www.bbr.com/products-20198109815-2019-chateau-beau-sejour-becot-st-emilion-bordeaux","1316153","20198109815"
"Chateau Beau-Sejour Becot","2020","Chateau Beau-Sejour Becot, St Emilion, Bordeaux","235","Case of 6 Bottles","https://www.bbr.com/products-20208109815-2020-chateau-beau-sejour-becot-st-emilion-bordeaux","1316153","20208109815"
"Chateau Beau-Sejour Becot","2020","Chateau Beau-Sejour Becot, St Emilion, Bordeaux","278","Case of 12 Half Bottles","https://www.bbr.com/products-20208109815-2020-chateau-beau-sejour-becot-st-emilion-bordeaux","1316153","20208109815"
"Chateau Beau-Sejour Becot","2021","Chateau Beau-Sejour Becot, St Emilion, Bordeaux","190","Case of 6 Bottles","https://www.bbr.com/products-20218109815-2021-chateau-beau-sejour-becot-st-emilion-bordeaux","1316153","20218109815"
"Chateau Beau-Sejour Becot","2021","Chateau Beau-Sejour Becot, St Emilion, Bordeaux","300","Case of 3 Magnums","https://www.bbr.com/products-20218109815-2021-chateau-beau-sejour-becot-st-emilion-bordeaux","1316153","20218109815"
"Chateau Beau-Sejour Becot","2022","Chateau Beau-Sejour Becot, St Emilion, Bordeaux","370","Case of 6 Bottles","https://www.bbr.com/products-20228109815-2022-chateau-beau-sejour-becot-st-emilion-bordeaux","1316153","20228109815"
"Chateau Beau-Sejour Becot","2022","Chateau Beau-Sejour Becot, St Emilion, Bordeaux","349","Case of 1 Double Magnums","https://www.bbr.com/products-20228109815-2022-chateau-beau-sejour-becot-st-emilion-bordeaux","1316153","20228109815"
"Chateau Beau-Sejour Becot","2022","Chateau Beau-Sejour Becot, St Emilion, Bordeaux","492","Case of 12 Half Bottles","https://www.bbr.com/products-20228109815-2022-chateau-beau-sejour-becot-st-emilion-bordeaux","1316153","20228109815"
"Chateau Beau-Sejour Becot","2022","Chateau Beau-Sejour Becot, St Emilion, Bordeaux","518","Case of 3 Magnums","https://www.bbr.com/products-20228109815-2022-chateau-beau-sejour-becot-st-emilion-bordeaux","1316153","20228109815"
"Chateau Beau-Sejour Becot","2023","Chateau Beau-Sejour Becot, St Emilion, Bordeaux","310","Case of 6 Bottles","https://www.bbr.com/products-20238109815-2023-chateau-beau-sejour-becot-st-emilion-bordeaux","1316153","20238109815"
"Chateau Beau-Sejour Becot","2023","Chateau Beau-Sejour Becot, St Emilion, Bordeaux","295","Case of 1 Double Magnums","https://www.bbr.com/products-20238109815-2023-chateau-beau-sejour-becot-st-emilion-bordeaux","1316153","20238109815"
"Chateau Beausejour","1997","Chateau Beausejour Duffau-Lagarrosse, St Emilion, Bordeaux","195","Case of 1 Magnums","https://www.bbr.com/products-19978012270-1997-chateau-beausejour-duffau-lagarrosse-st-emilion-bordeaux","1006423","19978012270"
"Chateau Beausejour","1999","Chateau Beausejour Duffau-Lagarrosse, St Emilion, Bordeaux","220","Case of 1 Magnums","https://www.bbr.com/products-19998012270-1999-chateau-beausejour-duffau-lagarrosse-st-emilion-bordeaux","1006423","19998012270"
"Chateau Beausejour","2000","Chateau Beausejour Duffau-Lagarrosse, St Emilion, Bordeaux","1350","Case of 12 Bottles","https://www.bbr.com/products-20008012270-2000-chateau-beausejour-duffau-lagarrosse-st-emilion-bordeaux","1006423","20008012270"
"Chateau Beausejour","2005","Chateau Beausejour Duffau-Lagarrosse, St Emilion, Bordeaux","630","Case of 3 Magnums","https://www.bbr.com/products-20058012270-2005-chateau-beausejour-duffau-lagarrosse-st-emilion-bordeaux","1006423","20058012270"
"Chateau Beausejour","2009","Chateau Beausejour Duffau-Lagarrosse, St Emilion, Bordeaux","2590","Case of 12 Bottles","https://www.bbr.com/products-20098012270-2009-chateau-beausejour-duffau-lagarrosse-st-emilion-bordeaux","1006423","20098012270"
"Chateau Beausejour","2011","Chateau Beausejour Duffau-Lagarrosse, St Emilion, Bordeaux","295","Case of 6 Bottles","https://www.bbr.com/products-20118012270-2011-chateau-beausejour-duffau-lagarrosse-st-emilion-bordeaux","1006423","20118012270"
"Chateau Beausejour","2013","Chateau Beausejour Duffau-Lagarrosse, St Emilion, Bordeaux","338","Case of 6 Bottles","https://www.bbr.com/products-20138012270-2013-chateau-beausejour-duffau-lagarrosse-st-emilion-bordeaux","1006423","20138012270"
"Chateau Beausejour","2014","Chateau Beausejour Duffau-Lagarrosse, St Emilion, Bordeaux","387","Case of 6 Bottles","https://www.bbr.com/products-20148012270-2014-chateau-beausejour-duffau-lagarrosse-st-emilion-bordeaux","1006423","20148012270"
"Chateau Beausejour","2018","Chateau Beausejour Duffau-Lagarrosse, St Emilion, Bordeaux","500","Case of 6 Bottles","https://www.bbr.com/products-20188012270-2018-chateau-beausejour-duffau-lagarrosse-st-emilion-bordeaux","1006423","20188012270"
"Chateau Beausejour","2018","Chateau Beausejour Duffau-Lagarrosse, St Emilion, Bordeaux","650","Case of 6 Bottles","https://www.bbr.com/products-20188012270-2018-chateau-beausejour-duffau-lagarrosse-st-emilion-bordeaux","1006423","20188012270"
"Chateau Beausejour","2019","Chateau Beausejour Duffau-Lagarrosse, St Emilion, Bordeaux","525","Case of 6 Bottles","https://www.bbr.com/products-20198012270-2019-chateau-beausejour-duffau-lagarrosse-st-emilion-bordeaux","1006423","20198012270"
"Chateau Beausejour","2020","Chateau Beausejour Duffau-Lagarrosse, St Emilion, Bordeaux","668","Case of 12 Half Bottles","https://www.bbr.com/products-20208012270-2020-chateau-beausejour-duffau-lagarrosse-st-emilion-bordeaux","1006423","20208012270"
"Chateau Beausejour","2021","Chateau Beausejour Duffau-Lagarrosse, St Emilion, Bordeaux","419","Case of 6 Bottles","https://www.bbr.com/products-20218012270-2021-chateau-beausejour-duffau-lagarrosse-st-emilion-bordeaux","1006423","20218012270"
"Chateau Beausejour","2022","Chateau Beausejour Duffau-Lagarrosse, St Emilion, Bordeaux","675","Case of 6 Bottles","https://www.bbr.com/products-20228012270-2022-chateau-beausejour-duffau-lagarrosse-st-emilion-bordeaux","1006423","20228012270"
"Chateau Beausejour","2022","Chateau Beausejour Duffau-Lagarrosse, St Emilion, Bordeaux","250","Case of 1 Magnums","https://www.bbr.com/products-20228012270-2022-chateau-beausejour-duffau-lagarrosse-st-emilion-bordeaux","1006423","20228012270"
"Chateau Beausejour","2022","Chateau Beausejour Duffau-Lagarrosse, St Emilion, Bordeaux","580","Case of 3 Magnums","https://www.bbr.com/products-20228012270-2022-chateau-beausejour-duffau-lagarrosse-st-emilion-bordeaux","1006423","20228012270"
"Chateau Beausejour","2023","Chateau Beausejour, St Emilion, Bordeaux","715","Case of 6 Bottles","https://www.bbr.com/products-20238012270-2023-chateau-beausejour-st-emilion-bordeaux","1006423","20238012270"
"Chateau Belgrave","2022","Chateau Belgrave, Haut-Medoc, Bordeaux","250","Case of 3 Magnums","https://www.bbr.com/products-20228008815-2022-chateau-belgrave-haut-medoc-bordeaux","1006739","20228008815"
"Chateau Bellefont Belcier","2016","Chateau Bellefont-Belcier, St Emilion, Bordeaux","465","Case of 12 Bottles","https://www.bbr.com/products-20168221506-2016-chateau-bellefont-belcier-st-emilion-bordeaux","1006768","20168221506"
"Chateau Bellefont Belcier","2020","Chateau Bellefont-Belcier, St Emilion, Bordeaux","300","Case of 6 Bottles","https://www.bbr.com/products-20208221506-2020-chateau-bellefont-belcier-st-emilion-bordeaux","1006768","20208221506"
"Chateau Bellevue Mondotte","2005","Chateau Bellevue Mondotte, St Emilion, Bordeaux","3075","Case of 12 Bottles","https://www.bbr.com/products-20058125149-2005-chateau-bellevue-mondotte-st-emilion-bordeaux","1006960","20058125149"
"Chateau Bellevue Mondotte","2006","Chateau Bellevue Mondotte, St Emilion, Bordeaux","575","Case of 6 Bottles","https://www.bbr.com/products-20068125149-2006-chateau-bellevue-mondotte-st-emilion-bordeaux","1006960","20068125149"
"Chateau Bellevue Mondotte","2006","Chateau Bellevue Mondotte, St Emilion, Bordeaux","1075","Case of 12 Bottles","https://www.bbr.com/products-20068125149-2006-chateau-bellevue-mondotte-st-emilion-bordeaux","1006960","20068125149"
"Chateau Bellevue Mondotte","2008","Chateau Bellevue Mondotte, St Emilion, Bordeaux","1095","Case of 12 Bottles","https://www.bbr.com/products-20088125149-2008-chateau-bellevue-mondotte-st-emilion-bordeaux","1006960","20088125149"
"Chateau Bellevue Mondotte","2009","Chateau Bellevue Mondotte, St Emilion, Bordeaux","1700","Case of 6 Bottles","https://www.bbr.com/products-20098125149-2009-chateau-bellevue-mondotte-st-emilion-bordeaux","1006960","20098125149"
"Chateau Bellevue Mondotte","2009","Chateau Bellevue Mondotte, St Emilion, Bordeaux","3208","Case of 12 Bottles","https://www.bbr.com/products-20098125149-2009-chateau-bellevue-mondotte-st-emilion-bordeaux","1006960","20098125149"
"Chateau Bellevue Mondotte","2010","Chateau Bellevue Mondotte, St Emilion, Bordeaux","815","Case of 6 Bottles","https://www.bbr.com/products-20108125149-2010-chateau-bellevue-mondotte-st-emilion-bordeaux","1006960","20108125149"
"Chateau Bellevue Mondotte","2016","Chateau Bellevue Mondotte, St Emilion, Bordeaux","688","Case of 6 Bottles","https://www.bbr.com/products-20168125149-2016-chateau-bellevue-mondotte-st-emilion-bordeaux","1006960","20168125149"
"Chateau Bellevue","2009","Chateau Bellevue, St Emilion, Bordeaux","400","Case of 6 Bottles","https://www.bbr.com/products-20098003272-2009-chateau-bellevue-st-emilion-bordeaux","1006898","20098003272"
"Chateau Berliquet","2010","Chateau Berliquet, St Emilion, Bordeaux","405","Case of 12 Bottles","https://www.bbr.com/products-20101007039-2010-chateau-berliquet-st-emilion-bordeaux","1007039","20101007039"
"Chateau Berliquet","2010","Chateau Berliquet, St Emilion, Bordeaux","420","Case of 6 Magnums","https://www.bbr.com/products-20101007039-2010-chateau-berliquet-st-emilion-bordeaux","1007039","20101007039"
"Chateau Berliquet","2012","Chateau Berliquet, St Emilion, Bordeaux","250","Case of 6 Magnums","https://www.bbr.com/products-20121007039-2012-chateau-berliquet-st-emilion-bordeaux","1007039","20121007039"
"Chateau Berliquet","2015","Chateau Berliquet, St Emilion, Bordeaux","160","Case of 6 Bottles","https://www.bbr.com/products-20151007039-2015-chateau-berliquet-st-emilion-bordeaux","1007039","20151007039"
"Chateau Berliquet","2016","Chateau Berliquet, St Emilion, Bordeaux","385","Case of 12 Bottles","https://www.bbr.com/products-20161007039-2016-chateau-berliquet-st-emilion-bordeaux","1007039","20161007039"
"Chateau Berliquet","2016","Chateau Berliquet, St Emilion, Bordeaux","179","Case of 6 Bottles","https://www.bbr.com/products-20161007039-2016-chateau-berliquet-st-emilion-bordeaux","1007039","20161007039"
"Chateau Berliquet","2017","Chateau Berliquet, St Emilion, Bordeaux","165","Case of 6 Bottles","https://www.bbr.com/products-20171007039-2017-chateau-berliquet-st-emilion-bordeaux","1007039","20171007039"
"Chateau Berliquet","2018","Chateau Berliquet, St Emilion, Bordeaux","260","Case of 12 Bottles","https://www.bbr.com/products-20181007039-2018-chateau-berliquet-st-emilion-bordeaux","1007039","20181007039"
"Chateau Berliquet","2018","Chateau Berliquet, St Emilion, Bordeaux","140","Case of 6 Bottles","https://www.bbr.com/products-20181007039-2018-chateau-berliquet-st-emilion-bordeaux","1007039","20181007039"
"Chateau Berliquet","2018","Chateau Berliquet, St Emilion, Bordeaux","225","Case of 3 Magnums","https://www.bbr.com/products-20181007039-2018-chateau-berliquet-st-emilion-bordeaux","1007039","20181007039"
"Chateau Berliquet","2020","Chateau Berliquet, St Emilion, Bordeaux","325","Case of 6 Bottles","https://www.bbr.com/products-20201007039-2020-chateau-berliquet-st-emilion-bordeaux","1007039","20201007039"
"Chateau Berliquet","2020","Chateau Berliquet, St Emilion, Bordeaux","275","Case of 3 Magnums","https://www.bbr.com/products-20201007039-2020-chateau-berliquet-st-emilion-bordeaux","1007039","20201007039"
"Chateau Berliquet","2021","Chateau Berliquet, St Emilion, Bordeaux","119","Case of 6 Bottles","https://www.bbr.com/products-20211007039-2021-chateau-berliquet-st-emilion-bordeaux","1007039","20211007039"
"Chateau Berliquet","2022","Chateau Berliquet, St Emilion, Bordeaux","172","Case of 6 Bottles","https://www.bbr.com/products-20221007039-2022-chateau-berliquet-st-emilion-bordeaux","1007039","20221007039"
"Chateau Berliquet","2022","Chateau Berliquet, St Emilion, Bordeaux","170","Case of 3 Magnums","https://www.bbr.com/products-20221007039-2022-chateau-berliquet-st-emilion-bordeaux","1007039","20221007039"
"Chateau Beychevelle","2005","Chateau Beychevelle, St Julien, Bordeaux","1080","Case of 12 Bottles","https://www.bbr.com/products-20058007528-2005-chateau-beychevelle-st-julien-bordeaux","1007101","20058007528"
"Chateau Beychevelle","2005","Chateau Beychevelle, St Julien, Bordeaux","1125","Case of 12 Bottles","https://www.bbr.com/products-20058007528-2005-chateau-beychevelle-st-julien-bordeaux","1007101","20058007528"
"Chateau Beychevelle","2005","Chateau Beychevelle, St Julien, Bordeaux","1180","Case of 6 Magnums","https://www.bbr.com/products-20058007528-2005-chateau-beychevelle-st-julien-bordeaux","1007101","20058007528"
"Chateau Beychevelle","2006","Chateau Beychevelle, St Julien, Bordeaux","875","Case of 12 Bottles","https://www.bbr.com/products-20068007528-2006-chateau-beychevelle-st-julien-bordeaux","1007101","20068007528"
"Chateau Beychevelle","2008","Chateau Beychevelle, St Julien, Bordeaux","375","Case of 6 Bottles","https://www.bbr.com/products-20088007528-2008-chateau-beychevelle-st-julien-bordeaux","1007101","20088007528"
"Chateau Beychevelle","2008","Chateau Beychevelle, St Julien, Bordeaux","849","Case of 12 Bottles","https://www.bbr.com/products-20088007528-2008-chateau-beychevelle-st-julien-bordeaux","1007101","20088007528"
"Chateau Beychevelle","2008","Chateau Beychevelle, St Julien, Bordeaux","720","Case of 12 Bottles","https://www.bbr.com/products-20088007528-2008-chateau-beychevelle-st-julien-bordeaux","1007101","20088007528"
"Chateau Beychevelle","2008","Chateau Beychevelle, St Julien, Bordeaux","385","Case of 6 Bottles","https://www.bbr.com/products-20088007528-2008-chateau-beychevelle-st-julien-bordeaux","1007101","20088007528"
"Chateau Beychevelle","2009","Chateau Beychevelle, St Julien, Bordeaux","465","Case of 6 Bottles","https://www.bbr.com/products-20098007528-2009-chateau-beychevelle-st-julien-bordeaux","1007101","20098007528"
"Chateau Beychevelle","2009","Chateau Beychevelle, St Julien, Bordeaux","980","Case of 12 Bottles","https://www.bbr.com/products-20098007528-2009-chateau-beychevelle-st-julien-bordeaux","1007101","20098007528"
"Chateau Beychevelle","2010","Chateau Beychevelle, St Julien, Bordeaux","485","Case of 6 Bottles","https://www.bbr.com/products-20108007528-2010-chateau-beychevelle-st-julien-bordeaux","1007101","20108007528"
"Chateau Beychevelle","2010","Chateau Beychevelle, St Julien, Bordeaux","1100","Case of 6 Magnums","https://www.bbr.com/products-20108007528-2010-chateau-beychevelle-st-julien-bordeaux","1007101","20108007528"
"Chateau Beychevelle","2011","Chateau Beychevelle, St Julien, Bordeaux","410","Case of 6 Bottles","https://www.bbr.com/products-20118007528-2011-chateau-beychevelle-st-julien-bordeaux","1007101","20118007528"
"Chateau Beychevelle","2015","Chateau Beychevelle, St Julien, Bordeaux","447","Case of 6 Bottles","https://www.bbr.com/products-20158007528-2015-chateau-beychevelle-st-julien-bordeaux","1007101","20158007528"
"Chateau Beychevelle","2016","Chateau Beychevelle, St Julien, Bordeaux","420","Case of 6 Bottles","https://www.bbr.com/products-20168007528-2016-chateau-beychevelle-st-julien-bordeaux","1007101","20168007528"
"Chateau Beychevelle","2016","Chateau Beychevelle, St Julien, Bordeaux","875","Case of 12 Bottles","https://www.bbr.com/products-20168007528-2016-chateau-beychevelle-st-julien-bordeaux","1007101","20168007528"
"Chateau Beychevelle","2017","Chateau Beychevelle, St Julien, Bordeaux","360","Case of 6 Bottles","https://www.bbr.com/products-20178007528-2017-chateau-beychevelle-st-julien-bordeaux","1007101","20178007528"
"Chateau Beychevelle","2017","Chateau Beychevelle, St Julien, Bordeaux","740","Case of 12 Bottles","https://www.bbr.com/products-20178007528-2017-chateau-beychevelle-st-julien-bordeaux","1007101","20178007528"
"Chateau Beychevelle","2017","Chateau Beychevelle, St Julien, Bordeaux","338","Case of 1 Double Magnums","https://www.bbr.com/products-20178007528-2017-chateau-beychevelle-st-julien-bordeaux","1007101","20178007528"
"Chateau Beychevelle","2017","Chateau Beychevelle, St Julien, Bordeaux","362","Case of 1 Double Magnums","https://www.bbr.com/products-20178007528-2017-chateau-beychevelle-st-julien-bordeaux","1007101","20178007528"
"Chateau Beychevelle","2018","Chateau Beychevelle, St Julien, Bordeaux","390","Case of 6 Bottles","https://www.bbr.com/products-20188007528-2018-chateau-beychevelle-st-julien-bordeaux","1007101","20188007528"
"Chateau Beychevelle","2019","Chateau Beychevelle, St Julien, Bordeaux","765","Case of 12 Bottles","https://www.bbr.com/products-20198007528-2019-chateau-beychevelle-st-julien-bordeaux","1007101","20198007528"
"Chateau Beychevelle","2019","Chateau Beychevelle, St Julien, Bordeaux","370","Case of 6 Bottles","https://www.bbr.com/products-20198007528-2019-chateau-beychevelle-st-julien-bordeaux","1007101","20198007528"
"Chateau Beychevelle","2020","Chateau Beychevelle, St Julien, Bordeaux","400","Case of 6 Bottles","https://www.bbr.com/products-20208007528-2020-chateau-beychevelle-st-julien-bordeaux","1007101","20208007528"
"Chateau Beychevelle","2020","Chateau Beychevelle, St Julien, Bordeaux","400","Case of 6 Bottles","https://www.bbr.com/products-20208007528-2020-chateau-beychevelle-st-julien-bordeaux","1007101","20208007528"
"Chateau Beychevelle","2021","Chateau Beychevelle, St Julien, Bordeaux","354","Case of 6 Bottles","https://www.bbr.com/products-20218007528-2021-chateau-beychevelle-st-julien-bordeaux","1007101","20218007528"
"Chateau Beychevelle","2021","Chateau Beychevelle, St Julien, Bordeaux","360","Case of 6 Bottles","https://www.bbr.com/products-20218007528-2021-chateau-beychevelle-st-julien-bordeaux","1007101","20218007528"
"Chateau Beychevelle","2022","Chateau Beychevelle, St Julien, Bordeaux","455","Case of 6 Bottles","https://www.bbr.com/products-20228007528-2022-chateau-beychevelle-st-julien-bordeaux","1007101","20228007528"
"Chateau Beychevelle","2022","Chateau Beychevelle, St Julien, Bordeaux","375","Case of 6 Bottles","https://www.bbr.com/products-20228007528-2022-chateau-beychevelle-st-julien-bordeaux","1007101","20228007528"
"Chateau Beychevelle","2023","Chateau Beychevelle, St Julien, Bordeaux","350","Case of 6 Bottles","https://www.bbr.com/products-20238007528-2023-chateau-beychevelle-st-julien-bordeaux","1007101","20238007528"
"Chateau Beychevelle","2023","Chateau Beychevelle, St Julien, Bordeaux","495","Case of 3 Magnums","https://www.bbr.com/products-20238007528-2023-chateau-beychevelle-st-julien-bordeaux","1007101","20238007528"
"Chateau Bonalgue","2014","Chateau Bonalgue, Pomerol, Bordeaux","400","Case of 12 Bottles","https://www.bbr.com/products-20148047717-2014-chateau-bonalgue-pomerol-bordeaux","1007169","20148047717"
"Chateau Bourgneuf","2016","Chateau Bourgneuf, Pomerol, Bordeaux","645","Case of 12 Bottles","https://www.bbr.com/products-20168113368-2016-chateau-bourgneuf-pomerol-bordeaux","1176027","20168113368"
"Chateau Bourgneuf","2022","Chateau Bourgneuf, Pomerol, Bordeaux","610","Case of 12 Bottles","https://www.bbr.com/products-20228113368-2022-chateau-bourgneuf-pomerol-bordeaux","1176027","20228113368"
"Chateau Branaire-Ducru","1994","Chateau Branaire-Ducru, St Julien, Bordeaux","400","Case of 6 Bottles","https://www.bbr.com/products-19948003230-1994-chateau-branaire-ducru-st-julien-bordeaux","1007257","19948003230"
"Chateau Branaire-Ducru","2004","Chateau Branaire-Ducru, St Julien, Bordeaux","540","Case of 12 Bottles","https://www.bbr.com/products-20048003230-2004-chateau-branaire-ducru-st-julien-bordeaux","1007257","20048003230"
"Chateau Branaire-Ducru","2005","Chateau Branaire-Ducru, St Julien, Bordeaux","740","Case of 12 Bottles","https://www.bbr.com/products-20058003230-2005-chateau-branaire-ducru-st-julien-bordeaux","1007257","20058003230"
"Chateau Branaire-Ducru","2007","Chateau Branaire-Ducru, St Julien, Bordeaux","500","Case of 12 Bottles","https://www.bbr.com/products-20078003230-2007-chateau-branaire-ducru-st-julien-bordeaux","1007257","20078003230"
"Chateau Branaire-Ducru","2007","Chateau Branaire-Ducru, St Julien, Bordeaux","432","Case of 12 Bottles","https://www.bbr.com/products-20078003230-2007-chateau-branaire-ducru-st-julien-bordeaux","1007257","20078003230"
"Chateau Branaire-Ducru","2008","Chateau Branaire-Ducru, St Julien, Bordeaux","450","Case of 12 Bottles","https://www.bbr.com/products-20088003230-2008-chateau-branaire-ducru-st-julien-bordeaux","1007257","20088003230"
"Chateau Branaire-Ducru","2010","Chateau Branaire-Ducru, St Julien, Bordeaux","320","Case of 6 Bottles","https://www.bbr.com/products-20108003230-2010-chateau-branaire-ducru-st-julien-bordeaux","1007257","20108003230"
"Chateau Branaire-Ducru","2010","Chateau Branaire-Ducru, St Julien, Bordeaux","705","Case of 6 Magnums","https://www.bbr.com/products-20108003230-2010-chateau-branaire-ducru-st-julien-bordeaux","1007257","20108003230"
"Chateau Branaire-Ducru","2011","Chateau Branaire-Ducru, St Julien, Bordeaux","190","Case of 6 Bottles","https://www.bbr.com/products-20118003230-2011-chateau-branaire-ducru-st-julien-bordeaux","1007257","20118003230"
"Chateau Branaire-Ducru","2011","Chateau Branaire-Ducru, St Julien, Bordeaux","190","Case of 3 Magnums","https://www.bbr.com/products-20118003230-2011-chateau-branaire-ducru-st-julien-bordeaux","1007257","20118003230"
"Chateau Branaire-Ducru","2012","Chateau Branaire-Ducru, St Julien, Bordeaux","215","Case of 6 Bottles","https://www.bbr.com/products-20128003230-2012-chateau-branaire-ducru-st-julien-bordeaux","1007257","20128003230"
"Chateau Branaire-Ducru","2012","Chateau Branaire-Ducru, St Julien, Bordeaux","225","Case of 6 Bottles","https://www.bbr.com/products-20128003230-2012-chateau-branaire-ducru-st-julien-bordeaux","1007257","20128003230"
"Chateau Branaire-Ducru","2012","Chateau Branaire-Ducru, St Julien, Bordeaux","225","Case of 3 Magnums","https://www.bbr.com/products-20128003230-2012-chateau-branaire-ducru-st-julien-bordeaux","1007257","20128003230"
"Chateau Branaire-Ducru","2013","Chateau Branaire-Ducru, St Julien, Bordeaux","298","Case of 1 Double Magnums","https://www.bbr.com/products-20138003230-2013-chateau-branaire-ducru-st-julien-bordeaux","1007257","20138003230"
"Chateau Branaire-Ducru","2014","Chateau Branaire-Ducru, St Julien, Bordeaux","185","Case of 6 Bottles","https://www.bbr.com/products-20148003230-2014-chateau-branaire-ducru-st-julien-bordeaux","1007257","20148003230"
"Chateau Branaire-Ducru","2014","Chateau Branaire-Ducru, St Julien, Bordeaux","375","Case of 12 Bottles","https://www.bbr.com/products-20148003230-2014-chateau-branaire-ducru-st-julien-bordeaux","1007257","20148003230"
"Chateau Branaire-Ducru","2015","Chateau Branaire-Ducru, St Julien, Bordeaux","240","Case of 6 Bottles","https://www.bbr.com/products-20158003230-2015-chateau-branaire-ducru-st-julien-bordeaux","1007257","20158003230"
"Chateau Branaire-Ducru","2015","Chateau Branaire-Ducru, St Julien, Bordeaux","215","Case of 6 Bottles","https://www.bbr.com/products-20158003230-2015-chateau-branaire-ducru-st-julien-bordeaux","1007257","20158003230"
"Chateau Branaire-Ducru","2016","Chateau Branaire-Ducru, St Julien, Bordeaux","330","Case of 6 Bottles","https://www.bbr.com/products-20168003230-2016-chateau-branaire-ducru-st-julien-bordeaux","1007257","20168003230"
"Chateau Branaire-Ducru","2016","Chateau Branaire-Ducru, St Julien, Bordeaux","420","Case of 1 Imperials","https://www.bbr.com/products-20168003230-2016-chateau-branaire-ducru-st-julien-bordeaux","1007257","20168003230"
"Chateau Branaire-Ducru","2017","Chateau Branaire-Ducru, St Julien, Bordeaux","169","Case of 6 Bottles","https://www.bbr.com/products-20178003230-2017-chateau-branaire-ducru-st-julien-bordeaux","1007257","20178003230"
"Chateau Branaire-Ducru","2018","Chateau Branaire-Ducru, St Julien, Bordeaux","238","Case of 6 Bottles","https://www.bbr.com/products-20188003230-2018-chateau-branaire-ducru-st-julien-bordeaux","1007257","20188003230"
"Chateau Branaire-Ducru","2018","Chateau Branaire-Ducru, St Julien, Bordeaux","275","Case of 6 Bottles","https://www.bbr.com/products-20188003230-2018-chateau-branaire-ducru-st-julien-bordeaux","1007257","20188003230"
"Chateau Branaire-Ducru","2018","Chateau Branaire-Ducru, St Julien, Bordeaux","350","Case of 12 Bottles","https://www.bbr.com/products-20188003230-2018-chateau-branaire-ducru-st-julien-bordeaux","1007257","20188003230"
"Chateau Branaire-Ducru","2018","Chateau Branaire-Ducru, St Julien, Bordeaux","228","Case of 3 Magnums","https://www.bbr.com/products-20188003230-2018-chateau-branaire-ducru-st-julien-bordeaux","1007257","20188003230"
"Chateau Branaire-Ducru","2019","Chateau Branaire-Ducru, St Julien, Bordeaux","200","Case of 6 Bottles","https://www.bbr.com/products-20198003230-2019-chateau-branaire-ducru-st-julien-bordeaux","1007257","20198003230"
"Chateau Branaire-Ducru","2019","Chateau Branaire-Ducru, St Julien, Bordeaux","186","Case of 3 Magnums","https://www.bbr.com/products-20198003230-2019-chateau-branaire-ducru-st-julien-bordeaux","1007257","20198003230"
"Chateau Branaire-Ducru","2020","Chateau Branaire-Ducru, St Julien, Bordeaux","180","Case of 6 Bottles","https://www.bbr.com/products-20208003230-2020-chateau-branaire-ducru-st-julien-bordeaux","1007257","20208003230"
"Chateau Branaire-Ducru","2020","Chateau Branaire-Ducru, St Julien, Bordeaux","385","Case of 12 Bottles","https://www.bbr.com/products-20208003230-2020-chateau-branaire-ducru-st-julien-bordeaux","1007257","20208003230"
"Chateau Branaire-Ducru","2021","Chateau Branaire-Ducru, St Julien, Bordeaux","190","Case of 6 Bottles","https://www.bbr.com/products-20218003230-2021-chateau-branaire-ducru-st-julien-bordeaux","1007257","20218003230"
"Chateau Branaire-Ducru","2022","Chateau Branaire-Ducru, St Julien, Bordeaux","200","Case of 6 Bottles","https://www.bbr.com/products-20228003230-2022-chateau-branaire-ducru-st-julien-bordeaux","1007257","20228003230"
"Chateau Branaire-Ducru","2022","Chateau Branaire-Ducru, St Julien, Bordeaux","800","Case of 1 Imperials","https://www.bbr.com/products-20228003230-2022-chateau-branaire-ducru-st-julien-bordeaux","1007257","20228003230"
"Chateau Branaire-Ducru","2022","Chateau Branaire-Ducru, St Julien, Bordeaux","204","Case of 3 Magnums","https://www.bbr.com/products-20228003230-2022-chateau-branaire-ducru-st-julien-bordeaux","1007257","20228003230"
"Chateau Branaire-Ducru","2023","Chateau Branaire-Ducru, St Julien, Bordeaux","295","Case of 1 Double Magnums","https://www.bbr.com/products-20238003230-2023-chateau-branaire-ducru-st-julien-bordeaux","1007257","20238003230"
"Chateau Brane-Cantenac","2005","Chateau Brane-Cantenac, Margaux, Bordeaux","850","Case of 12 Bottles","https://www.bbr.com/products-20058003243-2005-chateau-brane-cantenac-margaux-bordeaux","1007286","20058003243"
"Chateau Brane-Cantenac","2005","Chateau Brane-Cantenac, Margaux, Bordeaux","1020","Case of 6 Magnums","https://www.bbr.com/products-20058003243-2005-chateau-brane-cantenac-margaux-bordeaux","1007286","20058003243"
"Chateau Brane-Cantenac","2009","Chateau Brane-Cantenac, Margaux, Bordeaux","420","Case of 6 Bottles","https://www.bbr.com/products-20098003243-2009-chateau-brane-cantenac-margaux-bordeaux","1007286","20098003243"
"Chateau Brane-Cantenac","2010","Chateau Brane-Cantenac, Margaux, Bordeaux","415","Case of 6 Bottles","https://www.bbr.com/products-20108003243-2010-chateau-brane-cantenac-margaux-bordeaux","1007286","20108003243"
"Chateau Brane-Cantenac","2010","Chateau Brane-Cantenac, Margaux, Bordeaux","780","Case of 12 Bottles","https://www.bbr.com/products-20108003243-2010-chateau-brane-cantenac-margaux-bordeaux","1007286","20108003243"
"Chateau Brane-Cantenac","2010","Chateau Brane-Cantenac, Margaux, Bordeaux","820","Case of 12 Bottles","https://www.bbr.com/products-20108003243-2010-chateau-brane-cantenac-margaux-bordeaux","1007286","20108003243"
"Chateau Brane-Cantenac","2011","Chateau Brane-Cantenac, Margaux, Bordeaux","250","Case of 6 Bottles","https://www.bbr.com/products-20118003243-2011-chateau-brane-cantenac-margaux-bordeaux","1007286","20118003243"
"Chateau Brane-Cantenac","2013","Chateau Brane-Cantenac, Margaux, Bordeaux","199","Case of 6 Bottles","https://www.bbr.com/products-20138003243-2013-chateau-brane-cantenac-margaux-bordeaux","1007286","20138003243"
"Chateau Brane-Cantenac","2015","Chateau Brane-Cantenac, Margaux, Bordeaux","270","Case of 6 Bottles","https://www.bbr.com/products-20158003243-2015-chateau-brane-cantenac-margaux-bordeaux","1007286","20158003243"
"Chateau Brane-Cantenac","2015","Chateau Brane-Cantenac, Margaux, Bordeaux","338","Case of 6 Bottles","https://www.bbr.com/products-20158003243-2015-chateau-brane-cantenac-margaux-bordeaux","1007286","20158003243"
"Chateau Brane-Cantenac","2015","Chateau Brane-Cantenac, Margaux, Bordeaux","290","Case of 6 Bottles","https://www.bbr.com/products-20158003243-2015-chateau-brane-cantenac-margaux-bordeaux","1007286","20158003243"
"Chateau Brane-Cantenac","2015","Chateau Brane-Cantenac, Margaux, Bordeaux","290","Case of 3 Magnums","https://www.bbr.com/products-20158003243-2015-chateau-brane-cantenac-margaux-bordeaux","1007286","20158003243"
"Chateau Brane-Cantenac","2016","Chateau Brane-Cantenac, Margaux, Bordeaux","330","Case of 6 Bottles","https://www.bbr.com/products-20168003243-2016-chateau-brane-cantenac-margaux-bordeaux","1007286","20168003243"
"Chateau Brane-Cantenac","2017","Chateau Brane-Cantenac, Margaux, Bordeaux","215","Case of 6 Bottles","https://www.bbr.com/products-20178003243-2017-chateau-brane-cantenac-margaux-bordeaux","1007286","20178003243"
"Chateau Brane-Cantenac","2018","Chateau Brane-Cantenac, Margaux, Bordeaux","330","Case of 6 Bottles","https://www.bbr.com/products-20188003243-2018-chateau-brane-cantenac-margaux-bordeaux","1007286","20188003243"
"Chateau Brane-Cantenac","2019","Chateau Brane-Cantenac, Margaux, Bordeaux","259","Case of 6 Bottles","https://www.bbr.com/products-20198003243-2019-chateau-brane-cantenac-margaux-bordeaux","1007286","20198003243"
"Chateau Brane-Cantenac","2019","Chateau Brane-Cantenac, Margaux, Bordeaux","270","Case of 6 Bottles","https://www.bbr.com/products-20198003243-2019-chateau-brane-cantenac-margaux-bordeaux","1007286","20198003243"
"Chateau Brane-Cantenac","2019","Chateau Brane-Cantenac, Margaux, Bordeaux","360","Case of 12 Half Bottles","https://www.bbr.com/products-20198003243-2019-chateau-brane-cantenac-margaux-bordeaux","1007286","20198003243"
"Chateau Brane-Cantenac","2020","Chateau Brane-Cantenac, Margaux, Bordeaux","250","Case of 6 Bottles","https://www.bbr.com/products-20208003243-2020-chateau-brane-cantenac-margaux-bordeaux","1007286","20208003243"
"Chateau Brane-Cantenac","2020","Chateau Brane-Cantenac, Margaux, Bordeaux","415","Case of 3 Magnums","https://www.bbr.com/products-20208003243-2020-chateau-brane-cantenac-margaux-bordeaux","1007286","20208003243"
"Chateau Brane-Cantenac","2021","Chateau Brane-Cantenac, Margaux, Bordeaux","200","Case of 6 Bottles","https://www.bbr.com/products-20218003243-2021-chateau-brane-cantenac-margaux-bordeaux","1007286","20218003243"
"Chateau Brane-Cantenac","2021","Chateau Brane-Cantenac, Margaux, Bordeaux","360","Case of 3 Magnums","https://www.bbr.com/products-20218003243-2021-chateau-brane-cantenac-margaux-bordeaux","1007286","20218003243"
"Chateau Brane-Cantenac","2022","Chateau Brane-Cantenac, Margaux, Bordeaux","390","Case of 6 Bottles","https://www.bbr.com/products-20228003243-2022-chateau-brane-cantenac-margaux-bordeaux","1007286","20228003243"
"Chateau Brane-Cantenac","2022","Chateau Brane-Cantenac, Margaux, Bordeaux","450","Case of 3 Magnums","https://www.bbr.com/products-20228003243-2022-chateau-brane-cantenac-margaux-bordeaux","1007286","20228003243"
"Chateau Brane-Cantenac","2023","Chateau Brane-Cantenac, Margaux, Bordeaux","299","Case of 6 Bottles","https://www.bbr.com/products-20238003243-2023-chateau-brane-cantenac-margaux-bordeaux","1007286","20238003243"
"Chateau Branon","2009","Chateau Branon, Pessac-Leognan, Bordeaux","500","Case of 6 Bottles","https://www.bbr.com/products-20098125064-2009-chateau-branon-pessac-leognan-bordeaux","1007299","20098125064"
"Chateau Branon","2009","Chateau Branon, Pessac-Leognan, Bordeaux","430","Case of 6 Bottles","https://www.bbr.com/products-20098125064-2009-chateau-branon-pessac-leognan-bordeaux","1007299","20098125064"
"Chateau Branon","2010","Chateau Branon, Pessac-Leognan, Bordeaux","390","Case of 6 Bottles","https://www.bbr.com/products-20108125064-2010-chateau-branon-pessac-leognan-bordeaux","1007299","20108125064"
"Chateau Belair-Monange","2009","Chateau Belair-Monange, St Emilion, Bordeaux","685","Case of 6 Bottles","https://www.bbr.com/products-20098125181-2009-chateau-belair-monange-st-emilion-bordeaux","1006700","20098125181"
"Chateau Belair-Monange","2010","Chateau Belair-Monange, St Emilion, Bordeaux","650","Case of 6 Bottles","https://www.bbr.com/products-20108125181-2010-chateau-belair-monange-st-emilion-bordeaux","1006700","20108125181"
"Chateau Belair-Monange","2011","Chateau Belair-Monange, St Emilion, Bordeaux","390","Case of 6 Bottles","https://www.bbr.com/products-20118125181-2011-chateau-belair-monange-st-emilion-bordeaux","1006700","20118125181"
"Chateau Belair-Monange","2012","Chateau Belair-Monange, St Emilion, Bordeaux","450","Case of 6 Bottles","https://www.bbr.com/products-20128125181-2012-chateau-belair-monange-st-emilion-bordeaux","1006700","20128125181"
"Chateau Belair-Monange","2019","Chateau Belair-Monange, St Emilion, Bordeaux","450","Case of 6 Bottles","https://www.bbr.com/products-20198125181-2019-chateau-belair-monange-st-emilion-bordeaux","1006700","20198125181"
"Chateau Belair-Monange","2021","Chateau Belair-Monange, St Emilion, Bordeaux","410","Case of 6 Bottles","https://www.bbr.com/products-20218125181-2021-chateau-belair-monange-st-emilion-bordeaux","1006700","20218125181"
"Chateau Calon-Segur","2000","Chateau Calon Segur, St Estephe, Bordeaux","1599","Case of 12 Bottles","https://www.bbr.com/products-20008008756-2000-chateau-calon-segur-st-estephe-bordeaux","1007475","20008008756"
"Chateau Calon-Segur","2005","Chateau Calon Segur, St Estephe, Bordeaux","1228","Case of 12 Bottles","https://www.bbr.com/products-20058008756-2005-chateau-calon-segur-st-estephe-bordeaux","1007475","20058008756"
"Chateau Calon-Segur","2005","Chateau Calon Segur, St Estephe, Bordeaux","675","Case of 1 Double Magnums","https://www.bbr.com/products-20058008756-2005-chateau-calon-segur-st-estephe-bordeaux","1007475","20058008756"
"Chateau Calon-Segur","2005","Chateau Calon Segur, St Estephe, Bordeaux","1500","Case of 6 Magnums","https://www.bbr.com/products-20058008756-2005-chateau-calon-segur-st-estephe-bordeaux","1007475","20058008756"
"Chateau Calon-Segur","2006","Chateau Calon Segur, St Estephe, Bordeaux","925","Case of 12 Bottles","https://www.bbr.com/products-20068008756-2006-chateau-calon-segur-st-estephe-bordeaux","1007475","20068008756"
"Chateau Calon-Segur","2006","Chateau Calon Segur, St Estephe, Bordeaux","600","Case of 1 Imperials","https://www.bbr.com/products-20068008756-2006-chateau-calon-segur-st-estephe-bordeaux","1007475","20068008756"
"Chateau Calon-Segur","2007","Chateau Calon Segur, St Estephe, Bordeaux","895","Case of 12 Bottles","https://www.bbr.com/products-20078008756-2007-chateau-calon-segur-st-estephe-bordeaux","1007475","20078008756"
"Chateau Calon-Segur","2008","Chateau Calon Segur, St Estephe, Bordeaux","1099","Case of 12 Bottles","https://www.bbr.com/products-20088008756-2008-chateau-calon-segur-st-estephe-bordeaux","1007475","20088008756"
"Chateau Calon-Segur","2008","Chateau Calon Segur, St Estephe, Bordeaux","980","Case of 12 Bottles","https://www.bbr.com/products-20088008756-2008-chateau-calon-segur-st-estephe-bordeaux","1007475","20088008756"
"Chateau Calon-Segur","2009","Chateau Calon Segur, St Estephe, Bordeaux","580","Case of 6 Bottles","https://www.bbr.com/products-20098008756-2009-chateau-calon-segur-st-estephe-bordeaux","1007475","20098008756"
"Chateau Calon-Segur","2009","Chateau Calon Segur, St Estephe, Bordeaux","1250","Case of 12 Bottles","https://www.bbr.com/products-20098008756-2009-chateau-calon-segur-st-estephe-bordeaux","1007475","20098008756"
"Chateau Calon-Segur","2010","Chateau Calon Segur, St Estephe, Bordeaux","600","Case of 6 Bottles","https://www.bbr.com/products-20108008756-2010-chateau-calon-segur-st-estephe-bordeaux","1007475","20108008756"
"Chateau Calon-Segur","2011","Chateau Calon Segur, St Estephe, Bordeaux","390","Case of 6 Bottles","https://www.bbr.com/products-20118008756-2011-chateau-calon-segur-st-estephe-bordeaux","1007475","20118008756"
"Chateau Calon-Segur","2011","Chateau Calon Segur, St Estephe, Bordeaux","450","Case of 3 Magnums","https://www.bbr.com/products-20118008756-2011-chateau-calon-segur-st-estephe-bordeaux","1007475","20118008756"
"Chateau Calon-Segur","2012","Chateau Calon Segur, St Estephe, Bordeaux","440","Case of 6 Bottles","https://www.bbr.com/products-20128008756-2012-chateau-calon-segur-st-estephe-bordeaux","1007475","20128008756"
"Chateau Calon-Segur","2013","Chateau Calon Segur, St Estephe, Bordeaux","400","Case of 6 Bottles","https://www.bbr.com/products-20138008756-2013-chateau-calon-segur-st-estephe-bordeaux","1007475","20138008756"
"Chateau Calon-Segur","2014","Chateau Calon Segur, St Estephe, Bordeaux","410","Case of 6 Bottles","https://www.bbr.com/products-20148008756-2014-chateau-calon-segur-st-estephe-bordeaux","1007475","20148008756"
"Chateau Calon-Segur","2015","Chateau Calon Segur, St Estephe, Bordeaux","520","Case of 6 Bottles","https://www.bbr.com/products-20158008756-2015-chateau-calon-segur-st-estephe-bordeaux","1007475","20158008756"
"Chateau Calon-Segur","2016","Chateau Calon Segur, St Estephe, Bordeaux","595","Case of 6 Bottles","https://www.bbr.com/products-20168008756-2016-chateau-calon-segur-st-estephe-bordeaux","1007475","20168008756"
"Chateau Calon-Segur","2017","Chateau Calon Segur, St Estephe, Bordeaux","415","Case of 6 Bottles","https://www.bbr.com/products-20178008756-2017-chateau-calon-segur-st-estephe-bordeaux","1007475","20178008756"
"Chateau Calon-Segur","2017","Chateau Calon Segur, St Estephe, Bordeaux","370","Case of 6 Bottles","https://www.bbr.com/products-20178008756-2017-chateau-calon-segur-st-estephe-bordeaux","1007475","20178008756"
"Chateau Calon-Segur","2018","Chateau Calon Segur, St Estephe, Bordeaux","480","Case of 6 Bottles","https://www.bbr.com/products-20188008756-2018-chateau-calon-segur-st-estephe-bordeaux","1007475","20188008756"
"Chateau Calon-Segur","2018","Chateau Calon Segur, St Estephe, Bordeaux","410","Case of 6 Bottles","https://www.bbr.com/products-20188008756-2018-chateau-calon-segur-st-estephe-bordeaux","1007475","20188008756"
"Chateau Calon-Segur","2019","Chateau Calon Segur, St Estephe, Bordeaux","425","Case of 6 Bottles","https://www.bbr.com/products-20198008756-2019-chateau-calon-segur-st-estephe-bordeaux","1007475","20198008756"
"Chateau Calon-Segur","2019","Chateau Calon Segur, St Estephe, Bordeaux","418","Case of 6 Bottles","https://www.bbr.com/products-20198008756-2019-chateau-calon-segur-st-estephe-bordeaux","1007475","20198008756"
"Chateau Calon-Segur","2020","Chateau Calon Segur, St Estephe, Bordeaux","580","Case of 6 Bottles","https://www.bbr.com/products-20208008756-2020-chateau-calon-segur-st-estephe-bordeaux","1007475","20208008756"
"Chateau Calon-Segur","2021","Chateau Calon Segur, St Estephe, Bordeaux","595","Case of 6 Bottles","https://www.bbr.com/products-20218008756-2021-chateau-calon-segur-st-estephe-bordeaux","1007475","20218008756"
"Chateau Calon-Segur","2021","Chateau Calon Segur, St Estephe, Bordeaux","600","Case of 6 Bottles","https://www.bbr.com/products-20218008756-2021-chateau-calon-segur-st-estephe-bordeaux","1007475","20218008756"
"Chateau Calon-Segur","2022","Chateau Calon Segur, St Estephe, Bordeaux","612","Case of 6 Bottles","https://www.bbr.com/products-20228008756-2022-chateau-calon-segur-st-estephe-bordeaux","1007475","20228008756"
"Chateau Canon","2009","Chateau Canon, St Emilion, Bordeaux","1615","Case of 12 Bottles","https://www.bbr.com/products-20098008831-2009-chateau-canon-st-emilion-bordeaux","1007521","20098008831"
"Chateau Canon","2010","Chateau Canon, St Emilion, Bordeaux","750","Case of 6 Bottles","https://www.bbr.com/products-20108008831-2010-chateau-canon-st-emilion-bordeaux","1007521","20108008831"
"Chateau Canon","2011","Chateau Canon, St Emilion, Bordeaux","375","Case of 6 Bottles","https://www.bbr.com/products-20118008831-2011-chateau-canon-st-emilion-bordeaux","1007521","20118008831"
"Chateau Canon","2012","Chateau Canon, St Emilion, Bordeaux","735","Case of 12 Bottles","https://www.bbr.com/products-20128008831-2012-chateau-canon-st-emilion-bordeaux","1007521","20128008831"
"Chateau Canon","2014","Chateau Canon, St Emilion, Bordeaux","300","Case of 6 Bottles","https://www.bbr.com/products-20148008831-2014-chateau-canon-st-emilion-bordeaux","1007521","20148008831"
"Chateau Canon","2014","Chateau Canon, St Emilion, Bordeaux","570","Case of 12 Bottles","https://www.bbr.com/products-20148008831-2014-chateau-canon-st-emilion-bordeaux","1007521","20148008831"
"Chateau Canon","2015","Chateau Canon, St Emilion, Bordeaux","1900","Case of 1 Balthazars","https://www.bbr.com/products-20158008831-2015-chateau-canon-st-emilion-bordeaux","1007521","20158008831"
"Chateau Canon","2015","Chateau Canon, St Emilion, Bordeaux","655","Case of 6 Bottles","https://www.bbr.com/products-20158008831-2015-chateau-canon-st-emilion-bordeaux","1007521","20158008831"
"Chateau Canon","2016","Chateau Canon, St Emilion, Bordeaux","1400","Case of 1 Balthazars","https://www.bbr.com/products-20168008831-2016-chateau-canon-st-emilion-bordeaux","1007521","20168008831"
"Chateau Canon","2016","Chateau Canon, St Emilion, Bordeaux","1000","Case of 12 Bottles","https://www.bbr.com/products-20168008831-2016-chateau-canon-st-emilion-bordeaux","1007521","20168008831"
"Chateau Canon","2016","Chateau Canon, St Emilion, Bordeaux","875","Case of 6 Bottles","https://www.bbr.com/products-20168008831-2016-chateau-canon-st-emilion-bordeaux","1007521","20168008831"
"Chateau Canon","2016","Chateau Canon, St Emilion, Bordeaux","675","Case of 6 Bottles","https://www.bbr.com/products-20168008831-2016-chateau-canon-st-emilion-bordeaux","1007521","20168008831"
"Chateau Canon","2016","Chateau Canon, St Emilion, Bordeaux","635","Case of 1 Double Magnums","https://www.bbr.com/products-20168008831-2016-chateau-canon-st-emilion-bordeaux","1007521","20168008831"
"Chateau Canon","2016","Chateau Canon, St Emilion, Bordeaux","560","Case of 3 Magnums","https://www.bbr.com/products-20168008831-2016-chateau-canon-st-emilion-bordeaux","1007521","20168008831"
"Chateau Canon","2017","Chateau Canon, St Emilion, Bordeaux","900","Case of 1 Balthazars","https://www.bbr.com/products-20178008831-2017-chateau-canon-st-emilion-bordeaux","1007521","20178008831"
"Chateau Canon","2017","Chateau Canon, St Emilion, Bordeaux","350","Case of 6 Bottles","https://www.bbr.com/products-20178008831-2017-chateau-canon-st-emilion-bordeaux","1007521","20178008831"
"Chateau Canon","2017","Chateau Canon, St Emilion, Bordeaux","350","Case of 6 Bottles","https://www.bbr.com/products-20178008831-2017-chateau-canon-st-emilion-bordeaux","1007521","20178008831"
"Chateau Canon","2017","Chateau Canon, St Emilion, Bordeaux","1200","Case of 3 Magnums","https://www.bbr.com/products-20178008831-2017-chateau-canon-st-emilion-bordeaux","1007521","20178008831"
"Chateau Canon","2018","Chateau Canon, St Emilion, Bordeaux","1200","Case of 1 Balthazars","https://www.bbr.com/products-20188008831-2018-chateau-canon-st-emilion-bordeaux","1007521","20188008831"
"Chateau Canon","2018","Chateau Canon, St Emilion, Bordeaux","430","Case of 6 Bottles","https://www.bbr.com/products-20188008831-2018-chateau-canon-st-emilion-bordeaux","1007521","20188008831"
"Chateau Canon","2018","Chateau Canon, St Emilion, Bordeaux","350","Case of 6 Bottles","https://www.bbr.com/products-20188008831-2018-chateau-canon-st-emilion-bordeaux","1007521","20188008831"
"Chateau Canon","2018","Chateau Canon, St Emilion, Bordeaux","220","Case of 3 Bottles","https://www.bbr.com/products-20188008831-2018-chateau-canon-st-emilion-bordeaux","1007521","20188008831"
"Chateau Canon","2019","Chateau Canon, St Emilion, Bordeaux","600","Case of 6 Bottles","https://www.bbr.com/products-20198008831-2019-chateau-canon-st-emilion-bordeaux","1007521","20198008831"
"Chateau Canon","2019","Chateau Canon, St Emilion, Bordeaux","260","Case of 3 Bottles","https://www.bbr.com/products-20198008831-2019-chateau-canon-st-emilion-bordeaux","1007521","20198008831"
"Chateau Canon","2020","Chateau Canon, St Emilion, Bordeaux","275","Case of 3 Bottles","https://www.bbr.com/products-20208008831-2020-chateau-canon-st-emilion-bordeaux","1007521","20208008831"
"Chateau Canon","2020","Chateau Canon, St Emilion, Bordeaux","575","Case of 6 Bottles","https://www.bbr.com/products-20208008831-2020-chateau-canon-st-emilion-bordeaux","1007521","20208008831"
"Chateau Canon","2021","Chateau Canon, St Emilion, Bordeaux","475","Case of 6 Bottles","https://www.bbr.com/products-20218008831-2021-chateau-canon-st-emilion-bordeaux","1007521","20218008831"
"Chateau Canon","2021","Chateau Canon, St Emilion, Bordeaux","200","Case of 3 Bottles","https://www.bbr.com/products-20218008831-2021-chateau-canon-st-emilion-bordeaux","1007521","20218008831"
"Chateau Canon","2021","Chateau Canon, St Emilion, Bordeaux","660","Case of 3 Magnums","https://www.bbr.com/products-20218008831-2021-chateau-canon-st-emilion-bordeaux","1007521","20218008831"
"Chateau Canon","2022","Chateau Canon, St Emilion, Bordeaux","300","Case of 3 Bottles","https://www.bbr.com/products-20228008831-2022-chateau-canon-st-emilion-bordeaux","1007521","20228008831"
"Chateau Canon","2022","Chateau Canon, St Emilion, Bordeaux","788","Case of 6 Bottles","https://www.bbr.com/products-20228008831-2022-chateau-canon-st-emilion-bordeaux","1007521","20228008831"
"Chateau Canon","2022","Chateau Canon, St Emilion, Bordeaux","560","Case of 6 Bottles","https://www.bbr.com/products-20228008831-2022-chateau-canon-st-emilion-bordeaux","1007521","20228008831"
"Chateau Canon","2023","Chateau Canon, St Emilion, Bordeaux","493","Case of 6 Bottles","https://www.bbr.com/products-20238008831-2023-chateau-canon-st-emilion-bordeaux","1007521","20238008831"
"Chateau Canon","2023","Chateau Canon, St Emilion, Bordeaux","250","Case of 3 Bottles","https://www.bbr.com/products-20238008831-2023-chateau-canon-st-emilion-bordeaux","1007521","20238008831"
"Chateau Canon-La-Gaffeliere","1998","Chateau Canon-la-Gaffeliere, St Emilion, Bordeaux","1000","Case of 12 Bottles","https://www.bbr.com/products-19988125035-1998-chateau-canon-la-gaffeliere-st-emilion-bordeaux","1007589","19988125035"
"Chateau Canon-La-Gaffeliere","2015","Chateau Canon-la-Gaffeliere, St Emilion, Bordeaux","425","Case of 6 Bottles","https://www.bbr.com/products-20158125035-2015-chateau-canon-la-gaffeliere-st-emilion-bordeaux","1007589","20158125035"
"Chateau Canon-La-Gaffeliere","2015","Chateau Canon-la-Gaffeliere, St Emilion, Bordeaux","340","Case of 6 Bottles","https://www.bbr.com/products-20158125035-2015-chateau-canon-la-gaffeliere-st-emilion-bordeaux","1007589","20158125035"
"Chateau Canon-La-Gaffeliere","2015","Chateau Canon-la-Gaffeliere, St Emilion, Bordeaux","360","Case of 3 Magnums","https://www.bbr.com/products-20158125035-2015-chateau-canon-la-gaffeliere-st-emilion-bordeaux","1007589","20158125035"
"Chateau Canon-La-Gaffeliere","2016","Chateau Canon-la-Gaffeliere, St Emilion, Bordeaux","450","Case of 6 Bottles","https://www.bbr.com/products-20168125035-2016-chateau-canon-la-gaffeliere-st-emilion-bordeaux","1007589","20168125035"
"Chateau Canon-La-Gaffeliere","2017","Chateau Canon-la-Gaffeliere, St Emilion, Bordeaux","260","Case of 6 Bottles","https://www.bbr.com/products-20178125035-2017-chateau-canon-la-gaffeliere-st-emilion-bordeaux","1007589","20178125035"
"Chateau Canon-La-Gaffeliere","2019","Chateau Canon-la-Gaffeliere, St Emilion, Bordeaux","564","Case of 12 Bottles","https://www.bbr.com/products-20198125035-2019-chateau-canon-la-gaffeliere-st-emilion-bordeaux","1007589","20198125035"
"Chateau Canon-La-Gaffeliere","2020","Chateau Canon-la-Gaffeliere, St Emilion, Bordeaux","510","Case of 12 Bottles","https://www.bbr.com/products-20208125035-2020-chateau-canon-la-gaffeliere-st-emilion-bordeaux","1007589","20208125035"
"Chateau Cantemerle","2003","Chateau Cantemerle, Haut-Medoc, Bordeaux","384","Case of 12 Bottles","https://www.bbr.com/products-20038004338-2003-chateau-cantemerle-haut-medoc-bordeaux","1007651","20038004338"
"Chateau Cantemerle","2005","Chateau Cantemerle, Haut-Medoc, Bordeaux","425","Case of 12 Bottles","https://www.bbr.com/products-20058004338-2005-chateau-cantemerle-haut-medoc-bordeaux","1007651","20058004338"
"Chateau Cantemerle","2005","Chateau Cantemerle, Haut-Medoc, Bordeaux","475","Case of 6 Magnums","https://www.bbr.com/products-20058004338-2005-chateau-cantemerle-haut-medoc-bordeaux","1007651","20058004338"
"Chateau Cantemerle","2008","Chateau Cantemerle, Haut-Medoc, Bordeaux","168","Case of 6 Bottles","https://www.bbr.com/products-20088004338-2008-chateau-cantemerle-haut-medoc-bordeaux","1007651","20088004338"
"Chateau Cantemerle","2009","Chateau Cantemerle, Haut-Medoc, Bordeaux","400","Case of 12 Bottles","https://www.bbr.com/products-20098004338-2009-chateau-cantemerle-haut-medoc-bordeaux","1007651","20098004338"
"Chateau Cantemerle","2009","Chateau Cantemerle, Haut-Medoc, Bordeaux","425","Case of 12 Bottles","https://www.bbr.com/products-20098004338-2009-chateau-cantemerle-haut-medoc-bordeaux","1007651","20098004338"
"Chateau Cantemerle","2010","Chateau Cantemerle, Haut-Medoc, Bordeaux","360","Case of 12 Bottles","https://www.bbr.com/products-20108004338-2010-chateau-cantemerle-haut-medoc-bordeaux","1007651","20108004338"
"Chateau Cantemerle","2010","Chateau Cantemerle, Haut-Medoc, Bordeaux","230","Case of 6 Bottles","https://www.bbr.com/products-20108004338-2010-chateau-cantemerle-haut-medoc-bordeaux","1007651","20108004338"
"Chateau Cantemerle","2010","Chateau Cantemerle, Haut-Medoc, Bordeaux","490","Case of 24 Half Bottles","https://www.bbr.com/products-20108004338-2010-chateau-cantemerle-haut-medoc-bordeaux","1007651","20108004338"
"Chateau Cantemerle","2010","Chateau Cantemerle, Haut-Medoc, Bordeaux","490","Case of 6 Magnums","https://www.bbr.com/products-20108004338-2010-chateau-cantemerle-haut-medoc-bordeaux","1007651","20108004338"
"Chateau Cantemerle","2011","Chateau Cantemerle, Haut-Medoc, Bordeaux","320","Case of 12 Bottles","https://www.bbr.com/products-20118004338-2011-chateau-cantemerle-haut-medoc-bordeaux","1007651","20118004338"
"Chateau Cantemerle","2015","Chateau Cantemerle, Haut-Medoc, Bordeaux","280","Case of 6 Magnums","https://www.bbr.com/products-20158004338-2015-chateau-cantemerle-haut-medoc-bordeaux","1007651","20158004338"
"Chateau Cantemerle","2016","Chateau Cantemerle, Haut-Medoc, Bordeaux","165","Case of 12 Half Bottles","https://www.bbr.com/products-20168004338-2016-chateau-cantemerle-haut-medoc-bordeaux","1007651","20168004338"
"Chateau Cantemerle","2017","Chateau Cantemerle, Haut-Medoc, Bordeaux","246","Case of 6 Bottles","https://www.bbr.com/products-20178004338-2017-chateau-cantemerle-haut-medoc-bordeaux","1007651","20178004338"
"Chateau Cantemerle","2017","Chateau Cantemerle, Haut-Medoc, Bordeaux","450","Case of 1 Salmanazars","https://www.bbr.com/products-20178004338-2017-chateau-cantemerle-haut-medoc-bordeaux","1007651","20178004338"
"Chateau Cantemerle","2018","Chateau Cantemerle, Haut-Medoc, Bordeaux","140","Case of 6 Bottles","https://www.bbr.com/products-20188004338-2018-chateau-cantemerle-haut-medoc-bordeaux","1007651","20188004338"
"Chateau Cantenac Brown","2003","Chateau Cantenac Brown, Margaux, Bordeaux","694","Case of 12 Bottles","https://www.bbr.com/products-20038006794-2003-chateau-cantenac-brown-margaux-bordeaux","1007677","20038006794"
"Chateau Cantenac Brown","2005","Chateau Cantenac Brown, Margaux, Bordeaux","815","Case of 12 Bottles","https://www.bbr.com/products-20058006794-2005-chateau-cantenac-brown-margaux-bordeaux","1007677","20058006794"
"Chateau Cantenac Brown","2009","Chateau Cantenac Brown, Margaux, Bordeaux","540","Case of 12 Bottles","https://www.bbr.com/products-20098006794-2009-chateau-cantenac-brown-margaux-bordeaux","1007677","20098006794"
"Chateau Cantenac Brown","2010","Chateau Cantenac Brown, Margaux, Bordeaux","595","Case of 12 Bottles","https://www.bbr.com/products-20108006794-2010-chateau-cantenac-brown-margaux-bordeaux","1007677","20108006794"
"Chateau Cantenac Brown","2012","Chateau Cantenac Brown, Margaux, Bordeaux","475","Case of 6 Bottles","https://www.bbr.com/products-20128006794-2012-chateau-cantenac-brown-margaux-bordeaux","1007677","20128006794"
"Chateau Cantenac Brown","2013","Chateau Cantenac Brown, Margaux, Bordeaux","243","Case of 6 Bottles","https://www.bbr.com/products-20138006794-2013-chateau-cantenac-brown-margaux-bordeaux","1007677","20138006794"
"Chateau Cantenac Brown","2015","Chateau Cantenac Brown, Margaux, Bordeaux","280","Case of 3 Magnums","https://www.bbr.com/products-20158006794-2015-chateau-cantenac-brown-margaux-bordeaux","1007677","20158006794"
"Chateau Cantenac Brown","2016","Chateau Cantenac Brown, Margaux, Bordeaux","560","Case of 6 Bottles","https://www.bbr.com/products-20168006794-2016-chateau-cantenac-brown-margaux-bordeaux","1007677","20168006794"
"Chateau Cantenac Brown","2016","Chateau Cantenac Brown, Margaux, Bordeaux","350","Case of 6 Bottles","https://www.bbr.com/products-20168006794-2016-chateau-cantenac-brown-margaux-bordeaux","1007677","20168006794"
"Chateau Cantenac Brown","2017","Chateau Cantenac Brown, Margaux, Bordeaux","190","Case of 6 Bottles","https://www.bbr.com/products-20178006794-2017-chateau-cantenac-brown-margaux-bordeaux","1007677","20178006794"
"Chateau Cantenac Brown","2019","Chateau Cantenac Brown, Margaux, Bordeaux","399","Case of 6 Bottles","https://www.bbr.com/products-20198006794-2019-chateau-cantenac-brown-margaux-bordeaux","1007677","20198006794"
"Chateau Cantenac Brown","2019","Chateau Cantenac Brown, Margaux, Bordeaux","260","Case of 3 Magnums","https://www.bbr.com/products-20198006794-2019-chateau-cantenac-brown-margaux-bordeaux","1007677","20198006794"
"Chateau Cantenac Brown","2020","Chateau Cantenac Brown, Margaux, Bordeaux","465","Case of 12 Bottles","https://www.bbr.com/products-20208006794-2020-chateau-cantenac-brown-margaux-bordeaux","1007677","20208006794"
"Chateau Cantenac Brown","2021","Chateau Cantenac Brown, Margaux, Bordeaux","218","Case of 6 Bottles","https://www.bbr.com/products-20218006794-2021-chateau-cantenac-brown-margaux-bordeaux","1007677","20218006794"
"Chateau Cantenac Brown","2022","Chateau Cantenac Brown, Margaux, Bordeaux","250","Case of 6 Bottles","https://www.bbr.com/products-20228006794-2022-chateau-cantenac-brown-margaux-bordeaux","1007677","20228006794"
"Chateau Cantenac","2015","Chateau Cantenac, St Emilion, Bordeaux","554","Case of 12 Bottles","https://www.bbr.com/products-20158221421-2015-chateau-cantenac-st-emilion-bordeaux","1007664","20158221421"
"Chateau Capbern","2009","Chateau Capbern Gasqueton, St Estephe, Bordeaux","280","Case of 12 Bottles","https://www.bbr.com/products-20098014489-2009-chateau-capbern-gasqueton-st-estephe-bordeaux","1384792","20098014489"
"Chateau Capbern","2015","Chateau Capbern, St Estephe, Bordeaux","170","Case of 12 Bottles","https://www.bbr.com/products-20158107941-2015-chateau-capbern-st-estephe-bordeaux","1384792","20158107941"
"Chateau Capbern","2018","Chateau Capbern, St Estephe, Bordeaux","180","Case of 6 Bottles","https://www.bbr.com/products-20188107941-2018-chateau-capbern-st-estephe-bordeaux","1384792","20188107941"
"Chateau Certan de May","2005","Chateau Certan de May, Pomerol, Bordeaux","1120","Case of 12 Bottles","https://www.bbr.com/products-20058011866-2005-chateau-certan-de-may-pomerol-bordeaux","1007909","20058011866"
"Chateau Certan de May","2009","Chateau Certan de May, Pomerol, Bordeaux","900","Case of 12 Bottles","https://www.bbr.com/products-20098011866-2009-chateau-certan-de-may-pomerol-bordeaux","1007909","20098011866"
"Chateau Charmail","2020","Chateau Charmail, Haut-Medoc, Bordeaux","100","Case of 6 Bottles","https://www.bbr.com/products-20208109756-2020-chateau-charmail-haut-medoc-bordeaux","1008036","20208109756"
"Chateau Chasse-Spleen","2000","Chateau Chasse-Spleen, Moulis-en-Medoc, Bordeaux","495","Case of 12 Bottles","https://www.bbr.com/products-20008006752-2000-chateau-chasse-spleen-moulis-en-medoc-bordeaux","1008052","20008006752"
"Chateau Chasse-Spleen","2010","Chateau Chasse-Spleen, Moulis-en-Medoc, Bordeaux","420","Case of 12 Bottles","https://www.bbr.com/products-20108006752-2010-chateau-chasse-spleen-moulis-en-medoc-bordeaux","1008052","20108006752"
"Chateau Chasse-Spleen","2012","Chateau Chasse-Spleen, Moulis-en-Medoc, Bordeaux","287","Case of 12 Bottles","https://www.bbr.com/products-20128006752-2012-chateau-chasse-spleen-moulis-en-medoc-bordeaux","1008052","20128006752"
"Chateau Chasse-Spleen","2013","Chateau Chasse-Spleen, Moulis-en-Medoc, Bordeaux","180","Case of 12 Bottles","https://www.bbr.com/products-20138006752-2013-chateau-chasse-spleen-moulis-en-medoc-bordeaux","1008052","20138006752"
"Chateau Chasse-Spleen","2014","Chateau Chasse-Spleen, Moulis-en-Medoc, Bordeaux","286","Case of 12 Bottles","https://www.bbr.com/products-20148006752-2014-chateau-chasse-spleen-moulis-en-medoc-bordeaux","1008052","20148006752"
"Chateau Chasse-Spleen","2020","Chateau Chasse-Spleen, Moulis-en-Medoc, Bordeaux","130","Case of 6 Bottles","https://www.bbr.com/products-20208006752-2020-chateau-chasse-spleen-moulis-en-medoc-bordeaux","1008052","20208006752"
"Chateau Chasse-Spleen","2022","Chateau Chasse-Spleen, Moulis-en-Medoc, Bordeaux","115","Case of 6 Bottles","https://www.bbr.com/products-20228006752-2022-chateau-chasse-spleen-moulis-en-medoc-bordeaux","1008052","20228006752"
"Chateau Chasse-Spleen","2022","Chateau Chasse-Spleen, Moulis-en-Medoc, Bordeaux","150","Case of 3 Magnums","https://www.bbr.com/products-20228006752-2022-chateau-chasse-spleen-moulis-en-medoc-bordeaux","1008052","20228006752"
"Chateau Cheval Blanc","1982","Chateau Cheval Blanc, St Emilion, Bordeaux","3700","Case of 3 Bottles","https://www.bbr.com/products-19828003285-1982-chateau-cheval-blanc-st-emilion-bordeaux","1008108","19828003285"
"Chateau Cheval Blanc","1995","Chateau Cheval Blanc, St Emilion, Bordeaux","3200","Case of 6 Bottles","https://www.bbr.com/products-19958003285-1995-chateau-cheval-blanc-st-emilion-bordeaux","1008108","19958003285"
"Chateau Cheval Blanc","2004","Chateau Cheval Blanc, St Emilion, Bordeaux","3950","Case of 12 Bottles","https://www.bbr.com/products-20048003285-2004-chateau-cheval-blanc-st-emilion-bordeaux","1008108","20048003285"
"Chateau Cheval Blanc","2005","Chateau Cheval Blanc, St Emilion, Bordeaux","8900","Case of 12 Bottles","https://www.bbr.com/products-20058003285-2005-chateau-cheval-blanc-st-emilion-bordeaux","1008108","20058003285"
"Chateau Cheval Blanc","2005","Chateau Cheval Blanc, St Emilion, Bordeaux","4100","Case of 6 Bottles","https://www.bbr.com/products-20058003285-2005-chateau-cheval-blanc-st-emilion-bordeaux","1008108","20058003285"
"Chateau Cheval Blanc","2006","Chateau Cheval Blanc, St Emilion, Bordeaux","4450","Case of 12 Bottles","https://www.bbr.com/products-20068003285-2006-chateau-cheval-blanc-st-emilion-bordeaux","1008108","20068003285"
"Chateau Cheval Blanc","2008","Chateau Cheval Blanc, St Emilion, Bordeaux","2800","Case of 6 Bottles","https://www.bbr.com/products-20088003285-2008-chateau-cheval-blanc-st-emilion-bordeaux","1008108","20088003285"
"Chateau Cheval Blanc","2009","Chateau Cheval Blanc, St Emilion, Bordeaux","4995","Case of 6 Bottles","https://www.bbr.com/products-20098003285-2009-chateau-cheval-blanc-st-emilion-bordeaux","1008108","20098003285"
"Chateau Cheval Blanc","2009","Chateau Cheval Blanc, St Emilion, Bordeaux","4700","Case of 6 Bottles","https://www.bbr.com/products-20098003285-2009-chateau-cheval-blanc-st-emilion-bordeaux","1008108","20098003285"
"Chateau Cheval Blanc","2009","Chateau Cheval Blanc, St Emilion, Bordeaux","1550","Case of 1 Magnums","https://www.bbr.com/products-20098003285-2009-chateau-cheval-blanc-st-emilion-bordeaux","1008108","20098003285"
"Chateau Cheval Blanc","2010","Chateau Cheval Blanc, St Emilion, Bordeaux","4300","Case of 6 Bottles","https://www.bbr.com/products-20108003285-2010-chateau-cheval-blanc-st-emilion-bordeaux","1008108","20108003285"
"Chateau Cheval Blanc","2014","Chateau Cheval Blanc, St Emilion, Bordeaux","2125","Case of 6 Bottles","https://www.bbr.com/products-20148003285-2014-chateau-cheval-blanc-st-emilion-bordeaux","1008108","20148003285"
"Chateau Cheval Blanc","2016","Chateau Cheval Blanc, St Emilion, Bordeaux","1150","Case of 1 Magnums","https://www.bbr.com/products-20168003285-2016-chateau-cheval-blanc-st-emilion-bordeaux","1008108","20168003285"
"Chateau Cheval Blanc","2017","Chateau Cheval Blanc, St Emilion, Bordeaux","2100","Case of 6 Bottles","https://www.bbr.com/products-20178003285-2017-chateau-cheval-blanc-st-emilion-bordeaux","1008108","20178003285"
"Chateau Cheval Blanc","2017","Chateau Cheval Blanc, St Emilion, Bordeaux","1950","Case of 6 Bottles","https://www.bbr.com/products-20178003285-2017-chateau-cheval-blanc-st-emilion-bordeaux","1008108","20178003285"
"Chateau Cheval Blanc","2018","Chateau Cheval Blanc, St Emilion, Bordeaux","2190","Case of 6 Bottles","https://www.bbr.com/products-20188003285-2018-chateau-cheval-blanc-st-emilion-bordeaux","1008108","20188003285"
"Chateau Cheval Blanc","2019","Chateau Cheval Blanc, St Emilion, Bordeaux","2600","Case of 6 Bottles","https://www.bbr.com/products-20198003285-2019-chateau-cheval-blanc-st-emilion-bordeaux","1008108","20198003285"
"Chateau Cheval Blanc","2020","Chateau Cheval Blanc, St Emilion, Bordeaux","2095","Case of 6 Bottles","https://www.bbr.com/products-20208003285-2020-chateau-cheval-blanc-st-emilion-bordeaux","1008108","20208003285"
"Chateau Cheval Blanc","2020","Chateau Cheval Blanc, St Emilion, Bordeaux","1290","Case of 3 Bottles","https://www.bbr.com/products-20208003285-2020-chateau-cheval-blanc-st-emilion-bordeaux","1008108","20208003285"
"Chateau Cheval Blanc","2021","Chateau Cheval Blanc, St Emilion, Bordeaux","800","Case of 3 Bottles","https://www.bbr.com/products-20218003285-2021-chateau-cheval-blanc-st-emilion-bordeaux","1008108","20218003285"
"Chateau Cheval Blanc","2022","Chateau Cheval Blanc, St Emilion, Bordeaux","2499","Case of 6 Bottles","https://www.bbr.com/products-20228003285-2022-chateau-cheval-blanc-st-emilion-bordeaux","1008108","20228003285"
"Chateau Cheval Blanc","2022","Chateau Cheval Blanc, St Emilion, Bordeaux","1445","Case of 3 Bottles","https://www.bbr.com/products-20228003285-2022-chateau-cheval-blanc-st-emilion-bordeaux","1008108","20228003285"
"Chateau Cheval Blanc","2023","Chateau Cheval Blanc, St Emilion, Bordeaux","1100","Case of 3 Bottles","https://www.bbr.com/products-20238003285-2023-chateau-cheval-blanc-st-emilion-bordeaux","1008108","20238003285"
"Chateau Cheval Blanc","","Chateau Cheval Blanc, Vertical (2009, 2010, 2015), Three-Bottle Assortment Case","2835","Case of 1 s","https://www.bbr.com/products-10008081340-chateau-cheval-blanc-vertical-2009-2010-2015-three-bottle-assortment-case","2145084","10008081340"
"Chateau Cissac","2021","Chateau Cissac, Haut-Medoc, Bordeaux","150","Case of 12 Bottles","https://www.bbr.com/products-20211008124-2021-chateau-cissac-haut-medoc-bordeaux","1008124","20211008124"
"Chateau Clerc Milon","2006","Chateau Clerc Milon, Pauillac, Bordeaux","948","Case of 12 Bottles","https://www.bbr.com/products-20061008212-2006-chateau-clerc-milon-pauillac-bordeaux","1008212","20061008212"
"Chateau Clerc Milon","2006","Chateau Clerc Milon, Pauillac, Bordeaux","822","Case of 12 Bottles","https://www.bbr.com/products-20061008212-2006-chateau-clerc-milon-pauillac-bordeaux","1008212","20061008212"
"Chateau Clerc Milon","2006","Chateau Clerc Milon, Pauillac, Bordeaux","823","Case of 12 Bottles","https://www.bbr.com/products-20061008212-2006-chateau-clerc-milon-pauillac-bordeaux","1008212","20061008212"
"Chateau Clerc Milon","2008","Chateau Clerc Milon, Pauillac, Bordeaux","830","Case of 12 Bottles","https://www.bbr.com/products-20081008212-2008-chateau-clerc-milon-pauillac-bordeaux","1008212","20081008212"
"Chateau Clerc Milon","2008","Chateau Clerc Milon, Pauillac, Bordeaux","900","Case of 12 Bottles","https://www.bbr.com/products-20081008212-2008-chateau-clerc-milon-pauillac-bordeaux","1008212","20081008212"
"Chateau Clerc Milon","2009","Chateau Clerc Milon, Pauillac, Bordeaux","940","Case of 12 Bottles","https://www.bbr.com/products-20091008212-2009-chateau-clerc-milon-pauillac-bordeaux","1008212","20091008212"
"Chateau Clerc Milon","2011","Chateau Clerc Milon, Pauillac, Bordeaux","370","Case of 6 Bottles","https://www.bbr.com/products-20111008212-2011-chateau-clerc-milon-pauillac-bordeaux","1008212","20111008212"
"Chateau Clerc Milon","2015","Chateau Clerc Milon, Pauillac, Bordeaux","395","Case of 6 Bottles","https://www.bbr.com/products-20151008212-2015-chateau-clerc-milon-pauillac-bordeaux","1008212","20151008212"
"Chateau Clerc Milon","2016","Chateau Clerc Milon, Pauillac, Bordeaux","499","Case of 6 Bottles","https://www.bbr.com/products-20161008212-2016-chateau-clerc-milon-pauillac-bordeaux","1008212","20161008212"
"Chateau Clerc Milon","2017","Chateau Clerc Milon, Pauillac, Bordeaux","335","Case of 6 Bottles","https://www.bbr.com/products-20171008212-2017-chateau-clerc-milon-pauillac-bordeaux","1008212","20171008212"
"Chateau Clerc Milon","2020","Chateau Clerc Milon, Pauillac, Bordeaux","314","Case of 6 Bottles","https://www.bbr.com/products-20201008212-2020-chateau-clerc-milon-pauillac-bordeaux","1008212","20201008212"
"Chateau Clerc Milon","2021","Chateau Clerc Milon, Pauillac, Bordeaux","310","Case of 6 Bottles","https://www.bbr.com/products-20211008212-2021-chateau-clerc-milon-pauillac-bordeaux","1008212","20211008212"
"Chateau Clerc Milon","2023","Chateau Clerc Milon, Pauillac, Bordeaux","380","Case of 6 Bottles","https://www.bbr.com/products-20231008212-2023-chateau-clerc-milon-pauillac-bordeaux","1008212","20231008212"
"Chateau Climens","2000","Chateau Climens, Barsac, Bordeaux","775","Case of 12 Bottles","https://www.bbr.com/products-20008004774-2000-chateau-climens-barsac-bordeaux","1016691","20008004774"
"Chateau Climens","2003","Chateau Climens, Barsac, Bordeaux","600","Case of 12 Bottles","https://www.bbr.com/products-20038004774-2003-chateau-climens-barsac-bordeaux","1016691","20038004774"
"Chateau Climens","2003","Chateau Climens, Barsac, Bordeaux","520","Case of 24 Half Bottles","https://www.bbr.com/products-20038004774-2003-chateau-climens-barsac-bordeaux","1016691","20038004774"
"Chateau Climens","2004","Chateau Climens, Barsac, Bordeaux","560","Case of 12 Bottles","https://www.bbr.com/products-20048004774-2004-chateau-climens-barsac-bordeaux","1016691","20048004774"
"Chateau Climens","2004","Chateau Climens, Barsac, Bordeaux","475","Case of 24 Half Bottles","https://www.bbr.com/products-20048004774-2004-chateau-climens-barsac-bordeaux","1016691","20048004774"
"Chateau Climens","2007","Chateau Climens, Barsac, Bordeaux","650","Case of 24 Half Bottles","https://www.bbr.com/products-20078004774-2007-chateau-climens-barsac-bordeaux","1016691","20078004774"
"Chateau Climens","2010","Chateau Climens, Barsac, Bordeaux","600","Case of 24 Half Bottles","https://www.bbr.com/products-20108004774-2010-chateau-climens-barsac-bordeaux","1016691","20108004774"
"Chateau Climens","2011","Chateau Climens, Barsac, Bordeaux","390","Case of 6 Bottles","https://www.bbr.com/products-20118004774-2011-chateau-climens-barsac-bordeaux","1016691","20118004774"
"Chateau Climens","2011","Chateau Climens, Barsac, Bordeaux","220","Case of 12 Half Bottles","https://www.bbr.com/products-20118004774-2011-chateau-climens-barsac-bordeaux","1016691","20118004774"
"Chateau Climens","2012","Chateau Climens, Barsac, Bordeaux","350","Case of 12 Half Bottles","https://www.bbr.com/products-20128004774-2012-chateau-climens-barsac-bordeaux","1016691","20128004774"
"Chateau Climens","2013","Chateau Climens, Barsac, Bordeaux","195","Case of 12 Half Bottles","https://www.bbr.com/products-20138004774-2013-chateau-climens-barsac-bordeaux","1016691","20138004774"
"Chateau Climens","2014","Chateau Climens, Barsac, Bordeaux","265","Case of 12 Half Bottles","https://www.bbr.com/products-20148004774-2014-chateau-climens-barsac-bordeaux","1016691","20148004774"
"Chateau Climens","2015","Chateau Climens, Barsac, Bordeaux","280","Case of 6 Bottles","https://www.bbr.com/products-20158004774-2015-chateau-climens-barsac-bordeaux","1016691","20158004774"
"Chateau Climens","2015","Chateau Climens, Barsac, Bordeaux","300","Case of 12 Half Bottles","https://www.bbr.com/products-20158004774-2015-chateau-climens-barsac-bordeaux","1016691","20158004774"
"Chateau Climens","2016","Chateau Climens, Barsac, Bordeaux","330","Case of 12 Half Bottles","https://www.bbr.com/products-20168004774-2016-chateau-climens-barsac-bordeaux","1016691","20168004774"
"Chateau Clinet","2008","Chateau Clinet, Pomerol, Bordeaux","900","Case of 12 Bottles","https://www.bbr.com/products-20088010595-2008-chateau-clinet-pomerol-bordeaux","1008225","20088010595"
"Chateau Clinet","2008","Chateau Clinet, Pomerol, Bordeaux","440","Case of 6 Bottles","https://www.bbr.com/products-20088010595-2008-chateau-clinet-pomerol-bordeaux","1008225","20088010595"
"Chateau Clinet","2009","Chateau Clinet, Pomerol, Bordeaux","2499","Case of 12 Bottles","https://www.bbr.com/products-20098010595-2009-chateau-clinet-pomerol-bordeaux","1008225","20098010595"
"Chateau Clinet","2010","Chateau Clinet, Pomerol, Bordeaux","600","Case of 6 Bottles","https://www.bbr.com/products-20108010595-2010-chateau-clinet-pomerol-bordeaux","1008225","20108010595"
"Chateau Clinet","2010","Chateau Clinet, Pomerol, Bordeaux","1150","Case of 12 Bottles","https://www.bbr.com/products-20108010595-2010-chateau-clinet-pomerol-bordeaux","1008225","20108010595"
"Chateau Clinet","2012","Chateau Clinet, Pomerol, Bordeaux","425","Case of 6 Bottles","https://www.bbr.com/products-20128010595-2012-chateau-clinet-pomerol-bordeaux","1008225","20128010595"
"Chateau Clinet","2013","Chateau Clinet, Pomerol, Bordeaux","450","Case of 6 Bottles","https://www.bbr.com/products-20138010595-2013-chateau-clinet-pomerol-bordeaux","1008225","20138010595"
"Chateau Clinet","2015","Chateau Clinet, Pomerol, Bordeaux","400","Case of 6 Bottles","https://www.bbr.com/products-20158010595-2015-chateau-clinet-pomerol-bordeaux","1008225","20158010595"
"Chateau Clinet","2015","Chateau Clinet, Pomerol, Bordeaux","540","Case of 3 Magnums","https://www.bbr.com/products-20158010595-2015-chateau-clinet-pomerol-bordeaux","1008225","20158010595"
"Chateau Clinet","2016","Chateau Clinet, Pomerol, Bordeaux","205","Case of 3 Bottles","https://www.bbr.com/products-20168010595-2016-chateau-clinet-pomerol-bordeaux","1008225","20168010595"
"Chateau Clinet","2016","Chateau Clinet, Pomerol, Bordeaux","420","Case of 6 Bottles","https://www.bbr.com/products-20168010595-2016-chateau-clinet-pomerol-bordeaux","1008225","20168010595"
"Chateau Clinet","2017","Chateau Clinet, Pomerol, Bordeaux","280","Case of 6 Bottles","https://www.bbr.com/products-20178010595-2017-chateau-clinet-pomerol-bordeaux","1008225","20178010595"
"Chateau Clinet","2018","Chateau Clinet, Pomerol, Bordeaux","300","Case of 6 Bottles","https://www.bbr.com/products-20188010595-2018-chateau-clinet-pomerol-bordeaux","1008225","20188010595"
"Chateau Clinet","2018","Chateau Clinet, Pomerol, Bordeaux","650","Case of 6 Bottles","https://www.bbr.com/products-20188010595-2018-chateau-clinet-pomerol-bordeaux","1008225","20188010595"
"Chateau Clinet","2018","Chateau Clinet, Pomerol, Bordeaux","230","Case of 1 Double Magnums","https://www.bbr.com/products-20188010595-2018-chateau-clinet-pomerol-bordeaux","1008225","20188010595"
"Chateau Clinet","2019","Chateau Clinet, Pomerol, Bordeaux","375","Case of 6 Bottles","https://www.bbr.com/products-20198010595-2019-chateau-clinet-pomerol-bordeaux","1008225","20198010595"
"Chateau Clinet","2019","Chateau Clinet, Pomerol, Bordeaux","555","Case of 6 Bottles","https://www.bbr.com/products-20198010595-2019-chateau-clinet-pomerol-bordeaux","1008225","20198010595"
"Chateau Clinet","2019","Chateau Clinet, Pomerol, Bordeaux","420","Case of 3 Magnums","https://www.bbr.com/products-20198010595-2019-chateau-clinet-pomerol-bordeaux","1008225","20198010595"
"Chateau Clinet","2020","Chateau Clinet, Pomerol, Bordeaux","390","Case of 6 Bottles","https://www.bbr.com/products-20208010595-2020-chateau-clinet-pomerol-bordeaux","1008225","20208010595"
"Chateau Clinet","2021","Chateau Clinet, Pomerol, Bordeaux","180","Case of 3 Bottles","https://www.bbr.com/products-20218010595-2021-chateau-clinet-pomerol-bordeaux","1008225","20218010595"
"Chateau Clinet","2021","Chateau Clinet, Pomerol, Bordeaux","320","Case of 6 Bottles","https://www.bbr.com/products-20218010595-2021-chateau-clinet-pomerol-bordeaux","1008225","20218010595"
"Chateau Clinet","2022","Chateau Clinet, Pomerol, Bordeaux","489","Case of 6 Bottles","https://www.bbr.com/products-20228010595-2022-chateau-clinet-pomerol-bordeaux","1008225","20228010595"
"Chateau Clinet","2022","Chateau Clinet, Pomerol, Bordeaux","475","Case of 3 Magnums","https://www.bbr.com/products-20228010595-2022-chateau-clinet-pomerol-bordeaux","1008225","20228010595"
"Chateau Clinet","2016","Chateau Clinet, Pomerol, Multiformat Case (4x75cl, 2x150cl, 1x300cl)","800","Case of 1 Mixed Cases","https://www.bbr.com/products-20168037158-2016-chateau-clinet-pomerol-multiformat-case-4x75cl-2x150cl-1x300cl","1008225","20168037158"
"Chateau Clos de Sarpe","2008","Chateau Clos de Sarpe, St Emilion, Bordeaux","675","Case of 12 Bottles","https://www.bbr.com/products-20088124807-2008-chateau-clos-de-sarpe-st-emilion-bordeaux","1008498","20088124807"
"Chateau Coutet, Barsac","2005","Chateau Coutet, Barsac, Bordeaux","350","Case of 12 Bottles","https://www.bbr.com/products-20058007007-2005-chateau-coutet-barsac-bordeaux","1016792","20058007007"
"Chateau Coutet, Barsac","2006","Chateau Coutet, Barsac, Bordeaux","360","Case of 12 Bottles","https://www.bbr.com/products-20068007007-2006-chateau-coutet-barsac-bordeaux","1016792","20068007007"
"Chateau Coutet, Barsac","2007","Chateau Coutet, Barsac, Bordeaux","220","Case of 6 Bottles","https://www.bbr.com/products-20078007007-2007-chateau-coutet-barsac-bordeaux","1016792","20078007007"
"Chateau Coutet, Barsac","2014","Chateau Coutet, Barsac, Bordeaux","160","Case of 6 Bottles","https://www.bbr.com/products-20148007007-2014-chateau-coutet-barsac-bordeaux","1016792","20148007007"
"Chateau Coutet, Barsac","2014","Chateau Coutet, Barsac, Bordeaux","395","Case of 24 Half Bottles","https://www.bbr.com/products-20148007007-2014-chateau-coutet-barsac-bordeaux","1016792","20148007007"
"Chateau Coutet, Barsac","2017","Chateau Coutet, Barsac, Bordeaux","200","Case of 12 Half Bottles","https://www.bbr.com/products-20178007007-2017-chateau-coutet-barsac-bordeaux","1016792","20178007007"
"Chateau Coutet","2019","Chateau Coutet, St Emilion, Bordeaux","372","Case of 12 Bottles","https://www.bbr.com/products-20191008922-2019-chateau-coutet-st-emilion-bordeaux","1008922","20191008922"
"Chateau Dalem","2019","Chateau Dalem, Fronsac, Bordeaux","295","Case of 12 Bottles","https://www.bbr.com/products-20198015066-2019-chateau-dalem-fronsac-bordeaux","1009222","20198015066"
"Chateau Destieux","2009","Chateau Destieux, St Emilion, Bordeaux","485","Case of 12 Bottles","https://www.bbr.com/products-20098124575-2009-chateau-destieux-st-emilion-bordeaux","1009352","20098124575"
"Chateau Destieux","2009","Chateau Destieux, St Emilion, Bordeaux","590","Case of 6 Magnums","https://www.bbr.com/products-20098124575-2009-chateau-destieux-st-emilion-bordeaux","1009352","20098124575"
"Chateau Doisy-Daene","2001","Chateau Doisy Daene, Barsac, Bordeaux","500","Case of 12 Bottles","https://www.bbr.com/products-20018013437-2001-chateau-doisy-daene-barsac-bordeaux","1016835","20018013437"
"Chateau Doisy-Daene","2010","Chateau Doisy Daene, Barsac, Bordeaux","300","Case of 24 Half Bottles","https://www.bbr.com/products-20108013437-2010-chateau-doisy-daene-barsac-bordeaux","1016835","20108013437"
"Chateau Doisy-Daene","2011","Chateau Doisy Daene, Barsac, Bordeaux","300","Case of 12 Bottles","https://www.bbr.com/products-20118013437-2011-chateau-doisy-daene-barsac-bordeaux","1016835","20118013437"
"Chateau Doisy-Daene","2011","Chateau Doisy Daene, Barsac, Bordeaux","295","Case of 24 Half Bottles","https://www.bbr.com/products-20118013437-2011-chateau-doisy-daene-barsac-bordeaux","1016835","20118013437"
"Chateau Doisy-Daene","2014","Chateau Doisy Daene, Barsac, Bordeaux","170","Case of 12 Half Bottles","https://www.bbr.com/products-20148013437-2014-chateau-doisy-daene-barsac-bordeaux","1016835","20148013437"
"Chateau Doisy-Daene","2015","Chateau Doisy Daene, Barsac, Bordeaux","190","Case of 6 Bottles","https://www.bbr.com/products-20158013437-2015-chateau-doisy-daene-barsac-bordeaux","1016835","20158013437"
"Chateau Doisy-Daene","2015","Chateau Doisy Daene, Barsac, Bordeaux","195","Case of 12 Half Bottles","https://www.bbr.com/products-20158013437-2015-chateau-doisy-daene-barsac-bordeaux","1016835","20158013437"
"Chateau Doisy-Daene","2022","Chateau Doisy Daene, Barsac, Bordeaux","210","Case of 12 Half Bottles","https://www.bbr.com/products-20228013437-2022-chateau-doisy-daene-barsac-bordeaux","1016835","20228013437"
"Chateau Doisy-Daene","2023","Chateau Doisy Daene, Barsac, Bordeaux","210","Case of 6 Bottles","https://www.bbr.com/products-20238013437-2023-chateau-doisy-daene-barsac-bordeaux","1016835","20238013437"
"Chateau Doisy-Vedrines","2007","Chateau Doisy-Vedrines, Sauternes, Bordeaux","347","Case of 24 Half Bottles","https://www.bbr.com/products-20078014753-2007-chateau-doisy-vedrines-sauternes-bordeaux","1016848","20078014753"
"Chateau Doisy-Vedrines","2007","Chateau Doisy-Vedrines, Sauternes, Bordeaux","240","Case of 24 Half Bottles","https://www.bbr.com/products-20078014753-2007-chateau-doisy-vedrines-sauternes-bordeaux","1016848","20078014753"
"Chateau Doisy-Vedrines","2010","Chateau Doisy-Vedrines, Sauternes, Bordeaux","120","Case of 12 Half Bottles","https://www.bbr.com/products-20108014753-2010-chateau-doisy-vedrines-sauternes-bordeaux","1016848","20108014753"
"Chateau Doisy-Vedrines","2011","Chateau Doisy-Vedrines, Sauternes, Bordeaux","240","Case of 24 Half Bottles","https://www.bbr.com/products-20118014753-2011-chateau-doisy-vedrines-sauternes-bordeaux","1016848","20118014753"
"Chateau Doisy-Vedrines","2013","Chateau Doisy-Vedrines, Sauternes, Bordeaux","280","Case of 24 Half Bottles","https://www.bbr.com/products-20138014753-2013-chateau-doisy-vedrines-sauternes-bordeaux","1016848","20138014753"
"Chateau Doisy-Vedrines","2023","Chateau Doisy-Vedrines, Sauternes, Bordeaux","135","Case of 6 Bottles","https://www.bbr.com/products-20238014753-2023-chateau-doisy-vedrines-sauternes-bordeaux","1016848","20238014753"
"Chateau Ducru-Beaucaillou","2006","Chateau Ducru-Beaucaillou, St Julien, Bordeaux","1390","Case of 12 Bottles","https://www.bbr.com/products-20068008844-2006-chateau-ducru-beaucaillou-st-julien-bordeaux","1009479","20068008844"
"Chateau Ducru-Beaucaillou","2006","Chateau Ducru-Beaucaillou, St Julien, Bordeaux","720","Case of 6 Bottles","https://www.bbr.com/products-20068008844-2006-chateau-ducru-beaucaillou-st-julien-bordeaux","1009479","20068008844"
"Chateau Ducru-Beaucaillou","2008","Chateau Ducru-Beaucaillou, St Julien, Bordeaux","1300","Case of 12 Bottles","https://www.bbr.com/products-20088008844-2008-chateau-ducru-beaucaillou-st-julien-bordeaux","1009479","20088008844"
"Chateau Ducru-Beaucaillou","2008","Chateau Ducru-Beaucaillou, St Julien, Bordeaux","1299","Case of 12 Bottles","https://www.bbr.com/products-20088008844-2008-chateau-ducru-beaucaillou-st-julien-bordeaux","1009479","20088008844"
"Chateau Ducru-Beaucaillou","2010","Chateau Ducru-Beaucaillou, St Julien, Bordeaux","5800","Case of 1 18 Litre Bottles","https://www.bbr.com/products-20108008844-2010-chateau-ducru-beaucaillou-st-julien-bordeaux","1009479","20108008844"
"Chateau Ducru-Beaucaillou","2010","Chateau Ducru-Beaucaillou, St Julien, Bordeaux","1100","Case of 6 Bottles","https://www.bbr.com/products-20108008844-2010-chateau-ducru-beaucaillou-st-julien-bordeaux","1009479","20108008844"
"Chateau Ducru-Beaucaillou","2010","Chateau Ducru-Beaucaillou, St Julien, Bordeaux","2995","Case of 12 Bottles","https://www.bbr.com/products-20108008844-2010-chateau-ducru-beaucaillou-st-julien-bordeaux","1009479","20108008844"
"Chateau Ducru-Beaucaillou","2010","Chateau Ducru-Beaucaillou, St Julien, Bordeaux","2300","Case of 6 Magnums","https://www.bbr.com/products-20108008844-2010-chateau-ducru-beaucaillou-st-julien-bordeaux","1009479","20108008844"
"Chateau Ducru-Beaucaillou","2011","Chateau Ducru-Beaucaillou, St Julien, Bordeaux","580","Case of 6 Bottles","https://www.bbr.com/products-20118008844-2011-chateau-ducru-beaucaillou-st-julien-bordeaux","1009479","20118008844"
"Chateau Ducru-Beaucaillou","2011","Chateau Ducru-Beaucaillou, St Julien, Bordeaux","582","Case of 3 Magnums","https://www.bbr.com/products-20118008844-2011-chateau-ducru-beaucaillou-st-julien-bordeaux","1009479","20118008844"
"Chateau Ducru-Beaucaillou","2012","Chateau Ducru-Beaucaillou, St Julien, Bordeaux","650","Case of 6 Bottles","https://www.bbr.com/products-20128008844-2012-chateau-ducru-beaucaillou-st-julien-bordeaux","1009479","20128008844"
"Chateau Ducru-Beaucaillou","2013","Chateau Ducru-Beaucaillou, St Julien, Bordeaux","650","Case of 6 Bottles","https://www.bbr.com/products-20138008844-2013-chateau-ducru-beaucaillou-st-julien-bordeaux","1009479","20138008844"
"Chateau Ducru-Beaucaillou","2014","Chateau Ducru-Beaucaillou, St Julien, Bordeaux","600","Case of 6 Bottles","https://www.bbr.com/products-20148008844-2014-chateau-ducru-beaucaillou-st-julien-bordeaux","1009479","20148008844"
"Chateau Ducru-Beaucaillou","2014","Chateau Ducru-Beaucaillou, St Julien, Bordeaux","700","Case of 3 Magnums","https://www.bbr.com/products-20148008844-2014-chateau-ducru-beaucaillou-st-julien-bordeaux","1009479","20148008844"
"Chateau Ducru-Beaucaillou","2015","Chateau Ducru-Beaucaillou, St Julien, Bordeaux","820","Case of 6 Bottles","https://www.bbr.com/products-20158008844-2015-chateau-ducru-beaucaillou-st-julien-bordeaux","1009479","20158008844"
"Chateau Ducru-Beaucaillou","2015","Chateau Ducru-Beaucaillou, St Julien, Bordeaux","880","Case of 6 Bottles","https://www.bbr.com/products-20158008844-2015-chateau-ducru-beaucaillou-st-julien-bordeaux","1009479","20158008844"
"Chateau Ducru-Beaucaillou","2016","Chateau Ducru-Beaucaillou, St Julien, Bordeaux","955","Case of 6 Bottles","https://www.bbr.com/products-20168008844-2016-chateau-ducru-beaucaillou-st-julien-bordeaux","1009479","20168008844"
"Chateau Ducru-Beaucaillou","2017","Chateau Ducru-Beaucaillou, St Julien, Bordeaux","690","Case of 6 Bottles","https://www.bbr.com/products-20178008844-2017-chateau-ducru-beaucaillou-st-julien-bordeaux","1009479","20178008844"
"Chateau Ducru-Beaucaillou","2018","Chateau Ducru-Beaucaillou, St Julien, Bordeaux","1000","Case of 6 Bottles","https://www.bbr.com/products-20188008844-2018-chateau-ducru-beaucaillou-st-julien-bordeaux","1009479","20188008844"
"Chateau Ducru-Beaucaillou","2018","Chateau Ducru-Beaucaillou, St Julien, Bordeaux","1800","Case of 12 Bottles","https://www.bbr.com/products-20188008844-2018-chateau-ducru-beaucaillou-st-julien-bordeaux","1009479","20188008844"
"Chateau Ducru-Beaucaillou","2019","Chateau Ducru-Beaucaillou, St Julien, Bordeaux","642","Case of 6 Bottles","https://www.bbr.com/products-20198008844-2019-chateau-ducru-beaucaillou-st-julien-bordeaux","1009479","20198008844"
"Chateau Ducru-Beaucaillou","2019","Chateau Ducru-Beaucaillou, St Julien, Bordeaux","645","Case of 6 Bottles","https://www.bbr.com/products-20198008844-2019-chateau-ducru-beaucaillou-st-julien-bordeaux","1009479","20198008844"
"Chateau Ducru-Beaucaillou","2020","Chateau Ducru-Beaucaillou, St Julien, Bordeaux","988","Case of 6 Bottles","https://www.bbr.com/products-20208008844-2020-chateau-ducru-beaucaillou-st-julien-bordeaux","1009479","20208008844"
"Chateau Ducru-Beaucaillou","2020","Chateau Ducru-Beaucaillou, St Julien, Bordeaux","333","Case of 1 Magnums","https://www.bbr.com/products-20208008844-2020-chateau-ducru-beaucaillou-st-julien-bordeaux","1009479","20208008844"
"Chateau Ducru-Beaucaillou","2020","Chateau Ducru-Beaucaillou, St Julien, Bordeaux","999","Case of 3 Magnums","https://www.bbr.com/products-20208008844-2020-chateau-ducru-beaucaillou-st-julien-bordeaux","1009479","20208008844"
"Chateau Ducru-Beaucaillou","2021","Chateau Ducru-Beaucaillou, St Julien, Bordeaux","1060","Case of 6 Bottles","https://www.bbr.com/products-20218008844-2021-chateau-ducru-beaucaillou-st-julien-bordeaux","1009479","20218008844"
"Chateau Ducru-Beaucaillou","2021","Chateau Ducru-Beaucaillou, St Julien, Bordeaux","649","Case of 6 Bottles","https://www.bbr.com/products-20218008844-2021-chateau-ducru-beaucaillou-st-julien-bordeaux","1009479","20218008844"
"Chateau Ducru-Beaucaillou","2022","Chateau Ducru-Beaucaillou, St Julien, Bordeaux","1100","Case of 6 Bottles","https://www.bbr.com/products-20228008844-2022-chateau-ducru-beaucaillou-st-julien-bordeaux","1009479","20228008844"
"Chateau Ducru-Beaucaillou","","Chateau Ducru-Beaucaillou, Vertical (2004 -2006, 2008 - 2010), Six-Bottle Mixed Case","925","Case of 1 6 Bottle Assortments","https://www.bbr.com/products-10008037086-chateau-ducru-beaucaillou-vertical-2004-2006-2008-2010-six-bottle-mixed-case","1009479","10008037086"
"Chateau Duhart-Milon","2005","Chateau Duhart-Milon, Pauillac, Bordeaux","745","Case of 12 Bottles","https://www.bbr.com/products-20058124517-2005-chateau-duhart-milon-pauillac-bordeaux","1009482","20058124517"
"Chateau Duhart-Milon","2005","Chateau Duhart-Milon, Pauillac, Bordeaux","750","Case of 12 Bottles","https://www.bbr.com/products-20058124517-2005-chateau-duhart-milon-pauillac-bordeaux","1009482","20058124517"
"Chateau Duhart-Milon","2005","Chateau Duhart-Milon, Pauillac, Bordeaux","795","Case of 6 Magnums","https://www.bbr.com/products-20058124517-2005-chateau-duhart-milon-pauillac-bordeaux","1009482","20058124517"
"Chateau Duhart-Milon","2006","Chateau Duhart-Milon, Pauillac, Bordeaux","680","Case of 12 Bottles","https://www.bbr.com/products-20068124517-2006-chateau-duhart-milon-pauillac-bordeaux","1009482","20068124517"
"Chateau Duhart-Milon","2006","Chateau Duhart-Milon, Pauillac, Bordeaux","745","Case of 12 Bottles","https://www.bbr.com/products-20068124517-2006-chateau-duhart-milon-pauillac-bordeaux","1009482","20068124517"
"Chateau Duhart-Milon","2008","Chateau Duhart-Milon, Pauillac, Bordeaux","425","Case of 6 Bottles","https://www.bbr.com/products-20088124517-2008-chateau-duhart-milon-pauillac-bordeaux","1009482","20088124517"
"Chateau Duhart-Milon","2008","Chateau Duhart-Milon, Pauillac, Bordeaux","665","Case of 12 Bottles","https://www.bbr.com/products-20088124517-2008-chateau-duhart-milon-pauillac-bordeaux","1009482","20088124517"
"Chateau Duhart-Milon","2008","Chateau Duhart-Milon, Pauillac, Bordeaux","664","Case of 12 Bottles","https://www.bbr.com/products-20088124517-2008-chateau-duhart-milon-pauillac-bordeaux","1009482","20088124517"
"Chateau Duhart-Milon","2009","Chateau Duhart-Milon, Pauillac, Bordeaux","985","Case of 12 Bottles","https://www.bbr.com/products-20098124517-2009-chateau-duhart-milon-pauillac-bordeaux","1009482","20098124517"
"Chateau Duhart-Milon","2009","Chateau Duhart-Milon, Pauillac, Bordeaux","580","Case of 6 Bottles","https://www.bbr.com/products-20098124517-2009-chateau-duhart-milon-pauillac-bordeaux","1009482","20098124517"
"Chateau Duhart-Milon","2009","Chateau Duhart-Milon, Pauillac, Bordeaux","560","Case of 6 Bottles","https://www.bbr.com/products-20098124517-2009-chateau-duhart-milon-pauillac-bordeaux","1009482","20098124517"
"Chateau Duhart-Milon","2010","Chateau Duhart-Milon, Pauillac, Bordeaux","830","Case of 12 Bottles","https://www.bbr.com/products-20108124517-2010-chateau-duhart-milon-pauillac-bordeaux","1009482","20108124517"
"Chateau Duhart-Milon","2010","Chateau Duhart-Milon, Pauillac, Bordeaux","715","Case of 6 Bottles","https://www.bbr.com/products-20108124517-2010-chateau-duhart-milon-pauillac-bordeaux","1009482","20108124517"
"Chateau Duhart-Milon","2010","Chateau Duhart-Milon, Pauillac, Bordeaux","1090","Case of 12 Bottles","https://www.bbr.com/products-20108124517-2010-chateau-duhart-milon-pauillac-bordeaux","1009482","20108124517"
"Chateau Duhart-Milon","2011","Chateau Duhart-Milon, Pauillac, Bordeaux","276","Case of 6 Bottles","https://www.bbr.com/products-20118124517-2011-chateau-duhart-milon-pauillac-bordeaux","1009482","20118124517"
"Chateau Duhart-Milon","2014","Chateau Duhart-Milon, Pauillac, Bordeaux","270","Case of 6 Bottles","https://www.bbr.com/products-20148124517-2014-chateau-duhart-milon-pauillac-bordeaux","1009482","20148124517"
"Chateau Duhart-Milon","2014","Chateau Duhart-Milon, Pauillac, Bordeaux","325","Case of 3 Magnums","https://www.bbr.com/products-20148124517-2014-chateau-duhart-milon-pauillac-bordeaux","1009482","20148124517"
"Chateau Duhart-Milon","2018","Chateau Duhart-Milon, Pauillac, Bordeaux","480","Case of 6 Bottles","https://www.bbr.com/products-20188124517-2018-chateau-duhart-milon-pauillac-bordeaux","1009482","20188124517"
"Chateau Duhart-Milon","2018","Chateau Duhart-Milon, Pauillac, Bordeaux","282","Case of 6 Bottles","https://www.bbr.com/products-20188124517-2018-chateau-duhart-milon-pauillac-bordeaux","1009482","20188124517"
"Chateau Duhart-Milon","2019","Chateau Duhart-Milon, Pauillac, Bordeaux","349.99","Case of 6 Bottles","https://www.bbr.com/products-20198124517-2019-chateau-duhart-milon-pauillac-bordeaux","1009482","20198124517"
"Chateau Duhart-Milon","2019","Chateau Duhart-Milon, Pauillac, Bordeaux","350","Case of 6 Bottles","https://www.bbr.com/products-20198124517-2019-chateau-duhart-milon-pauillac-bordeaux","1009482","20198124517"
"Chateau Duhart-Milon","2021","Chateau Duhart-Milon, Pauillac, Bordeaux","229","Case of 6 Bottles","https://www.bbr.com/products-20218124517-2021-chateau-duhart-milon-pauillac-bordeaux","1009482","20218124517"
"Chateau Duhart-Milon","2021","Chateau Duhart-Milon, Pauillac, Bordeaux","368","Case of 6 Bottles","https://www.bbr.com/products-20218124517-2021-chateau-duhart-milon-pauillac-bordeaux","1009482","20218124517"
"Chateau Durfort-Vivens","2005","Chateau Durfort-Vivens, Margaux, Bordeaux","618","Case of 12 Bottles","https://www.bbr.com/products-20058015154-2005-chateau-durfort-vivens-margaux-bordeaux","1009512","20058015154"
"Chateau Durfort-Vivens","2005","Chateau Durfort-Vivens, Margaux, Bordeaux","620","Case of 12 Bottles","https://www.bbr.com/products-20058015154-2005-chateau-durfort-vivens-margaux-bordeaux","1009512","20058015154"
"Chateau Dutruch Grand Poujeaux","2019","Chateau Dutruch Grand Poujeaux, Moulis-en-Medoc, Bordeaux","90","Case of 6 Bottles","https://www.bbr.com/products-20198232696-2019-chateau-dutruch-grand-poujeaux-moulis-en-medoc-bordeaux","1009525","20198232696"
"Chateau Ferriere","2005","Chateau Ferriere, Margaux, Bordeaux","444","Case of 12 Bottles","https://www.bbr.com/products-20058124432-2005-chateau-ferriere-margaux-bordeaux","1009727","20058124432"
"Chateau Ferriere","2006","Chateau Ferriere, Margaux, Bordeaux","340","Case of 12 Bottles","https://www.bbr.com/products-20068124432-2006-chateau-ferriere-margaux-bordeaux","1009727","20068124432"
"Chateau Feytit-Clinet","2000","Chateau Feytit-Clinet, Pomerol, Bordeaux","595","Case of 6 Magnums","https://www.bbr.com/products-20008014838-2000-chateau-feytit-clinet-pomerol-bordeaux","1009730","20008014838"
"Chateau Feytit-Clinet","2002","Chateau Feytit-Clinet, Pomerol, Bordeaux","420","Case of 12 Bottles","https://www.bbr.com/products-20028014838-2002-chateau-feytit-clinet-pomerol-bordeaux","1009730","20028014838"
"Chateau Feytit-Clinet","2009","Chateau Feytit-Clinet, Pomerol, Bordeaux","550","Case of 1 Imperials","https://www.bbr.com/products-20098014838-2009-chateau-feytit-clinet-pomerol-bordeaux","1009730","20098014838"
"Chateau Feytit-Clinet","2012","Chateau Feytit-Clinet, Pomerol, Bordeaux","240","Case of 6 Bottles","https://www.bbr.com/products-20128014838-2012-chateau-feytit-clinet-pomerol-bordeaux","1009730","20128014838"
"Chateau Feytit-Clinet","2012","Chateau Feytit-Clinet, Pomerol, Bordeaux","480","Case of 12 Bottles","https://www.bbr.com/products-20128014838-2012-chateau-feytit-clinet-pomerol-bordeaux","1009730","20128014838"
"Chateau Feytit-Clinet","2016","Chateau Feytit-Clinet, Pomerol, Bordeaux","700","Case of 12 Bottles","https://www.bbr.com/products-20168014838-2016-chateau-feytit-clinet-pomerol-bordeaux","1009730","20168014838"
"Chateau Feytit-Clinet","2019","Chateau Feytit-Clinet, Pomerol, Bordeaux","275","Case of 6 Bottles","https://www.bbr.com/products-20198014838-2019-chateau-feytit-clinet-pomerol-bordeaux","1009730","20198014838"
"Chateau Feytit-Clinet","2020","Chateau Feytit-Clinet, Pomerol, Bordeaux","360","Case of 6 Bottles","https://www.bbr.com/products-20208014838-2020-chateau-feytit-clinet-pomerol-bordeaux","1009730","20208014838"
"Chateau Feytit-Clinet","2020","Chateau Feytit-Clinet, Pomerol, Bordeaux","380","Case of 3 Magnums","https://www.bbr.com/products-20208014838-2020-chateau-feytit-clinet-pomerol-bordeaux","1009730","20208014838"
"Chateau Feytit-Clinet","2022","Chateau Feytit-Clinet, Pomerol, Bordeaux","600","Case of 12 Bottles","https://www.bbr.com/products-20228014838-2022-chateau-feytit-clinet-pomerol-bordeaux","1009730","20228014838"
"Chateau Feytit-Clinet","2023","Chateau Feytit-Clinet, Pomerol, Bordeaux","325","Case of 1 Double Magnums","https://www.bbr.com/products-20238014838-2023-chateau-feytit-clinet-pomerol-bordeaux","1009730","20238014838"
"Chateau Feytit-Clinet","2023","Chateau Feytit-Clinet, Pomerol, Bordeaux","600","Case of 1 Imperials","https://www.bbr.com/products-20238014838-2023-chateau-feytit-clinet-pomerol-bordeaux","1009730","20238014838"
"Chateau Figeac","2005","Chateau Figeac, St Emilion, Bordeaux","2350","Case of 12 Bottles","https://www.bbr.com/products-20051009769-2005-chateau-figeac-st-emilion-bordeaux","1009769","20051009769"
"Chateau Figeac","2006","Chateau Figeac, St Emilion, Bordeaux","1752","Case of 12 Bottles","https://www.bbr.com/products-20061009769-2006-chateau-figeac-st-emilion-bordeaux","1009769","20061009769"
"Chateau Figeac","2007","Chateau Figeac, St Emilion, Bordeaux","1545","Case of 12 Bottles","https://www.bbr.com/products-20071009769-2007-chateau-figeac-st-emilion-bordeaux","1009769","20071009769"
"Chateau Figeac","2010","Chateau Figeac, St Emilion, Bordeaux","1050","Case of 6 Bottles","https://www.bbr.com/products-20101009769-2010-chateau-figeac-st-emilion-bordeaux","1009769","20101009769"
"Chateau Figeac","2010","Chateau Figeac, St Emilion, Bordeaux","1180","Case of 6 Bottles","https://www.bbr.com/products-20101009769-2010-chateau-figeac-st-emilion-bordeaux","1009769","20101009769"
"Chateau Figeac","2010","Chateau Figeac, St Emilion, Bordeaux","1099","Case of 6 Bottles","https://www.bbr.com/products-20101009769-2010-chateau-figeac-st-emilion-bordeaux","1009769","20101009769"
"Chateau Figeac","2011","Chateau Figeac, St Emilion, Bordeaux","600","Case of 6 Bottles","https://www.bbr.com/products-20111009769-2011-chateau-figeac-st-emilion-bordeaux","1009769","20111009769"
"Chateau Figeac","2012","Chateau Figeac, St Emilion, Bordeaux","650","Case of 6 Bottles","https://www.bbr.com/products-20121009769-2012-chateau-figeac-st-emilion-bordeaux","1009769","20121009769"
"Chateau Figeac","2012","Chateau Figeac, St Emilion, Bordeaux","1200","Case of 12 Bottles","https://www.bbr.com/products-20121009769-2012-chateau-figeac-st-emilion-bordeaux","1009769","20121009769"
"Chateau Figeac","2012","Chateau Figeac, St Emilion, Bordeaux","722","Case of 3 Magnums","https://www.bbr.com/products-20121009769-2012-chateau-figeac-st-emilion-bordeaux","1009769","20121009769"
"Chateau Figeac","2013","Chateau Figeac, St Emilion, Bordeaux","1190","Case of 12 Bottles","https://www.bbr.com/products-20131009769-2013-chateau-figeac-st-emilion-bordeaux","1009769","20131009769"
"Chateau Figeac","2013","Chateau Figeac, St Emilion, Bordeaux","525","Case of 6 Bottles","https://www.bbr.com/products-20131009769-2013-chateau-figeac-st-emilion-bordeaux","1009769","20131009769"
"Chateau Figeac","2013","Chateau Figeac, St Emilion, Bordeaux","500","Case of 6 Bottles","https://www.bbr.com/products-20131009769-2013-chateau-figeac-st-emilion-bordeaux","1009769","20131009769"
"Chateau Figeac","2013","Chateau Figeac, St Emilion, Bordeaux","545","Case of 3 Magnums","https://www.bbr.com/products-20131009769-2013-chateau-figeac-st-emilion-bordeaux","1009769","20131009769"
"Chateau Figeac","2014","Chateau Figeac, St Emilion, Bordeaux","685","Case of 6 Bottles","https://www.bbr.com/products-20141009769-2014-chateau-figeac-st-emilion-bordeaux","1009769","20141009769"
"Chateau Figeac","2014","Chateau Figeac, St Emilion, Bordeaux","1295","Case of 12 Bottles","https://www.bbr.com/products-20141009769-2014-chateau-figeac-st-emilion-bordeaux","1009769","20141009769"
"Chateau Figeac","2014","Chateau Figeac, St Emilion, Bordeaux","750","Case of 3 Magnums","https://www.bbr.com/products-20141009769-2014-chateau-figeac-st-emilion-bordeaux","1009769","20141009769"
"Chateau Figeac","2015","Chateau Figeac, St Emilion, Bordeaux","830","Case of 6 Bottles","https://www.bbr.com/products-20151009769-2015-chateau-figeac-st-emilion-bordeaux","1009769","20151009769"
"Chateau Figeac","2015","Chateau Figeac, St Emilion, Bordeaux","1000","Case of 6 Bottles","https://www.bbr.com/products-20151009769-2015-chateau-figeac-st-emilion-bordeaux","1009769","20151009769"
"Chateau Figeac","2016","Chateau Figeac, St Emilion, Bordeaux","1900","Case of 12 Bottles","https://www.bbr.com/products-20161009769-2016-chateau-figeac-st-emilion-bordeaux","1009769","20161009769"
"Chateau Figeac","2016","Chateau Figeac, St Emilion, Bordeaux","1090","Case of 6 Bottles","https://www.bbr.com/products-20161009769-2016-chateau-figeac-st-emilion-bordeaux","1009769","20161009769"
"Chateau Figeac","2016","Chateau Figeac, St Emilion, Bordeaux","1050","Case of 3 Magnums","https://www.bbr.com/products-20161009769-2016-chateau-figeac-st-emilion-bordeaux","1009769","20161009769"
"Chateau Figeac","2017","Chateau Figeac, St Emilion, Bordeaux","995","Case of 6 Bottles","https://www.bbr.com/products-20171009769-2017-chateau-figeac-st-emilion-bordeaux","1009769","20171009769"
"Chateau Figeac","2017","Chateau Figeac, St Emilion, Bordeaux","1100","Case of 12 Bottles","https://www.bbr.com/products-20171009769-2017-chateau-figeac-st-emilion-bordeaux","1009769","20171009769"
"Chateau Figeac","2017","Chateau Figeac, St Emilion, Bordeaux","675","Case of 6 Bottles","https://www.bbr.com/products-20171009769-2017-chateau-figeac-st-emilion-bordeaux","1009769","20171009769"
"Chateau Figeac","2018","Chateau Figeac, St Emilion, Bordeaux","745","Case of 6 Bottles","https://www.bbr.com/products-20181009769-2018-chateau-figeac-st-emilion-bordeaux","1009769","20181009769"
"Chateau Figeac","2018","Chateau Figeac, St Emilion, Bordeaux","750","Case of 6 Bottles","https://www.bbr.com/products-20181009769-2018-chateau-figeac-st-emilion-bordeaux","1009769","20181009769"
"Chateau Figeac","2019","Chateau Figeac, St Emilion, Bordeaux","850","Case of 6 Bottles","https://www.bbr.com/products-20191009769-2019-chateau-figeac-st-emilion-bordeaux","1009769","20191009769"
"Chateau Figeac","2019","Chateau Figeac, St Emilion, Bordeaux","830","Case of 6 Bottles","https://www.bbr.com/products-20191009769-2019-chateau-figeac-st-emilion-bordeaux","1009769","20191009769"
"Chateau Figeac","2019","Chateau Figeac, St Emilion, Bordeaux","1730","Case of 1 Imperials","https://www.bbr.com/products-20191009769-2019-chateau-figeac-st-emilion-bordeaux","1009769","20191009769"
"Chateau Figeac","2019","Chateau Figeac, St Emilion, Bordeaux","980","Case of 3 Magnums","https://www.bbr.com/products-20191009769-2019-chateau-figeac-st-emilion-bordeaux","1009769","20191009769"
"Chateau Figeac","2020","Chateau Figeac, St Emilion, Bordeaux","880","Case of 6 Bottles","https://www.bbr.com/products-20201009769-2020-chateau-figeac-st-emilion-bordeaux","1009769","20201009769"
"Chateau Figeac","2020","Chateau Figeac, St Emilion, Bordeaux","736","Case of 6 Bottles","https://www.bbr.com/products-20201009769-2020-chateau-figeac-st-emilion-bordeaux","1009769","20201009769"
"Chateau Figeac","2021","Chateau Figeac, St Emilion, Bordeaux","1100","Case of 6 Bottles","https://www.bbr.com/products-20211009769-2021-chateau-figeac-st-emilion-bordeaux","1009769","20211009769"
"Chateau Figeac","2021","Chateau Figeac, St Emilion, Bordeaux","330","Case of 3 Bottles","https://www.bbr.com/products-20211009769-2021-chateau-figeac-st-emilion-bordeaux","1009769","20211009769"
"Chateau Figeac","2021","Chateau Figeac, St Emilion, Bordeaux","1200","Case of 3 Magnums","https://www.bbr.com/products-20211009769-2021-chateau-figeac-st-emilion-bordeaux","1009769","20211009769"
"Chateau Figeac","2022","Chateau Figeac, St Emilion, Bordeaux","750","Case of 3 Bottles","https://www.bbr.com/products-20221009769-2022-chateau-figeac-st-emilion-bordeaux","1009769","20221009769"
"Chateau Figeac","2022","Chateau Figeac, St Emilion, Bordeaux","1080","Case of 6 Bottles","https://www.bbr.com/products-20221009769-2022-chateau-figeac-st-emilion-bordeaux","1009769","20221009769"
"Chateau Figeac","2023","Chateau Figeac, St Emilion, Bordeaux","1095","Case of 6 Bottles","https://www.bbr.com/products-20231009769-2023-chateau-figeac-st-emilion-bordeaux","1009769","20231009769"
"Chateau Fleur Cardinale","2005","Chateau Fleur Cardinale, St Emilion, Bordeaux","550","Case of 12 Bottles","https://www.bbr.com/products-20058221102-2005-chateau-fleur-cardinale-st-emilion-bordeaux","1009857","20058221102"
"Chateau Fleur Cardinale","2019","Chateau Fleur Cardinale, St Emilion, Bordeaux","269","Case of 6 Bottles","https://www.bbr.com/products-20198221102-2019-chateau-fleur-cardinale-st-emilion-bordeaux","1009857","20198221102"
"Chateau Fleur Cardinale","2020","Chateau Fleur Cardinale, St Emilion, Bordeaux","369","Case of 12 Bottles","https://www.bbr.com/products-20208221102-2020-chateau-fleur-cardinale-st-emilion-bordeaux","1009857","20208221102"
"Chateau Gazin","2005","Chateau Gazin, Pomerol, Bordeaux","995","Case of 12 Bottles","https://www.bbr.com/products-20058124298-2005-chateau-gazin-pomerol-bordeaux","1010514","20058124298"
"Chateau Gazin","2010","Chateau Gazin, Pomerol, Bordeaux","1500","Case of 12 Bottles","https://www.bbr.com/products-20108124298-2010-chateau-gazin-pomerol-bordeaux","1010514","20108124298"
"Chateau Gazin","2011","Chateau Gazin, Pomerol, Bordeaux","310","Case of 6 Bottles","https://www.bbr.com/products-20118124298-2011-chateau-gazin-pomerol-bordeaux","1010514","20118124298"
"Chateau Gazin","2013","Chateau Gazin, Pomerol, Bordeaux","260","Case of 6 Bottles","https://www.bbr.com/products-20138124298-2013-chateau-gazin-pomerol-bordeaux","1010514","20138124298"
"Chateau Gazin","2015","Chateau Gazin, Pomerol, Bordeaux","380","Case of 3 Magnums","https://www.bbr.com/products-20158124298-2015-chateau-gazin-pomerol-bordeaux","1010514","20158124298"
"Chateau Gazin","2018","Chateau Gazin, Pomerol, Bordeaux","400","Case of 6 Bottles","https://www.bbr.com/products-20188124298-2018-chateau-gazin-pomerol-bordeaux","1010514","20188124298"
"Chateau Gazin","2020","Chateau Gazin, Pomerol, Bordeaux","340","Case of 6 Bottles","https://www.bbr.com/products-20208124298-2020-chateau-gazin-pomerol-bordeaux","1010514","20208124298"
"Chateau Giscours","2000","Chateau Giscours, Margaux, Bordeaux","800","Case of 12 Bottles","https://www.bbr.com/products-20008005928-2000-chateau-giscours-margaux-bordeaux","1010569","20008005928"
"Chateau Giscours","2003","Chateau Giscours, Margaux, Bordeaux","636","Case of 12 Bottles","https://www.bbr.com/products-20038005928-2003-chateau-giscours-margaux-bordeaux","1010569","20038005928"
"Chateau Giscours","2005","Chateau Giscours, Margaux, Bordeaux","900","Case of 12 Bottles","https://www.bbr.com/products-20058005928-2005-chateau-giscours-margaux-bordeaux","1010569","20058005928"
"Chateau Giscours","2005","Chateau Giscours, Margaux, Bordeaux","900","Case of 12 Bottles","https://www.bbr.com/products-20058005928-2005-chateau-giscours-margaux-bordeaux","1010569","20058005928"
"Chateau Giscours","2008","Chateau Giscours, Margaux, Bordeaux","480","Case of 12 Bottles","https://www.bbr.com/products-20088005928-2008-chateau-giscours-margaux-bordeaux","1010569","20088005928"
"Chateau Giscours","2008","Chateau Giscours, Margaux, Bordeaux","240","Case of 6 Bottles","https://www.bbr.com/products-20088005928-2008-chateau-giscours-margaux-bordeaux","1010569","20088005928"
"Chateau Giscours","2008","Chateau Giscours, Margaux, Bordeaux","500","Case of 6 Magnums","https://www.bbr.com/products-20088005928-2008-chateau-giscours-margaux-bordeaux","1010569","20088005928"
"Chateau Giscours","2010","Chateau Giscours, Margaux, Bordeaux","344","Case of 6 Bottles","https://www.bbr.com/products-20108005928-2010-chateau-giscours-margaux-bordeaux","1010569","20108005928"
"Chateau Giscours","2010","Chateau Giscours, Margaux, Bordeaux","350","Case of 6 Bottles","https://www.bbr.com/products-20108005928-2010-chateau-giscours-margaux-bordeaux","1010569","20108005928"
"Chateau Giscours","2010","Chateau Giscours, Margaux, Bordeaux","730","Case of 12 Bottles","https://www.bbr.com/products-20108005928-2010-chateau-giscours-margaux-bordeaux","1010569","20108005928"
"Chateau Giscours","2010","Chateau Giscours, Margaux, Bordeaux","240","Case of 1 Double Magnums","https://www.bbr.com/products-20108005928-2010-chateau-giscours-margaux-bordeaux","1010569","20108005928"
"Chateau Giscours","2010","Chateau Giscours, Margaux, Bordeaux","470","Case of 1 Jeroboam 500cl","https://www.bbr.com/products-20108005928-2010-chateau-giscours-margaux-bordeaux","1010569","20108005928"
"Chateau Giscours","2010","Chateau Giscours, Margaux, Bordeaux","695","Case of 6 Magnums","https://www.bbr.com/products-20108005928-2010-chateau-giscours-margaux-bordeaux","1010569","20108005928"
"Chateau Giscours","2011","Chateau Giscours, Margaux, Bordeaux","480","Case of 12 Bottles","https://www.bbr.com/products-20118005928-2011-chateau-giscours-margaux-bordeaux","1010569","20118005928"
"Chateau Giscours","2011","Chateau Giscours, Margaux, Bordeaux","220","Case of 6 Bottles","https://www.bbr.com/products-20118005928-2011-chateau-giscours-margaux-bordeaux","1010569","20118005928"
"Chateau Giscours","2011","Chateau Giscours, Margaux, Bordeaux","260","Case of 3 Magnums","https://www.bbr.com/products-20118005928-2011-chateau-giscours-margaux-bordeaux","1010569","20118005928"
"Chateau Giscours","2012","Chateau Giscours, Margaux, Bordeaux","220","Case of 6 Bottles","https://www.bbr.com/products-20128005928-2012-chateau-giscours-margaux-bordeaux","1010569","20128005928"
"Chateau Giscours","2012","Chateau Giscours, Margaux, Bordeaux","450","Case of 1 Imperials","https://www.bbr.com/products-20128005928-2012-chateau-giscours-margaux-bordeaux","1010569","20128005928"
"Chateau Giscours","2013","Chateau Giscours, Margaux, Bordeaux","170","Case of 6 Bottles","https://www.bbr.com/products-20138005928-2013-chateau-giscours-margaux-bordeaux","1010569","20138005928"
"Chateau Giscours","2013","Chateau Giscours, Margaux, Bordeaux","220","Case of 3 Magnums","https://www.bbr.com/products-20138005928-2013-chateau-giscours-margaux-bordeaux","1010569","20138005928"
"Chateau Giscours","2014","Chateau Giscours, Margaux, Bordeaux","440","Case of 12 Bottles","https://www.bbr.com/products-20148005928-2014-chateau-giscours-margaux-bordeaux","1010569","20148005928"
"Chateau Giscours","2014","Chateau Giscours, Margaux, Bordeaux","275","Case of 6 Bottles","https://www.bbr.com/products-20148005928-2014-chateau-giscours-margaux-bordeaux","1010569","20148005928"
"Chateau Giscours","2015","Chateau Giscours, Margaux, Bordeaux","230","Case of 6 Bottles","https://www.bbr.com/products-20158005928-2015-chateau-giscours-margaux-bordeaux","1010569","20158005928"
"Chateau Giscours","2015","Chateau Giscours, Margaux, Bordeaux","250","Case of 3 Magnums","https://www.bbr.com/products-20158005928-2015-chateau-giscours-margaux-bordeaux","1010569","20158005928"
"Chateau Giscours","2016","Chateau Giscours, Margaux, Bordeaux","490","Case of 12 Bottles","https://www.bbr.com/products-20168005928-2016-chateau-giscours-margaux-bordeaux","1010569","20168005928"
"Chateau Giscours","2016","Chateau Giscours, Margaux, Bordeaux","275","Case of 6 Bottles","https://www.bbr.com/products-20168005928-2016-chateau-giscours-margaux-bordeaux","1010569","20168005928"
"Chateau Giscours","2016","Chateau Giscours, Margaux, Bordeaux","200","Case of 1 Double Magnums","https://www.bbr.com/products-20168005928-2016-chateau-giscours-margaux-bordeaux","1010569","20168005928"
"Chateau Giscours","2017","Chateau Giscours, Margaux, Bordeaux","240","Case of 6 Bottles","https://www.bbr.com/products-20178005928-2017-chateau-giscours-margaux-bordeaux","1010569","20178005928"
"Chateau Giscours","2018","Chateau Giscours, Margaux, Bordeaux","245","Case of 6 Bottles","https://www.bbr.com/products-20188005928-2018-chateau-giscours-margaux-bordeaux","1010569","20188005928"
"Chateau Giscours","2018","Chateau Giscours, Margaux, Bordeaux","564","Case of 12 Half Bottles","https://www.bbr.com/products-20188005928-2018-chateau-giscours-margaux-bordeaux","1010569","20188005928"
"Chateau Giscours","2019","Chateau Giscours, Margaux, Bordeaux","200","Case of 6 Bottles","https://www.bbr.com/products-20198005928-2019-chateau-giscours-margaux-bordeaux","1010569","20198005928"
"Chateau Giscours","2019","Chateau Giscours, Margaux, Bordeaux","438","Case of 12 Half Bottles","https://www.bbr.com/products-20198005928-2019-chateau-giscours-margaux-bordeaux","1010569","20198005928"
"Chateau Giscours","2019","Chateau Giscours, Margaux, Bordeaux","278","Case of 3 Magnums","https://www.bbr.com/products-20198005928-2019-chateau-giscours-margaux-bordeaux","1010569","20198005928"
"Chateau Giscours","2020","Chateau Giscours, Margaux, Bordeaux","248","Case of 6 Bottles","https://www.bbr.com/products-20208005928-2020-chateau-giscours-margaux-bordeaux","1010569","20208005928"
"Chateau Giscours","2020","Chateau Giscours, Margaux, Bordeaux","510","Case of 12 Half Bottles","https://www.bbr.com/products-20208005928-2020-chateau-giscours-margaux-bordeaux","1010569","20208005928"
"Chateau Giscours","2021","Chateau Giscours, Margaux, Bordeaux","486","Case of 6 Bottles","https://www.bbr.com/products-20218005928-2021-chateau-giscours-margaux-bordeaux","1010569","20218005928"
"Chateau Gloria","2010","Chateau Gloria, St Julien, Bordeaux","450","Case of 12 Bottles","https://www.bbr.com/products-20101010598-2010-chateau-gloria-st-julien-bordeaux","1010598","20101010598"
"Chateau Gloria","2012","Chateau Gloria, St Julien, Bordeaux","370","Case of 12 Bottles","https://www.bbr.com/products-20121010598-2012-chateau-gloria-st-julien-bordeaux","1010598","20121010598"
"Chateau Gloria","2016","Chateau Gloria, St Julien, Bordeaux","545","Case of 12 Bottles","https://www.bbr.com/products-20161010598-2016-chateau-gloria-st-julien-bordeaux","1010598","20161010598"
"Chateau Gloria","2016","Chateau Gloria, St Julien, Bordeaux","220","Case of 6 Bottles","https://www.bbr.com/products-20161010598-2016-chateau-gloria-st-julien-bordeaux","1010598","20161010598"
"Chateau Gloria","2019","Chateau Gloria, St Julien, Bordeaux","200","Case of 6 Bottles","https://www.bbr.com/products-20191010598-2019-chateau-gloria-st-julien-bordeaux","1010598","20191010598"
"Chateau Gloria","2023","Chateau Gloria, St Julien, Bordeaux","155","Case of 6 Bottles","https://www.bbr.com/products-20231010598-2023-chateau-gloria-st-julien-bordeaux","1010598","20231010598"
"Chateau Goubau","2015","Chateau Goubau, Cotes de Castillon, Bordeaux","100","Case of 6 Bottles","https://www.bbr.com/products-20158203281-2015-chateau-goubau-cotes-de-castillon-bordeaux","1477137","20158203281"
"Chateau Grand Mayne","2016","Chateau Grand Mayne, St Emilion, Bordeaux","154","Case of 6 Bottles","https://www.bbr.com/products-20168124227-2016-chateau-grand-mayne-st-emilion-bordeaux","1010729","20168124227"
"Chateau Grand Mayne","2016","Chateau Grand Mayne, St Emilion, Bordeaux","138","Case of 1 Double Magnums","https://www.bbr.com/products-20168124227-2016-chateau-grand-mayne-st-emilion-bordeaux","1010729","20168124227"
"Chateau Grand Mayne","2017","Chateau Grand Mayne, St Emilion, Bordeaux","129","Case of 6 Bottles","https://www.bbr.com/products-20178124227-2017-chateau-grand-mayne-st-emilion-bordeaux","1010729","20178124227"
"Chateau Grand Mayne","2019","Chateau Grand Mayne, St Emilion, Bordeaux","144","Case of 6 Bottles","https://www.bbr.com/products-20198124227-2019-chateau-grand-mayne-st-emilion-bordeaux","1010729","20198124227"
"Chateau Grand Mayne","2020","Chateau Grand Mayne, St Emilion, Bordeaux","135","Case of 6 Bottles","https://www.bbr.com/products-20208124227-2020-chateau-grand-mayne-st-emilion-bordeaux","1010729","20208124227"
"Chateau Grand Mayne","2020","Chateau Grand Mayne, St Emilion, Bordeaux","260","Case of 3 Magnums","https://www.bbr.com/products-20208124227-2020-chateau-grand-mayne-st-emilion-bordeaux","1010729","20208124227"
"Chateau Grand Mayne","2021","Chateau Grand Mayne, St Emilion, Bordeaux","126","Case of 6 Bottles","https://www.bbr.com/products-20218124227-2021-chateau-grand-mayne-st-emilion-bordeaux","1010729","20218124227"
"Chateau Grand Village","2021","Chateau Grand Village Blanc, Bordeaux","102","Case of 6 Bottles","https://www.bbr.com/products-20218220495-2021-chateau-grand-village-blanc-bordeaux","1017018","20218220495"
"Chateau Grand Village","2023","Chateau Grand Village Blanc, Bordeaux","160","Case of 6 Bottles","https://www.bbr.com/products-20238220495-2023-chateau-grand-village-blanc-bordeaux","1017018","20238220495"
"Chateau Grand Village","2012","Chateau Grand Village, Bordeaux Superieur","223","Case of 12 Bottles","https://www.bbr.com/products-20128221001-2012-chateau-grand-village-bordeaux-superieur","1010804","20128221001"
"Chateau Grand Village","2020","Chateau Grand Village, Bordeaux Superieur","140","Case of 6 Bottles","https://www.bbr.com/products-20208221001-2020-chateau-grand-village-bordeaux-superieur","1010804","20208221001"
"Chateau Grand Village","2021","Chateau Grand Village, Bordeaux Superieur","92","Case of 6 Bottles","https://www.bbr.com/products-20218221001-2021-chateau-grand-village-bordeaux-superieur","1010804","20218221001"
"Chateau Grand-Puy Ducasse","2022","Chateau Grand-Puy Ducasse, Pauillac, Bordeaux","240","Case of 6 Bottles","https://www.bbr.com/products-20228124201-2022-chateau-grand-puy-ducasse-pauillac-bordeaux","1010774","20228124201"
"Chateau Grand-Puy Ducasse","2023","Chateau Grand-Puy Ducasse, Pauillac, Bordeaux","360","Case of 6 Bottles","https://www.bbr.com/products-20238124201-2023-chateau-grand-puy-ducasse-pauillac-bordeaux","1010774","20238124201"
"Chateau Grand-Puy-Lacoste","2000","Chateau Grand-Puy-Lacoste, Pauillac, Bordeaux","1025","Case of 12 Bottles","https://www.bbr.com/products-20008003256-2000-chateau-grand-puy-lacoste-pauillac-bordeaux","1010787","20008003256"
"Chateau Grand-Puy-Lacoste","2000","Chateau Grand-Puy-Lacoste, Pauillac, Bordeaux","1000","Case of 12 Bottles","https://www.bbr.com/products-20008003256-2000-chateau-grand-puy-lacoste-pauillac-bordeaux","1010787","20008003256"
"Chateau Grand-Puy-Lacoste","2005","Chateau Grand-Puy-Lacoste, Pauillac, Bordeaux","1000","Case of 12 Bottles","https://www.bbr.com/products-20058003256-2005-chateau-grand-puy-lacoste-pauillac-bordeaux","1010787","20058003256"
"Chateau Grand-Puy-Lacoste","2006","Chateau Grand-Puy-Lacoste, Pauillac, Bordeaux","560","Case of 12 Bottles","https://www.bbr.com/products-20068003256-2006-chateau-grand-puy-lacoste-pauillac-bordeaux","1010787","20068003256"
"Chateau Grand-Puy-Lacoste","2008","Chateau Grand-Puy-Lacoste, Pauillac, Bordeaux","490","Case of 12 Bottles","https://www.bbr.com/products-20088003256-2008-chateau-grand-puy-lacoste-pauillac-bordeaux","1010787","20088003256"
"Chateau Grand-Puy-Lacoste","2009","Chateau Grand-Puy-Lacoste, Pauillac, Bordeaux","729","Case of 12 Bottles","https://www.bbr.com/products-20098003256-2009-chateau-grand-puy-lacoste-pauillac-bordeaux","1010787","20098003256"
"Chateau Grand-Puy-Lacoste","2010","Chateau Grand-Puy-Lacoste, Pauillac, Bordeaux","745","Case of 12 Bottles","https://www.bbr.com/products-20108003256-2010-chateau-grand-puy-lacoste-pauillac-bordeaux","1010787","20108003256"
"Chateau Grand-Puy-Lacoste","2010","Chateau Grand-Puy-Lacoste, Pauillac, Bordeaux","345","Case of 6 Bottles","https://www.bbr.com/products-20108003256-2010-chateau-grand-puy-lacoste-pauillac-bordeaux","1010787","20108003256"
"Chateau Grand-Puy-Lacoste","2010","Chateau Grand-Puy-Lacoste, Pauillac, Bordeaux","725","Case of 6 Magnums","https://www.bbr.com/products-20108003256-2010-chateau-grand-puy-lacoste-pauillac-bordeaux","1010787","20108003256"
"Chateau Grand-Puy-Lacoste","2011","Chateau Grand-Puy-Lacoste, Pauillac, Bordeaux","430","Case of 12 Bottles","https://www.bbr.com/products-20118003256-2011-chateau-grand-puy-lacoste-pauillac-bordeaux","1010787","20118003256"
"Chateau Grand-Puy-Lacoste","2011","Chateau Grand-Puy-Lacoste, Pauillac, Bordeaux","480","Case of 12 Bottles","https://www.bbr.com/products-20118003256-2011-chateau-grand-puy-lacoste-pauillac-bordeaux","1010787","20118003256"
"Chateau Grand-Puy-Lacoste","2011","Chateau Grand-Puy-Lacoste, Pauillac, Bordeaux","224","Case of 6 Bottles","https://www.bbr.com/products-20118003256-2011-chateau-grand-puy-lacoste-pauillac-bordeaux","1010787","20118003256"
"Chateau Grand-Puy-Lacoste","2012","Chateau Grand-Puy-Lacoste, Pauillac, Bordeaux","240","Case of 6 Bottles","https://www.bbr.com/products-20128003256-2012-chateau-grand-puy-lacoste-pauillac-bordeaux","1010787","20128003256"
"Chateau Grand-Puy-Lacoste","2014","Chateau Grand-Puy-Lacoste, Pauillac, Bordeaux","250","Case of 6 Bottles","https://www.bbr.com/products-20148003256-2014-chateau-grand-puy-lacoste-pauillac-bordeaux","1010787","20148003256"
"Chateau Grand-Puy-Lacoste","2014","Chateau Grand-Puy-Lacoste, Pauillac, Bordeaux","265","Case of 12 Half Bottles","https://www.bbr.com/products-20148003256-2014-chateau-grand-puy-lacoste-pauillac-bordeaux","1010787","20148003256"
"Chateau Grand-Puy-Lacoste","2014","Chateau Grand-Puy-Lacoste, Pauillac, Bordeaux","240","Case of 3 Magnums","https://www.bbr.com/products-20148003256-2014-chateau-grand-puy-lacoste-pauillac-bordeaux","1010787","20148003256"
"Chateau Grand-Puy-Lacoste","2015","Chateau Grand-Puy-Lacoste, Pauillac, Bordeaux","239","Case of 6 Bottles","https://www.bbr.com/products-20158003256-2015-chateau-grand-puy-lacoste-pauillac-bordeaux","1010787","20158003256"
"Chateau Grand-Puy-Lacoste","2015","Chateau Grand-Puy-Lacoste, Pauillac, Bordeaux","240","Case of 6 Bottles","https://www.bbr.com/products-20158003256-2015-chateau-grand-puy-lacoste-pauillac-bordeaux","1010787","20158003256"
"Chateau Grand-Puy-Lacoste","2015","Chateau Grand-Puy-Lacoste, Pauillac, Bordeaux","350","Case of 3 Magnums","https://www.bbr.com/products-20158003256-2015-chateau-grand-puy-lacoste-pauillac-bordeaux","1010787","20158003256"
"Chateau Grand-Puy-Lacoste","2016","Chateau Grand-Puy-Lacoste, Pauillac, Bordeaux","395","Case of 6 Bottles","https://www.bbr.com/products-20168003256-2016-chateau-grand-puy-lacoste-pauillac-bordeaux","1010787","20168003256"
"Chateau Grand-Puy-Lacoste","2016","Chateau Grand-Puy-Lacoste, Pauillac, Bordeaux","334","Case of 6 Bottles","https://www.bbr.com/products-20168003256-2016-chateau-grand-puy-lacoste-pauillac-bordeaux","1010787","20168003256"
"Chateau Grand-Puy-Lacoste","2016","Chateau Grand-Puy-Lacoste, Pauillac, Bordeaux","336","Case of 3 Magnums","https://www.bbr.com/products-20168003256-2016-chateau-grand-puy-lacoste-pauillac-bordeaux","1010787","20168003256"
"Chateau Grand-Puy-Lacoste","2017","Chateau Grand-Puy-Lacoste, Pauillac, Bordeaux","222","Case of 6 Bottles","https://www.bbr.com/products-20178003256-2017-chateau-grand-puy-lacoste-pauillac-bordeaux","1010787","20178003256"
"Chateau Grand-Puy-Lacoste","2018","Chateau Grand-Puy-Lacoste, Pauillac, Bordeaux","215","Case of 6 Bottles","https://www.bbr.com/products-20188003256-2018-chateau-grand-puy-lacoste-pauillac-bordeaux","1010787","20188003256"
"Chateau Grand-Puy-Lacoste","2018","Chateau Grand-Puy-Lacoste, Pauillac, Bordeaux","215","Case of 6 Bottles","https://www.bbr.com/products-20188003256-2018-chateau-grand-puy-lacoste-pauillac-bordeaux","1010787","20188003256"
"Chateau Grand-Puy-Lacoste","2019","Chateau Grand-Puy-Lacoste, Pauillac, Bordeaux","508","Case of 12 Bottles","https://www.bbr.com/products-20198003256-2019-chateau-grand-puy-lacoste-pauillac-bordeaux","1010787","20198003256"
"Chateau Grand-Puy-Lacoste","2019","Chateau Grand-Puy-Lacoste, Pauillac, Bordeaux","299","Case of 3 Bottles","https://www.bbr.com/products-20198003256-2019-chateau-grand-puy-lacoste-pauillac-bordeaux","1010787","20198003256"
"Chateau Grand-Puy-Lacoste","2019","Chateau Grand-Puy-Lacoste, Pauillac, Bordeaux","225","Case of 6 Bottles","https://www.bbr.com/products-20198003256-2019-chateau-grand-puy-lacoste-pauillac-bordeaux","1010787","20198003256"
"Chateau Grand-Puy-Lacoste","2019","Chateau Grand-Puy-Lacoste, Pauillac, Bordeaux","230","Case of 6 Bottles","https://www.bbr.com/products-20198003256-2019-chateau-grand-puy-lacoste-pauillac-bordeaux","1010787","20198003256"
"Chateau Grand-Puy-Lacoste","2019","Chateau Grand-Puy-Lacoste, Pauillac, Bordeaux","460","Case of 1 Imperials","https://www.bbr.com/products-20198003256-2019-chateau-grand-puy-lacoste-pauillac-bordeaux","1010787","20198003256"
"Chateau Grand-Puy-Lacoste","2020","Chateau Grand-Puy-Lacoste, Pauillac, Bordeaux","305","Case of 6 Bottles","https://www.bbr.com/products-20208003256-2020-chateau-grand-puy-lacoste-pauillac-bordeaux","1010787","20208003256"
"Chateau Grand-Puy-Lacoste","2021","Chateau Grand-Puy-Lacoste, Pauillac, Bordeaux","200","Case of 6 Bottles","https://www.bbr.com/products-20218003256-2021-chateau-grand-puy-lacoste-pauillac-bordeaux","1010787","20218003256"
"Chateau Grand-Puy-Lacoste","2022","Chateau Grand-Puy-Lacoste, Pauillac, Bordeaux","295","Case of 6 Bottles","https://www.bbr.com/products-20228003256-2022-chateau-grand-puy-lacoste-pauillac-bordeaux","1010787","20228003256"
"Chateau Grand-Puy-Lacoste","2022","Chateau Grand-Puy-Lacoste, Pauillac, Bordeaux","450","Case of 3 Magnums","https://www.bbr.com/products-20228003256-2022-chateau-grand-puy-lacoste-pauillac-bordeaux","1010787","20228003256"
"Chateau Gruaud-Larose","1990","Chateau Gruaud Larose, St Julien, Bordeaux","2300","Case of 12 Bottles","https://www.bbr.com/products-19908004383-1990-chateau-gruaud-larose-st-julien-bordeaux","1011074","19908004383"
"Chateau Gruaud-Larose","1996","Chateau Gruaud Larose, St Julien, Bordeaux","950","Case of 12 Bottles","https://www.bbr.com/products-19968004383-1996-chateau-gruaud-larose-st-julien-bordeaux","1011074","19968004383"
"Chateau Gruaud-Larose","2000","Chateau Gruaud Larose, St Julien, Bordeaux","1350","Case of 12 Bottles","https://www.bbr.com/products-20008004383-2000-chateau-gruaud-larose-st-julien-bordeaux","1011074","20008004383"
"Chateau Gruaud-Larose","2001","Chateau Gruaud Larose, St Julien, Bordeaux","900","Case of 12 Bottles","https://www.bbr.com/products-20018004383-2001-chateau-gruaud-larose-st-julien-bordeaux","1011074","20018004383"
"Chateau Gruaud-Larose","2002","Chateau Gruaud Larose, St Julien, Bordeaux","575","Case of 12 Bottles","https://www.bbr.com/products-20028004383-2002-chateau-gruaud-larose-st-julien-bordeaux","1011074","20028004383"
"Chateau Gruaud-Larose","2004","Chateau Gruaud Larose, St Julien, Bordeaux","725","Case of 6 Magnums","https://www.bbr.com/products-20048004383-2004-chateau-gruaud-larose-st-julien-bordeaux","1011074","20048004383"
"Chateau Gruaud-Larose","2005","Chateau Gruaud Larose, St Julien, Bordeaux","850","Case of 12 Bottles","https://www.bbr.com/products-20058004383-2005-chateau-gruaud-larose-st-julien-bordeaux","1011074","20058004383"
"Chateau Gruaud-Larose","2005","Chateau Gruaud Larose, St Julien, Bordeaux","455","Case of 6 Bottles","https://www.bbr.com/products-20058004383-2005-chateau-gruaud-larose-st-julien-bordeaux","1011074","20058004383"
"Chateau Gruaud-Larose","2005","Chateau Gruaud Larose, St Julien, Bordeaux","490","Case of 1 Double Magnums","https://www.bbr.com/products-20058004383-2005-chateau-gruaud-larose-st-julien-bordeaux","1011074","20058004383"
"Chateau Gruaud-Larose","2005","Chateau Gruaud Larose, St Julien, Bordeaux","950","Case of 1 Imperials","https://www.bbr.com/products-20058004383-2005-chateau-gruaud-larose-st-julien-bordeaux","1011074","20058004383"
"Chateau Gruaud-Larose","2005","Chateau Gruaud Larose, St Julien, Bordeaux","1065","Case of 6 Magnums","https://www.bbr.com/products-20058004383-2005-chateau-gruaud-larose-st-julien-bordeaux","1011074","20058004383"
"Chateau Gruaud-Larose","2006","Chateau Gruaud Larose, St Julien, Bordeaux","525","Case of 12 Bottles","https://www.bbr.com/products-20068004383-2006-chateau-gruaud-larose-st-julien-bordeaux","1011074","20068004383"
"Chateau Gruaud-Larose","2006","Chateau Gruaud Larose, St Julien, Bordeaux","670","Case of 6 Magnums","https://www.bbr.com/products-20068004383-2006-chateau-gruaud-larose-st-julien-bordeaux","1011074","20068004383"
"Chateau Gruaud-Larose","2008","Chateau Gruaud Larose, St Julien, Bordeaux","270","Case of 6 Bottles","https://www.bbr.com/products-20088004383-2008-chateau-gruaud-larose-st-julien-bordeaux","1011074","20088004383"
"Chateau Gruaud-Larose","2009","Chateau Gruaud Larose, St Julien, Bordeaux","800","Case of 12 Bottles","https://www.bbr.com/products-20098004383-2009-chateau-gruaud-larose-st-julien-bordeaux","1011074","20098004383"
"Chateau Gruaud-Larose","2010","Chateau Gruaud Larose, St Julien, Bordeaux","850","Case of 12 Bottles","https://www.bbr.com/products-20108004383-2010-chateau-gruaud-larose-st-julien-bordeaux","1011074","20108004383"
"Chateau Gruaud-Larose","2010","Chateau Gruaud Larose, St Julien, Bordeaux","400","Case of 6 Bottles","https://www.bbr.com/products-20108004383-2010-chateau-gruaud-larose-st-julien-bordeaux","1011074","20108004383"
"Chateau Gruaud-Larose","2010","Chateau Gruaud Larose, St Julien, Bordeaux","720","Case of 1 Imperials","https://www.bbr.com/products-20108004383-2010-chateau-gruaud-larose-st-julien-bordeaux","1011074","20108004383"
"Chateau Gruaud-Larose","2010","Chateau Gruaud Larose, St Julien, Bordeaux","700","Case of 6 Magnums","https://www.bbr.com/products-20108004383-2010-chateau-gruaud-larose-st-julien-bordeaux","1011074","20108004383"
"Chateau Gruaud-Larose","2011","Chateau Gruaud Larose, St Julien, Bordeaux","470","Case of 12 Bottles","https://www.bbr.com/products-20118004383-2011-chateau-gruaud-larose-st-julien-bordeaux","1011074","20118004383"
"Chateau Gruaud-Larose","2011","Chateau Gruaud Larose, St Julien, Bordeaux","225","Case of 6 Bottles","https://www.bbr.com/products-20118004383-2011-chateau-gruaud-larose-st-julien-bordeaux","1011074","20118004383"
"Chateau Gruaud-Larose","2012","Chateau Gruaud Larose, St Julien, Bordeaux","530","Case of 12 Bottles","https://www.bbr.com/products-20128004383-2012-chateau-gruaud-larose-st-julien-bordeaux","1011074","20128004383"
"Chateau Gruaud-Larose","2014","Chateau Gruaud Larose, St Julien, Bordeaux","300","Case of 6 Bottles","https://www.bbr.com/products-20148004383-2014-chateau-gruaud-larose-st-julien-bordeaux","1011074","20148004383"
"Chateau Gruaud-Larose","2016","Chateau Gruaud Larose, St Julien, Bordeaux","340","Case of 6 Bottles","https://www.bbr.com/products-20168004383-2016-chateau-gruaud-larose-st-julien-bordeaux","1011074","20168004383"
"Chateau Gruaud-Larose","2016","Chateau Gruaud Larose, St Julien, Bordeaux","575","Case of 3 Magnums","https://www.bbr.com/products-20168004383-2016-chateau-gruaud-larose-st-julien-bordeaux","1011074","20168004383"
"Chateau Gruaud-Larose","2017","Chateau Gruaud Larose, St Julien, Bordeaux","499","Case of 6 Bottles","https://www.bbr.com/products-20178004383-2017-chateau-gruaud-larose-st-julien-bordeaux","1011074","20178004383"
"Chateau Gruaud-Larose","2018","Chateau Gruaud Larose, St Julien, Bordeaux","330","Case of 6 Bottles","https://www.bbr.com/products-20188004383-2018-chateau-gruaud-larose-st-julien-bordeaux","1011074","20188004383"
"Chateau Gruaud-Larose","2018","Chateau Gruaud Larose, St Julien, Bordeaux","450","Case of 3 Magnums","https://www.bbr.com/products-20188004383-2018-chateau-gruaud-larose-st-julien-bordeaux","1011074","20188004383"
"Chateau Gruaud-Larose","2019","Chateau Gruaud Larose, St Julien, Bordeaux","655","Case of 12 Bottles","https://www.bbr.com/products-20198004383-2019-chateau-gruaud-larose-st-julien-bordeaux","1011074","20198004383"
"Chateau Gruaud-Larose","2020","Chateau Gruaud Larose, St Julien, Bordeaux","380","Case of 6 Bottles","https://www.bbr.com/products-20208004383-2020-chateau-gruaud-larose-st-julien-bordeaux","1011074","20208004383"
"Chateau Gruaud-Larose","2020","Chateau Gruaud Larose, St Julien, Bordeaux","450","Case of 3 Magnums","https://www.bbr.com/products-20208004383-2020-chateau-gruaud-larose-st-julien-bordeaux","1011074","20208004383"
"Chateau Guiraud","2001","Chateau Guiraud, Sauternes, Bordeaux","255","Case of 6 Bottles","https://www.bbr.com/products-20011017047-2001-chateau-guiraud-sauternes-bordeaux","1017047","20011017047"
"Chateau Guiraud","2008","Chateau Guiraud, Sauternes, Bordeaux","380","Case of 12 Bottles","https://www.bbr.com/products-20081017047-2008-chateau-guiraud-sauternes-bordeaux","1017047","20081017047"
"Chateau Guiraud","2010","Chateau Guiraud, Sauternes, Bordeaux","220","Case of 12 Half Bottles","https://www.bbr.com/products-20101017047-2010-chateau-guiraud-sauternes-bordeaux","1017047","20101017047"
"Chateau Guiraud","2013","Chateau Guiraud, Sauternes, Bordeaux","170","Case of 12 Half Bottles","https://www.bbr.com/products-20131017047-2013-chateau-guiraud-sauternes-bordeaux","1017047","20131017047"
"Chateau Guiraud","2015","Chateau Guiraud, Sauternes, Bordeaux","180","Case of 6 Bottles","https://www.bbr.com/products-20151017047-2015-chateau-guiraud-sauternes-bordeaux","1017047","20151017047"
"Chateau Guiraud","2015","Chateau Guiraud, Sauternes, Bordeaux","180","Case of 12 Half Bottles","https://www.bbr.com/products-20151017047-2015-chateau-guiraud-sauternes-bordeaux","1017047","20151017047"
"Chateau Guiraud","2020","Chateau Guiraud, Sauternes, Bordeaux","185","Case of 12 Half Bottles","https://www.bbr.com/products-20201017047-2020-chateau-guiraud-sauternes-bordeaux","1017047","20201017047"
"Chateau Guiraud","2022","Chateau Guiraud, Sauternes, Bordeaux","180","Case of 6 Bottles","https://www.bbr.com/products-20221017047-2022-chateau-guiraud-sauternes-bordeaux","1017047","20221017047"
"Haut Mazeris","2003","Chateau Haut Mazeris, Canon-Fronsac, Bordeaux","90","Case of 6 Bottles","https://www.bbr.com/products-20038113209-2003-chateau-haut-mazeris-canon-fronsac-bordeaux","1178630","20038113209"
"Chateau Lynch-Bages","2005","Chateau Haut-Bages Averous, Pauillac, Bordeaux","390","Case of 12 Bottles","https://www.bbr.com/products-20058124139-2005-chateau-haut-bages-averous-pauillac-bordeaux","1011162","20058124139"
"Chateau Haut-Bages Liberal","2000","Chateau Haut-Bages Liberal, Pauillac, Bordeaux","1200","Case of 12 Bottles","https://www.bbr.com/products-20008014795-2000-chateau-haut-bages-liberal-pauillac-bordeaux","1011175","20008014795"
"Chateau Haut-Bages Liberal","2003","Chateau Haut-Bages Liberal, Pauillac, Bordeaux","420","Case of 12 Bottles","https://www.bbr.com/products-20038014795-2003-chateau-haut-bages-liberal-pauillac-bordeaux","1011175","20038014795"
"Chateau Haut-Bages Liberal","2006","Chateau Haut-Bages Liberal, Pauillac, Bordeaux","290","Case of 12 Bottles","https://www.bbr.com/products-20068014795-2006-chateau-haut-bages-liberal-pauillac-bordeaux","1011175","20068014795"
"Chateau Haut-Bages Liberal","2008","Chateau Haut-Bages Liberal, Pauillac, Bordeaux","374","Case of 12 Bottles","https://www.bbr.com/products-20088014795-2008-chateau-haut-bages-liberal-pauillac-bordeaux","1011175","20088014795"
"Chateau Haut-Bages Liberal","2009","Chateau Haut-Bages Liberal, Pauillac, Bordeaux","440","Case of 12 Bottles","https://www.bbr.com/products-20098014795-2009-chateau-haut-bages-liberal-pauillac-bordeaux","1011175","20098014795"
"Chateau Haut-Bages Liberal","2010","Chateau Haut-Bages Liberal, Pauillac, Bordeaux","408","Case of 12 Bottles","https://www.bbr.com/products-20108014795-2010-chateau-haut-bages-liberal-pauillac-bordeaux","1011175","20108014795"
"Chateau Haut-Bages Liberal","2010","Chateau Haut-Bages Liberal, Pauillac, Bordeaux","400","Case of 24 Half Bottles","https://www.bbr.com/products-20108014795-2010-chateau-haut-bages-liberal-pauillac-bordeaux","1011175","20108014795"
"Chateau Haut-Bages Liberal","2010","Chateau Haut-Bages Liberal, Pauillac, Bordeaux","407","Case of 6 Magnums","https://www.bbr.com/products-20108014795-2010-chateau-haut-bages-liberal-pauillac-bordeaux","1011175","20108014795"
"Chateau Haut-Bages Liberal","2011","Chateau Haut-Bages Liberal, Pauillac, Bordeaux","290","Case of 12 Bottles","https://www.bbr.com/products-20118014795-2011-chateau-haut-bages-liberal-pauillac-bordeaux","1011175","20118014795"
"Chateau Haut-Bages Liberal","2019","Chateau Haut-Bages Liberal, Pauillac, Bordeaux","200","Case of 6 Bottles","https://www.bbr.com/products-20198014795-2019-chateau-haut-bages-liberal-pauillac-bordeaux","1011175","20198014795"
"Chateau Haut-Bages Liberal","2020","Chateau Haut-Bages Liberal, Pauillac, Bordeaux","299","Case of 6 Bottles","https://www.bbr.com/products-20208014795-2020-chateau-haut-bages-liberal-pauillac-bordeaux","1011175","20208014795"
"Chateau Haut-Bages Liberal","2021","Chateau Haut-Bages Liberal, Pauillac, Bordeaux","169","Case of 6 Bottles","https://www.bbr.com/products-20218014795-2021-chateau-haut-bages-liberal-pauillac-bordeaux","1011175","20218014795"
"Chateau Haut-Bages Liberal","2023","Chateau Haut-Bages Liberal, Pauillac, Bordeaux","190","Case of 12 Half Bottles","https://www.bbr.com/products-20238014795-2023-chateau-haut-bages-liberal-pauillac-bordeaux","1011175","20238014795"
"Chateau Haut-Bailly","2001","Chateau Haut-Bailly, Pessac-Leognan, Bordeaux","825","Case of 12 Bottles","https://www.bbr.com/products-20018006996-2001-chateau-haut-bailly-pessac-leognan-bordeaux","1011191","20018006996"
"Chateau Haut-Bailly","2004","Chateau Haut-Bailly, Pessac-Leognan, Bordeaux","700","Case of 12 Bottles","https://www.bbr.com/products-20048006996-2004-chateau-haut-bailly-pessac-leognan-bordeaux","1011191","20048006996"
"Chateau Haut-Bailly","2004","Chateau Haut-Bailly, Pessac-Leognan, Bordeaux","759","Case of 6 Magnums","https://www.bbr.com/products-20048006996-2004-chateau-haut-bailly-pessac-leognan-bordeaux","1011191","20048006996"
"Chateau Haut-Bailly","2005","Chateau Haut-Bailly, Pessac-Leognan, Bordeaux","970","Case of 12 Bottles","https://www.bbr.com/products-20058006996-2005-chateau-haut-bailly-pessac-leognan-bordeaux","1011191","20058006996"
"Chateau Haut-Bailly","2006","Chateau Haut-Bailly, Pessac-Leognan, Bordeaux","680","Case of 12 Bottles","https://www.bbr.com/products-20068006996-2006-chateau-haut-bailly-pessac-leognan-bordeaux","1011191","20068006996"
"Chateau Haut-Bailly","2006","Chateau Haut-Bailly, Pessac-Leognan, Bordeaux","680","Case of 12 Bottles","https://www.bbr.com/products-20068006996-2006-chateau-haut-bailly-pessac-leognan-bordeaux","1011191","20068006996"
"Chateau Haut-Bailly","2006","Chateau Haut-Bailly, Pessac-Leognan, Bordeaux","640","Case of 6 Magnums","https://www.bbr.com/products-20068006996-2006-chateau-haut-bailly-pessac-leognan-bordeaux","1011191","20068006996"
"Chateau Haut-Bailly","2007","Chateau Haut-Bailly, Pessac-Leognan, Bordeaux","580","Case of 12 Bottles","https://www.bbr.com/products-20078006996-2007-chateau-haut-bailly-pessac-leognan-bordeaux","1011191","20078006996"
"Chateau Haut-Bailly","2007","Chateau Haut-Bailly, Pessac-Leognan, Bordeaux","579","Case of 12 Bottles","https://www.bbr.com/products-20078006996-2007-chateau-haut-bailly-pessac-leognan-bordeaux","1011191","20078006996"
"Chateau Haut-Bailly","2008","Chateau Haut-Bailly, Pessac-Leognan, Bordeaux","745","Case of 12 Bottles","https://www.bbr.com/products-20088006996-2008-chateau-haut-bailly-pessac-leognan-bordeaux","1011191","20088006996"
"Chateau Haut-Bailly","2008","Chateau Haut-Bailly, Pessac-Leognan, Bordeaux","630","Case of 12 Bottles","https://www.bbr.com/products-20088006996-2008-chateau-haut-bailly-pessac-leognan-bordeaux","1011191","20088006996"
"Chateau Haut-Bailly","2009","Chateau Haut-Bailly, Pessac-Leognan, Bordeaux","730","Case of 6 Bottles","https://www.bbr.com/products-20098006996-2009-chateau-haut-bailly-pessac-leognan-bordeaux","1011191","20098006996"
"Chateau Haut-Bailly","2010","Chateau Haut-Bailly, Pessac-Leognan, Bordeaux","630","Case of 6 Bottles","https://www.bbr.com/products-20108006996-2010-chateau-haut-bailly-pessac-leognan-bordeaux","1011191","20108006996"
"Chateau Haut-Bailly","2010","Chateau Haut-Bailly, Pessac-Leognan, Bordeaux","470","Case of 3 Bottles","https://www.bbr.com/products-20108006996-2010-chateau-haut-bailly-pessac-leognan-bordeaux","1011191","20108006996"
"Chateau Haut-Bailly","2010","Chateau Haut-Bailly, Pessac-Leognan, Bordeaux","1400","Case of 12 Bottles","https://www.bbr.com/products-20108006996-2010-chateau-haut-bailly-pessac-leognan-bordeaux","1011191","20108006996"
"Chateau Haut-Bailly","2010","Chateau Haut-Bailly, Pessac-Leognan, Bordeaux","1475","Case of 24 Half Bottles","https://www.bbr.com/products-20108006996-2010-chateau-haut-bailly-pessac-leognan-bordeaux","1011191","20108006996"
"Chateau Haut-Bailly","2010","Chateau Haut-Bailly, Pessac-Leognan, Bordeaux","1450","Case of 6 Magnums","https://www.bbr.com/products-20108006996-2010-chateau-haut-bailly-pessac-leognan-bordeaux","1011191","20108006996"
"Chateau Haut-Bailly","2011","Chateau Haut-Bailly, Pessac-Leognan, Bordeaux","285","Case of 6 Bottles","https://www.bbr.com/products-20118006996-2011-chateau-haut-bailly-pessac-leognan-bordeaux","1011191","20118006996"
"Chateau Haut-Bailly","2011","Chateau Haut-Bailly, Pessac-Leognan, Bordeaux","320","Case of 6 Bottles","https://www.bbr.com/products-20118006996-2011-chateau-haut-bailly-pessac-leognan-bordeaux","1011191","20118006996"
"Chateau Haut-Bailly","2011","Chateau Haut-Bailly, Pessac-Leognan, Bordeaux","565","Case of 12 Bottles","https://www.bbr.com/products-20118006996-2011-chateau-haut-bailly-pessac-leognan-bordeaux","1011191","20118006996"
"Chateau Haut-Bailly","2011","Chateau Haut-Bailly, Pessac-Leognan, Bordeaux","330","Case of 3 Magnums","https://www.bbr.com/products-20118006996-2011-chateau-haut-bailly-pessac-leognan-bordeaux","1011191","20118006996"
"Chateau Haut-Bailly","2012","Chateau Haut-Bailly, Pessac-Leognan, Bordeaux","650","Case of 12 Bottles","https://www.bbr.com/products-20128006996-2012-chateau-haut-bailly-pessac-leognan-bordeaux","1011191","20128006996"
"Chateau Haut-Bailly","2012","Chateau Haut-Bailly, Pessac-Leognan, Bordeaux","285","Case of 6 Bottles","https://www.bbr.com/products-20128006996-2012-chateau-haut-bailly-pessac-leognan-bordeaux","1011191","20128006996"
"Chateau Haut-Bailly","2013","Chateau Haut-Bailly, Pessac-Leognan, Bordeaux","225","Case of 6 Bottles","https://www.bbr.com/products-20138006996-2013-chateau-haut-bailly-pessac-leognan-bordeaux","1011191","20138006996"
"Chateau Haut-Bailly","2013","Chateau Haut-Bailly, Pessac-Leognan, Bordeaux","260","Case of 3 Magnums","https://www.bbr.com/products-20138006996-2013-chateau-haut-bailly-pessac-leognan-bordeaux","1011191","20138006996"
"Chateau Haut-Bailly","2014","Chateau Haut-Bailly, Pessac-Leognan, Bordeaux","560","Case of 12 Bottles","https://www.bbr.com/products-20148006996-2014-chateau-haut-bailly-pessac-leognan-bordeaux","1011191","20148006996"
"Chateau Haut-Bailly","2014","Chateau Haut-Bailly, Pessac-Leognan, Bordeaux","375","Case of 6 Bottles","https://www.bbr.com/products-20148006996-2014-chateau-haut-bailly-pessac-leognan-bordeaux","1011191","20148006996"
"Chateau Haut-Bailly","2014","Chateau Haut-Bailly, Pessac-Leognan, Bordeaux","245","Case of 3 Magnums","https://www.bbr.com/products-20148006996-2014-chateau-haut-bailly-pessac-leognan-bordeaux","1011191","20148006996"
"Chateau Haut-Bailly","2014","Chateau Haut-Bailly, Pessac-Leognan, Bordeaux","500","Case of 6 Magnums","https://www.bbr.com/products-20148006996-2014-chateau-haut-bailly-pessac-leognan-bordeaux","1011191","20148006996"
"Chateau Haut-Bailly","2015","Chateau Haut-Bailly, Pessac-Leognan, Bordeaux","400","Case of 6 Bottles","https://www.bbr.com/products-20158006996-2015-chateau-haut-bailly-pessac-leognan-bordeaux","1011191","20158006996"
"Chateau Haut-Bailly","2015","Chateau Haut-Bailly, Pessac-Leognan, Bordeaux","600","Case of 12 Half Bottles","https://www.bbr.com/products-20158006996-2015-chateau-haut-bailly-pessac-leognan-bordeaux","1011191","20158006996"
"Chateau Haut-Bailly","2015","Chateau Haut-Bailly, Pessac-Leognan, Bordeaux","480","Case of 3 Magnums","https://www.bbr.com/products-20158006996-2015-chateau-haut-bailly-pessac-leognan-bordeaux","1011191","20158006996"
"Chateau Haut-Bailly","2016","Chateau Haut-Bailly, Pessac-Leognan, Bordeaux","675","Case of 6 Bottles","https://www.bbr.com/products-20168006996-2016-chateau-haut-bailly-pessac-leognan-bordeaux","1011191","20168006996"
"Chateau Haut-Bailly","2017","Chateau Haut-Bailly, Pessac-Leognan, Bordeaux","325","Case of 6 Bottles","https://www.bbr.com/products-20178006996-2017-chateau-haut-bailly-pessac-leognan-bordeaux","1011191","20178006996"
"Chateau Haut-Bailly","2017","Chateau Haut-Bailly, Pessac-Leognan, Bordeaux","300","Case of 6 Bottles","https://www.bbr.com/products-20178006996-2017-chateau-haut-bailly-pessac-leognan-bordeaux","1011191","20178006996"
"Chateau Haut-Bailly","2018","Chateau Haut-Bailly, Pessac-Leognan, Bordeaux","690","Case of 12 Bottles","https://www.bbr.com/products-20188006996-2018-chateau-haut-bailly-pessac-leognan-bordeaux","1011191","20188006996"
"Chateau Haut-Bailly","2018","Chateau Haut-Bailly, Pessac-Leognan, Bordeaux","575","Case of 6 Bottles","https://www.bbr.com/products-20188006996-2018-chateau-haut-bailly-pessac-leognan-bordeaux","1011191","20188006996"
"Chateau Haut-Bailly","2018","Chateau Haut-Bailly, Pessac-Leognan, Bordeaux","375","Case of 6 Bottles","https://www.bbr.com/products-20188006996-2018-chateau-haut-bailly-pessac-leognan-bordeaux","1011191","20188006996"
"Chateau Haut-Bailly","2018","Chateau Haut-Bailly, Pessac-Leognan, Bordeaux","795","Case of 3 Magnums","https://www.bbr.com/products-20188006996-2018-chateau-haut-bailly-pessac-leognan-bordeaux","1011191","20188006996"
"Chateau Haut-Bailly","2019","Chateau Haut-Bailly, Pessac-Leognan, Bordeaux","390","Case of 6 Bottles","https://www.bbr.com/products-20198006996-2019-chateau-haut-bailly-pessac-leognan-bordeaux","1011191","20198006996"
"Chateau Haut-Bailly","2019","Chateau Haut-Bailly, Pessac-Leognan, Bordeaux","318","Case of 6 Bottles","https://www.bbr.com/products-20198006996-2019-chateau-haut-bailly-pessac-leognan-bordeaux","1011191","20198006996"
"Chateau Haut-Bailly","2020","Chateau Haut-Bailly, Pessac-Leognan, Bordeaux","490","Case of 6 Bottles","https://www.bbr.com/products-20208006996-2020-chateau-haut-bailly-pessac-leognan-bordeaux","1011191","20208006996"
"Chateau Haut-Bailly","2020","Chateau Haut-Bailly, Pessac-Leognan, Bordeaux","400","Case of 1 Double Magnums","https://www.bbr.com/products-20208006996-2020-chateau-haut-bailly-pessac-leognan-bordeaux","1011191","20208006996"
"Chateau Haut-Bailly","2020","Chateau Haut-Bailly, Pessac-Leognan, Bordeaux","425","Case of 3 Magnums","https://www.bbr.com/products-20208006996-2020-chateau-haut-bailly-pessac-leognan-bordeaux","1011191","20208006996"
"Chateau Haut-Bailly","2021","Chateau Haut-Bailly, Pessac-Leognan, Bordeaux","550","Case of 6 Bottles","https://www.bbr.com/products-20218006996-2021-chateau-haut-bailly-pessac-leognan-bordeaux","1011191","20218006996"
"Chateau Haut-Bailly","2022","Chateau Haut-Bailly, Pessac-Leognan, Bordeaux","500","Case of 6 Bottles","https://www.bbr.com/products-20228006996-2022-chateau-haut-bailly-pessac-leognan-bordeaux","1011191","20228006996"
"Chateau Haut-Bailly","2022","Chateau Haut-Bailly, Pessac-Leognan, Bordeaux","520","Case of 3 Magnums","https://www.bbr.com/products-20228006996-2022-chateau-haut-bailly-pessac-leognan-bordeaux","1011191","20228006996"
"Chateau Haut-Bailly","2023","Chateau Haut-Bailly, Pessac-Leognan, Bordeaux","600","Case of 6 Bottles","https://www.bbr.com/products-20238006996-2023-chateau-haut-bailly-pessac-leognan-bordeaux","1011191","20238006996"
"Chateau Haut-Batailley","2010","Chateau Haut-Batailley, Pauillac, Bordeaux","519","Case of 12 Bottles","https://www.bbr.com/products-20108006895-2010-chateau-haut-batailley-pauillac-bordeaux","1011205","20108006895"
"Chateau Haut-Batailley","2011","Chateau Haut-Batailley, Pauillac, Bordeaux","300","Case of 12 Bottles","https://www.bbr.com/products-20118006895-2011-chateau-haut-batailley-pauillac-bordeaux","1011205","20118006895"
"Chateau Haut-Batailley","2011","Chateau Haut-Batailley, Pauillac, Bordeaux","300","Case of 12 Bottles","https://www.bbr.com/products-20118006895-2011-chateau-haut-batailley-pauillac-bordeaux","1011205","20118006895"
"Chateau Haut-Batailley","2014","Chateau Haut-Batailley, Pauillac, Bordeaux","300","Case of 12 Bottles","https://www.bbr.com/products-20148006895-2014-chateau-haut-batailley-pauillac-bordeaux","1011205","20148006895"
"Chateau Haut-Batailley","2014","Chateau Haut-Batailley, Pauillac, Bordeaux","165","Case of 6 Bottles","https://www.bbr.com/products-20148006895-2014-chateau-haut-batailley-pauillac-bordeaux","1011205","20148006895"
"Chateau Haut-Batailley","2014","Chateau Haut-Batailley, Pauillac, Bordeaux","174","Case of 6 Bottles","https://www.bbr.com/products-20148006895-2014-chateau-haut-batailley-pauillac-bordeaux","1011205","20148006895"
"Chateau Haut-Batailley","2015","Chateau Haut-Batailley, Pauillac, Bordeaux","280","Case of 6 Bottles","https://www.bbr.com/products-20158006895-2015-chateau-haut-batailley-pauillac-bordeaux","1011205","20158006895"
"Chateau Haut-Batailley","2015","Chateau Haut-Batailley, Pauillac, Bordeaux","260","Case of 3 Magnums","https://www.bbr.com/products-20158006895-2015-chateau-haut-batailley-pauillac-bordeaux","1011205","20158006895"
"Chateau Haut-Batailley","2016","Chateau Haut-Batailley, Pauillac, Bordeaux","235","Case of 6 Bottles","https://www.bbr.com/products-20168006895-2016-chateau-haut-batailley-pauillac-bordeaux","1011205","20168006895"
"Chateau Haut-Batailley","2017","Chateau Haut-Batailley, Pauillac, Bordeaux","157.5","Case of 6 Bottles","https://www.bbr.com/products-20178006895-2017-chateau-haut-batailley-pauillac-bordeaux","1011205","20178006895"
"Chateau Haut-Batailley","2019","Chateau Haut-Batailley, Pauillac, Bordeaux","432","Case of 6 Bottles","https://www.bbr.com/products-20198006895-2019-chateau-haut-batailley-pauillac-bordeaux","1011205","20198006895"
"Chateau Haut-Batailley","2020","Chateau Haut-Batailley, Pauillac, Bordeaux","360","Case of 12 Bottles","https://www.bbr.com/products-20208006895-2020-chateau-haut-batailley-pauillac-bordeaux","1011205","20208006895"
"Chateau Haut-Batailley","2020","Chateau Haut-Batailley, Pauillac, Bordeaux","240","Case of 6 Bottles","https://www.bbr.com/products-20208006895-2020-chateau-haut-batailley-pauillac-bordeaux","1011205","20208006895"
"Chateau Haut-Batailley","2020","Chateau Haut-Batailley, Pauillac, Bordeaux","498","Case of 12 Half Bottles","https://www.bbr.com/products-20208006895-2020-chateau-haut-batailley-pauillac-bordeaux","1011205","20208006895"
"Chateau Haut-Batailley","2021","Chateau Haut-Batailley, Pauillac, Bordeaux","180","Case of 6 Bottles","https://www.bbr.com/products-20218006895-2021-chateau-haut-batailley-pauillac-bordeaux","1011205","20218006895"
"Chateau Haut-Batailley","2022","Chateau Haut-Batailley, Pauillac, Bordeaux","220","Case of 3 Magnums","https://www.bbr.com/products-20228006895-2022-chateau-haut-batailley-pauillac-bordeaux","1011205","20228006895"
"Chateau Haut-Batailley","2023","Chateau Haut-Batailley, Pauillac, Bordeaux","295","Case of 6 Bottles","https://www.bbr.com/products-20238006895-2023-chateau-haut-batailley-pauillac-bordeaux","1011205","20238006895"
"Chateau Haut-Batailley","2023","Chateau Haut-Batailley, Pauillac, Bordeaux","600","Case of 3 Magnums","https://www.bbr.com/products-20238006895-2023-chateau-haut-batailley-pauillac-bordeaux","1011205","20238006895"
"Chateau Haut-Brion Blanc","2004","Chateau Haut-Brion Blanc, Pessac-Leognan, Bordeaux","6000","Case of 12 Bottles","https://www.bbr.com/products-20041017092-2004-chateau-haut-brion-blanc-pessac-leognan-bordeaux","1017092","20041017092"
"Chateau Haut-Brion Blanc","2005","Chateau Haut-Brion Blanc, Pessac-Leognan, Bordeaux","3800","Case of 6 Bottles","https://www.bbr.com/products-20051017092-2005-chateau-haut-brion-blanc-pessac-leognan-bordeaux","1017092","20051017092"
"Chateau Haut-Brion Blanc","2006","Chateau Haut-Brion Blanc, Pessac-Leognan, Bordeaux","3900","Case of 6 Bottles","https://www.bbr.com/products-20061017092-2006-chateau-haut-brion-blanc-pessac-leognan-bordeaux","1017092","20061017092"
"Chateau Haut-Brion Blanc","2011","Chateau Haut-Brion Blanc, Pessac-Leognan, Bordeaux","3400","Case of 6 Bottles","https://www.bbr.com/products-20111017092-2011-chateau-haut-brion-blanc-pessac-leognan-bordeaux","1017092","20111017092"
"Chateau Haut-Brion Blanc","2012","Chateau Haut-Brion Blanc, Pessac-Leognan, Bordeaux","4200","Case of 6 Bottles","https://www.bbr.com/products-20121017092-2012-chateau-haut-brion-blanc-pessac-leognan-bordeaux","1017092","20121017092"
"Chateau Haut-Brion Blanc","2014","Chateau Haut-Brion Blanc, Pessac-Leognan, Bordeaux","3500","Case of 6 Bottles","https://www.bbr.com/products-20141017092-2014-chateau-haut-brion-blanc-pessac-leognan-bordeaux","1017092","20141017092"
"Chateau Haut-Brion Blanc","2015","Chateau Haut-Brion Blanc, Pessac-Leognan, Bordeaux","4600","Case of 6 Bottles","https://www.bbr.com/products-20151017092-2015-chateau-haut-brion-blanc-pessac-leognan-bordeaux","1017092","20151017092"
"Chateau Haut-Brion Blanc","2019","Chateau Haut-Brion Blanc, Pessac-Leognan, Bordeaux","4500","Case of 6 Bottles","https://www.bbr.com/products-20191017092-2019-chateau-haut-brion-blanc-pessac-leognan-bordeaux","1017092","20191017092"
"Chateau Haut-Brion Blanc","2020","Chateau Haut-Brion Blanc, Pessac-Leognan, Bordeaux","2100","Case of 3 Bottles","https://www.bbr.com/products-20201017092-2020-chateau-haut-brion-blanc-pessac-leognan-bordeaux","1017092","20201017092"
"Chateau Haut-Brion Blanc","2021","Chateau Haut-Brion Blanc, Pessac-Leognan, Bordeaux","1990","Case of 3 Bottles","https://www.bbr.com/products-20211017092-2021-chateau-haut-brion-blanc-pessac-leognan-bordeaux","1017092","20211017092"
"Chateau Haut-Brion","1995","Chateau Haut-Brion, Pessac-Leognan, Bordeaux","4245","Case of 12 Bottles","https://www.bbr.com/products-19951011247-1995-chateau-haut-brion-pessac-leognan-bordeaux","1011247","19951011247"
"Chateau Haut-Brion","1995","Chateau Haut-Brion, Pessac-Leognan, Bordeaux","4240","Case of 12 Bottles","https://www.bbr.com/products-19951011247-1995-chateau-haut-brion-pessac-leognan-bordeaux","1011247","19951011247"
"Chateau Haut-Brion","1996","Chateau Haut-Brion, Pessac-Leognan, Bordeaux","4370","Case of 12 Bottles","https://www.bbr.com/products-19961011247-1996-chateau-haut-brion-pessac-leognan-bordeaux","1011247","19961011247"
"Chateau Haut-Brion","1998","Chateau Haut-Brion, Pessac-Leognan, Bordeaux","5650","Case of 12 Bottles","https://www.bbr.com/products-19981011247-1998-chateau-haut-brion-pessac-leognan-bordeaux","1011247","19981011247"
"Chateau Haut-Brion","2000","Chateau Haut-Brion, Pessac-Leognan, Bordeaux","6525","Case of 12 Bottles","https://www.bbr.com/products-20001011247-2000-chateau-haut-brion-pessac-leognan-bordeaux","1011247","20001011247"
"Chateau Haut-Brion","2001","Chateau Haut-Brion, Pessac-Leognan, Bordeaux","3900","Case of 12 Bottles","https://www.bbr.com/products-20011011247-2001-chateau-haut-brion-pessac-leognan-bordeaux","1011247","20011011247"
"Chateau Haut-Brion","2003","Chateau Haut-Brion, Pessac-Leognan, Bordeaux","3600","Case of 12 Bottles","https://www.bbr.com/products-20031011247-2003-chateau-haut-brion-pessac-leognan-bordeaux","1011247","20031011247"
"Chateau Haut-Brion","2003","Chateau Haut-Brion, Pessac-Leognan, Bordeaux","3600","Case of 12 Bottles","https://www.bbr.com/products-20031011247-2003-chateau-haut-brion-pessac-leognan-bordeaux","1011247","20031011247"
"Chateau Haut-Brion","2004","Chateau Haut-Brion, Pessac-Leognan, Bordeaux","3066","Case of 12 Bottles","https://www.bbr.com/products-20041011247-2004-chateau-haut-brion-pessac-leognan-bordeaux","1011247","20041011247"
"Chateau Haut-Brion","2004","Chateau Haut-Brion, Pessac-Leognan, Bordeaux","3999","Case of 6 Magnums","https://www.bbr.com/products-20041011247-2004-chateau-haut-brion-pessac-leognan-bordeaux","1011247","20041011247"
"Chateau Haut-Brion","2005","Chateau Haut-Brion, Pessac-Leognan, Bordeaux","3500","Case of 6 Bottles","https://www.bbr.com/products-20051011247-2005-chateau-haut-brion-pessac-leognan-bordeaux","1011247","20051011247"
"Chateau Haut-Brion","2005","Chateau Haut-Brion, Pessac-Leognan, Bordeaux","4000","Case of 6 Bottles","https://www.bbr.com/products-20051011247-2005-chateau-haut-brion-pessac-leognan-bordeaux","1011247","20051011247"
"Chateau Haut-Brion","2005","Chateau Haut-Brion, Pessac-Leognan, Bordeaux","6400","Case of 12 Bottles","https://www.bbr.com/products-20051011247-2005-chateau-haut-brion-pessac-leognan-bordeaux","1011247","20051011247"
"Chateau Haut-Brion","2006","Chateau Haut-Brion, Pessac-Leognan, Bordeaux","3600","Case of 12 Bottles","https://www.bbr.com/products-20061011247-2006-chateau-haut-brion-pessac-leognan-bordeaux","1011247","20061011247"
"Chateau Haut-Brion","2006","Chateau Haut-Brion, Pessac-Leognan, Bordeaux","3396","Case of 12 Bottles","https://www.bbr.com/products-20061011247-2006-chateau-haut-brion-pessac-leognan-bordeaux","1011247","20061011247"
"Chateau Haut-Brion","2006","Chateau Haut-Brion, Pessac-Leognan, Bordeaux","2750","Case of 6 Bottles","https://www.bbr.com/products-20061011247-2006-chateau-haut-brion-pessac-leognan-bordeaux","1011247","20061011247"
"Chateau Haut-Brion","2006","Chateau Haut-Brion, Pessac-Leognan, Bordeaux","2000","Case of 6 Bottles","https://www.bbr.com/products-20061011247-2006-chateau-haut-brion-pessac-leognan-bordeaux","1011247","20061011247"
"Chateau Haut-Brion","2006","Chateau Haut-Brion, Pessac-Leognan, Bordeaux","2100","Case of 6 Bottles","https://www.bbr.com/products-20061011247-2006-chateau-haut-brion-pessac-leognan-bordeaux","1011247","20061011247"
"Chateau Haut-Brion","2007","Chateau Haut-Brion, Pessac-Leognan, Bordeaux","3200","Case of 12 Bottles","https://www.bbr.com/products-20071011247-2007-chateau-haut-brion-pessac-leognan-bordeaux","1011247","20071011247"
"Chateau Haut-Brion","2008","Chateau Haut-Brion, Pessac-Leognan, Bordeaux","2500","Case of 6 Bottles","https://www.bbr.com/products-20081011247-2008-chateau-haut-brion-pessac-leognan-bordeaux","1011247","20081011247"
"Chateau Haut-Brion","2008","Chateau Haut-Brion, Pessac-Leognan, Bordeaux","3400","Case of 3 Double Magnums","https://www.bbr.com/products-20081011247-2008-chateau-haut-brion-pessac-leognan-bordeaux","1011247","20081011247"
"Chateau Haut-Brion","2009","Chateau Haut-Brion, Pessac-Leognan, Bordeaux","3000","Case of 6 Bottles","https://www.bbr.com/products-20091011247-2009-chateau-haut-brion-pessac-leognan-bordeaux","1011247","20091011247"
"Chateau Haut-Brion","2009","Chateau Haut-Brion, Pessac-Leognan, Bordeaux","4500","Case of 6 Bottles","https://www.bbr.com/products-20091011247-2009-chateau-haut-brion-pessac-leognan-bordeaux","1011247","20091011247"
"Chateau Haut-Brion","2011","Chateau Haut-Brion, Pessac-Leognan, Bordeaux","1830","Case of 6 Bottles","https://www.bbr.com/products-20111011247-2011-chateau-haut-brion-pessac-leognan-bordeaux","1011247","20111011247"
"Chateau Haut-Brion","2012","Chateau Haut-Brion, Pessac-Leognan, Bordeaux","1545","Case of 6 Bottles","https://www.bbr.com/products-20121011247-2012-chateau-haut-brion-pessac-leognan-bordeaux","1011247","20121011247"
"Chateau Haut-Brion","2013","Chateau Haut-Brion, Pessac-Leognan, Bordeaux","1550","Case of 6 Bottles","https://www.bbr.com/products-20131011247-2013-chateau-haut-brion-pessac-leognan-bordeaux","1011247","20131011247"
"Chateau Haut-Brion","2013","Chateau Haut-Brion, Pessac-Leognan, Bordeaux","1500","Case of 6 Bottles","https://www.bbr.com/products-20131011247-2013-chateau-haut-brion-pessac-leognan-bordeaux","1011247","20131011247"
"Chateau Haut-Brion","2014","Chateau Haut-Brion, Pessac-Leognan, Bordeaux","1500","Case of 6 Bottles","https://www.bbr.com/products-20141011247-2014-chateau-haut-brion-pessac-leognan-bordeaux","1011247","20141011247"
"Chateau Haut-Brion","2015","Chateau Haut-Brion, Pessac-Leognan, Bordeaux","615","Case of 1 Bottles","https://www.bbr.com/products-20151011247-2015-chateau-haut-brion-pessac-leognan-bordeaux","1011247","20151011247"
"Chateau Haut-Brion","2015","Chateau Haut-Brion, Pessac-Leognan, Bordeaux","2785","Case of 6 Bottles","https://www.bbr.com/products-20151011247-2015-chateau-haut-brion-pessac-leognan-bordeaux","1011247","20151011247"
"Chateau Haut-Brion","2015","Chateau Haut-Brion, Pessac-Leognan, Bordeaux","2000","Case of 6 Bottles","https://www.bbr.com/products-20151011247-2015-chateau-haut-brion-pessac-leognan-bordeaux","1011247","20151011247"
"Chateau Haut-Brion","2015","Chateau Haut-Brion, Pessac-Leognan, Bordeaux","2800","Case of 3 Magnums","https://www.bbr.com/products-20151011247-2015-chateau-haut-brion-pessac-leognan-bordeaux","1011247","20151011247"
"Chateau Haut-Brion","2016","Chateau Haut-Brion, Pessac-Leognan, Bordeaux","2250","Case of 6 Bottles","https://www.bbr.com/products-20161011247-2016-chateau-haut-brion-pessac-leognan-bordeaux","1011247","20161011247"
"Chateau Haut-Brion","2016","Chateau Haut-Brion, Pessac-Leognan, Bordeaux","2200","Case of 6 Bottles","https://www.bbr.com/products-20161011247-2016-chateau-haut-brion-pessac-leognan-bordeaux","1011247","20161011247"
"Chateau Haut-Brion","2017","Chateau Haut-Brion, Pessac-Leognan, Bordeaux","1490","Case of 6 Bottles","https://www.bbr.com/products-20171011247-2017-chateau-haut-brion-pessac-leognan-bordeaux","1011247","20171011247"
"Chateau Haut-Brion","2017","Chateau Haut-Brion, Pessac-Leognan, Bordeaux","1800","Case of 12 Half Bottles","https://www.bbr.com/products-20171011247-2017-chateau-haut-brion-pessac-leognan-bordeaux","1011247","20171011247"
"Chateau Haut-Brion","2018","Chateau Haut-Brion, Pessac-Leognan, Bordeaux","3000","Case of 6 Bottles","https://www.bbr.com/products-20181011247-2018-chateau-haut-brion-pessac-leognan-bordeaux","1011247","20181011247"
"Chateau Haut-Brion","2018","Chateau Haut-Brion, Pessac-Leognan, Bordeaux","2800","Case of 6 Bottles","https://www.bbr.com/products-20181011247-2018-chateau-haut-brion-pessac-leognan-bordeaux","1011247","20181011247"
"Chateau Haut-Brion","2018","Chateau Haut-Brion, Pessac-Leognan, Bordeaux","1300","Case of 3 Bottles","https://www.bbr.com/products-20181011247-2018-chateau-haut-brion-pessac-leognan-bordeaux","1011247","20181011247"
"Chateau Haut-Brion","2019","Chateau Haut-Brion, Pessac-Leognan, Bordeaux","2300","Case of 6 Bottles","https://www.bbr.com/products-20191011247-2019-chateau-haut-brion-pessac-leognan-bordeaux","1011247","20191011247"
"Chateau Haut-Brion","2019","Chateau Haut-Brion, Pessac-Leognan, Bordeaux","950","Case of 3 Bottles","https://www.bbr.com/products-20191011247-2019-chateau-haut-brion-pessac-leognan-bordeaux","1011247","20191011247"
"Chateau Haut-Brion","2020","Chateau Haut-Brion, Pessac-Leognan, Bordeaux","2640","Case of 6 Bottles","https://www.bbr.com/products-20201011247-2020-chateau-haut-brion-pessac-leognan-bordeaux","1011247","20201011247"
"Chateau Haut-Brion","2020","Chateau Haut-Brion, Pessac-Leognan, Bordeaux","900","Case of 3 Bottles","https://www.bbr.com/products-20201011247-2020-chateau-haut-brion-pessac-leognan-bordeaux","1011247","20201011247"
"Chateau Haut-Brion","2021","Chateau Haut-Brion, Pessac-Leognan, Bordeaux","1888","Case of 6 Bottles","https://www.bbr.com/products-20211011247-2021-chateau-haut-brion-pessac-leognan-bordeaux","1011247","20211011247"
"Chateau Haut-Brion","2021","Chateau Haut-Brion, Pessac-Leognan, Bordeaux","1000","Case of 3 Bottles","https://www.bbr.com/products-20211011247-2021-chateau-haut-brion-pessac-leognan-bordeaux","1011247","20211011247"
"Chateau Haut-Brion","2021","Chateau Haut-Brion, Pessac-Leognan, Bordeaux","2365","Case of 6 Bottles","https://www.bbr.com/products-20211011247-2021-chateau-haut-brion-pessac-leognan-bordeaux","1011247","20211011247"
"Chateau Haut-Brion","2021","Chateau Haut-Brion, Pessac-Leognan, Bordeaux","3800","Case of 3 Magnums","https://www.bbr.com/products-20211011247-2021-chateau-haut-brion-pessac-leognan-bordeaux","1011247","20211011247"
"Chateau Haut-Brion","2022","Chateau Haut-Brion, Pessac-Leognan, Bordeaux","1445","Case of 3 Bottles","https://www.bbr.com/products-20221011247-2022-chateau-haut-brion-pessac-leognan-bordeaux","1011247","20221011247"
"Chateau Haut-Brion","2022","Chateau Haut-Brion, Pessac-Leognan, Bordeaux","2399","Case of 6 Bottles","https://www.bbr.com/products-20221011247-2022-chateau-haut-brion-pessac-leognan-bordeaux","1011247","20221011247"
"Chateau Haut-Brion","2023","Chateau Haut-Brion, Pessac-Leognan, Bordeaux","2600","Case of 6 Bottles","https://www.bbr.com/products-20231011247-2023-chateau-haut-brion-pessac-leognan-bordeaux","1011247","20231011247"
"Chateau Haut-Brion","2023","Chateau Haut-Brion, Pessac-Leognan, Bordeaux","840","Case of 3 Bottles","https://www.bbr.com/products-20231011247-2023-chateau-haut-brion-pessac-leognan-bordeaux","1011247","20231011247"
"Chateau Haut-Brion","2023","Chateau Haut-Brion, Pessac-Leognan, Bordeaux","2500","Case of 3 Magnums","https://www.bbr.com/products-20231011247-2023-chateau-haut-brion-pessac-leognan-bordeaux","1011247","20231011247"
"Chateau Haut Marbuzet","2014","Chateau Haut-Marbuzet, St Estephe, Bordeaux","200","Case of 6 Bottles","https://www.bbr.com/products-20148037350-2014-chateau-haut-marbuzet-st-estephe-bordeaux","1011407","20148037350"
"Chateau Haut-Plantey","2015","Chateau Haut-Plantey, St Emilion, Bordeaux","175","Case of 12 Bottles","https://www.bbr.com/products-20158124096-2015-chateau-haut-plantey-st-emilion-bordeaux","1011436","20158124096"
"Chateau Haut-Plantey","2016","Chateau Haut-Plantey, St Emilion, Bordeaux","220","Case of 6 Bottles","https://www.bbr.com/products-20168124096-2016-chateau-haut-plantey-st-emilion-bordeaux","1011436","20168124096"
"Chateau Hosanna","2008","Chateau Hosanna, Pomerol, Bordeaux","600","Case of 6 Bottles","https://www.bbr.com/products-20088124070-2008-chateau-hosanna-pomerol-bordeaux","1011595","20088124070"
"Chateau Hosanna","2009","Chateau Hosanna, Pomerol, Bordeaux","1070","Case of 6 Bottles","https://www.bbr.com/products-20098124070-2009-chateau-hosanna-pomerol-bordeaux","1011595","20098124070"
"Chateau Hosanna","2011","Chateau Hosanna, Pomerol, Bordeaux","450","Case of 6 Bottles","https://www.bbr.com/products-20118124070-2011-chateau-hosanna-pomerol-bordeaux","1011595","20118124070"
"Chateau Hosanna","2014","Chateau Hosanna, Pomerol, Bordeaux","495","Case of 6 Bottles","https://www.bbr.com/products-20148124070-2014-chateau-hosanna-pomerol-bordeaux","1011595","20148124070"
"Chateau Hosanna","2014","Chateau Hosanna, Pomerol, Bordeaux","475","Case of 6 Bottles","https://www.bbr.com/products-20148124070-2014-chateau-hosanna-pomerol-bordeaux","1011595","20148124070"
"Chateau Hosanna","2015","Chateau Hosanna, Pomerol, Bordeaux","780","Case of 6 Bottles","https://www.bbr.com/products-20158124070-2015-chateau-hosanna-pomerol-bordeaux","1011595","20158124070"
"Chateau Hosanna","2020","Chateau Hosanna, Pomerol, Bordeaux","500","Case of 6 Bottles","https://www.bbr.com/products-20208124070-2020-chateau-hosanna-pomerol-bordeaux","1011595","20208124070"
"Chateau Hosanna","2021","Chateau Hosanna, Pomerol, Bordeaux","420","Case of 6 Bottles","https://www.bbr.com/products-20218124070-2021-chateau-hosanna-pomerol-bordeaux","1011595","20218124070"
"Chateau Jean Faure","2018","Chateau Jean Faure, St Emilion, Bordeaux","420","Case of 12 Bottles","https://www.bbr.com/products-20188150817-2018-chateau-jean-faure-st-emilion-bordeaux","1011683","20188150817"
"Chateau Kirwan","2002","Chateau Kirwan, Margaux, Bordeaux","440","Case of 12 Bottles","https://www.bbr.com/products-20028038722-2002-chateau-kirwan-margaux-bordeaux","1011768","20028038722"
"Chateau Kirwan","2005","Chateau Kirwan, Margaux, Bordeaux","700","Case of 12 Bottles","https://www.bbr.com/products-20058038722-2005-chateau-kirwan-margaux-bordeaux","1011768","20058038722"
"Chateau Kirwan","2010","Chateau Kirwan, Margaux, Bordeaux","410","Case of 6 Bottles","https://www.bbr.com/products-20108038722-2010-chateau-kirwan-margaux-bordeaux","1011768","20108038722"
"Chateau Kirwan","2012","Chateau Kirwan, Margaux, Bordeaux","180","Case of 6 Bottles","https://www.bbr.com/products-20128038722-2012-chateau-kirwan-margaux-bordeaux","1011768","20128038722"
"Chateau L'Arrosee","2005","Chateau L'Arrosee, St Emilion, Bordeaux","550","Case of 12 Bottles","https://www.bbr.com/products-20058221593-2005-chateau-l-arrosee-st-emilion-bordeaux","1006133","20058221593"
"Chateau L'Arrosee","2005","Chateau L'Arrosee, St Emilion, Bordeaux","650","Case of 6 Magnums","https://www.bbr.com/products-20058221593-2005-chateau-l-arrosee-st-emilion-bordeaux","1006133","20058221593"
"Chateau L'Arrosee","2009","Chateau L'Arrosee, St Emilion, Bordeaux","390","Case of 12 Bottles","https://www.bbr.com/products-20098221593-2009-chateau-l-arrosee-st-emilion-bordeaux","1006133","20098221593"
"Chateau L'Arrosee","2010","Chateau L'Arrosee, St Emilion, Bordeaux","445","Case of 12 Bottles","https://www.bbr.com/products-20108221593-2010-chateau-l-arrosee-st-emilion-bordeaux","1006133","20108221593"
"Chateau L'Arrosee","2010","Chateau L'Arrosee, St Emilion, Bordeaux","485","Case of 6 Magnums","https://www.bbr.com/products-20108221593-2010-chateau-l-arrosee-st-emilion-bordeaux","1006133","20108221593"
"Chateau L'Arrosee","2012","Chateau L'Arrosee, St Emilion, Bordeaux","350","Case of 12 Bottles","https://www.bbr.com/products-20128221593-2012-chateau-l-arrosee-st-emilion-bordeaux","1006133","20128221593"
"Chateau La Connivence","2015","Chateau La Connivence, Pomerol, Bordeaux","780","Case of 6 Bottles","https://www.bbr.com/products-20158221261-2015-chateau-la-connivence-pomerol-bordeaux","1008733","20158221261"
"Chateau La Connivence","2016","Chateau La Connivence, Pomerol, Bordeaux","780","Case of 6 Bottles","https://www.bbr.com/products-20168221261-2016-chateau-la-connivence-pomerol-bordeaux","1008733","20168221261"
"Chateau La Croix Saint Georges","2021","Chateau La Croix St. Georges, Pomerol, Bordeaux","276","Case of 12 Bottles","https://www.bbr.com/products-20218221203-2021-chateau-la-croix-st-georges-pomerol-bordeaux","1009121","20218221203"
"Chateau La Croix Saint Georges","2021","Chateau La Croix St. Georges, Pomerol, Bordeaux","150","Case of 6 Bottles","https://www.bbr.com/products-20218221203-2021-chateau-la-croix-st-georges-pomerol-bordeaux","1009121","20218221203"
"Chateau La Croix Saint Georges","2022","Chateau La Croix St. Georges, Pomerol, Bordeaux","350","Case of 6 Bottles","https://www.bbr.com/products-20228221203-2022-chateau-la-croix-st-georges-pomerol-bordeaux","1009121","20228221203"
"Chateau La Croix Saint Georges","2022","Chateau La Croix St. Georges, Pomerol, Bordeaux","180","Case of 3 Magnums","https://www.bbr.com/products-20228221203-2022-chateau-la-croix-st-georges-pomerol-bordeaux","1009121","20228221203"
"Chateau La Croix du Casse","2013","Chateau La Croix du Casse, Pomerol, Bordeaux","138","Case of 6 Bottles","https://www.bbr.com/products-20138124676-2013-chateau-la-croix-du-casse-pomerol-bordeaux","1009004","20138124676"
"Chateau La Croix du Casse","2022","Chateau La Croix du Casse, Pomerol, Bordeaux","240","Case of 3 Magnums","https://www.bbr.com/products-20228124676-2022-chateau-la-croix-du-casse-pomerol-bordeaux","1009004","20228124676"
"Chateau La Dominique","2004","Chateau La Dominique, St Emilion, Bordeaux","250","Case of 12 Bottles","https://www.bbr.com/products-20048124533-2004-chateau-la-dominique-st-emilion-bordeaux","1009437","20048124533"
"Chateau La Dominique","2010","Chateau La Dominique, St Emilion, Bordeaux","690","Case of 12 Bottles","https://www.bbr.com/products-20108124533-2010-chateau-la-dominique-st-emilion-bordeaux","1009437","20108124533"
"Chateau La Dominique","2012","Chateau La Dominique, St Emilion, Bordeaux","230","Case of 6 Bottles","https://www.bbr.com/products-20128124533-2012-chateau-la-dominique-st-emilion-bordeaux","1009437","20128124533"
"Chateau La Fleur Morange","2015","Chateau La Fleur Morange, St Emilion, Bordeaux","338","Case of 6 Bottles","https://www.bbr.com/products-20158221085-2015-chateau-la-fleur-morange-st-emilion-bordeaux","1010064","20158221085"
"Chateau La Fleur Morange","2016","Chateau La Fleur Morange, St Emilion, Bordeaux","265","Case of 6 Bottles","https://www.bbr.com/products-20168221085-2016-chateau-la-fleur-morange-st-emilion-bordeaux","1010064","20168221085"
"Chateau La Fleur Pourret","2015","Chateau La Fleur-Pourret, St Emilion, Bordeaux","150","Case of 6 Bottles","https://www.bbr.com/products-20158055008-2015-chateau-la-fleur-pourret-st-emilion-bordeaux","1010152","20158055008"
"Chateau La Fleur-Petrus","2005","Chateau La Fleur-Petrus, Pomerol, Bordeaux","2300","Case of 12 Bottles","https://www.bbr.com/products-20058015763-2005-chateau-la-fleur-petrus-pomerol-bordeaux","1010107","20058015763"
"Chateau La Fleur-Petrus","2005","Chateau La Fleur-Petrus, Pomerol, Bordeaux","2000","Case of 12 Bottles","https://www.bbr.com/products-20058015763-2005-chateau-la-fleur-petrus-pomerol-bordeaux","1010107","20058015763"
"Chateau La Fleur-Petrus","2006","Chateau La Fleur-Petrus, Pomerol, Bordeaux","1600","Case of 12 Bottles","https://www.bbr.com/products-20068015763-2006-chateau-la-fleur-petrus-pomerol-bordeaux","1010107","20068015763"
"Chateau La Fleur-Petrus","2008","Chateau La Fleur-Petrus, Pomerol, Bordeaux","1848","Case of 12 Bottles","https://www.bbr.com/products-20088015763-2008-chateau-la-fleur-petrus-pomerol-bordeaux","1010107","20088015763"
"Chateau La Fleur-Petrus","2009","Chateau La Fleur-Petrus, Pomerol, Bordeaux","1100","Case of 6 Bottles","https://www.bbr.com/products-20098015763-2009-chateau-la-fleur-petrus-pomerol-bordeaux","1010107","20098015763"
"Chateau La Fleur-Petrus","2009","Chateau La Fleur-Petrus, Pomerol, Bordeaux","1050","Case of 6 Bottles","https://www.bbr.com/products-20098015763-2009-chateau-la-fleur-petrus-pomerol-bordeaux","1010107","20098015763"
"Chateau La Fleur-Petrus","2009","Chateau La Fleur-Petrus, Pomerol, Bordeaux","2500","Case of 12 Bottles","https://www.bbr.com/products-20098015763-2009-chateau-la-fleur-petrus-pomerol-bordeaux","1010107","20098015763"
"Chateau La Fleur-Petrus","2010","Chateau La Fleur-Petrus, Pomerol, Bordeaux","1385","Case of 6 Bottles","https://www.bbr.com/products-20108015763-2010-chateau-la-fleur-petrus-pomerol-bordeaux","1010107","20108015763"
"Chateau La Fleur-Petrus","2012","Chateau La Fleur-Petrus, Pomerol, Bordeaux","900","Case of 6 Bottles","https://www.bbr.com/products-20128015763-2012-chateau-la-fleur-petrus-pomerol-bordeaux","1010107","20128015763"
"Chateau La Fleur-Petrus","2015","Chateau La Fleur-Petrus, Pomerol, Bordeaux","780","Case of 6 Bottles","https://www.bbr.com/products-20158015763-2015-chateau-la-fleur-petrus-pomerol-bordeaux","1010107","20158015763"
"Chateau La Fleur-Petrus","2016","Chateau La Fleur-Petrus, Pomerol, Bordeaux","1350","Case of 6 Bottles","https://www.bbr.com/products-20168015763-2016-chateau-la-fleur-petrus-pomerol-bordeaux","1010107","20168015763"
"Chateau La Fleur-Petrus","2019","Chateau La Fleur-Petrus, Pomerol, Bordeaux","720","Case of 6 Bottles","https://www.bbr.com/products-20198015763-2019-chateau-la-fleur-petrus-pomerol-bordeaux","1010107","20198015763"
"Chateau La Fleur-Petrus","2020","Chateau La Fleur-Petrus, Pomerol, Bordeaux","820","Case of 6 Bottles","https://www.bbr.com/products-20208015763-2020-chateau-la-fleur-petrus-pomerol-bordeaux","1010107","20208015763"
"Chateau La Fleur-Petrus","2021","Chateau La Fleur-Petrus, Pomerol, Bordeaux","900","Case of 6 Bottles","https://www.bbr.com/products-20218015763-2021-chateau-la-fleur-petrus-pomerol-bordeaux","1010107","20218015763"
"Chateau La Gaffeliere","1985","Chateau La Gaffeliere, St Emilion, Bordeaux","850","Case of 6 Bottles","https://www.bbr.com/products-19858124315-1985-chateau-la-gaffeliere-st-emilion-bordeaux","1010439","19858124315"
"Chateau La Gaffeliere","2010","Chateau La Gaffeliere, St Emilion, Bordeaux","520","Case of 6 Bottles","https://www.bbr.com/products-20108124315-2010-chateau-la-gaffeliere-st-emilion-bordeaux","1010439","20108124315"
"Chateau La Gaffeliere","2011","Chateau La Gaffeliere, St Emilion, Bordeaux","510","Case of 12 Bottles","https://www.bbr.com/products-20118124315-2011-chateau-la-gaffeliere-st-emilion-bordeaux","1010439","20118124315"
"Chateau La Gaffeliere","2014","Chateau La Gaffeliere, St Emilion, Bordeaux","210","Case of 6 Bottles","https://www.bbr.com/products-20148124315-2014-chateau-la-gaffeliere-st-emilion-bordeaux","1010439","20148124315"
"Chateau La Gaffeliere","2016","Chateau La Gaffeliere, St Emilion, Bordeaux","320","Case of 6 Bottles","https://www.bbr.com/products-20168124315-2016-chateau-la-gaffeliere-st-emilion-bordeaux","1010439","20168124315"
"Chateau La Gaffeliere","2017","Chateau La Gaffeliere, St Emilion, Bordeaux","350","Case of 12 Bottles","https://www.bbr.com/products-20178124315-2017-chateau-la-gaffeliere-st-emilion-bordeaux","1010439","20178124315"
"Chateau La Gaffeliere","2017","Chateau La Gaffeliere, St Emilion, Bordeaux","175","Case of 6 Bottles","https://www.bbr.com/products-20178124315-2017-chateau-la-gaffeliere-st-emilion-bordeaux","1010439","20178124315"
"Chateau La Gaffeliere","2018","Chateau La Gaffeliere, St Emilion, Bordeaux","480","Case of 12 Bottles","https://www.bbr.com/products-20188124315-2018-chateau-la-gaffeliere-st-emilion-bordeaux","1010439","20188124315"
"Chateau La Gaffeliere","2018","Chateau La Gaffeliere, St Emilion, Bordeaux","240","Case of 6 Bottles","https://www.bbr.com/products-20188124315-2018-chateau-la-gaffeliere-st-emilion-bordeaux","1010439","20188124315"
"Chateau La Gaffeliere","2018","Chateau La Gaffeliere, St Emilion, Bordeaux","385","Case of 1 Jeroboam 500cl","https://www.bbr.com/products-20188124315-2018-chateau-la-gaffeliere-st-emilion-bordeaux","1010439","20188124315"
"Chateau La Gaffeliere","2018","Chateau La Gaffeliere, St Emilion, Bordeaux","300","Case of 3 Magnums","https://www.bbr.com/products-20188124315-2018-chateau-la-gaffeliere-st-emilion-bordeaux","1010439","20188124315"
"Chateau La Gaffeliere","2019","Chateau La Gaffeliere, St Emilion, Bordeaux","230","Case of 6 Bottles","https://www.bbr.com/products-20198124315-2019-chateau-la-gaffeliere-st-emilion-bordeaux","1010439","20198124315"
"Chateau La Gaffeliere","2019","Chateau La Gaffeliere, St Emilion, Bordeaux","195","Case of 1 Double Magnums","https://www.bbr.com/products-20198124315-2019-chateau-la-gaffeliere-st-emilion-bordeaux","1010439","20198124315"
"Chateau La Gaffeliere","2019","Chateau La Gaffeliere, St Emilion, Bordeaux","279","Case of 3 Magnums","https://www.bbr.com/products-20198124315-2019-chateau-la-gaffeliere-st-emilion-bordeaux","1010439","20198124315"
"Chateau La Gaffeliere","2020","Chateau La Gaffeliere, St Emilion, Bordeaux","800","Case of 12 Bottles","https://www.bbr.com/products-20208124315-2020-chateau-la-gaffeliere-st-emilion-bordeaux","1010439","20208124315"
"Chateau La Gaffeliere","2020","Chateau La Gaffeliere, St Emilion, Bordeaux","228","Case of 6 Bottles","https://www.bbr.com/products-20208124315-2020-chateau-la-gaffeliere-st-emilion-bordeaux","1010439","20208124315"
"Chateau La Gaffeliere","2020","Chateau La Gaffeliere, St Emilion, Bordeaux","220","Case of 6 Bottles","https://www.bbr.com/products-20208124315-2020-chateau-la-gaffeliere-st-emilion-bordeaux","1010439","20208124315"
"Chateau La Gaffeliere","2020","Chateau La Gaffeliere, St Emilion, Bordeaux","325","Case of 1 Jeroboam 500cl","https://www.bbr.com/products-20208124315-2020-chateau-la-gaffeliere-st-emilion-bordeaux","1010439","20208124315"
"Chateau La Gaffeliere","2020","Chateau La Gaffeliere, St Emilion, Bordeaux","330","Case of 3 Magnums","https://www.bbr.com/products-20208124315-2020-chateau-la-gaffeliere-st-emilion-bordeaux","1010439","20208124315"
"Chateau La Gaffeliere","2021","Chateau La Gaffeliere, St Emilion, Bordeaux","184","Case of 6 Bottles","https://www.bbr.com/products-20218124315-2021-chateau-la-gaffeliere-st-emilion-bordeaux","1010439","20218124315"
"Chateau La Gaffeliere","2021","Chateau La Gaffeliere, St Emilion, Bordeaux","290","Case of 3 Magnums","https://www.bbr.com/products-20218124315-2021-chateau-la-gaffeliere-st-emilion-bordeaux","1010439","20218124315"
"Chateau La Gaffeliere","2022","Chateau La Gaffeliere, St Emilion, Bordeaux","420","Case of 6 Bottles","https://www.bbr.com/products-20228124315-2022-chateau-la-gaffeliere-st-emilion-bordeaux","1010439","20228124315"
"Chateau La Gaffeliere","2022","Chateau La Gaffeliere, St Emilion, Bordeaux","280","Case of 6 Bottles","https://www.bbr.com/products-20228124315-2022-chateau-la-gaffeliere-st-emilion-bordeaux","1010439","20228124315"
"Chateau La Gaffeliere","2022","Chateau La Gaffeliere, St Emilion, Bordeaux","480","Case of 12 Half Bottles","https://www.bbr.com/products-20228124315-2022-chateau-la-gaffeliere-st-emilion-bordeaux","1010439","20228124315"
"Chateau La Gaffeliere","2022","Chateau La Gaffeliere, St Emilion, Bordeaux","290","Case of 3 Magnums","https://www.bbr.com/products-20228124315-2022-chateau-la-gaffeliere-st-emilion-bordeaux","1010439","20228124315"
"Chateau La Gaffeliere","","Chateau La Gaffeliere, Vertical (2018, 2019, 2020), Three-Magnum Assortment Case","400","Case of 1 s","https://www.bbr.com/products-10008086286-chateau-la-gaffeliere-vertical-2018-2019-2020-three-magnum-assortment-case","1010439","10008086286"
"Chateau La Grave, Pomerol","2012","Chateau La Grave, Pomerol, Bordeaux","315","Case of 12 Bottles","https://www.bbr.com/products-20128124184-2012-chateau-la-grave-pomerol-bordeaux","1010947","20128124184"
"Chateau La Lagune","2004","Chateau La Lagune, Haut-Medoc, Bordeaux","255","Case of 1 Double Magnums","https://www.bbr.com/products-20041012026-2004-chateau-la-lagune-haut-medoc-bordeaux","1012026","20041012026"
"Chateau La Lagune","2010","Chateau La Lagune, Haut-Medoc, Bordeaux","575","Case of 12 Bottles","https://www.bbr.com/products-20101012026-2010-chateau-la-lagune-haut-medoc-bordeaux","1012026","20101012026"
"Chateau La Lagune","2012","Chateau La Lagune, Haut-Medoc, Bordeaux","199","Case of 6 Bottles","https://www.bbr.com/products-20121012026-2012-chateau-la-lagune-haut-medoc-bordeaux","1012026","20121012026"
"Chateau La Lagune","2016","Chateau La Lagune, Haut-Medoc, Bordeaux","187","Case of 6 Bottles","https://www.bbr.com/products-20161012026-2016-chateau-la-lagune-haut-medoc-bordeaux","1012026","20161012026"
"Chateau La Lagune","2017","Chateau La Lagune, Haut-Medoc, Bordeaux","340","Case of 12 Bottles","https://www.bbr.com/products-20171012026-2017-chateau-la-lagune-haut-medoc-bordeaux","1012026","20171012026"
"Chateau La Lagune","2019","Chateau La Lagune, Haut-Medoc, Bordeaux","167","Case of 6 Bottles","https://www.bbr.com/products-20191012026-2019-chateau-la-lagune-haut-medoc-bordeaux","1012026","20191012026"
"Chateau La Lagune","2020","Chateau La Lagune, Haut-Medoc, Bordeaux","165","Case of 6 Bottles","https://www.bbr.com/products-20201012026-2020-chateau-la-lagune-haut-medoc-bordeaux","1012026","20201012026"
"Chateau La Lagune","2020","Chateau La Lagune, Haut-Medoc, Bordeaux","135","Case of 6 Bottles","https://www.bbr.com/products-20201012026-2020-chateau-la-lagune-haut-medoc-bordeaux","1012026","20201012026"
"Chateau La Lagune","2021","Chateau La Lagune, Haut-Medoc, Bordeaux","300","Case of 6 Bottles","https://www.bbr.com/products-20211012026-2021-chateau-la-lagune-haut-medoc-bordeaux","1012026","20211012026"
"Chateau La Lagune","2022","Chateau La Lagune, Haut-Medoc, Bordeaux","249","Case of 6 Bottles","https://www.bbr.com/products-20221012026-2022-chateau-la-lagune-haut-medoc-bordeaux","1012026","20221012026"
"Chateau La Mission-Haut-Brion","2016","Chateau La Mission Haut-Brion Blanc, Pessac-Leognan, Bordeaux","2900","Case of 6 Bottles","https://www.bbr.com/products-20161017311-2016-chateau-la-mission-haut-brion-blanc-pessac-leognan-bordeaux","1017311","20161017311"
"Chateau La Mission-Haut-Brion","2021","Chateau La Mission Haut-Brion Blanc, Pessac-Leognan, Bordeaux","3288","Case of 6 Bottles","https://www.bbr.com/products-20211017311-2021-chateau-la-mission-haut-brion-blanc-pessac-leognan-bordeaux","1017311","20211017311"
"Chateau La Mission-Haut-Brion","2000","Chateau La Mission Haut-Brion, Pessac-Leognan, Bordeaux","4730","Case of 12 Bottles","https://www.bbr.com/products-20008008990-2000-chateau-la-mission-haut-brion-pessac-leognan-bordeaux","1013179","20008008990"
"Chateau La Mission-Haut-Brion","2000","Chateau La Mission Haut-Brion, Pessac-Leognan, Bordeaux","5500","Case of 12 Bottles","https://www.bbr.com/products-20008008990-2000-chateau-la-mission-haut-brion-pessac-leognan-bordeaux","1013179","20008008990"
"Chateau La Mission-Haut-Brion","2002","Chateau La Mission Haut-Brion, Pessac-Leognan, Bordeaux","1475","Case of 12 Bottles","https://www.bbr.com/products-20028008990-2002-chateau-la-mission-haut-brion-pessac-leognan-bordeaux","1013179","20028008990"
"Chateau La Mission-Haut-Brion","2005","Chateau La Mission Haut-Brion, Pessac-Leognan, Bordeaux","2500","Case of 6 Bottles","https://www.bbr.com/products-20058008990-2005-chateau-la-mission-haut-brion-pessac-leognan-bordeaux","1013179","20058008990"
"Chateau La Mission-Haut-Brion","2006","Chateau La Mission Haut-Brion, Pessac-Leognan, Bordeaux","1875","Case of 12 Bottles","https://www.bbr.com/products-20068008990-2006-chateau-la-mission-haut-brion-pessac-leognan-bordeaux","1013179","20068008990"
"Chateau La Mission-Haut-Brion","2009","Chateau La Mission Haut-Brion, Pessac-Leognan, Bordeaux","2400","Case of 6 Bottles","https://www.bbr.com/products-20098008990-2009-chateau-la-mission-haut-brion-pessac-leognan-bordeaux","1013179","20098008990"
"Chateau La Mission-Haut-Brion","2009","Chateau La Mission Haut-Brion, Pessac-Leognan, Bordeaux","2800","Case of 6 Bottles","https://www.bbr.com/products-20098008990-2009-chateau-la-mission-haut-brion-pessac-leognan-bordeaux","1013179","20098008990"
"Chateau La Mission-Haut-Brion","2012","Chateau La Mission Haut-Brion, Pessac-Leognan, Bordeaux","1000","Case of 6 Bottles","https://www.bbr.com/products-20128008990-2012-chateau-la-mission-haut-brion-pessac-leognan-bordeaux","1013179","20128008990"
"Chateau La Mission-Haut-Brion","2013","Chateau La Mission Haut-Brion, Pessac-Leognan, Bordeaux","738","Case of 6 Bottles","https://www.bbr.com/products-20138008990-2013-chateau-la-mission-haut-brion-pessac-leognan-bordeaux","1013179","20138008990"
"Chateau La Mission-Haut-Brion","2014","Chateau La Mission Haut-Brion, Pessac-Leognan, Bordeaux","725","Case of 6 Bottles","https://www.bbr.com/products-20148008990-2014-chateau-la-mission-haut-brion-pessac-leognan-bordeaux","1013179","20148008990"
"Chateau La Mission-Haut-Brion","2014","Chateau La Mission Haut-Brion, Pessac-Leognan, Bordeaux","1100","Case of 3 Magnums","https://www.bbr.com/products-20148008990-2014-chateau-la-mission-haut-brion-pessac-leognan-bordeaux","1013179","20148008990"
"Chateau La Mission-Haut-Brion","2015","Chateau La Mission Haut-Brion, Pessac-Leognan, Bordeaux","2250","Case of 12 Bottles","https://www.bbr.com/products-20158008990-2015-chateau-la-mission-haut-brion-pessac-leognan-bordeaux","1013179","20158008990"
"Chateau La Mission-Haut-Brion","2015","Chateau La Mission Haut-Brion, Pessac-Leognan, Bordeaux","1815","Case of 6 Bottles","https://www.bbr.com/products-20158008990-2015-chateau-la-mission-haut-brion-pessac-leognan-bordeaux","1013179","20158008990"
"Chateau La Mission-Haut-Brion","2015","Chateau La Mission Haut-Brion, Pessac-Leognan, Bordeaux","1890","Case of 12 Half Bottles","https://www.bbr.com/products-20158008990-2015-chateau-la-mission-haut-brion-pessac-leognan-bordeaux","1013179","20158008990"
"Chateau La Mission-Haut-Brion","2016","Chateau La Mission Haut-Brion, Pessac-Leognan, Bordeaux","1230","Case of 6 Bottles","https://www.bbr.com/products-20168008990-2016-chateau-la-mission-haut-brion-pessac-leognan-bordeaux","1013179","20168008990"
"Chateau La Mission-Haut-Brion","2016","Chateau La Mission Haut-Brion, Pessac-Leognan, Bordeaux","1495","Case of 6 Bottles","https://www.bbr.com/products-20168008990-2016-chateau-la-mission-haut-brion-pessac-leognan-bordeaux","1013179","20168008990"
"Chateau La Mission-Haut-Brion","2018","Chateau La Mission Haut-Brion, Pessac-Leognan, Bordeaux","850","Case of 6 Bottles","https://www.bbr.com/products-20188008990-2018-chateau-la-mission-haut-brion-pessac-leognan-bordeaux","1013179","20188008990"
"Chateau La Mission-Haut-Brion","2018","Chateau La Mission Haut-Brion, Pessac-Leognan, Bordeaux","1050","Case of 6 Bottles","https://www.bbr.com/products-20188008990-2018-chateau-la-mission-haut-brion-pessac-leognan-bordeaux","1013179","20188008990"
"Chateau La Mission-Haut-Brion","2019","Chateau La Mission Haut-Brion, Pessac-Leognan, Bordeaux","1000","Case of 6 Bottles","https://www.bbr.com/products-20198008990-2019-chateau-la-mission-haut-brion-pessac-leognan-bordeaux","1013179","20198008990"
"Chateau La Mission-Haut-Brion","2019","Chateau La Mission Haut-Brion, Pessac-Leognan, Bordeaux","439","Case of 3 Bottles","https://www.bbr.com/products-20198008990-2019-chateau-la-mission-haut-brion-pessac-leognan-bordeaux","1013179","20198008990"
"Chateau La Mission-Haut-Brion","2019","Chateau La Mission Haut-Brion, Pessac-Leognan, Bordeaux","1550","Case of 3 Magnums","https://www.bbr.com/products-20198008990-2019-chateau-la-mission-haut-brion-pessac-leognan-bordeaux","1013179","20198008990"
"Chateau La Mission-Haut-Brion","2020","Chateau La Mission Haut-Brion, Pessac-Leognan, Bordeaux","510","Case of 3 Bottles","https://www.bbr.com/products-20208008990-2020-chateau-la-mission-haut-brion-pessac-leognan-bordeaux","1013179","20208008990"
"Chateau La Mission-Haut-Brion","2020","Chateau La Mission Haut-Brion, Pessac-Leognan, Bordeaux","1080","Case of 6 Bottles","https://www.bbr.com/products-20208008990-2020-chateau-la-mission-haut-brion-pessac-leognan-bordeaux","1013179","20208008990"
"Chateau La Mission-Haut-Brion","2021","Chateau La Mission Haut-Brion, Pessac-Leognan, Bordeaux","450","Case of 3 Bottles","https://www.bbr.com/products-20218008990-2021-chateau-la-mission-haut-brion-pessac-leognan-bordeaux","1013179","20218008990"
"Chateau La Mission-Haut-Brion","2022","Chateau La Mission Haut-Brion, Pessac-Leognan, Bordeaux","1150","Case of 6 Bottles","https://www.bbr.com/products-20228008990-2022-chateau-la-mission-haut-brion-pessac-leognan-bordeaux","1013179","20228008990"
"Chateau La Mission-Haut-Brion","2022","Chateau La Mission Haut-Brion, Pessac-Leognan, Bordeaux","800","Case of 3 Bottles","https://www.bbr.com/products-20228008990-2022-chateau-la-mission-haut-brion-pessac-leognan-bordeaux","1013179","20228008990"
"Chateau La Mission-Haut-Brion","2023","Chateau La Mission Haut-Brion, Pessac-Leognan, Bordeaux","445","Case of 3 Bottles","https://www.bbr.com/products-20238008990-2023-chateau-la-mission-haut-brion-pessac-leognan-bordeaux","1013179","20238008990"
"Chateau La Serre","2005","Chateau La Serre, St Emilion, Bordeaux","420","Case of 12 Bottles","https://www.bbr.com/products-20058037015-2005-chateau-la-serre-st-emilion-bordeaux","1015199","20058037015"
"Chateau La Tour Blanche","2001","Chateau La Tour Blanche, Sauternes, Bordeaux","599","Case of 12 Bottles","https://www.bbr.com/products-20018013974-2001-chateau-la-tour-blanche-sauternes-bordeaux","1017702","20018013974"
"Chateau La Tour Blanche","2003","Chateau La Tour Blanche, Sauternes, Bordeaux","450","Case of 12 Bottles","https://www.bbr.com/products-20038013974-2003-chateau-la-tour-blanche-sauternes-bordeaux","1017702","20038013974"
"Chateau La Tour Blanche","2005","Chateau La Tour Blanche, Sauternes, Bordeaux","320","Case of 12 Bottles","https://www.bbr.com/products-20058013974-2005-chateau-la-tour-blanche-sauternes-bordeaux","1017702","20058013974"
"Chateau La Tour Carnet","2014","Chateau La Tour Carnet, Haut-Medoc, Bordeaux","255","Case of 12 Bottles","https://www.bbr.com/products-20148123305-2014-chateau-la-tour-carnet-haut-medoc-bordeaux","1015548","20148123305"
"Chateau La Tour Carnet","2016","Chateau La Tour Carnet, Haut-Medoc, Bordeaux","220","Case of 12 Bottles","https://www.bbr.com/products-20168123305-2016-chateau-la-tour-carnet-haut-medoc-bordeaux","1015548","20168123305"
"Chateau La Tour Carnet","2017","Chateau La Tour Carnet, Haut-Medoc, Bordeaux","225","Case of 12 Bottles","https://www.bbr.com/products-20178123305-2017-chateau-la-tour-carnet-haut-medoc-bordeaux","1015548","20178123305"
"Chateau La Tour de Bessan","2018","Chateau La Tour de Bessan, Margaux, Bordeaux","155","Case of 12 Bottles","https://www.bbr.com/products-20188113469-2018-chateau-la-tour-de-bessan-margaux-bordeaux","1173518","20188113469"
"Chateau La Tour de Mons","2010","Chateau La Tour de Mons, Margaux, Bordeaux","295","Case of 12 Bottles","https://www.bbr.com/products-20108123275-2010-chateau-la-tour-de-mons-margaux-bordeaux","1015681","20108123275"
"Chateau Violette","2005","Chateau La Violette, Pomerol, Bordeaux","700","Case of 12 Bottles","https://www.bbr.com/products-20058123204-2005-chateau-la-violette-pomerol-bordeaux","1016271","20058123204"
"Chateau Violette","2012","Chateau La Violette, Pomerol, Bordeaux","950","Case of 6 Bottles","https://www.bbr.com/products-20128123204-2012-chateau-la-violette-pomerol-bordeaux","1016271","20128123204"
"Chateau Violette","2015","Chateau La Violette, Pomerol, Bordeaux","950","Case of 6 Bottles","https://www.bbr.com/products-20158123204-2015-chateau-la-violette-pomerol-bordeaux","1016271","20158123204"
"Chateau Violette","2017","Chateau La Violette, Pomerol, Bordeaux","550","Case of 1 Double Magnums","https://www.bbr.com/products-20178123204-2017-chateau-la-violette-pomerol-bordeaux","1016271","20178123204"
"Chateau Violette","2017","Chateau La Violette, Pomerol, Bordeaux","1150","Case of 1 Imperials","https://www.bbr.com/products-20178123204-2017-chateau-la-violette-pomerol-bordeaux","1016271","20178123204"
"Chateau Violette","2018","Chateau La Violette, Pomerol, Bordeaux","1500","Case of 6 Bottles","https://www.bbr.com/products-20188123204-2018-chateau-la-violette-pomerol-bordeaux","1016271","20188123204"
"Chateau Violette","2018","Chateau La Violette, Pomerol, Bordeaux","595","Case of 3 Bottles","https://www.bbr.com/products-20188123204-2018-chateau-la-violette-pomerol-bordeaux","1016271","20188123204"
"Chateau Violette","2019","Chateau La Violette, Pomerol, Bordeaux","765","Case of 3 Bottles","https://www.bbr.com/products-20198123204-2019-chateau-la-violette-pomerol-bordeaux","1016271","20198123204"
"Chateau Labegorce","2007","Chateau Labegorce, Margaux, Bordeaux","310","Case of 12 Bottles","https://www.bbr.com/products-20078124012-2007-chateau-labegorce-margaux-bordeaux","1011797","20078124012"
"Chateau Labegorce","2016","Chateau Labegorce, Margaux, Bordeaux","181","Case of 6 Bottles","https://www.bbr.com/products-20168124012-2016-chateau-labegorce-margaux-bordeaux","1011797","20168124012"
"Chateau Lafaurie-Peyraguey","2001","Chateau Lafaurie-Peyraguey, Sauternes, Bordeaux","520","Case of 24 Half Bottles","https://www.bbr.com/products-20018122962-2001-chateau-lafaurie-peyraguey-sauternes-bordeaux","1017122","20018122962"
"Chateau Lafaurie-Peyraguey","2021","Chateau Lafaurie-Peyraguey, Sauternes, Bordeaux","495","Case of 6 Bottles","https://www.bbr.com/products-20218122962-2021-chateau-lafaurie-peyraguey-sauternes-bordeaux","1017122","20218122962"
"Chateau Lafite Rothschild","1986","Chateau Lafite Rothschild, Pauillac, Bordeaux","14000","Case of 6 Magnums","https://www.bbr.com/products-19868008857-1986-chateau-lafite-rothschild-pauillac-bordeaux","1011872","19868008857"
"Chateau Lafite Rothschild","1995","Chateau Lafite Rothschild, Pauillac, Bordeaux","6300","Case of 12 Bottles","https://www.bbr.com/products-19958008857-1995-chateau-lafite-rothschild-pauillac-bordeaux","1011872","19958008857"
"Chateau Lafite Rothschild","1996","Chateau Lafite Rothschild, Pauillac, Bordeaux","4800","Case of 6 Bottles","https://www.bbr.com/products-19968008857-1996-chateau-lafite-rothschild-pauillac-bordeaux","1011872","19968008857"
"Chateau Lafite Rothschild","1996","Chateau Lafite Rothschild, Pauillac, Bordeaux","9750","Case of 12 Bottles","https://www.bbr.com/products-19968008857-1996-chateau-lafite-rothschild-pauillac-bordeaux","1011872","19968008857"
"Chateau Lafite Rothschild","1996","Chateau Lafite Rothschild, Pauillac, Bordeaux","8800","Case of 12 Bottles","https://www.bbr.com/products-19968008857-1996-chateau-lafite-rothschild-pauillac-bordeaux","1011872","19968008857"
"Chateau Lafite Rothschild","1996","Chateau Lafite Rothschild, Pauillac, Bordeaux","7150","Case of 12 Bottles","https://www.bbr.com/products-19968008857-1996-chateau-lafite-rothschild-pauillac-bordeaux","1011872","19968008857"
"Chateau Lafite Rothschild","1996","Chateau Lafite Rothschild, Pauillac, Bordeaux","7600","Case of 12 Bottles","https://www.bbr.com/products-19968008857-1996-chateau-lafite-rothschild-pauillac-bordeaux","1011872","19968008857"
"Chateau Lafite Rothschild","1996","Chateau Lafite Rothschild, Pauillac, Bordeaux","7125","Case of 12 Bottles","https://www.bbr.com/products-19968008857-1996-chateau-lafite-rothschild-pauillac-bordeaux","1011872","19968008857"
"Chateau Lafite Rothschild","1998","Chateau Lafite Rothschild, Pauillac, Bordeaux","5350","Case of 12 Bottles","https://www.bbr.com/products-19988008857-1998-chateau-lafite-rothschild-pauillac-bordeaux","1011872","19988008857"
"Chateau Lafite Rothschild","2000","Chateau Lafite Rothschild, Pauillac, Bordeaux","9275","Case of 12 Bottles","https://www.bbr.com/products-20008008857-2000-chateau-lafite-rothschild-pauillac-bordeaux","1011872","20008008857"
"Chateau Lafite Rothschild","2002","Chateau Lafite Rothschild, Pauillac, Bordeaux","2750","Case of 6 Bottles","https://www.bbr.com/products-20028008857-2002-chateau-lafite-rothschild-pauillac-bordeaux","1011872","20028008857"
"Chateau Lafite Rothschild","2003","Chateau Lafite Rothschild, Pauillac, Bordeaux","6725","Case of 12 Bottles","https://www.bbr.com/products-20038008857-2003-chateau-lafite-rothschild-pauillac-bordeaux","1011872","20038008857"
"Chateau Lafite Rothschild","2003","Chateau Lafite Rothschild, Pauillac, Bordeaux","6725","Case of 12 Bottles","https://www.bbr.com/products-20038008857-2003-chateau-lafite-rothschild-pauillac-bordeaux","1011872","20038008857"
"Chateau Lafite Rothschild","2003","Chateau Lafite Rothschild, Pauillac, Bordeaux","5500","Case of 1 Imperials","https://www.bbr.com/products-20038008857-2003-chateau-lafite-rothschild-pauillac-bordeaux","1011872","20038008857"
"Chateau Lafite Rothschild","2005","Chateau Lafite Rothschild, Pauillac, Bordeaux","6500","Case of 12 Bottles","https://www.bbr.com/products-20058008857-2005-chateau-lafite-rothschild-pauillac-bordeaux","1011872","20058008857"
"Chateau Lafite Rothschild","2005","Chateau Lafite Rothschild, Pauillac, Bordeaux","6175","Case of 12 Bottles","https://www.bbr.com/products-20058008857-2005-chateau-lafite-rothschild-pauillac-bordeaux","1011872","20058008857"
"Chateau Lafite Rothschild","2005","Chateau Lafite Rothschild, Pauillac, Bordeaux","6000","Case of 1 Imperials","https://www.bbr.com/products-20058008857-2005-chateau-lafite-rothschild-pauillac-bordeaux","1011872","20058008857"
"Chateau Lafite Rothschild","2006","Chateau Lafite Rothschild, Pauillac, Bordeaux","3988","Case of 6 Bottles","https://www.bbr.com/products-20068008857-2006-chateau-lafite-rothschild-pauillac-bordeaux","1011872","20068008857"
"Chateau Lafite Rothschild","2006","Chateau Lafite Rothschild, Pauillac, Bordeaux","2850","Case of 6 Bottles","https://www.bbr.com/products-20068008857-2006-chateau-lafite-rothschild-pauillac-bordeaux","1011872","20068008857"
"Chateau Lafite Rothschild","2006","Chateau Lafite Rothschild, Pauillac, Bordeaux","3250","Case of 6 Bottles","https://www.bbr.com/products-20068008857-2006-chateau-lafite-rothschild-pauillac-bordeaux","1011872","20068008857"
"Chateau Lafite Rothschild","2006","Chateau Lafite Rothschild, Pauillac, Bordeaux","5000","Case of 12 Bottles","https://www.bbr.com/products-20068008857-2006-chateau-lafite-rothschild-pauillac-bordeaux","1011872","20068008857"
"Chateau Lafite Rothschild","2006","Chateau Lafite Rothschild, Pauillac, Bordeaux","4990","Case of 12 Bottles","https://www.bbr.com/products-20068008857-2006-chateau-lafite-rothschild-pauillac-bordeaux","1011872","20068008857"
"Chateau Lafite Rothschild","2006","Chateau Lafite Rothschild, Pauillac, Bordeaux","5000","Case of 12 Bottles","https://www.bbr.com/products-20068008857-2006-chateau-lafite-rothschild-pauillac-bordeaux","1011872","20068008857"
"Chateau Lafite Rothschild","2006","Chateau Lafite Rothschild, Pauillac, Bordeaux","5500","Case of 6 Magnums","https://www.bbr.com/products-20068008857-2006-chateau-lafite-rothschild-pauillac-bordeaux","1011872","20068008857"
"Chateau Lafite Rothschild","2008","Chateau Lafite Rothschild, Pauillac, Bordeaux","5300","Case of 12 Bottles","https://www.bbr.com/products-20088008857-2008-chateau-lafite-rothschild-pauillac-bordeaux","1011872","20088008857"
"Chateau Lafite Rothschild","2008","Chateau Lafite Rothschild, Pauillac, Bordeaux","3750","Case of 6 Bottles","https://www.bbr.com/products-20088008857-2008-chateau-lafite-rothschild-pauillac-bordeaux","1011872","20088008857"
"Chateau Lafite Rothschild","2008","Chateau Lafite Rothschild, Pauillac, Bordeaux","5500","Case of 12 Bottles","https://www.bbr.com/products-20088008857-2008-chateau-lafite-rothschild-pauillac-bordeaux","1011872","20088008857"
"Chateau Lafite Rothschild","2008","Chateau Lafite Rothschild, Pauillac, Bordeaux","10000","Case of 12 Bottles","https://www.bbr.com/products-20088008857-2008-chateau-lafite-rothschild-pauillac-bordeaux","1011872","20088008857"
"Chateau Lafite Rothschild","2009","Chateau Lafite Rothschild, Pauillac, Bordeaux","3890","Case of 6 Bottles","https://www.bbr.com/products-20098008857-2009-chateau-lafite-rothschild-pauillac-bordeaux","1011872","20098008857"
"Chateau Lafite Rothschild","2009","Chateau Lafite Rothschild, Pauillac, Bordeaux","3450","Case of 6 Bottles","https://www.bbr.com/products-20098008857-2009-chateau-lafite-rothschild-pauillac-bordeaux","1011872","20098008857"
"Chateau Lafite Rothschild","2009","Chateau Lafite Rothschild, Pauillac, Bordeaux","9500","Case of 12 Bottles","https://www.bbr.com/products-20098008857-2009-chateau-lafite-rothschild-pauillac-bordeaux","1011872","20098008857"
"Chateau Lafite Rothschild","2009","Chateau Lafite Rothschild, Pauillac, Bordeaux","5950","Case of 6 Magnums","https://www.bbr.com/products-20098008857-2009-chateau-lafite-rothschild-pauillac-bordeaux","1011872","20098008857"
"Chateau Lafite Rothschild","2010","Chateau Lafite Rothschild, Pauillac, Bordeaux","3980","Case of 6 Bottles","https://www.bbr.com/products-20108008857-2010-chateau-lafite-rothschild-pauillac-bordeaux","1011872","20108008857"
"Chateau Lafite Rothschild","2010","Chateau Lafite Rothschild, Pauillac, Bordeaux","11000","Case of 12 Bottles","https://www.bbr.com/products-20108008857-2010-chateau-lafite-rothschild-pauillac-bordeaux","1011872","20108008857"
"Chateau Lafite Rothschild","2010","Chateau Lafite Rothschild, Pauillac, Bordeaux","6000","Case of 6 Bottles","https://www.bbr.com/products-20108008857-2010-chateau-lafite-rothschild-pauillac-bordeaux","1011872","20108008857"
"Chateau Lafite Rothschild","2010","Chateau Lafite Rothschild, Pauillac, Bordeaux","6500","Case of 6 Bottles","https://www.bbr.com/products-20108008857-2010-chateau-lafite-rothschild-pauillac-bordeaux","1011872","20108008857"
"Chateau Lafite Rothschild","2010","Chateau Lafite Rothschild, Pauillac, Bordeaux","3125","Case of 6 Bottles","https://www.bbr.com/products-20108008857-2010-chateau-lafite-rothschild-pauillac-bordeaux","1011872","20108008857"
"Chateau Lafite Rothschild","2010","Chateau Lafite Rothschild, Pauillac, Bordeaux","9825","Case of 6 Bottles","https://www.bbr.com/products-20108008857-2010-chateau-lafite-rothschild-pauillac-bordeaux","1011872","20108008857"
"Chateau Lafite Rothschild","2011","Chateau Lafite Rothschild, Pauillac, Bordeaux","2250","Case of 6 Bottles","https://www.bbr.com/products-20118008857-2011-chateau-lafite-rothschild-pauillac-bordeaux","1011872","20118008857"
"Chateau Lafite Rothschild","2011","Chateau Lafite Rothschild, Pauillac, Bordeaux","2748","Case of 6 Bottles","https://www.bbr.com/products-20118008857-2011-chateau-lafite-rothschild-pauillac-bordeaux","1011872","20118008857"
"Chateau Lafite Rothschild","2011","Chateau Lafite Rothschild, Pauillac, Bordeaux","3200","Case of 6 Bottles","https://www.bbr.com/products-20118008857-2011-chateau-lafite-rothschild-pauillac-bordeaux","1011872","20118008857"
"Chateau Lafite Rothschild","2011","Chateau Lafite Rothschild, Pauillac, Bordeaux","1000","Case of 1 Magnums","https://www.bbr.com/products-20118008857-2011-chateau-lafite-rothschild-pauillac-bordeaux","1011872","20118008857"
"Chateau Lafite Rothschild","2012","Chateau Lafite Rothschild, Pauillac, Bordeaux","3510","Case of 6 Bottles","https://www.bbr.com/products-20128008857-2012-chateau-lafite-rothschild-pauillac-bordeaux","1011872","20128008857"
"Chateau Lafite Rothschild","2012","Chateau Lafite Rothschild, Pauillac, Bordeaux","3400","Case of 6 Bottles","https://www.bbr.com/products-20128008857-2012-chateau-lafite-rothschild-pauillac-bordeaux","1011872","20128008857"
"Chateau Lafite Rothschild","2013","Chateau Lafite Rothschild, Pauillac, Bordeaux","2250","Case of 6 Bottles","https://www.bbr.com/products-20138008857-2013-chateau-lafite-rothschild-pauillac-bordeaux","1011872","20138008857"
"Chateau Lafite Rothschild","2014","Chateau Lafite Rothschild, Pauillac, Bordeaux","2200","Case of 6 Bottles","https://www.bbr.com/products-20148008857-2014-chateau-lafite-rothschild-pauillac-bordeaux","1011872","20148008857"
"Chateau Lafite Rothschild","2014","Chateau Lafite Rothschild, Pauillac, Bordeaux","4290","Case of 6 Bottles","https://www.bbr.com/products-20148008857-2014-chateau-lafite-rothschild-pauillac-bordeaux","1011872","20148008857"
"Chateau Lafite Rothschild","2014","Chateau Lafite Rothschild, Pauillac, Bordeaux","3500","Case of 1 Imperials","https://www.bbr.com/products-20148008857-2014-chateau-lafite-rothschild-pauillac-bordeaux","1011872","20148008857"
"Chateau Lafite Rothschild","2015","Chateau Lafite Rothschild, Pauillac, Bordeaux","3300","Case of 6 Bottles","https://www.bbr.com/products-20158008857-2015-chateau-lafite-rothschild-pauillac-bordeaux","1011872","20158008857"
"Chateau Lafite Rothschild","2016","Chateau Lafite Rothschild, Pauillac, Bordeaux","2870","Case of 6 Bottles","https://www.bbr.com/products-20168008857-2016-chateau-lafite-rothschild-pauillac-bordeaux","1011872","20168008857"
"Chateau Lafite Rothschild","2016","Chateau Lafite Rothschild, Pauillac, Bordeaux","2980","Case of 6 Bottles","https://www.bbr.com/products-20168008857-2016-chateau-lafite-rothschild-pauillac-bordeaux","1011872","20168008857"
"Chateau Lafite Rothschild","2016","Chateau Lafite Rothschild, Pauillac, Bordeaux","3770","Case of 6 Bottles","https://www.bbr.com/products-20168008857-2016-chateau-lafite-rothschild-pauillac-bordeaux","1011872","20168008857"
"Chateau Lafite Rothschild","2016","Chateau Lafite Rothschild, Pauillac, Bordeaux","2375","Case of 1 Double Magnums","https://www.bbr.com/products-20168008857-2016-chateau-lafite-rothschild-pauillac-bordeaux","1011872","20168008857"
"Chateau Lafite Rothschild","2016","Chateau Lafite Rothschild, Pauillac, Bordeaux","3400","Case of 12 Half Bottles","https://www.bbr.com/products-20168008857-2016-chateau-lafite-rothschild-pauillac-bordeaux","1011872","20168008857"
"Chateau Lafite Rothschild","2016","Chateau Lafite Rothschild, Pauillac, Bordeaux","1250","Case of 1 Magnums","https://www.bbr.com/products-20168008857-2016-chateau-lafite-rothschild-pauillac-bordeaux","1011872","20168008857"
"Chateau Lafite Rothschild","2017","Chateau Lafite Rothschild, Pauillac, Bordeaux","2200","Case of 6 Bottles","https://www.bbr.com/products-20178008857-2017-chateau-lafite-rothschild-pauillac-bordeaux","1011872","20178008857"
"Chateau Lafite Rothschild","2017","Chateau Lafite Rothschild, Pauillac, Bordeaux","2500","Case of 12 Half Bottles","https://www.bbr.com/products-20178008857-2017-chateau-lafite-rothschild-pauillac-bordeaux","1011872","20178008857"
"Chateau Lafite Rothschild","2018","Chateau Lafite Rothschild, Pauillac, Bordeaux","1700","Case of 3 Bottles","https://www.bbr.com/products-20188008857-2018-chateau-lafite-rothschild-pauillac-bordeaux","1011872","20188008857"
"Chateau Lafite Rothschild","2018","Chateau Lafite Rothschild, Pauillac, Bordeaux","2890","Case of 6 Bottles","https://www.bbr.com/products-20188008857-2018-chateau-lafite-rothschild-pauillac-bordeaux","1011872","20188008857"
"Chateau Lafite Rothschild","2018","Chateau Lafite Rothschild, Pauillac, Bordeaux","3469","Case of 1 Double Magnums","https://www.bbr.com/products-20188008857-2018-chateau-lafite-rothschild-pauillac-bordeaux","1011872","20188008857"
"Chateau Lafite Rothschild","2018","Chateau Lafite Rothschild, Pauillac, Bordeaux","3750","Case of 3 Magnums","https://www.bbr.com/products-20188008857-2018-chateau-lafite-rothschild-pauillac-bordeaux","1011872","20188008857"
"Chateau Lafite Rothschild","2018","Chateau Lafite Rothschild, Pauillac, Bordeaux","3748","Case of 3 Magnums","https://www.bbr.com/products-20188008857-2018-chateau-lafite-rothschild-pauillac-bordeaux","1011872","20188008857"
"Chateau Lafite Rothschild","2019","Chateau Lafite Rothschild, Pauillac, Bordeaux","2800","Case of 6 Bottles","https://www.bbr.com/products-20198008857-2019-chateau-lafite-rothschild-pauillac-bordeaux","1011872","20198008857"
"Chateau Lafite Rothschild","2019","Chateau Lafite Rothschild, Pauillac, Bordeaux","5500","Case of 6 Bottles","https://www.bbr.com/products-20198008857-2019-chateau-lafite-rothschild-pauillac-bordeaux","1011872","20198008857"
"Chateau Lafite Rothschild","2019","Chateau Lafite Rothschild, Pauillac, Bordeaux","1400","Case of 3 Bottles","https://www.bbr.com/products-20198008857-2019-chateau-lafite-rothschild-pauillac-bordeaux","1011872","20198008857"
"Chateau Lafite Rothschild","2019","Chateau Lafite Rothschild, Pauillac, Bordeaux","3450","Case of 3 Magnums","https://www.bbr.com/products-20198008857-2019-chateau-lafite-rothschild-pauillac-bordeaux","1011872","20198008857"
"Chateau Lafite Rothschild","2020","Chateau Lafite Rothschild, Pauillac, Bordeaux","1395","Case of 3 Bottles","https://www.bbr.com/products-20208008857-2020-chateau-lafite-rothschild-pauillac-bordeaux","1011872","20208008857"
"Chateau Lafite Rothschild","2020","Chateau Lafite Rothschild, Pauillac, Bordeaux","3800","Case of 6 Bottles","https://www.bbr.com/products-20208008857-2020-chateau-lafite-rothschild-pauillac-bordeaux","1011872","20208008857"
"Chateau Lafite Rothschild","2020","Chateau Lafite Rothschild, Pauillac, Bordeaux","1495","Case of 3 Bottles","https://www.bbr.com/products-20208008857-2020-chateau-lafite-rothschild-pauillac-bordeaux","1011872","20208008857"
"Chateau Lafite Rothschild","2020","Chateau Lafite Rothschild, Pauillac, Bordeaux","2220","Case of 6 Bottles","https://www.bbr.com/products-20208008857-2020-chateau-lafite-rothschild-pauillac-bordeaux","1011872","20208008857"
"Chateau Lafite Rothschild","2020","Chateau Lafite Rothschild, Pauillac, Bordeaux","1795","Case of 1 Double Magnums","https://www.bbr.com/products-20208008857-2020-chateau-lafite-rothschild-pauillac-bordeaux","1011872","20208008857"
"Chateau Lafite Rothschild","2020","Chateau Lafite Rothschild, Pauillac, Bordeaux","3420","Case of 3 Magnums","https://www.bbr.com/products-20208008857-2020-chateau-lafite-rothschild-pauillac-bordeaux","1011872","20208008857"
"Chateau Lafite Rothschild","2021","Chateau Lafite Rothschild, Pauillac, Bordeaux","1200","Case of 3 Bottles","https://www.bbr.com/products-20218008857-2021-chateau-lafite-rothschild-pauillac-bordeaux","1011872","20218008857"
"Chateau Lafite Rothschild","2021","Chateau Lafite Rothschild, Pauillac, Bordeaux","2199","Case of 6 Bottles","https://www.bbr.com/products-20218008857-2021-chateau-lafite-rothschild-pauillac-bordeaux","1011872","20218008857"
"Chateau Lafite Rothschild","2021","Chateau Lafite Rothschild, Pauillac, Bordeaux","555","Case of 1 Bottles","https://www.bbr.com/products-20218008857-2021-chateau-lafite-rothschild-pauillac-bordeaux","1011872","20218008857"
"Chateau Lafite Rothschild","2021","Chateau Lafite Rothschild, Pauillac, Bordeaux","1650","Case of 3 Bottles","https://www.bbr.com/products-20218008857-2021-chateau-lafite-rothschild-pauillac-bordeaux","1011872","20218008857"
"Chateau Lafite Rothschild","2022","Chateau Lafite Rothschild, Pauillac, Bordeaux","3456","Case of 6 Bottles","https://www.bbr.com/products-20228008857-2022-chateau-lafite-rothschild-pauillac-bordeaux","1011872","20228008857"
"Chateau Lafite Rothschild","2022","Chateau Lafite Rothschild, Pauillac, Bordeaux","1585","Case of 3 Bottles","https://www.bbr.com/products-20228008857-2022-chateau-lafite-rothschild-pauillac-bordeaux","1011872","20228008857"
"Chateau Lafite Rothschild","2022","Chateau Lafite Rothschild, Pauillac, Bordeaux","3400","Case of 6 Bottles","https://www.bbr.com/products-20228008857-2022-chateau-lafite-rothschild-pauillac-bordeaux","1011872","20228008857"
"Chateau Lafite Rothschild","2022","Chateau Lafite Rothschild, Pauillac, Bordeaux","1985","Case of 3 Bottles","https://www.bbr.com/products-20228008857-2022-chateau-lafite-rothschild-pauillac-bordeaux","1011872","20228008857"
"Chateau Lafite Rothschild","","Chateau Lafite Rothschild, Trilogy (2005, 2009, 2010), Three-Magnum Assortment Case","5500","Case of 1 s","https://www.bbr.com/products-10008176372-chateau-lafite-rothschild-trilogy-2005-2009-2010-three-magnum-assortment-case","","10008176372"
"Chateau Lafleur","1992","Chateau Lafleur, Pomerol, Bordeaux","3000","Case of 1 Double Magnums","https://www.bbr.com/products-19928123998-1992-chateau-lafleur-pomerol-bordeaux","1011902","19928123998"
"Chateau Lafleur","1997","Chateau Lafleur, Pomerol, Bordeaux","2000","Case of 6 Bottles","https://www.bbr.com/products-19978123998-1997-chateau-lafleur-pomerol-bordeaux","1011902","19978123998"
"Chateau Lafleur","2004","Chateau Lafleur, Pomerol, Bordeaux","2800","Case of 6 Bottles","https://www.bbr.com/products-20048123998-2004-chateau-lafleur-pomerol-bordeaux","1011902","20048123998"
"Chateau Lafleur","2004","Chateau Lafleur, Pomerol, Bordeaux","2100","Case of 6 Bottles","https://www.bbr.com/products-20048123998-2004-chateau-lafleur-pomerol-bordeaux","1011902","20048123998"
"Chateau Lafleur","2008","Chateau Lafleur, Pomerol, Bordeaux","3350","Case of 6 Bottles","https://www.bbr.com/products-20088123998-2008-chateau-lafleur-pomerol-bordeaux","1011902","20088123998"
"Chateau Lafleur","2008","Chateau Lafleur, Pomerol, Bordeaux","2100","Case of 1 Double Magnums","https://www.bbr.com/products-20088123998-2008-chateau-lafleur-pomerol-bordeaux","1011902","20088123998"
"Chateau Lafleur","2010","Chateau Lafleur, Pomerol, Bordeaux","5980","Case of 6 Bottles","https://www.bbr.com/products-20108123998-2010-chateau-lafleur-pomerol-bordeaux","1011902","20108123998"
"Chateau Lafleur","2013","Chateau Lafleur, Pomerol, Bordeaux","1088","Case of 3 Bottles","https://www.bbr.com/products-20138123998-2013-chateau-lafleur-pomerol-bordeaux","1011902","20138123998"
"Chateau Lafleur","2014","Chateau Lafleur, Pomerol, Bordeaux","3275","Case of 6 Bottles","https://www.bbr.com/products-20148123998-2014-chateau-lafleur-pomerol-bordeaux","1011902","20148123998"
"Chateau Lafleur","2015","Chateau Lafleur, Pomerol, Bordeaux","3200","Case of 3 Bottles","https://www.bbr.com/products-20158123998-2015-chateau-lafleur-pomerol-bordeaux","1011902","20158123998"
"Chateau Lafleur","2016","Chateau Lafleur, Pomerol, Bordeaux","3099","Case of 3 Bottles","https://www.bbr.com/products-20168123998-2016-chateau-lafleur-pomerol-bordeaux","1011902","20168123998"
"Chateau Lafleur","2016","Chateau Lafleur, Pomerol, Bordeaux","3000","Case of 3 Bottles","https://www.bbr.com/products-20168123998-2016-chateau-lafleur-pomerol-bordeaux","1011902","20168123998"
"Chateau Lafleur","2017","Chateau Lafleur, Pomerol, Bordeaux","925","Case of 1 Magnums","https://www.bbr.com/products-20178123998-2017-chateau-lafleur-pomerol-bordeaux","1011902","20178123998"
"Chateau Lafleur","2018","Chateau Lafleur, Pomerol, Bordeaux","3900","Case of 3 Bottles","https://www.bbr.com/products-20188123998-2018-chateau-lafleur-pomerol-bordeaux","1011902","20188123998"
"Chateau Lafleur","2018","Chateau Lafleur, Pomerol, Bordeaux","2000","Case of 3 Bottles","https://www.bbr.com/products-20188123998-2018-chateau-lafleur-pomerol-bordeaux","1011902","20188123998"
"Chateau Lafleur","2022","Chateau Lafleur, Pomerol, Bordeaux","795","Case of 1 Bottles","https://www.bbr.com/products-20228123998-2022-chateau-lafleur-pomerol-bordeaux","1011902","20228123998"
"Chateau Lafleur","2023","Chateau Lafleur, Pomerol, Bordeaux","750","Case of 1 Bottles","https://www.bbr.com/products-20238123998-2023-chateau-lafleur-pomerol-bordeaux","1011902","20238123998"
"Chateau Lafleur","2023","Chateau Lafleur, Pomerol, Bordeaux","595","Case of 1 Bottles","https://www.bbr.com/products-20238123998-2023-chateau-lafleur-pomerol-bordeaux","1011902","20238123998"
"Chateau La Fleur Gazin","2003","Chateau Lafleur-Gazin, Pomerol, Bordeaux","525","Case of 12 Bottles","https://www.bbr.com/products-20038015183-2003-chateau-lafleur-gazin-pomerol-bordeaux","1011931","20038015183"
"Chateau La Fleur Gazin","2005","Chateau Lafleur-Gazin, Pomerol, Bordeaux","367","Case of 12 Bottles","https://www.bbr.com/products-20058015183-2005-chateau-lafleur-gazin-pomerol-bordeaux","1011931","20058015183"
"Chateau La Fleur Gazin","2006","Chateau Lafleur-Gazin, Pomerol, Bordeaux","535","Case of 12 Bottles","https://www.bbr.com/products-20068015183-2006-chateau-lafleur-gazin-pomerol-bordeaux","1011931","20068015183"
"Chateau La Fleur Gazin","2008","Chateau Lafleur-Gazin, Pomerol, Bordeaux","336","Case of 12 Bottles","https://www.bbr.com/products-20088015183-2008-chateau-lafleur-gazin-pomerol-bordeaux","1011931","20088015183"
"Chateau La Fleur Gazin","2009","Chateau Lafleur-Gazin, Pomerol, Bordeaux","525","Case of 12 Bottles","https://www.bbr.com/products-20098015183-2009-chateau-lafleur-gazin-pomerol-bordeaux","1011931","20098015183"
"Chateau La Fleur Gazin","2020","Chateau Lafleur-Gazin, Pomerol, Bordeaux","240","Case of 6 Bottles","https://www.bbr.com/products-20208015183-2020-chateau-lafleur-gazin-pomerol-bordeaux","1011931","20208015183"
"Chateau Lafon-Rochet","2003","Chateau Lafon-Rochet, St Estephe, Bordeaux","465","Case of 12 Bottles","https://www.bbr.com/products-20038007010-2003-chateau-lafon-rochet-st-estephe-bordeaux","1011986","20038007010"
"Chateau Lafon-Rochet","2005","Chateau Lafon-Rochet, St Estephe, Bordeaux","490","Case of 12 Bottles","https://www.bbr.com/products-20058007010-2005-chateau-lafon-rochet-st-estephe-bordeaux","1011986","20058007010"
"Chateau Lafon-Rochet","2014","Chateau Lafon-Rochet, St Estephe, Bordeaux","160","Case of 6 Bottles","https://www.bbr.com/products-20148007010-2014-chateau-lafon-rochet-st-estephe-bordeaux","1011986","20148007010"
"Chateau Lafon-Rochet","2014","Chateau Lafon-Rochet, St Estephe, Bordeaux","250","Case of 3 Magnums","https://www.bbr.com/products-20148007010-2014-chateau-lafon-rochet-st-estephe-bordeaux","1011986","20148007010"
"Chateau Lafon-Rochet","2015","Chateau Lafon-Rochet, St Estephe, Bordeaux","170","Case of 6 Bottles","https://www.bbr.com/products-20158007010-2015-chateau-lafon-rochet-st-estephe-bordeaux","1011986","20158007010"
"Chateau Lafon-Rochet","2015","Chateau Lafon-Rochet, St Estephe, Bordeaux","170","Case of 3 Magnums","https://www.bbr.com/products-20158007010-2015-chateau-lafon-rochet-st-estephe-bordeaux","1011986","20158007010"
"Chateau Lafon-Rochet","2017","Chateau Lafon-Rochet, St Estephe, Bordeaux","200","Case of 6 Bottles","https://www.bbr.com/products-20178007010-2017-chateau-lafon-rochet-st-estephe-bordeaux","1011986","20178007010"
"Chateau Lafon-Rochet","2018","Chateau Lafon-Rochet, St Estephe, Bordeaux","195","Case of 6 Bottles","https://www.bbr.com/products-20188007010-2018-chateau-lafon-rochet-st-estephe-bordeaux","1011986","20188007010"
"Chateau Lafon-Rochet","2019","Chateau Lafon-Rochet, St Estephe, Bordeaux","175","Case of 6 Bottles","https://www.bbr.com/products-20198007010-2019-chateau-lafon-rochet-st-estephe-bordeaux","1011986","20198007010"
"Chateau Lafon-Rochet","2020","Chateau Lafon-Rochet, St Estephe, Bordeaux","165","Case of 6 Bottles","https://www.bbr.com/products-20208007010-2020-chateau-lafon-rochet-st-estephe-bordeaux","1011986","20208007010"
"Chateau Lafon-Rochet","2020","Chateau Lafon-Rochet, St Estephe, Bordeaux","180","Case of 6 Bottles","https://www.bbr.com/products-20208007010-2020-chateau-lafon-rochet-st-estephe-bordeaux","1011986","20208007010"
"Chateau Lafon-Rochet","2022","Chateau Lafon-Rochet, St Estephe, Bordeaux","300","Case of 6 Bottles","https://www.bbr.com/products-20228007010-2022-chateau-lafon-rochet-st-estephe-bordeaux","1011986","20228007010"
"Chateau Lafon-Rochet","2022","Chateau Lafon-Rochet, St Estephe, Bordeaux","220","Case of 1 Double Magnums","https://www.bbr.com/products-20228007010-2022-chateau-lafon-rochet-st-estephe-bordeaux","1011986","20228007010"
"Chateau Lafon-Rochet","2022","Chateau Lafon-Rochet, St Estephe, Bordeaux","300","Case of 3 Magnums","https://www.bbr.com/products-20228007010-2022-chateau-lafon-rochet-st-estephe-bordeaux","1011986","20228007010"
"Chateau Lagrange Pomerol","2020","Chateau Lagrange, Pomerol, Bordeaux","255","Case of 12 Bottles","https://www.bbr.com/products-20208123969-2020-chateau-lagrange-pomerol-bordeaux","1012000","20208123969"
"Chateau Lagrange Pomerol","2020","Chateau Lagrange, Pomerol, Bordeaux","255","Case of 12 Bottles","https://www.bbr.com/products-20208123969-2020-chateau-lagrange-pomerol-bordeaux","1012000","20208123969"
"Chateau Lagrange","1990","Chateau Lagrange, St Julien, Bordeaux","1500","Case of 1 Jeroboam 500cl","https://www.bbr.com/products-19901012013-1990-chateau-lagrange-st-julien-bordeaux","1012013","19901012013"
"Chateau Lagrange","2000","Chateau Lagrange, St Julien, Bordeaux","900","Case of 12 Bottles","https://www.bbr.com/products-20001012013-2000-chateau-lagrange-st-julien-bordeaux","1012013","20001012013"
"Chateau Lagrange","2005","Chateau Lagrange, St Julien, Bordeaux","775","Case of 12 Bottles","https://www.bbr.com/products-20051012013-2005-chateau-lagrange-st-julien-bordeaux","1012013","20051012013"
"Chateau Lagrange","2005","Chateau Lagrange, St Julien, Bordeaux","730","Case of 12 Bottles","https://www.bbr.com/products-20051012013-2005-chateau-lagrange-st-julien-bordeaux","1012013","20051012013"
"Chateau Lagrange","2008","Chateau Lagrange, St Julien, Bordeaux","550","Case of 12 Bottles","https://www.bbr.com/products-20081012013-2008-chateau-lagrange-st-julien-bordeaux","1012013","20081012013"
"Chateau Lagrange","2012","Chateau Lagrange, St Julien, Bordeaux","185","Case of 6 Bottles","https://www.bbr.com/products-20121012013-2012-chateau-lagrange-st-julien-bordeaux","1012013","20121012013"
"Chateau Lagrange","2014","Chateau Lagrange, St Julien, Bordeaux","400","Case of 12 Bottles","https://www.bbr.com/products-20141012013-2014-chateau-lagrange-st-julien-bordeaux","1012013","20141012013"
"Chateau Lagrange","2014","Chateau Lagrange, St Julien, Bordeaux","400","Case of 3 Magnums","https://www.bbr.com/products-20141012013-2014-chateau-lagrange-st-julien-bordeaux","1012013","20141012013"
"Chateau Lagrange","2015","Chateau Lagrange, St Julien, Bordeaux","480","Case of 12 Bottles","https://www.bbr.com/products-20151012013-2015-chateau-lagrange-st-julien-bordeaux","1012013","20151012013"
"Chateau Lagrange","2015","Chateau Lagrange, St Julien, Bordeaux","250","Case of 3 Bottles","https://www.bbr.com/products-20151012013-2015-chateau-lagrange-st-julien-bordeaux","1012013","20151012013"
"Chateau Lagrange","2016","Chateau Lagrange, St Julien, Bordeaux","235","Case of 6 Bottles","https://www.bbr.com/products-20161012013-2016-chateau-lagrange-st-julien-bordeaux","1012013","20161012013"
"Chateau Lagrange","2019","Chateau Lagrange, St Julien, Bordeaux","450","Case of 6 Bottles","https://www.bbr.com/products-20191012013-2019-chateau-lagrange-st-julien-bordeaux","1012013","20191012013"
"Chateau Lagrange","2020","Chateau Lagrange, St Julien, Bordeaux","195","Case of 6 Bottles","https://www.bbr.com/products-20201012013-2020-chateau-lagrange-st-julien-bordeaux","1012013","20201012013"
"Chateau Lagrange","2021","Chateau Lagrange, St Julien, Bordeaux","175","Case of 6 Bottles","https://www.bbr.com/products-20211012013-2021-chateau-lagrange-st-julien-bordeaux","1012013","20211012013"
"Chateau Lagrange","2022","Chateau Lagrange, St Julien, Bordeaux","250","Case of 6 Bottles","https://www.bbr.com/products-20221012013-2022-chateau-lagrange-st-julien-bordeaux","1012013","20221012013"
"Chateau Lagrange","2022","Chateau Lagrange, St Julien, Bordeaux","215","Case of 6 Bottles","https://www.bbr.com/products-20221012013-2022-chateau-lagrange-st-julien-bordeaux","1012013","20221012013"
"Chateau Langoa-Barton","2000","Chateau Langoa Barton, St Julien, Bordeaux","960","Case of 12 Bottles","https://www.bbr.com/products-20001012172-2000-chateau-langoa-barton-st-julien-bordeaux","1012172","20001012172"
"Chateau Langoa-Barton","2003","Chateau Langoa Barton, St Julien, Bordeaux","460","Case of 12 Bottles","https://www.bbr.com/products-20031012172-2003-chateau-langoa-barton-st-julien-bordeaux","1012172","20031012172"
"Chateau Langoa-Barton","2004","Chateau Langoa Barton, St Julien, Bordeaux","550","Case of 12 Bottles","https://www.bbr.com/products-20041012172-2004-chateau-langoa-barton-st-julien-bordeaux","1012172","20041012172"
"Chateau Langoa-Barton","2005","Chateau Langoa Barton, St Julien, Bordeaux","630","Case of 12 Bottles","https://www.bbr.com/products-20051012172-2005-chateau-langoa-barton-st-julien-bordeaux","1012172","20051012172"
"Chateau Langoa-Barton","2009","Chateau Langoa Barton, St Julien, Bordeaux","349","Case of 6 Bottles","https://www.bbr.com/products-20091012172-2009-chateau-langoa-barton-st-julien-bordeaux","1012172","20091012172"
"Chateau Langoa-Barton","2010","Chateau Langoa Barton, St Julien, Bordeaux","565","Case of 12 Bottles","https://www.bbr.com/products-20101012172-2010-chateau-langoa-barton-st-julien-bordeaux","1012172","20101012172"
"Chateau Langoa-Barton","2010","Chateau Langoa Barton, St Julien, Bordeaux","349","Case of 6 Bottles","https://www.bbr.com/products-20101012172-2010-chateau-langoa-barton-st-julien-bordeaux","1012172","20101012172"
"Chateau Langoa-Barton","2011","Chateau Langoa Barton, St Julien, Bordeaux","440","Case of 12 Bottles","https://www.bbr.com/products-20111012172-2011-chateau-langoa-barton-st-julien-bordeaux","1012172","20111012172"
"Chateau Langoa-Barton","2011","Chateau Langoa Barton, St Julien, Bordeaux","220","Case of 6 Bottles","https://www.bbr.com/products-20111012172-2011-chateau-langoa-barton-st-julien-bordeaux","1012172","20111012172"
"Chateau Langoa-Barton","2015","Chateau Langoa Barton, St Julien, Bordeaux","225","Case of 6 Bottles","https://www.bbr.com/products-20151012172-2015-chateau-langoa-barton-st-julien-bordeaux","1012172","20151012172"
"Chateau Langoa-Barton","2017","Chateau Langoa Barton, St Julien, Bordeaux","170","Case of 3 Magnums","https://www.bbr.com/products-20171012172-2017-chateau-langoa-barton-st-julien-bordeaux","1012172","20171012172"
"Chateau Langoa-Barton","2019","Chateau Langoa Barton, St Julien, Bordeaux","240","Case of 6 Bottles","https://www.bbr.com/products-20191012172-2019-chateau-langoa-barton-st-julien-bordeaux","1012172","20191012172"
"Chateau Langoa-Barton","2019","Chateau Langoa Barton, St Julien, Bordeaux","250","Case of 1 Double Magnums","https://www.bbr.com/products-20191012172-2019-chateau-langoa-barton-st-julien-bordeaux","1012172","20191012172"
"Chateau Langoa-Barton","2019","Chateau Langoa Barton, St Julien, Bordeaux","260","Case of 3 Magnums","https://www.bbr.com/products-20191012172-2019-chateau-langoa-barton-st-julien-bordeaux","1012172","20191012172"
"Chateau Langoa-Barton","2020","Chateau Langoa Barton, St Julien, Bordeaux","185","Case of 6 Bottles","https://www.bbr.com/products-20201012172-2020-chateau-langoa-barton-st-julien-bordeaux","1012172","20201012172"
"Chateau Langoa-Barton","2020","Chateau Langoa Barton, St Julien, Bordeaux","180","Case of 6 Bottles","https://www.bbr.com/products-20201012172-2020-chateau-langoa-barton-st-julien-bordeaux","1012172","20201012172"
"Chateau Langoa-Barton","2020","Chateau Langoa Barton, St Julien, Bordeaux","180","Case of 3 Magnums","https://www.bbr.com/products-20201012172-2020-chateau-langoa-barton-st-julien-bordeaux","1012172","20201012172"
"Chateau Langoa-Barton","2021","Chateau Langoa Barton, St Julien, Bordeaux","168","Case of 6 Bottles","https://www.bbr.com/products-20211012172-2021-chateau-langoa-barton-st-julien-bordeaux","1012172","20211012172"
"Chateau Langoa-Barton","2021","Chateau Langoa Barton, St Julien, Bordeaux","170","Case of 6 Bottles","https://www.bbr.com/products-20211012172-2021-chateau-langoa-barton-st-julien-bordeaux","1012172","20211012172"
"Chateau Langoa-Barton","2021","Chateau Langoa Barton, St Julien, Bordeaux","600","Case of 6 Magnums","https://www.bbr.com/products-20211012172-2021-chateau-langoa-barton-st-julien-bordeaux","1012172","20211012172"
"Chateau Langoa-Barton","2022","Chateau Langoa Barton, St Julien, Bordeaux","265","Case of 6 Bottles","https://www.bbr.com/products-20221012172-2022-chateau-langoa-barton-st-julien-bordeaux","1012172","20221012172"
"Chateau Langoa-Barton","2022","Chateau Langoa Barton, St Julien, Bordeaux","205","Case of 6 Bottles","https://www.bbr.com/products-20221012172-2022-chateau-langoa-barton-st-julien-bordeaux","1012172","20221012172"
"Chateau Langoa-Barton","2022","Chateau Langoa Barton, St Julien, Bordeaux","170","Case of 1 Double Magnums","https://www.bbr.com/products-20221012172-2022-chateau-langoa-barton-st-julien-bordeaux","1012172","20221012172"
"Chateau Langoa-Barton","2022","Chateau Langoa Barton, St Julien, Bordeaux","495","Case of 1 Salmanazars","https://www.bbr.com/products-20221012172-2022-chateau-langoa-barton-st-julien-bordeaux","1012172","20221012172"
"Chateau Langoa-Barton","2023","Chateau Langoa Barton, St Julien, Bordeaux","250","Case of 6 Bottles","https://www.bbr.com/products-20231012172-2023-chateau-langoa-barton-st-julien-bordeaux","1012172","20231012172"
"Chateau Larcis Ducasse","2005","Chateau Larcis Ducasse, St Emilion, Bordeaux","2100","Case of 12 Bottles","https://www.bbr.com/products-20051012185-2005-chateau-larcis-ducasse-st-emilion-bordeaux","1012185","20051012185"
"Chateau Larcis Ducasse","2009","Chateau Larcis Ducasse, St Emilion, Bordeaux","985","Case of 12 Bottles","https://www.bbr.com/products-20091012185-2009-chateau-larcis-ducasse-st-emilion-bordeaux","1012185","20091012185"
"Chateau Larcis Ducasse","2010","Chateau Larcis Ducasse, St Emilion, Bordeaux","500","Case of 6 Bottles","https://www.bbr.com/products-20101012185-2010-chateau-larcis-ducasse-st-emilion-bordeaux","1012185","20101012185"
"Chateau Larcis Ducasse","2014","Chateau Larcis Ducasse, St Emilion, Bordeaux","250","Case of 6 Bottles","https://www.bbr.com/products-20141012185-2014-chateau-larcis-ducasse-st-emilion-bordeaux","1012185","20141012185"
"Chateau Larcis Ducasse","2015","Chateau Larcis Ducasse, St Emilion, Bordeaux","330","Case of 6 Bottles","https://www.bbr.com/products-20151012185-2015-chateau-larcis-ducasse-st-emilion-bordeaux","1012185","20151012185"
"Chateau Larcis Ducasse","2015","Chateau Larcis Ducasse, St Emilion, Bordeaux","350","Case of 3 Magnums","https://www.bbr.com/products-20151012185-2015-chateau-larcis-ducasse-st-emilion-bordeaux","1012185","20151012185"
"Chateau Larcis Ducasse","2018","Chateau Larcis Ducasse, St Emilion, Bordeaux","335","Case of 6 Bottles","https://www.bbr.com/products-20181012185-2018-chateau-larcis-ducasse-st-emilion-bordeaux","1012185","20181012185"
"Chateau Larcis Ducasse","2020","Chateau Larcis Ducasse, St Emilion, Bordeaux","515","Case of 6 Bottles","https://www.bbr.com/products-20201012185-2020-chateau-larcis-ducasse-st-emilion-bordeaux","1012185","20201012185"
"Chateau Laroque","2016","Chateau Laroque, St Emilion, Bordeaux","255","Case of 12 Bottles","https://www.bbr.com/products-20161012202-2016-chateau-laroque-st-emilion-bordeaux","1012202","20161012202"
"Chateau Laroque","2016","Chateau Laroque, St Emilion, Bordeaux","148","Case of 6 Bottles","https://www.bbr.com/products-20161012202-2016-chateau-laroque-st-emilion-bordeaux","1012202","20161012202"
"Chateau Laroque","2016","Chateau Laroque, St Emilion, Bordeaux","147","Case of 3 Magnums","https://www.bbr.com/products-20161012202-2016-chateau-laroque-st-emilion-bordeaux","1012202","20161012202"
"Chateau Laroque","2017","Chateau Laroque, St Emilion, Bordeaux","120","Case of 6 Bottles","https://www.bbr.com/products-20171012202-2017-chateau-laroque-st-emilion-bordeaux","1012202","20171012202"
"Chateau Laroque","2017","Chateau Laroque, St Emilion, Bordeaux","120","Case of 3 Magnums","https://www.bbr.com/products-20171012202-2017-chateau-laroque-st-emilion-bordeaux","1012202","20171012202"
"Chateau Laroque","2018","Chateau Laroque, St Emilion, Bordeaux","185","Case of 6 Bottles","https://www.bbr.com/products-20181012202-2018-chateau-laroque-st-emilion-bordeaux","1012202","20181012202"
"Chateau Laroque","2018","Chateau Laroque, St Emilion, Bordeaux","287","Case of 12 Bottles","https://www.bbr.com/products-20181012202-2018-chateau-laroque-st-emilion-bordeaux","1012202","20181012202"
"Chateau Laroque","2018","Chateau Laroque, St Emilion, Bordeaux","110","Case of 6 Bottles","https://www.bbr.com/products-20181012202-2018-chateau-laroque-st-emilion-bordeaux","1012202","20181012202"
"Chateau Laroque","2018","Chateau Laroque, St Emilion, Bordeaux","210","Case of 12 Half Bottles","https://www.bbr.com/products-20181012202-2018-chateau-laroque-st-emilion-bordeaux","1012202","20181012202"
"Chateau Laroque","2018","Chateau Laroque, St Emilion, Bordeaux","160","Case of 3 Magnums","https://www.bbr.com/products-20181012202-2018-chateau-laroque-st-emilion-bordeaux","1012202","20181012202"
"Chateau Laroque","2019","Chateau Laroque, St Emilion, Bordeaux","135","Case of 6 Bottles","https://www.bbr.com/products-20191012202-2019-chateau-laroque-st-emilion-bordeaux","1012202","20191012202"
"Chateau Laroque","2019","Chateau Laroque, St Emilion, Bordeaux","269","Case of 1 Imperials","https://www.bbr.com/products-20191012202-2019-chateau-laroque-st-emilion-bordeaux","1012202","20191012202"
"Chateau Laroque","2019","Chateau Laroque, St Emilion, Bordeaux","135","Case of 3 Magnums","https://www.bbr.com/products-20191012202-2019-chateau-laroque-st-emilion-bordeaux","1012202","20191012202"
"Chateau Laroque","2019","Chateau Laroque, St Emilion, Bordeaux","400","Case of 1 Salmanazars","https://www.bbr.com/products-20191012202-2019-chateau-laroque-st-emilion-bordeaux","1012202","20191012202"
"Chateau Laroque","2020","Chateau Laroque, St Emilion, Bordeaux","110","Case of 6 Bottles","https://www.bbr.com/products-20201012202-2020-chateau-laroque-st-emilion-bordeaux","1012202","20201012202"
"Chateau Laroque","2020","Chateau Laroque, St Emilion, Bordeaux","120","Case of 6 Bottles","https://www.bbr.com/products-20201012202-2020-chateau-laroque-st-emilion-bordeaux","1012202","20201012202"
"Chateau Laroque","2020","Chateau Laroque, St Emilion, Bordeaux","269","Case of 12 Bottles","https://www.bbr.com/products-20201012202-2020-chateau-laroque-st-emilion-bordeaux","1012202","20201012202"
"Chateau Laroque","2020","Chateau Laroque, St Emilion, Bordeaux","165","Case of 12 Half Bottles","https://www.bbr.com/products-20201012202-2020-chateau-laroque-st-emilion-bordeaux","1012202","20201012202"
"Chateau Laroque","2021","Chateau Laroque, St Emilion, Bordeaux","95","Case of 6 Bottles","https://www.bbr.com/products-20211012202-2021-chateau-laroque-st-emilion-bordeaux","1012202","20211012202"
"Chateau Laroque","2021","Chateau Laroque, St Emilion, Bordeaux","150","Case of 12 Half Bottles","https://www.bbr.com/products-20211012202-2021-chateau-laroque-st-emilion-bordeaux","1012202","20211012202"
"Chateau Laroque","2022","Chateau Laroque, St Emilion, Bordeaux","120","Case of 6 Bottles","https://www.bbr.com/products-20221012202-2022-chateau-laroque-st-emilion-bordeaux","1012202","20221012202"
"Chateau Laroque","2022","Chateau Laroque, St Emilion, Bordeaux","145","Case of 6 Bottles","https://www.bbr.com/products-20221012202-2022-chateau-laroque-st-emilion-bordeaux","1012202","20221012202"
"Chateau Laroque","2022","Chateau Laroque, St Emilion, Bordeaux","195","Case of 12 Half Bottles","https://www.bbr.com/products-20221012202-2022-chateau-laroque-st-emilion-bordeaux","1012202","20221012202"
"Chateau Laroque","2023","Chateau Laroque, St Emilion, Bordeaux","108","Case of 6 Bottles","https://www.bbr.com/products-20231012202-2023-chateau-laroque-st-emilion-bordeaux","1012202","20231012202"
"Chateau Laroque","2023","Chateau Laroque, St Emilion, Bordeaux","425","Case of 1 Imperials","https://www.bbr.com/products-20231012202-2023-chateau-laroque-st-emilion-bordeaux","1012202","20231012202"
"Chateau Larrivet Haut-Brion","2009","Chateau Larrivet Haut-Brion, Pessac-Leognan, Bordeaux","395","Case of 12 Bottles","https://www.bbr.com/products-20098123901-2009-chateau-larrivet-haut-brion-pessac-leognan-bordeaux","1012273","20098123901"
"Chateau Larrivet Haut-Brion","2015","Chateau Larrivet Haut-Brion, Pessac-Leognan, Bordeaux","150","Case of 6 Bottles","https://www.bbr.com/products-20158123901-2015-chateau-larrivet-haut-brion-pessac-leognan-bordeaux","1012273","20158123901"
"Chateau Larrivet Haut-Brion","2022","Chateau Larrivet Haut-Brion, Pessac-Leognan, Bordeaux","180","Case of 6 Bottles","https://www.bbr.com/products-20228123901-2022-chateau-larrivet-haut-brion-pessac-leognan-bordeaux","1012273","20228123901"
"Chateau Larrivet Haut-Brion","2022","Chateau Larrivet-Haut-Brion Blanc, Pessac-Leognan, Bordeaux","205","Case of 6 Bottles","https://www.bbr.com/products-20228122946-2022-chateau-larrivet-haut-brion-blanc-pessac-leognan-bordeaux","1017193","20228122946"
"Chateau Lascombes","2004","Chateau Lascombes, Margaux, Bordeaux","625","Case of 12 Bottles","https://www.bbr.com/products-20048123897-2004-chateau-lascombes-margaux-bordeaux","1012299","20048123897"
"Chateau Lascombes","2005","Chateau Lascombes, Margaux, Bordeaux","887","Case of 12 Bottles","https://www.bbr.com/products-20058123897-2005-chateau-lascombes-margaux-bordeaux","1012299","20058123897"
"Chateau Lascombes","2012","Chateau Lascombes, Margaux, Bordeaux","331","Case of 6 Bottles","https://www.bbr.com/products-20128123897-2012-chateau-lascombes-margaux-bordeaux","1012299","20128123897"
"Chateau Lascombes","2014","Chateau Lascombes, Margaux, Bordeaux","290","Case of 6 Bottles","https://www.bbr.com/products-20148123897-2014-chateau-lascombes-margaux-bordeaux","1012299","20148123897"
"Chateau Lassegue","2017","Chateau Lassegue, St Emilion, Bordeaux","135","Case of 6 Bottles","https://www.bbr.com/products-20178037002-2017-chateau-lassegue-st-emilion-bordeaux","1173228","20178037002"
"Chateau Lassegue","2017","Chateau Lassegue, St Emilion, Bordeaux","270","Case of 6 Magnums","https://www.bbr.com/products-20178037002-2017-chateau-lassegue-st-emilion-bordeaux","1173228","20178037002"
"Chateau Lassegue","2020","Chateau Lassegue, St Emilion, Bordeaux","120","Case of 6 Bottles","https://www.bbr.com/products-20208037002-2020-chateau-lassegue-st-emilion-bordeaux","1173228","20208037002"
"Chateau Latour","1995","Chateau Latour, Pauillac, Bordeaux","4800","Case of 12 Bottles","https://www.bbr.com/products-19958006013-1995-chateau-latour-pauillac-bordeaux","1012316","19958006013"
"Chateau Latour","1995","Chateau Latour, Pauillac, Bordeaux","5400","Case of 12 Bottles","https://www.bbr.com/products-19958006013-1995-chateau-latour-pauillac-bordeaux","1012316","19958006013"
"Chateau Latour","1996","Chateau Latour, Pauillac, Bordeaux","5500","Case of 12 Bottles","https://www.bbr.com/products-19968006013-1996-chateau-latour-pauillac-bordeaux","1012316","19968006013"
"Chateau Latour","1996","Chateau Latour, Pauillac, Bordeaux","7500","Case of 12 Bottles","https://www.bbr.com/products-19968006013-1996-chateau-latour-pauillac-bordeaux","1012316","19968006013"
"Chateau Latour","1998","Chateau Latour, Pauillac, Bordeaux","4150","Case of 12 Bottles","https://www.bbr.com/products-19988006013-1998-chateau-latour-pauillac-bordeaux","1012316","19988006013"
"Chateau Latour","2000","Chateau Latour, Pauillac, Bordeaux","6995","Case of 12 Bottles","https://www.bbr.com/products-20008006013-2000-chateau-latour-pauillac-bordeaux","1012316","20008006013"
"Chateau Latour","2000","Chateau Latour, Pauillac, Bordeaux","7200","Case of 12 Bottles","https://www.bbr.com/products-20008006013-2000-chateau-latour-pauillac-bordeaux","1012316","20008006013"
"Chateau Latour","2000","Chateau Latour, Pauillac, Bordeaux","6995","Case of 12 Bottles","https://www.bbr.com/products-20008006013-2000-chateau-latour-pauillac-bordeaux","1012316","20008006013"
"Chateau Latour","2000","Chateau Latour, Pauillac, Bordeaux","9000","Case of 12 Bottles","https://www.bbr.com/products-20008006013-2000-chateau-latour-pauillac-bordeaux","1012316","20008006013"
"Chateau Latour","2001","Chateau Latour, Pauillac, Bordeaux","4100","Case of 12 Bottles","https://www.bbr.com/products-20018006013-2001-chateau-latour-pauillac-bordeaux","1012316","20018006013"
"Chateau Latour","2001","Chateau Latour, Pauillac, Bordeaux","4900","Case of 12 Bottles","https://www.bbr.com/products-20018006013-2001-chateau-latour-pauillac-bordeaux","1012316","20018006013"
"Chateau Latour","2003","Chateau Latour, Pauillac, Bordeaux","6300","Case of 12 Bottles","https://www.bbr.com/products-20038006013-2003-chateau-latour-pauillac-bordeaux","1012316","20038006013"
"Chateau Latour","2003","Chateau Latour, Pauillac, Bordeaux","4000","Case of 6 Bottles","https://www.bbr.com/products-20038006013-2003-chateau-latour-pauillac-bordeaux","1012316","20038006013"
"Chateau Latour","2003","Chateau Latour, Pauillac, Bordeaux","5500","Case of 12 Bottles","https://www.bbr.com/products-20038006013-2003-chateau-latour-pauillac-bordeaux","1012316","20038006013"
"Chateau Latour","2003","Chateau Latour, Pauillac, Bordeaux","5300","Case of 12 Bottles","https://www.bbr.com/products-20038006013-2003-chateau-latour-pauillac-bordeaux","1012316","20038006013"
"Chateau Latour","2003","Chateau Latour, Pauillac, Bordeaux","5495","Case of 12 Bottles","https://www.bbr.com/products-20038006013-2003-chateau-latour-pauillac-bordeaux","1012316","20038006013"
"Chateau Latour","2004","Chateau Latour, Pauillac, Bordeaux","3745","Case of 12 Bottles","https://www.bbr.com/products-20048006013-2004-chateau-latour-pauillac-bordeaux","1012316","20048006013"
"Chateau Latour","2004","Chateau Latour, Pauillac, Bordeaux","3900","Case of 12 Bottles","https://www.bbr.com/products-20048006013-2004-chateau-latour-pauillac-bordeaux","1012316","20048006013"
"Chateau Latour","2005","Chateau Latour, Pauillac, Bordeaux","2500","Case of 3 Bottles","https://www.bbr.com/products-20058006013-2005-chateau-latour-pauillac-bordeaux","1012316","20058006013"
"Chateau Latour","2005","Chateau Latour, Pauillac, Bordeaux","3600","Case of 6 Bottles","https://www.bbr.com/products-20058006013-2005-chateau-latour-pauillac-bordeaux","1012316","20058006013"
"Chateau Latour","2005","Chateau Latour, Pauillac, Bordeaux","6950","Case of 12 Bottles","https://www.bbr.com/products-20058006013-2005-chateau-latour-pauillac-bordeaux","1012316","20058006013"
"Chateau Latour","2005","Chateau Latour, Pauillac, Bordeaux","8500","Case of 12 Bottles","https://www.bbr.com/products-20058006013-2005-chateau-latour-pauillac-bordeaux","1012316","20058006013"
"Chateau Latour","2006","Chateau Latour, Pauillac, Bordeaux","5000","Case of 12 Bottles","https://www.bbr.com/products-20068006013-2006-chateau-latour-pauillac-bordeaux","1012316","20068006013"
"Chateau Latour","2008","Chateau Latour, Pauillac, Bordeaux","4250","Case of 12 Bottles","https://www.bbr.com/products-20088006013-2008-chateau-latour-pauillac-bordeaux","1012316","20088006013"
"Chateau Latour","2008","Chateau Latour, Pauillac, Bordeaux","3800","Case of 12 Bottles","https://www.bbr.com/products-20088006013-2008-chateau-latour-pauillac-bordeaux","1012316","20088006013"
"Chateau Latour","2008","Chateau Latour, Pauillac, Bordeaux","3000","Case of 6 Bottles","https://www.bbr.com/products-20088006013-2008-chateau-latour-pauillac-bordeaux","1012316","20088006013"
"Chateau Latour","2009","Chateau Latour, Pauillac, Bordeaux","5700","Case of 6 Bottles","https://www.bbr.com/products-20098006013-2009-chateau-latour-pauillac-bordeaux","1012316","20098006013"
"Chateau Latour","2009","Chateau Latour, Pauillac, Bordeaux","4000","Case of 6 Bottles","https://www.bbr.com/products-20098006013-2009-chateau-latour-pauillac-bordeaux","1012316","20098006013"
"Chateau Latour","2009","Chateau Latour, Pauillac, Bordeaux","4100","Case of 6 Bottles","https://www.bbr.com/products-20098006013-2009-chateau-latour-pauillac-bordeaux","1012316","20098006013"
"Chateau Latour","2009","Chateau Latour, Pauillac, Bordeaux","2600","Case of 3 Bottles","https://www.bbr.com/products-20098006013-2009-chateau-latour-pauillac-bordeaux","1012316","20098006013"
"Chateau Latour","2009","Chateau Latour, Pauillac, Bordeaux","737","Case of 1 Bottles","https://www.bbr.com/products-20098006013-2009-chateau-latour-pauillac-bordeaux","1012316","20098006013"
"Chateau Latour","2009","Chateau Latour, Pauillac, Bordeaux","3985","Case of 6 Bottles","https://www.bbr.com/products-20098006013-2009-chateau-latour-pauillac-bordeaux","1012316","20098006013"
"Chateau Latour","2009","Chateau Latour, Pauillac, Bordeaux","2400","Case of 3 Bottles","https://www.bbr.com/products-20098006013-2009-chateau-latour-pauillac-bordeaux","1012316","20098006013"
"Chateau Latour","2010","Chateau Latour, Pauillac, Bordeaux","4595","Case of 6 Bottles","https://www.bbr.com/products-20108006013-2010-chateau-latour-pauillac-bordeaux","1012316","20108006013"
"Chateau Latour","2010","Chateau Latour, Pauillac, Bordeaux","6800","Case of 6 Bottles","https://www.bbr.com/products-20108006013-2010-chateau-latour-pauillac-bordeaux","1012316","20108006013"
"Chateau Latour","2010","Chateau Latour, Pauillac, Bordeaux","3000","Case of 3 Bottles","https://www.bbr.com/products-20108006013-2010-chateau-latour-pauillac-bordeaux","1012316","20108006013"
"Chateau Latour","2011","Chateau Latour, Pauillac, Bordeaux","2800","Case of 3 Bottles","https://www.bbr.com/products-20118006013-2011-chateau-latour-pauillac-bordeaux","1012316","20118006013"
"Chateau Latour","2011","Chateau Latour, Pauillac, Bordeaux","1950","Case of 6 Bottles","https://www.bbr.com/products-20118006013-2011-chateau-latour-pauillac-bordeaux","1012316","20118006013"
"Chateau Latour","2012","Chateau Latour, Pauillac, Bordeaux","2350","Case of 6 Bottles","https://www.bbr.com/products-20128006013-2012-chateau-latour-pauillac-bordeaux","1012316","20128006013"
"Chateau Latour","2012","Chateau Latour, Pauillac, Bordeaux","2050","Case of 6 Bottles","https://www.bbr.com/products-20128006013-2012-chateau-latour-pauillac-bordeaux","1012316","20128006013"
"Chateau Latour","2013","Chateau Latour, Pauillac, Bordeaux","2388","Case of 6 Bottles","https://www.bbr.com/products-20138006013-2013-chateau-latour-pauillac-bordeaux","1012316","20138006013"
"Chateau Latour","2014","Chateau Latour, Pauillac, Bordeaux","2650","Case of 6 Bottles","https://www.bbr.com/products-20148006013-2014-chateau-latour-pauillac-bordeaux","1012316","20148006013"
"Chateau Latour","2014","Chateau Latour, Pauillac, Bordeaux","1115","Case of 3 Bottles","https://www.bbr.com/products-20148006013-2014-chateau-latour-pauillac-bordeaux","1012316","20148006013"
"Chateau Latour","2014","Chateau Latour, Pauillac, Bordeaux","2950","Case of 6 Bottles","https://www.bbr.com/products-20148006013-2014-chateau-latour-pauillac-bordeaux","1012316","20148006013"
"Chateau Latour","2014","Chateau Latour, Pauillac, Bordeaux","1000","Case of 1 Magnums","https://www.bbr.com/products-20148006013-2014-chateau-latour-pauillac-bordeaux","1012316","20148006013"
"Chateau Latour","2015","Chateau Latour, Pauillac, Bordeaux","1974","Case of 3 Bottles","https://www.bbr.com/products-20158006013-2015-chateau-latour-pauillac-bordeaux","1012316","20158006013"
"Chateau Latour","2015","Chateau Latour, Pauillac, Bordeaux","1975","Case of 3 Bottles","https://www.bbr.com/products-20158006013-2015-chateau-latour-pauillac-bordeaux","1012316","20158006013"
"Chateau Latour","2016","Chateau Latour, Pauillac, Bordeaux","2224","Case of 3 Bottles","https://www.bbr.com/products-20168006013-2016-chateau-latour-pauillac-bordeaux","1012316","20168006013"
"Chateau Latour","2016","Chateau Latour, Pauillac, Bordeaux","1580","Case of 1 Magnums","https://www.bbr.com/products-20168006013-2016-chateau-latour-pauillac-bordeaux","1012316","20168006013"
"Chateau Latour","2017","Chateau Latour, Pauillac, Bordeaux","990","Case of 3 Bottles","https://www.bbr.com/products-20178006013-2017-chateau-latour-pauillac-bordeaux","1012316","20178006013"
"Chateau Latour-Martillac","2020","Chateau Latour-Martillac Blanc, Pessac-Leognan, Bordeaux","120","Case of 6 Bottles","https://www.bbr.com/products-20201017210-2020-chateau-latour-martillac-blanc-pessac-leognan-bordeaux","1017210","20201017210"
"Chateau Latour-Martillac","2021","Chateau Latour-Martillac Blanc, Pessac-Leognan, Bordeaux","160","Case of 6 Bottles","https://www.bbr.com/products-20211017210-2021-chateau-latour-martillac-blanc-pessac-leognan-bordeaux","1017210","20211017210"
"Chateau Latour-Martillac","2021","Chateau Latour-Martillac, Grapecap 1884, Vin de France","160","Case of 1 Bottles","https://www.bbr.com/products-20218321554-2021-chateau-latour-martillac-grapecap-1884-vin-de-france","3084968","20218321554"
"Chateau Latour-Martillac","2015","Chateau Latour-Martillac, Pessac-Leognan, Bordeaux","350","Case of 12 Bottles","https://www.bbr.com/products-20151012332-2015-chateau-latour-martillac-pessac-leognan-bordeaux","1012332","20151012332"
"Chateau Latour-Martillac","2019","Chateau Latour-Martillac, Pessac-Leognan, Bordeaux","300","Case of 6 Bottles","https://www.bbr.com/products-20191012332-2019-chateau-latour-martillac-pessac-leognan-bordeaux","1012332","20191012332"
"Chateau Latour-Martillac","2020","Chateau Latour-Martillac, Pessac-Leognan, Bordeaux","130","Case of 6 Bottles","https://www.bbr.com/products-20201012332-2020-chateau-latour-martillac-pessac-leognan-bordeaux","1012332","20201012332"
"Chateau Latour-Martillac","2022","Chateau Latour-Martillac, Pessac-Leognan, Bordeaux","300","Case of 6 Bottles","https://www.bbr.com/products-20221012332-2022-chateau-latour-martillac-pessac-leognan-bordeaux","1012332","20221012332"
"Chateau Latour-Martillac","2022","Chateau Latour-Martillac, Pessac-Leognan, Bordeaux","200","Case of 1 Double Magnums","https://www.bbr.com/products-20221012332-2022-chateau-latour-martillac-pessac-leognan-bordeaux","1012332","20221012332"
"Chateau Latour-Martillac","2022","Chateau Latour-Martillac, Pessac-Leognan, Bordeaux","300","Case of 3 Magnums","https://www.bbr.com/products-20221012332-2022-chateau-latour-martillac-pessac-leognan-bordeaux","1012332","20221012332"
"Chateau Latour a Pomerol","2005","Chateau Latour-a-Pomerol, Pomerol, Bordeaux","1272","Case of 12 Bottles","https://www.bbr.com/products-20058123868-2005-chateau-latour-a-pomerol-pomerol-bordeaux","1012345","20058123868"
"Chateau Latour a Pomerol","2008","Chateau Latour-a-Pomerol, Pomerol, Bordeaux","900","Case of 12 Bottles","https://www.bbr.com/products-20088123868-2008-chateau-latour-a-pomerol-pomerol-bordeaux","1012345","20088123868"
"Chateau Latour a Pomerol","2009","Chateau Latour-a-Pomerol, Pomerol, Bordeaux","549","Case of 6 Bottles","https://www.bbr.com/products-20098123868-2009-chateau-latour-a-pomerol-pomerol-bordeaux","1012345","20098123868"
"Chateau Latour a Pomerol","2010","Chateau Latour-a-Pomerol, Pomerol, Bordeaux","876","Case of 12 Bottles","https://www.bbr.com/products-20108123868-2010-chateau-latour-a-pomerol-pomerol-bordeaux","1012345","20108123868"
"Chateau Latour a Pomerol","2010","Chateau Latour-a-Pomerol, Pomerol, Bordeaux","440","Case of 3 Magnums","https://www.bbr.com/products-20108123868-2010-chateau-latour-a-pomerol-pomerol-bordeaux","1012345","20108123868"
"Chateau Latour a Pomerol","2011","Chateau Latour-a-Pomerol, Pomerol, Bordeaux","350","Case of 6 Bottles","https://www.bbr.com/products-20118123868-2011-chateau-latour-a-pomerol-pomerol-bordeaux","1012345","20118123868"
"Chateau Latour a Pomerol","2019","Chateau Latour-a-Pomerol, Pomerol, Bordeaux","310","Case of 6 Bottles","https://www.bbr.com/products-20198123868-2019-chateau-latour-a-pomerol-pomerol-bordeaux","1012345","20198123868"
"Chateau Latour a Pomerol","2020","Chateau Latour-a-Pomerol, Pomerol, Bordeaux","250","Case of 6 Bottles","https://www.bbr.com/products-20208123868-2020-chateau-latour-a-pomerol-pomerol-bordeaux","1012345","20208123868"
"Chateau Le Bon Pasteur","1998","Chateau Le Bon Pasteur, Pomerol, Bordeaux","970","Case of 12 Bottles","https://www.bbr.com/products-19988125093-1998-chateau-le-bon-pasteur-pomerol-bordeaux","1007156","19988125093"
"Chateau Le Bon Pasteur","2009","Chateau Le Bon Pasteur, Pomerol, Bordeaux","1000","Case of 12 Bottles","https://www.bbr.com/products-20098125093-2009-chateau-le-bon-pasteur-pomerol-bordeaux","1007156","20098125093"
"Chateau Le Crock","2003","Chateau Le Crock, St Estephe, Bordeaux","300","Case of 12 Bottles","https://www.bbr.com/products-20038015398-2003-chateau-le-crock-st-estephe-bordeaux","1008948","20038015398"
"Chateau Le Crock","2010","Chateau Le Crock, St Estephe, Bordeaux","280","Case of 12 Bottles","https://www.bbr.com/products-20108015398-2010-chateau-le-crock-st-estephe-bordeaux","1008948","20108015398"
"Chateau le Gay","2015","Chateau Le Gay, Pomerol, Bordeaux","450","Case of 6 Bottles","https://www.bbr.com/products-20158124302-2015-chateau-le-gay-pomerol-bordeaux","1010497","20158124302"
"Chateau le Gay","2018","Chateau Le Gay, Pomerol, Bordeaux","624","Case of 6 Bottles","https://www.bbr.com/products-20188124302-2018-chateau-le-gay-pomerol-bordeaux","1010497","20188124302"
"Chateau le Gay","2019","Chateau Le Gay, Pomerol, Bordeaux","380","Case of 6 Bottles","https://www.bbr.com/products-20198124302-2019-chateau-le-gay-pomerol-bordeaux","1010497","20198124302"
"Chateau Le Prieure, Saint-Emilion","2020","Chateau Le Prieure, St Emilion, Bordeaux","425","Case of 6 Bottles","https://www.bbr.com/products-20208145833-2020-chateau-le-prieure-st-emilion-bordeaux","1014424","20208145833"
"Chateau Le Prieure, Saint-Emilion","2021","Chateau Le Prieure, St Emilion, Bordeaux","170","Case of 6 Bottles","https://www.bbr.com/products-20218145833-2021-chateau-le-prieure-st-emilion-bordeaux","1014424","20218145833"
"Chateau les Carmes Haut-Brion","","Chateau Les Carmes Haut -Brion, Elements III (2017 to 2019) Three-Magnum Assortment Case","4500","Case of 1 Mixed Cases","https://www.bbr.com/products-10008233651-chateau-les-carmes-haut-brion-elements-iii-2017-to-2019-three-magnum-assortment-case","2224859","10008233651"
"Chateau les Carmes Haut-Brion","","Chateau Les Carmes Haut-Brion, Elements VI (2013 to 2018) Six-Bottle Assortment Case","3580","Case of 1 6 Bottle Assortments","https://www.bbr.com/products-10008233664-chateau-les-carmes-haut-brion-elements-vi-2013-to-2018-six-bottle-assortment-case","2225713","10008233664"
"Chateau Lilian Ladouys","2017","Chateau Lilian Ladouys, St Estephe, Bordeaux","80","Case of 6 Bottles","https://www.bbr.com/products-20178123855-2017-chateau-lilian-ladouys-st-estephe-bordeaux","1012459","20178123855"
"Chateau Lynch-Bages","1996","Chateau Lynch-Bages, Pauillac, Bordeaux","1600","Case of 12 Bottles","https://www.bbr.com/products-19968004817-1996-chateau-lynch-bages-pauillac-bordeaux","1012576","19968004817"
"Chateau Lynch-Bages","1996","Chateau Lynch-Bages, Pauillac, Bordeaux","1625","Case of 12 Bottles","https://www.bbr.com/products-19968004817-1996-chateau-lynch-bages-pauillac-bordeaux","1012576","19968004817"
"Chateau Lynch-Bages","2000","Chateau Lynch-Bages, Pauillac, Bordeaux","2350","Case of 12 Bottles","https://www.bbr.com/products-20008004817-2000-chateau-lynch-bages-pauillac-bordeaux","1012576","20008004817"
"Chateau Lynch-Bages","2000","Chateau Lynch-Bages, Pauillac, Bordeaux","1995","Case of 12 Bottles","https://www.bbr.com/products-20008004817-2000-chateau-lynch-bages-pauillac-bordeaux","1012576","20008004817"
"Chateau Lynch-Bages","2000","Chateau Lynch-Bages, Pauillac, Bordeaux","1220","Case of 6 Bottles","https://www.bbr.com/products-20008004817-2000-chateau-lynch-bages-pauillac-bordeaux","1012576","20008004817"
"Chateau Lynch-Bages","2000","Chateau Lynch-Bages, Pauillac, Bordeaux","1990","Case of 12 Bottles","https://www.bbr.com/products-20008004817-2000-chateau-lynch-bages-pauillac-bordeaux","1012576","20008004817"
"Chateau Lynch-Bages","2000","Chateau Lynch-Bages, Pauillac, Bordeaux","1300","Case of 1 Double Magnums","https://www.bbr.com/products-20008004817-2000-chateau-lynch-bages-pauillac-bordeaux","1012576","20008004817"
"Chateau Lynch-Bages","2005","Chateau Lynch-Bages, Pauillac, Bordeaux","1350","Case of 12 Bottles","https://www.bbr.com/products-20058004817-2005-chateau-lynch-bages-pauillac-bordeaux","1012576","20058004817"
"Chateau Lynch-Bages","2005","Chateau Lynch-Bages, Pauillac, Bordeaux","1320","Case of 12 Bottles","https://www.bbr.com/products-20058004817-2005-chateau-lynch-bages-pauillac-bordeaux","1012576","20058004817"
"Chateau Lynch-Bages","2005","Chateau Lynch-Bages, Pauillac, Bordeaux","1499","Case of 1 Imperials","https://www.bbr.com/products-20058004817-2005-chateau-lynch-bages-pauillac-bordeaux","1012576","20058004817"
"Chateau Lynch-Bages","2005","Chateau Lynch-Bages, Pauillac, Bordeaux","2800","Case of 6 Magnums","https://www.bbr.com/products-20058004817-2005-chateau-lynch-bages-pauillac-bordeaux","1012576","20058004817"
"Chateau Lynch-Bages","2006","Chateau Lynch-Bages, Pauillac, Bordeaux","930","Case of 12 Bottles","https://www.bbr.com/products-20068004817-2006-chateau-lynch-bages-pauillac-bordeaux","1012576","20068004817"
"Chateau Lynch-Bages","2006","Chateau Lynch-Bages, Pauillac, Bordeaux","950","Case of 12 Bottles","https://www.bbr.com/products-20068004817-2006-chateau-lynch-bages-pauillac-bordeaux","1012576","20068004817"
"Chateau Lynch-Bages","2006","Chateau Lynch-Bages, Pauillac, Bordeaux","920","Case of 3 Double Magnums","https://www.bbr.com/products-20068004817-2006-chateau-lynch-bages-pauillac-bordeaux","1012576","20068004817"
"Chateau Lynch-Bages","2007","Chateau Lynch-Bages, Pauillac, Bordeaux","888","Case of 12 Bottles","https://www.bbr.com/products-20078004817-2007-chateau-lynch-bages-pauillac-bordeaux","1012576","20078004817"
"Chateau Lynch-Bages","2008","Chateau Lynch-Bages, Pauillac, Bordeaux","999","Case of 12 Bottles","https://www.bbr.com/products-20088004817-2008-chateau-lynch-bages-pauillac-bordeaux","1012576","20088004817"
"Chateau Lynch-Bages","2008","Chateau Lynch-Bages, Pauillac, Bordeaux","598","Case of 6 Bottles","https://www.bbr.com/products-20088004817-2008-chateau-lynch-bages-pauillac-bordeaux","1012576","20088004817"
"Chateau Lynch-Bages","2008","Chateau Lynch-Bages, Pauillac, Bordeaux","1046","Case of 12 Bottles","https://www.bbr.com/products-20088004817-2008-chateau-lynch-bages-pauillac-bordeaux","1012576","20088004817"
"Chateau Lynch-Bages","2008","Chateau Lynch-Bages, Pauillac, Bordeaux","925","Case of 12 Bottles","https://www.bbr.com/products-20088004817-2008-chateau-lynch-bages-pauillac-bordeaux","1012576","20088004817"
"Chateau Lynch-Bages","2008","Chateau Lynch-Bages, Pauillac, Bordeaux","940","Case of 12 Bottles","https://www.bbr.com/products-20088004817-2008-chateau-lynch-bages-pauillac-bordeaux","1012576","20088004817"
"Chateau Lynch-Bages","2008","Chateau Lynch-Bages, Pauillac, Bordeaux","990","Case of 12 Bottles","https://www.bbr.com/products-20088004817-2008-chateau-lynch-bages-pauillac-bordeaux","1012576","20088004817"
"Chateau Lynch-Bages","2009","Chateau Lynch-Bages, Pauillac, Bordeaux","1349","Case of 12 Bottles","https://www.bbr.com/products-20098004817-2009-chateau-lynch-bages-pauillac-bordeaux","1012576","20098004817"
"Chateau Lynch-Bages","2009","Chateau Lynch-Bages, Pauillac, Bordeaux","793","Case of 6 Bottles","https://www.bbr.com/products-20098004817-2009-chateau-lynch-bages-pauillac-bordeaux","1012576","20098004817"
"Chateau Lynch-Bages","2009","Chateau Lynch-Bages, Pauillac, Bordeaux","700","Case of 6 Bottles","https://www.bbr.com/products-20098004817-2009-chateau-lynch-bages-pauillac-bordeaux","1012576","20098004817"
"Chateau Lynch-Bages","2009","Chateau Lynch-Bages, Pauillac, Bordeaux","1350","Case of 12 Bottles","https://www.bbr.com/products-20098004817-2009-chateau-lynch-bages-pauillac-bordeaux","1012576","20098004817"
"Chateau Lynch-Bages","2009","Chateau Lynch-Bages, Pauillac, Bordeaux","1000","Case of 6 Bottles","https://www.bbr.com/products-20098004817-2009-chateau-lynch-bages-pauillac-bordeaux","1012576","20098004817"
"Chateau Lynch-Bages","2009","Chateau Lynch-Bages, Pauillac, Bordeaux","1500","Case of 6 Magnums","https://www.bbr.com/products-20098004817-2009-chateau-lynch-bages-pauillac-bordeaux","1012576","20098004817"
"Chateau Lynch-Bages","2009","Chateau Lynch-Bages, Pauillac, Bordeaux","2000","Case of 1 Salmanazars","https://www.bbr.com/products-20098004817-2009-chateau-lynch-bages-pauillac-bordeaux","1012576","20098004817"
"Chateau Lynch-Bages","2010","Chateau Lynch-Bages, Pauillac, Bordeaux","665","Case of 6 Bottles","https://www.bbr.com/products-20108004817-2010-chateau-lynch-bages-pauillac-bordeaux","1012576","20108004817"
"Chateau Lynch-Bages","2010","Chateau Lynch-Bages, Pauillac, Bordeaux","1390","Case of 12 Bottles","https://www.bbr.com/products-20108004817-2010-chateau-lynch-bages-pauillac-bordeaux","1012576","20108004817"
"Chateau Lynch-Bages","2010","Chateau Lynch-Bages, Pauillac, Bordeaux","1600","Case of 12 Bottles","https://www.bbr.com/products-20108004817-2010-chateau-lynch-bages-pauillac-bordeaux","1012576","20108004817"
"Chateau Lynch-Bages","2010","Chateau Lynch-Bages, Pauillac, Bordeaux","1320","Case of 12 Bottles","https://www.bbr.com/products-20108004817-2010-chateau-lynch-bages-pauillac-bordeaux","1012576","20108004817"
"Chateau Lynch-Bages","2011","Chateau Lynch-Bages, Pauillac, Bordeaux","425","Case of 6 Bottles","https://www.bbr.com/products-20118004817-2011-chateau-lynch-bages-pauillac-bordeaux","1012576","20118004817"
"Chateau Lynch-Bages","2011","Chateau Lynch-Bages, Pauillac, Bordeaux","480","Case of 3 Magnums","https://www.bbr.com/products-20118004817-2011-chateau-lynch-bages-pauillac-bordeaux","1012576","20118004817"
"Chateau Lynch-Bages","2012","Chateau Lynch-Bages, Pauillac, Bordeaux","444","Case of 6 Bottles","https://www.bbr.com/products-20128004817-2012-chateau-lynch-bages-pauillac-bordeaux","1012576","20128004817"
"Chateau Lynch-Bages","2012","Chateau Lynch-Bages, Pauillac, Bordeaux","470","Case of 3 Magnums","https://www.bbr.com/products-20128004817-2012-chateau-lynch-bages-pauillac-bordeaux","1012576","20128004817"
"Chateau Lynch-Bages","2013","Chateau Lynch-Bages, Pauillac, Bordeaux","408","Case of 6 Bottles","https://www.bbr.com/products-20138004817-2013-chateau-lynch-bages-pauillac-bordeaux","1012576","20138004817"
"Chateau Lynch-Bages","2013","Chateau Lynch-Bages, Pauillac, Bordeaux","460","Case of 12 Half Bottles","https://www.bbr.com/products-20138004817-2013-chateau-lynch-bages-pauillac-bordeaux","1012576","20138004817"
"Chateau Lynch-Bages","2014","Chateau Lynch-Bages, Pauillac, Bordeaux","925","Case of 12 Bottles","https://www.bbr.com/products-20148004817-2014-chateau-lynch-bages-pauillac-bordeaux","1012576","20148004817"
"Chateau Lynch-Bages","2014","Chateau Lynch-Bages, Pauillac, Bordeaux","440","Case of 6 Bottles","https://www.bbr.com/products-20148004817-2014-chateau-lynch-bages-pauillac-bordeaux","1012576","20148004817"
"Chateau Lynch-Bages","2014","Chateau Lynch-Bages, Pauillac, Bordeaux","445","Case of 6 Bottles","https://www.bbr.com/products-20148004817-2014-chateau-lynch-bages-pauillac-bordeaux","1012576","20148004817"
"Chateau Lynch-Bages","2015","Chateau Lynch-Bages, Pauillac, Bordeaux","480","Case of 6 Bottles","https://www.bbr.com/products-20158004817-2015-chateau-lynch-bages-pauillac-bordeaux","1012576","20158004817"
"Chateau Lynch-Bages","2016","Chateau Lynch-Bages, Pauillac, Bordeaux","1200","Case of 12 Bottles","https://www.bbr.com/products-20168004817-2016-chateau-lynch-bages-pauillac-bordeaux","1012576","20168004817"
"Chateau Lynch-Bages","2016","Chateau Lynch-Bages, Pauillac, Bordeaux","660","Case of 6 Bottles","https://www.bbr.com/products-20168004817-2016-chateau-lynch-bages-pauillac-bordeaux","1012576","20168004817"
"Chateau Lynch-Bages","2016","Chateau Lynch-Bages, Pauillac, Bordeaux","670","Case of 6 Bottles","https://www.bbr.com/products-20168004817-2016-chateau-lynch-bages-pauillac-bordeaux","1012576","20168004817"
"Chateau Lynch-Bages","2016","Chateau Lynch-Bages, Pauillac, Bordeaux","600","Case of 6 Bottles","https://www.bbr.com/products-20168004817-2016-chateau-lynch-bages-pauillac-bordeaux","1012576","20168004817"
"Chateau Lynch-Bages","2017","Chateau Lynch-Bages, Pauillac, Bordeaux","440","Case of 6 Bottles","https://www.bbr.com/products-20178004817-2017-chateau-lynch-bages-pauillac-bordeaux","1012576","20178004817"
"Chateau Lynch-Bages","2017","Chateau Lynch-Bages, Pauillac, Bordeaux","395","Case of 6 Bottles","https://www.bbr.com/products-20178004817-2017-chateau-lynch-bages-pauillac-bordeaux","1012576","20178004817"
"Chateau Lynch-Bages","2017","Chateau Lynch-Bages, Pauillac, Bordeaux","490","Case of 12 Half Bottles","https://www.bbr.com/products-20178004817-2017-chateau-lynch-bages-pauillac-bordeaux","1012576","20178004817"
"Chateau Lynch-Bages","2017","Chateau Lynch-Bages, Pauillac, Bordeaux","600","Case of 1 Imperials","https://www.bbr.com/products-20178004817-2017-chateau-lynch-bages-pauillac-bordeaux","1012576","20178004817"
"Chateau Lynch-Bages","2018","Chateau Lynch-Bages, Pauillac, Bordeaux","410","Case of 6 Bottles","https://www.bbr.com/products-20188004817-2018-chateau-lynch-bages-pauillac-bordeaux","1012576","20188004817"
"Chateau Lynch-Bages","2018","Chateau Lynch-Bages, Pauillac, Bordeaux","450","Case of 6 Bottles","https://www.bbr.com/products-20188004817-2018-chateau-lynch-bages-pauillac-bordeaux","1012576","20188004817"
"Chateau Lynch-Bages","2019","Chateau Lynch-Bages, Pauillac, Bordeaux","430","Case of 6 Bottles","https://www.bbr.com/products-20198004817-2019-chateau-lynch-bages-pauillac-bordeaux","1012576","20198004817"
"Chateau Lynch-Bages","2019","Chateau Lynch-Bages, Pauillac, Bordeaux","465","Case of 3 Magnums","https://www.bbr.com/products-20198004817-2019-chateau-lynch-bages-pauillac-bordeaux","1012576","20198004817"
"Chateau Lynch-Bages","2020","Chateau Lynch-Bages, Pauillac, Bordeaux","450","Case of 6 Bottles","https://www.bbr.com/products-20208004817-2020-chateau-lynch-bages-pauillac-bordeaux","1012576","20208004817"
"Chateau Lynch-Bages","2020","Chateau Lynch-Bages, Pauillac, Bordeaux","425","Case of 6 Bottles","https://www.bbr.com/products-20208004817-2020-chateau-lynch-bages-pauillac-bordeaux","1012576","20208004817"
"Chateau Lynch-Bages","2020","Chateau Lynch-Bages, Pauillac, Bordeaux","1000","Case of 3 Magnums","https://www.bbr.com/products-20208004817-2020-chateau-lynch-bages-pauillac-bordeaux","1012576","20208004817"
"Chateau Lynch-Bages","2021","Chateau Lynch-Bages, Pauillac, Bordeaux","395","Case of 6 Bottles","https://www.bbr.com/products-20218004817-2021-chateau-lynch-bages-pauillac-bordeaux","1012576","20218004817"
"Chateau Lynch-Bages","2021","Chateau Lynch-Bages, Pauillac, Bordeaux","775","Case of 3 Magnums","https://www.bbr.com/products-20218004817-2021-chateau-lynch-bages-pauillac-bordeaux","1012576","20218004817"
"Chateau Lynch-Bages","2021","Chateau Lynch-Bages, Pauillac, Bordeaux","150","Case of 1 Magnums","https://www.bbr.com/products-20218004817-2021-chateau-lynch-bages-pauillac-bordeaux","1012576","20218004817"
"Chateau Lynch-Bages","2022","Chateau Lynch-Bages, Pauillac, Bordeaux","635","Case of 6 Bottles","https://www.bbr.com/products-20228004817-2022-chateau-lynch-bages-pauillac-bordeaux","1012576","20228004817"
"Chateau Lynch-Bages","2022","Chateau Lynch-Bages, Pauillac, Bordeaux","200","Case of 1 Magnums","https://www.bbr.com/products-20228004817-2022-chateau-lynch-bages-pauillac-bordeaux","1012576","20228004817"
"Chateau Lynch-Bages","2023","Chateau Lynch-Bages, Pauillac, Bordeaux","499","Case of 6 Bottles","https://www.bbr.com/products-20238004817-2023-chateau-lynch-bages-pauillac-bordeaux","1012576","20238004817"
"Chateau Lynch-Bages","2023","Chateau Lynch-Bages, Pauillac, Bordeaux","400","Case of 12 Half Bottles","https://www.bbr.com/products-20238004817-2023-chateau-lynch-bages-pauillac-bordeaux","1012576","20238004817"
"Chateau Lynch-Moussas","2016","Chateau Lynch-Moussas, Pauillac, Bordeaux","645","Case of 12 Bottles","https://www.bbr.com/products-20168123842-2016-chateau-lynch-moussas-pauillac-bordeaux","1012589","20168123842"
"Chateau Lynch-Moussas","2019","Chateau Lynch-Moussas, Pauillac, Bordeaux","155","Case of 6 Bottles","https://www.bbr.com/products-20198123842-2019-chateau-lynch-moussas-pauillac-bordeaux","1012589","20198123842"
"Chateau Lynch-Moussas","2020","Chateau Lynch-Moussas, Pauillac, Bordeaux","200","Case of 6 Bottles","https://www.bbr.com/products-20208123842-2020-chateau-lynch-moussas-pauillac-bordeaux","1012589","20208123842"
"Chateau Lynch-Moussas","2022","Chateau Lynch-Moussas, Pauillac, Bordeaux","220","Case of 1 Double Magnums","https://www.bbr.com/products-20228123842-2022-chateau-lynch-moussas-pauillac-bordeaux","1012589","20228123842"
"Chateau Lynch-Moussas","2022","Chateau Lynch-Moussas, Pauillac, Bordeaux","280","Case of 3 Magnums","https://www.bbr.com/products-20228123842-2022-chateau-lynch-moussas-pauillac-bordeaux","1012589","20228123842"
"Chateau Leoville Barton","2001","Chateau Leoville Barton, St Julien, Bordeaux","770","Case of 12 Bottles","https://www.bbr.com/products-20011012361-2001-chateau-leoville-barton-st-julien-bordeaux","1012361","20011012361"
"Chateau Leoville Barton","2005","Chateau Leoville Barton, St Julien, Bordeaux","620","Case of 6 Bottles","https://www.bbr.com/products-20051012361-2005-chateau-leoville-barton-st-julien-bordeaux","1012361","20051012361"
"Chateau Leoville Barton","2005","Chateau Leoville Barton, St Julien, Bordeaux","1140","Case of 12 Bottles","https://www.bbr.com/products-20051012361-2005-chateau-leoville-barton-st-julien-bordeaux","1012361","20051012361"
"Chateau Leoville Barton","2006","Chateau Leoville Barton, St Julien, Bordeaux","625","Case of 12 Bottles","https://www.bbr.com/products-20061012361-2006-chateau-leoville-barton-st-julien-bordeaux","1012361","20061012361"
"Chateau Leoville Barton","2006","Chateau Leoville Barton, St Julien, Bordeaux","620","Case of 12 Bottles","https://www.bbr.com/products-20061012361-2006-chateau-leoville-barton-st-julien-bordeaux","1012361","20061012361"
"Chateau Leoville Barton","2008","Chateau Leoville Barton, St Julien, Bordeaux","625","Case of 12 Bottles","https://www.bbr.com/products-20081012361-2008-chateau-leoville-barton-st-julien-bordeaux","1012361","20081012361"
"Chateau Leoville Barton","2008","Chateau Leoville Barton, St Julien, Bordeaux","750","Case of 6 Magnums","https://www.bbr.com/products-20081012361-2008-chateau-leoville-barton-st-julien-bordeaux","1012361","20081012361"
"Chateau Leoville Barton","2009","Chateau Leoville Barton, St Julien, Bordeaux","510","Case of 6 Bottles","https://www.bbr.com/products-20091012361-2009-chateau-leoville-barton-st-julien-bordeaux","1012361","20091012361"
"Chateau Leoville Barton","2009","Chateau Leoville Barton, St Julien, Bordeaux","1000","Case of 12 Bottles","https://www.bbr.com/products-20091012361-2009-chateau-leoville-barton-st-julien-bordeaux","1012361","20091012361"
"Chateau Leoville Barton","2010","Chateau Leoville Barton, St Julien, Bordeaux","615","Case of 6 Bottles","https://www.bbr.com/products-20101012361-2010-chateau-leoville-barton-st-julien-bordeaux","1012361","20101012361"
"Chateau Leoville Barton","2010","Chateau Leoville Barton, St Julien, Bordeaux","599","Case of 6 Bottles","https://www.bbr.com/products-20101012361-2010-chateau-leoville-barton-st-julien-bordeaux","1012361","20101012361"
"Chateau Leoville Barton","2011","Chateau Leoville Barton, St Julien, Bordeaux","595","Case of 12 Bottles","https://www.bbr.com/products-20111012361-2011-chateau-leoville-barton-st-julien-bordeaux","1012361","20111012361"
"Chateau Leoville Barton","2013","Chateau Leoville Barton, St Julien, Bordeaux","325","Case of 6 Bottles","https://www.bbr.com/products-20131012361-2013-chateau-leoville-barton-st-julien-bordeaux","1012361","20131012361"
"Chateau Leoville Barton","2013","Chateau Leoville Barton, St Julien, Bordeaux","338","Case of 6 Bottles","https://www.bbr.com/products-20131012361-2013-chateau-leoville-barton-st-julien-bordeaux","1012361","20131012361"
"Chateau Leoville Barton","2014","Chateau Leoville Barton, St Julien, Bordeaux","288","Case of 6 Bottles","https://www.bbr.com/products-20141012361-2014-chateau-leoville-barton-st-julien-bordeaux","1012361","20141012361"
"Chateau Leoville Barton","2014","Chateau Leoville Barton, St Julien, Bordeaux","345","Case of 3 Magnums","https://www.bbr.com/products-20141012361-2014-chateau-leoville-barton-st-julien-bordeaux","1012361","20141012361"
"Chateau Leoville Barton","2015","Chateau Leoville Barton, St Julien, Bordeaux","375","Case of 6 Bottles","https://www.bbr.com/products-20151012361-2015-chateau-leoville-barton-st-julien-bordeaux","1012361","20151012361"
"Chateau Leoville Barton","2016","Chateau Leoville Barton, St Julien, Bordeaux","432","Case of 6 Bottles","https://www.bbr.com/products-20161012361-2016-chateau-leoville-barton-st-julien-bordeaux","1012361","20161012361"
"Chateau Leoville Barton","2017","Chateau Leoville Barton, St Julien, Bordeaux","255","Case of 6 Bottles","https://www.bbr.com/products-20171012361-2017-chateau-leoville-barton-st-julien-bordeaux","1012361","20171012361"
"Chateau Leoville Barton","2017","Chateau Leoville Barton, St Julien, Bordeaux","270","Case of 3 Magnums","https://www.bbr.com/products-20171012361-2017-chateau-leoville-barton-st-julien-bordeaux","1012361","20171012361"
"Chateau Leoville Barton","2017","Chateau Leoville Barton, St Julien, Bordeaux","275","Case of 3 Magnums","https://www.bbr.com/products-20171012361-2017-chateau-leoville-barton-st-julien-bordeaux","1012361","20171012361"
"Chateau Leoville Barton","2018","Chateau Leoville Barton, St Julien, Bordeaux","300","Case of 6 Bottles","https://www.bbr.com/products-20181012361-2018-chateau-leoville-barton-st-julien-bordeaux","1012361","20181012361"
"Chateau Leoville Barton","2019","Chateau Leoville Barton, St Julien, Bordeaux","400","Case of 6 Bottles","https://www.bbr.com/products-20191012361-2019-chateau-leoville-barton-st-julien-bordeaux","1012361","20191012361"
"Chateau Leoville Barton","2019","Chateau Leoville Barton, St Julien, Bordeaux","850","Case of 1 Imperials","https://www.bbr.com/products-20191012361-2019-chateau-leoville-barton-st-julien-bordeaux","1012361","20191012361"
"Chateau Leoville Barton","2019","Chateau Leoville Barton, St Julien, Bordeaux","380","Case of 3 Magnums","https://www.bbr.com/products-20191012361-2019-chateau-leoville-barton-st-julien-bordeaux","1012361","20191012361"
"Chateau Leoville Barton","2020","Chateau Leoville Barton, St Julien, Bordeaux","330","Case of 6 Bottles","https://www.bbr.com/products-20201012361-2020-chateau-leoville-barton-st-julien-bordeaux","1012361","20201012361"
"Chateau Leoville Barton","2021","Chateau Leoville Barton, St Julien, Bordeaux","380","Case of 6 Bottles","https://www.bbr.com/products-20211012361-2021-chateau-leoville-barton-st-julien-bordeaux","1012361","20211012361"
"Chateau Leoville Barton","2021","Chateau Leoville Barton, St Julien, Bordeaux","500","Case of 12 Bottles","https://www.bbr.com/products-20211012361-2021-chateau-leoville-barton-st-julien-bordeaux","1012361","20211012361"
"Chateau Leoville Barton","2021","Chateau Leoville Barton, St Julien, Bordeaux","275","Case of 6 Bottles","https://www.bbr.com/products-20211012361-2021-chateau-leoville-barton-st-julien-bordeaux","1012361","20211012361"
"Chateau Leoville Barton","2021","Chateau Leoville Barton, St Julien, Bordeaux","450","Case of 3 Magnums","https://www.bbr.com/products-20211012361-2021-chateau-leoville-barton-st-julien-bordeaux","1012361","20211012361"
"Chateau Leoville Barton","2022","Chateau Leoville Barton, St Julien, Bordeaux","375","Case of 3 Magnums","https://www.bbr.com/products-20221012361-2022-chateau-leoville-barton-st-julien-bordeaux","1012361","20221012361"
"Chateau Leoville Las Cases","1996","Chateau Leoville Las Cases, St Julien, Bordeaux","2750","Case of 12 Bottles","https://www.bbr.com/products-19968007922-1996-chateau-leoville-las-cases-st-julien-bordeaux","1012374","19968007922"
"Chateau Leoville Las Cases","1998","Chateau Leoville Las Cases, St Julien, Bordeaux","2080","Case of 12 Bottles","https://www.bbr.com/products-19988007922-1998-chateau-leoville-las-cases-st-julien-bordeaux","1012374","19988007922"
"Chateau Leoville Las Cases","2000","Chateau Leoville Las Cases, St Julien, Bordeaux","2500","Case of 12 Bottles","https://www.bbr.com/products-20008007922-2000-chateau-leoville-las-cases-st-julien-bordeaux","1012374","20008007922"
"Chateau Leoville Las Cases","2000","Chateau Leoville Las Cases, St Julien, Bordeaux","2545","Case of 12 Bottles","https://www.bbr.com/products-20008007922-2000-chateau-leoville-las-cases-st-julien-bordeaux","1012374","20008007922"
"Chateau Leoville Las Cases","2001","Chateau Leoville Las Cases, St Julien, Bordeaux","1800","Case of 12 Bottles","https://www.bbr.com/products-20018007922-2001-chateau-leoville-las-cases-st-julien-bordeaux","1012374","20018007922"
"Chateau Leoville Las Cases","2002","Chateau Leoville Las Cases, St Julien, Bordeaux","1650","Case of 12 Bottles","https://www.bbr.com/products-20028007922-2002-chateau-leoville-las-cases-st-julien-bordeaux","1012374","20028007922"
"Chateau Leoville Las Cases","2002","Chateau Leoville Las Cases, St Julien, Bordeaux","800","Case of 6 Bottles","https://www.bbr.com/products-20028007922-2002-chateau-leoville-las-cases-st-julien-bordeaux","1012374","20028007922"
"Chateau Leoville Las Cases","2005","Chateau Leoville Las Cases, St Julien, Bordeaux","2100","Case of 12 Bottles","https://www.bbr.com/products-20058007922-2005-chateau-leoville-las-cases-st-julien-bordeaux","1012374","20058007922"
"Chateau Leoville Las Cases","2006","Chateau Leoville Las Cases, St Julien, Bordeaux","1275","Case of 12 Bottles","https://www.bbr.com/products-20068007922-2006-chateau-leoville-las-cases-st-julien-bordeaux","1012374","20068007922"
"Chateau Leoville Las Cases","2008","Chateau Leoville Las Cases, St Julien, Bordeaux","950","Case of 6 Bottles","https://www.bbr.com/products-20088007922-2008-chateau-leoville-las-cases-st-julien-bordeaux","1012374","20088007922"
"Chateau Leoville Las Cases","2008","Chateau Leoville Las Cases, St Julien, Bordeaux","1459","Case of 12 Bottles","https://www.bbr.com/products-20088007922-2008-chateau-leoville-las-cases-st-julien-bordeaux","1012374","20088007922"
"Chateau Leoville Las Cases","2008","Chateau Leoville Las Cases, St Julien, Bordeaux","1250","Case of 12 Bottles","https://www.bbr.com/products-20088007922-2008-chateau-leoville-las-cases-st-julien-bordeaux","1012374","20088007922"
"Chateau Leoville Las Cases","2008","Chateau Leoville Las Cases, St Julien, Bordeaux","1421","Case of 6 Magnums","https://www.bbr.com/products-20088007922-2008-chateau-leoville-las-cases-st-julien-bordeaux","1012374","20088007922"
"Chateau Leoville Las Cases","2009","Chateau Leoville Las Cases, St Julien, Bordeaux","1000","Case of 6 Bottles","https://www.bbr.com/products-20098007922-2009-chateau-leoville-las-cases-st-julien-bordeaux","1012374","20098007922"
"Chateau Leoville Las Cases","2009","Chateau Leoville Las Cases, St Julien, Bordeaux","1020","Case of 6 Bottles","https://www.bbr.com/products-20098007922-2009-chateau-leoville-las-cases-st-julien-bordeaux","1012374","20098007922"
"Chateau Leoville Las Cases","2009","Chateau Leoville Las Cases, St Julien, Bordeaux","1350","Case of 6 Bottles","https://www.bbr.com/products-20098007922-2009-chateau-leoville-las-cases-st-julien-bordeaux","1012374","20098007922"
"Chateau Leoville Las Cases","2009","Chateau Leoville Las Cases, St Julien, Bordeaux","2300","Case of 6 Magnums","https://www.bbr.com/products-20098007922-2009-chateau-leoville-las-cases-st-julien-bordeaux","1012374","20098007922"
"Chateau Leoville Las Cases","2010","Chateau Leoville Las Cases, St Julien, Bordeaux","2550","Case of 6 Magnums","https://www.bbr.com/products-20108007922-2010-chateau-leoville-las-cases-st-julien-bordeaux","1012374","20108007922"
"Chateau Leoville Las Cases","2012","Chateau Leoville Las Cases, St Julien, Bordeaux","1275","Case of 12 Bottles","https://www.bbr.com/products-20128007922-2012-chateau-leoville-las-cases-st-julien-bordeaux","1012374","20128007922"
"Chateau Leoville Las Cases","2012","Chateau Leoville Las Cases, St Julien, Bordeaux","635","Case of 6 Bottles","https://www.bbr.com/products-20128007922-2012-chateau-leoville-las-cases-st-julien-bordeaux","1012374","20128007922"
"Chateau Leoville Las Cases","2012","Chateau Leoville Las Cases, St Julien, Bordeaux","875","Case of 1 Imperials","https://www.bbr.com/products-20128007922-2012-chateau-leoville-las-cases-st-julien-bordeaux","1012374","20128007922"
"Chateau Leoville Las Cases","2013","Chateau Leoville Las Cases, St Julien, Bordeaux","525","Case of 6 Bottles","https://www.bbr.com/products-20138007922-2013-chateau-leoville-las-cases-st-julien-bordeaux","1012374","20138007922"
"Chateau Leoville Las Cases","2014","Chateau Leoville Las Cases, St Julien, Bordeaux","650","Case of 6 Bottles","https://www.bbr.com/products-20148007922-2014-chateau-leoville-las-cases-st-julien-bordeaux","1012374","20148007922"
"Chateau Leoville Las Cases","2015","Chateau Leoville Las Cases, St Julien, Bordeaux","990","Case of 6 Bottles","https://www.bbr.com/products-20158007922-2015-chateau-leoville-las-cases-st-julien-bordeaux","1012374","20158007922"
"Chateau Leoville Las Cases","2015","Chateau Leoville Las Cases, St Julien, Bordeaux","920","Case of 6 Bottles","https://www.bbr.com/products-20158007922-2015-chateau-leoville-las-cases-st-julien-bordeaux","1012374","20158007922"
"Chateau Leoville Las Cases","2016","Chateau Leoville Las Cases, St Julien, Bordeaux","1600","Case of 6 Bottles","https://www.bbr.com/products-20168007922-2016-chateau-leoville-las-cases-st-julien-bordeaux","1012374","20168007922"
"Chateau Leoville Las Cases","2016","Chateau Leoville Las Cases, St Julien, Bordeaux","1300","Case of 6 Bottles","https://www.bbr.com/products-20168007922-2016-chateau-leoville-las-cases-st-julien-bordeaux","1012374","20168007922"
"Chateau Leoville Las Cases","2016","Chateau Leoville Las Cases, St Julien, Bordeaux","1200","Case of 1 Double Magnums","https://www.bbr.com/products-20168007922-2016-chateau-leoville-las-cases-st-julien-bordeaux","1012374","20168007922"
"Chateau Leoville Las Cases","2016","Chateau Leoville Las Cases, St Julien, Bordeaux","1780","Case of 3 Magnums","https://www.bbr.com/products-20168007922-2016-chateau-leoville-las-cases-st-julien-bordeaux","1012374","20168007922"
"Chateau Leoville Las Cases","2017","Chateau Leoville Las Cases, St Julien, Bordeaux","750","Case of 6 Bottles","https://www.bbr.com/products-20178007922-2017-chateau-leoville-las-cases-st-julien-bordeaux","1012374","20178007922"
"Chateau Leoville Las Cases","2018","Chateau Leoville Las Cases, St Julien, Bordeaux","875","Case of 6 Bottles","https://www.bbr.com/products-20188007922-2018-chateau-leoville-las-cases-st-julien-bordeaux","1012374","20188007922"
"Chateau Leoville Las Cases","2018","Chateau Leoville Las Cases, St Julien, Bordeaux","815","Case of 6 Bottles","https://www.bbr.com/products-20188007922-2018-chateau-leoville-las-cases-st-julien-bordeaux","1012374","20188007922"
"Chateau Leoville Las Cases","2018","Chateau Leoville Las Cases, St Julien, Bordeaux","899","Case of 1 Double Magnums","https://www.bbr.com/products-20188007922-2018-chateau-leoville-las-cases-st-julien-bordeaux","1012374","20188007922"
"Chateau Leoville Las Cases","2018","Chateau Leoville Las Cases, St Julien, Bordeaux","810","Case of 3 Magnums","https://www.bbr.com/products-20188007922-2018-chateau-leoville-las-cases-st-julien-bordeaux","1012374","20188007922"
"Chateau Leoville Las Cases","2019","Chateau Leoville Las Cases, St Julien, Bordeaux","818","Case of 6 Bottles","https://www.bbr.com/products-20198007922-2019-chateau-leoville-las-cases-st-julien-bordeaux","1012374","20198007922"
"Chateau Leoville Las Cases","2019","Chateau Leoville Las Cases, St Julien, Bordeaux","740","Case of 6 Bottles","https://www.bbr.com/products-20198007922-2019-chateau-leoville-las-cases-st-julien-bordeaux","1012374","20198007922"
"Chateau Leoville Las Cases","2019","Chateau Leoville Las Cases, St Julien, Bordeaux","900","Case of 3 Magnums","https://www.bbr.com/products-20198007922-2019-chateau-leoville-las-cases-st-julien-bordeaux","1012374","20198007922"
"Chateau Leoville Las Cases","2020","Chateau Leoville Las Cases, St Julien, Bordeaux","798","Case of 6 Bottles","https://www.bbr.com/products-20208007922-2020-chateau-leoville-las-cases-st-julien-bordeaux","1012374","20208007922"
"Chateau Leoville Las Cases","2020","Chateau Leoville Las Cases, St Julien, Bordeaux","1350","Case of 3 Magnums","https://www.bbr.com/products-20208007922-2020-chateau-leoville-las-cases-st-julien-bordeaux","1012374","20208007922"
"Chateau Leoville Las Cases","2021","Chateau Leoville Las Cases, St Julien, Bordeaux","520","Case of 6 Bottles","https://www.bbr.com/products-20218007922-2021-chateau-leoville-las-cases-st-julien-bordeaux","1012374","20218007922"
"Chateau Leoville Las Cases","2022","Chateau Leoville Las Cases, St Julien, Bordeaux","1184","Case of 6 Bottles","https://www.bbr.com/products-20228007922-2022-chateau-leoville-las-cases-st-julien-bordeaux","1012374","20228007922"
"Chateau Leoville Las Cases","2022","Chateau Leoville Las Cases, St Julien, Bordeaux","550","Case of 3 Bottles","https://www.bbr.com/products-20228007922-2022-chateau-leoville-las-cases-st-julien-bordeaux","1012374","20228007922"
"Chateau Leoville Las Cases","2022","Chateau Leoville Las Cases, St Julien, Bordeaux","1185","Case of 6 Bottles","https://www.bbr.com/products-20228007922-2022-chateau-leoville-las-cases-st-julien-bordeaux","1012374","20228007922"
"Chateau Leoville Las Cases","2022","Chateau Leoville Las Cases, St Julien, Bordeaux","1575","Case of 3 Magnums","https://www.bbr.com/products-20228007922-2022-chateau-leoville-las-cases-st-julien-bordeaux","1012374","20228007922"
"Chateau Leoville Poyferre","2000","Chateau Leoville Poyferre, St Julien, Bordeaux","1650","Case of 12 Bottles","https://www.bbr.com/products-20008002158-2000-chateau-leoville-poyferre-st-julien-bordeaux","1012387","20008002158"
"Chateau Leoville Poyferre","2001","Chateau Leoville Poyferre, St Julien, Bordeaux","895","Case of 12 Bottles","https://www.bbr.com/products-20018002158-2001-chateau-leoville-poyferre-st-julien-bordeaux","1012387","20018002158"
"Chateau Leoville Poyferre","2002","Chateau Leoville Poyferre, St Julien, Bordeaux","925","Case of 12 Bottles","https://www.bbr.com/products-20028002158-2002-chateau-leoville-poyferre-st-julien-bordeaux","1012387","20028002158"
"Chateau Leoville Poyferre","2003","Chateau Leoville Poyferre, St Julien, Bordeaux","1125","Case of 12 Bottles","https://www.bbr.com/products-20038002158-2003-chateau-leoville-poyferre-st-julien-bordeaux","1012387","20038002158"
"Chateau Leoville Poyferre","2003","Chateau Leoville Poyferre, St Julien, Bordeaux","1095","Case of 12 Bottles","https://www.bbr.com/products-20038002158-2003-chateau-leoville-poyferre-st-julien-bordeaux","1012387","20038002158"
"Chateau Leoville Poyferre","2003","Chateau Leoville Poyferre, St Julien, Bordeaux","1020","Case of 12 Bottles","https://www.bbr.com/products-20038002158-2003-chateau-leoville-poyferre-st-julien-bordeaux","1012387","20038002158"
"Chateau Leoville Poyferre","2005","Chateau Leoville Poyferre, St Julien, Bordeaux","1125","Case of 12 Bottles","https://www.bbr.com/products-20058002158-2005-chateau-leoville-poyferre-st-julien-bordeaux","1012387","20058002158"
"Chateau Leoville Poyferre","2005","Chateau Leoville Poyferre, St Julien, Bordeaux","3600","Case of 12 Bottles","https://www.bbr.com/products-20058002158-2005-chateau-leoville-poyferre-st-julien-bordeaux","1012387","20058002158"
"Chateau Leoville Poyferre","2006","Chateau Leoville Poyferre, St Julien, Bordeaux","670","Case of 12 Bottles","https://www.bbr.com/products-20068002158-2006-chateau-leoville-poyferre-st-julien-bordeaux","1012387","20068002158"
"Chateau Leoville Poyferre","2006","Chateau Leoville Poyferre, St Julien, Bordeaux","670","Case of 12 Bottles","https://www.bbr.com/products-20068002158-2006-chateau-leoville-poyferre-st-julien-bordeaux","1012387","20068002158"
"Chateau Leoville Poyferre","2008","Chateau Leoville Poyferre, St Julien, Bordeaux","681","Case of 12 Bottles","https://www.bbr.com/products-20088002158-2008-chateau-leoville-poyferre-st-julien-bordeaux","1012387","20088002158"
"Chateau Leoville Poyferre","2008","Chateau Leoville Poyferre, St Julien, Bordeaux","650","Case of 12 Bottles","https://www.bbr.com/products-20088002158-2008-chateau-leoville-poyferre-st-julien-bordeaux","1012387","20088002158"
"Chateau Leoville Poyferre","2009","Chateau Leoville Poyferre, St Julien, Bordeaux","1050","Case of 6 Bottles","https://www.bbr.com/products-20098002158-2009-chateau-leoville-poyferre-st-julien-bordeaux","1012387","20098002158"
"Chateau Leoville Poyferre","2009","Chateau Leoville Poyferre, St Julien, Bordeaux","1495","Case of 12 Bottles","https://www.bbr.com/products-20098002158-2009-chateau-leoville-poyferre-st-julien-bordeaux","1012387","20098002158"
"Chateau Leoville Poyferre","2009","Chateau Leoville Poyferre, St Julien, Bordeaux","950","Case of 6 Bottles","https://www.bbr.com/products-20098002158-2009-chateau-leoville-poyferre-st-julien-bordeaux","1012387","20098002158"
"Chateau Leoville Poyferre","2009","Chateau Leoville Poyferre, St Julien, Bordeaux","2250","Case of 1 Imperials","https://www.bbr.com/products-20098002158-2009-chateau-leoville-poyferre-st-julien-bordeaux","1012387","20098002158"
"Chateau Leoville Poyferre","2009","Chateau Leoville Poyferre, St Julien, Bordeaux","1750","Case of 6 Magnums","https://www.bbr.com/products-20098002158-2009-chateau-leoville-poyferre-st-julien-bordeaux","1012387","20098002158"
"Chateau Leoville Poyferre","2010","Chateau Leoville Poyferre, St Julien, Bordeaux","580","Case of 6 Bottles","https://www.bbr.com/products-20108002158-2010-chateau-leoville-poyferre-st-julien-bordeaux","1012387","20108002158"
"Chateau Leoville Poyferre","2010","Chateau Leoville Poyferre, St Julien, Bordeaux","1100","Case of 12 Bottles","https://www.bbr.com/products-20108002158-2010-chateau-leoville-poyferre-st-julien-bordeaux","1012387","20108002158"
"Chateau Leoville Poyferre","2010","Chateau Leoville Poyferre, St Julien, Bordeaux","1300","Case of 12 Bottles","https://www.bbr.com/products-20108002158-2010-chateau-leoville-poyferre-st-julien-bordeaux","1012387","20108002158"
"Chateau Leoville Poyferre","2010","Chateau Leoville Poyferre, St Julien, Bordeaux","598","Case of 6 Bottles","https://www.bbr.com/products-20108002158-2010-chateau-leoville-poyferre-st-julien-bordeaux","1012387","20108002158"
"Chateau Leoville Poyferre","2010","Chateau Leoville Poyferre, St Julien, Bordeaux","835","Case of 6 Bottles","https://www.bbr.com/products-20108002158-2010-chateau-leoville-poyferre-st-julien-bordeaux","1012387","20108002158"
"Chateau Leoville Poyferre","2011","Chateau Leoville Poyferre, St Julien, Bordeaux","680","Case of 12 Bottles","https://www.bbr.com/products-20118002158-2011-chateau-leoville-poyferre-st-julien-bordeaux","1012387","20118002158"
"Chateau Leoville Poyferre","2011","Chateau Leoville Poyferre, St Julien, Bordeaux","390","Case of 6 Bottles","https://www.bbr.com/products-20118002158-2011-chateau-leoville-poyferre-st-julien-bordeaux","1012387","20118002158"
"Chateau Leoville Poyferre","2011","Chateau Leoville Poyferre, St Julien, Bordeaux","600","Case of 3 Magnums","https://www.bbr.com/products-20118002158-2011-chateau-leoville-poyferre-st-julien-bordeaux","1012387","20118002158"
"Chateau Leoville Poyferre","2012","Chateau Leoville Poyferre, St Julien, Bordeaux","350","Case of 6 Bottles","https://www.bbr.com/products-20128002158-2012-chateau-leoville-poyferre-st-julien-bordeaux","1012387","20128002158"
"Chateau Leoville Poyferre","2013","Chateau Leoville Poyferre, St Julien, Bordeaux","275","Case of 6 Bottles","https://www.bbr.com/products-20138002158-2013-chateau-leoville-poyferre-st-julien-bordeaux","1012387","20138002158"
"Chateau Leoville Poyferre","2014","Chateau Leoville Poyferre, St Julien, Bordeaux","740","Case of 12 Bottles","https://www.bbr.com/products-20148002158-2014-chateau-leoville-poyferre-st-julien-bordeaux","1012387","20148002158"
"Chateau Leoville Poyferre","2014","Chateau Leoville Poyferre, St Julien, Bordeaux","335","Case of 6 Bottles","https://www.bbr.com/products-20148002158-2014-chateau-leoville-poyferre-st-julien-bordeaux","1012387","20148002158"
"Chateau Leoville Poyferre","2014","Chateau Leoville Poyferre, St Julien, Bordeaux","670","Case of 12 Bottles","https://www.bbr.com/products-20148002158-2014-chateau-leoville-poyferre-st-julien-bordeaux","1012387","20148002158"
"Chateau Leoville Poyferre","2014","Chateau Leoville Poyferre, St Julien, Bordeaux","390","Case of 3 Magnums","https://www.bbr.com/products-20148002158-2014-chateau-leoville-poyferre-st-julien-bordeaux","1012387","20148002158"
"Chateau Leoville Poyferre","2016","Chateau Leoville Poyferre, St Julien, Bordeaux","480","Case of 6 Bottles","https://www.bbr.com/products-20168002158-2016-chateau-leoville-poyferre-st-julien-bordeaux","1012387","20168002158"
"Chateau Leoville Poyferre","2016","Chateau Leoville Poyferre, St Julien, Bordeaux","450","Case of 6 Bottles","https://www.bbr.com/products-20168002158-2016-chateau-leoville-poyferre-st-julien-bordeaux","1012387","20168002158"
"Chateau Leoville Poyferre","2016","Chateau Leoville Poyferre, St Julien, Bordeaux","458","Case of 3 Magnums","https://www.bbr.com/products-20168002158-2016-chateau-leoville-poyferre-st-julien-bordeaux","1012387","20168002158"
"Chateau Leoville Poyferre","2018","Chateau Leoville Poyferre, St Julien, Bordeaux","405","Case of 6 Bottles","https://www.bbr.com/products-20188002158-2018-chateau-leoville-poyferre-st-julien-bordeaux","1012387","20188002158"
"Chateau Leoville Poyferre","2019","Chateau Leoville Poyferre, St Julien, Bordeaux","345","Case of 6 Bottles","https://www.bbr.com/products-20198002158-2019-chateau-leoville-poyferre-st-julien-bordeaux","1012387","20198002158"
"Chateau Leoville Poyferre","2019","Chateau Leoville Poyferre, St Julien, Bordeaux","315","Case of 6 Bottles","https://www.bbr.com/products-20198002158-2019-chateau-leoville-poyferre-st-julien-bordeaux","1012387","20198002158"
"Chateau Leoville Poyferre","2019","Chateau Leoville Poyferre, St Julien, Bordeaux","600","Case of 1 Imperials","https://www.bbr.com/products-20198002158-2019-chateau-leoville-poyferre-st-julien-bordeaux","1012387","20198002158"
"Chateau Leoville Poyferre","2020","Chateau Leoville Poyferre, St Julien, Bordeaux","396.5","Case of 6 Bottles","https://www.bbr.com/products-20208002158-2020-chateau-leoville-poyferre-st-julien-bordeaux","1012387","20208002158"
"Chateau Leoville Poyferre","2020","Chateau Leoville Poyferre, St Julien, Bordeaux","397","Case of 6 Bottles","https://www.bbr.com/products-20208002158-2020-chateau-leoville-poyferre-st-julien-bordeaux","1012387","20208002158"
"Chateau Leoville Poyferre","2023","Chateau Leoville Poyferre, St Julien, Bordeaux","410","Case of 6 Bottles","https://www.bbr.com/products-20238002158-2023-chateau-leoville-poyferre-st-julien-bordeaux","1012387","20238002158"
"Chateau Magdelaine","2009","Chateau Magdelaine, St Emilion, Bordeaux","950","Case of 12 Bottles","https://www.bbr.com/products-20098123839-2009-chateau-magdelaine-st-emilion-bordeaux","1012635","20098123839"
"Chateau Magdelaine","2010","Chateau Magdelaine, St Emilion, Bordeaux","700","Case of 12 Bottles","https://www.bbr.com/products-20108123839-2010-chateau-magdelaine-st-emilion-bordeaux","1012635","20108123839"
"Chateau Malartic-Lagraviere","2016","Chateau Malartic-Lagraviere Blanc, Pessac-Leognan, Bordeaux","210","Case of 6 Bottles","https://www.bbr.com/products-20168011778-2016-chateau-malartic-lagraviere-blanc-pessac-leognan-bordeaux","1017278","20168011778"
"Chateau Malartic-Lagraviere","2011","Chateau Malartic-Lagraviere, Pessac-Leognan, Bordeaux","180","Case of 6 Bottles","https://www.bbr.com/products-20111012677-2011-chateau-malartic-lagraviere-pessac-leognan-bordeaux","1012677","20111012677"
"Chateau Malartic-Lagraviere","2012","Chateau Malartic-Lagraviere, Pessac-Leognan, Bordeaux","425","Case of 12 Bottles","https://www.bbr.com/products-20121012677-2012-chateau-malartic-lagraviere-pessac-leognan-bordeaux","1012677","20121012677"
"Chateau Malartic-Lagraviere","2015","Chateau Malartic-Lagraviere, Pessac-Leognan, Bordeaux","179","Case of 6 Bottles","https://www.bbr.com/products-20151012677-2015-chateau-malartic-lagraviere-pessac-leognan-bordeaux","1012677","20151012677"
"Chateau Malartic-Lagraviere","2015","Chateau Malartic-Lagraviere, Pessac-Leognan, Bordeaux","180","Case of 6 Bottles","https://www.bbr.com/products-20151012677-2015-chateau-malartic-lagraviere-pessac-leognan-bordeaux","1012677","20151012677"
"Chateau Malartic-Lagraviere","2015","Chateau Malartic-Lagraviere, Pessac-Leognan, Bordeaux","260","Case of 3 Magnums","https://www.bbr.com/products-20151012677-2015-chateau-malartic-lagraviere-pessac-leognan-bordeaux","1012677","20151012677"
"Chateau Malartic-Lagraviere","2016","Chateau Malartic-Lagraviere, Pessac-Leognan, Bordeaux","200","Case of 6 Bottles","https://www.bbr.com/products-20161012677-2016-chateau-malartic-lagraviere-pessac-leognan-bordeaux","1012677","20161012677"
"Chateau Malartic-Lagraviere","2017","Chateau Malartic-Lagraviere, Pessac-Leognan, Bordeaux","170","Case of 6 Bottles","https://www.bbr.com/products-20171012677-2017-chateau-malartic-lagraviere-pessac-leognan-bordeaux","1012677","20171012677"
"Chateau Malartic-Lagraviere","2018","Chateau Malartic-Lagraviere, Pessac-Leognan, Bordeaux","320","Case of 6 Bottles","https://www.bbr.com/products-20181012677-2018-chateau-malartic-lagraviere-pessac-leognan-bordeaux","1012677","20181012677"
"Chateau Malartic-Lagraviere","2019","Chateau Malartic-Lagraviere, Pessac-Leognan, Bordeaux","300","Case of 6 Bottles","https://www.bbr.com/products-20191012677-2019-chateau-malartic-lagraviere-pessac-leognan-bordeaux","1012677","20191012677"
"Chateau Malartic-Lagraviere","2020","Chateau Malartic-Lagraviere, Pessac-Leognan, Bordeaux","495","Case of 12 Bottles","https://www.bbr.com/products-20201012677-2020-chateau-malartic-lagraviere-pessac-leognan-bordeaux","1012677","20201012677"
"Chateau Malartic-Lagraviere","2020","Chateau Malartic-Lagraviere, Pessac-Leognan, Bordeaux","200","Case of 6 Bottles","https://www.bbr.com/products-20201012677-2020-chateau-malartic-lagraviere-pessac-leognan-bordeaux","1012677","20201012677"
"Chateau Malartic-Lagraviere","2021","Chateau Malartic-Lagraviere, Pessac-Leognan, Bordeaux","143","Case of 6 Bottles","https://www.bbr.com/products-20211012677-2021-chateau-malartic-lagraviere-pessac-leognan-bordeaux","1012677","20211012677"
"Chateau Malartic-Lagraviere","2022","Chateau Malartic-Lagraviere, Pessac-Leognan, Bordeaux","600","Case of 12 Bottles","https://www.bbr.com/products-20221012677-2022-chateau-malartic-lagraviere-pessac-leognan-bordeaux","1012677","20221012677"
"Chateau Malartic-Lagraviere","2022","Chateau Malartic-Lagraviere, Pessac-Leognan, Bordeaux","240","Case of 1 Double Magnums","https://www.bbr.com/products-20221012677-2022-chateau-malartic-lagraviere-pessac-leognan-bordeaux","1012677","20221012677"
"Chateau Malartic-Lagraviere","2022","Chateau Malartic-Lagraviere, Pessac-Leognan, Bordeaux","330","Case of 3 Magnums","https://www.bbr.com/products-20221012677-2022-chateau-malartic-lagraviere-pessac-leognan-bordeaux","1012677","20221012677"
"Chateau Malartic-Lagraviere","2023","Chateau Malartic-Lagraviere, Pessac-Leognan, Bordeaux","225","Case of 1 Double Magnums","https://www.bbr.com/products-20231012677-2023-chateau-malartic-lagraviere-pessac-leognan-bordeaux","1012677","20231012677"
"Chateau Malescot-St.-Exupery","2000","Chateau Malescot St Exupery, Margaux, Bordeaux","875","Case of 12 Bottles","https://www.bbr.com/products-20008123826-2000-chateau-malescot-st-exupery-margaux-bordeaux","1012693","20008123826"
"Chateau Malescot-St.-Exupery","2009","Chateau Malescot St Exupery, Margaux, Bordeaux","380","Case of 6 Bottles","https://www.bbr.com/products-20098123826-2009-chateau-malescot-st-exupery-margaux-bordeaux","1012693","20098123826"
"Chateau Malescot-St.-Exupery","2010","Chateau Malescot St Exupery, Margaux, Bordeaux","450","Case of 6 Bottles","https://www.bbr.com/products-20108123826-2010-chateau-malescot-st-exupery-margaux-bordeaux","1012693","20108123826"
"Chateau Malescot-St.-Exupery","2015","Chateau Malescot St Exupery, Margaux, Bordeaux","269","Case of 6 Bottles","https://www.bbr.com/products-20158123826-2015-chateau-malescot-st-exupery-margaux-bordeaux","1012693","20158123826"
"Chateau Malescot-St.-Exupery","2015","Chateau Malescot St Exupery, Margaux, Bordeaux","225","Case of 3 Magnums","https://www.bbr.com/products-20158123826-2015-chateau-malescot-st-exupery-margaux-bordeaux","1012693","20158123826"
"Chateau Malescot-St.-Exupery","2016","Chateau Malescot St Exupery, Margaux, Bordeaux","280","Case of 6 Bottles","https://www.bbr.com/products-20168123826-2016-chateau-malescot-st-exupery-margaux-bordeaux","1012693","20168123826"
"Chateau Malescot-St.-Exupery","2016","Chateau Malescot St Exupery, Margaux, Bordeaux","449","Case of 12 Half Bottles","https://www.bbr.com/products-20168123826-2016-chateau-malescot-st-exupery-margaux-bordeaux","1012693","20168123826"
"Chateau Malescot-St.-Exupery","2017","Chateau Malescot St Exupery, Margaux, Bordeaux","258","Case of 6 Bottles","https://www.bbr.com/products-20178123826-2017-chateau-malescot-st-exupery-margaux-bordeaux","1012693","20178123826"
"Chateau Malescot-St.-Exupery","2018","Chateau Malescot St Exupery, Margaux, Bordeaux","240","Case of 6 Bottles","https://www.bbr.com/products-20188123826-2018-chateau-malescot-st-exupery-margaux-bordeaux","1012693","20188123826"
"Chateau Malescot-St.-Exupery","2018","Chateau Malescot St Exupery, Margaux, Bordeaux","330","Case of 6 Bottles","https://www.bbr.com/products-20188123826-2018-chateau-malescot-st-exupery-margaux-bordeaux","1012693","20188123826"
"Chateau Malescot-St.-Exupery","2019","Chateau Malescot St Exupery, Margaux, Bordeaux","238","Case of 6 Bottles","https://www.bbr.com/products-20198123826-2019-chateau-malescot-st-exupery-margaux-bordeaux","1012693","20198123826"
"Chateau Malescot-St.-Exupery","2019","Chateau Malescot St Exupery, Margaux, Bordeaux","488","Case of 12 Bottles","https://www.bbr.com/products-20198123826-2019-chateau-malescot-st-exupery-margaux-bordeaux","1012693","20198123826"
"Chateau Malescot-St.-Exupery","2020","Chateau Malescot St Exupery, Margaux, Bordeaux","355","Case of 6 Bottles","https://www.bbr.com/products-20208123826-2020-chateau-malescot-st-exupery-margaux-bordeaux","1012693","20208123826"
"Chateau Margaux","1995","Chateau Margaux, Margaux, Bordeaux","1800","Case of 3 Bottles","https://www.bbr.com/products-19958007951-1995-chateau-margaux-margaux-bordeaux","1012781","19958007951"
"Chateau Margaux","1995","Chateau Margaux, Margaux, Bordeaux","4900","Case of 12 Bottles","https://www.bbr.com/products-19958007951-1995-chateau-margaux-margaux-bordeaux","1012781","19958007951"
"Chateau Margaux","1996","Chateau Margaux, Margaux, Bordeaux","6500","Case of 12 Bottles","https://www.bbr.com/products-19968007951-1996-chateau-margaux-margaux-bordeaux","1012781","19968007951"
"Chateau Margaux","2000","Chateau Margaux, Margaux, Bordeaux","9500","Case of 12 Bottles","https://www.bbr.com/products-20008007951-2000-chateau-margaux-margaux-bordeaux","1012781","20008007951"
"Chateau Margaux","2000","Chateau Margaux, Margaux, Bordeaux","7750","Case of 12 Bottles","https://www.bbr.com/products-20008007951-2000-chateau-margaux-margaux-bordeaux","1012781","20008007951"
"Chateau Margaux","2000","Chateau Margaux, Margaux, Bordeaux","7100","Case of 12 Bottles","https://www.bbr.com/products-20008007951-2000-chateau-margaux-margaux-bordeaux","1012781","20008007951"
"Chateau Margaux","2000","Chateau Margaux, Margaux, Bordeaux","4950","Case of 6 Bottles","https://www.bbr.com/products-20008007951-2000-chateau-margaux-margaux-bordeaux","1012781","20008007951"
"Chateau Margaux","2002","Chateau Margaux, Margaux, Bordeaux","3550","Case of 12 Bottles","https://www.bbr.com/products-20028007951-2002-chateau-margaux-margaux-bordeaux","1012781","20028007951"
"Chateau Margaux","2003","Chateau Margaux, Margaux, Bordeaux","4200","Case of 12 Bottles","https://www.bbr.com/products-20038007951-2003-chateau-margaux-margaux-bordeaux","1012781","20038007951"
"Chateau Margaux","2003","Chateau Margaux, Margaux, Bordeaux","4095","Case of 12 Bottles","https://www.bbr.com/products-20038007951-2003-chateau-margaux-margaux-bordeaux","1012781","20038007951"
"Chateau Margaux","2004","Chateau Margaux, Margaux, Bordeaux","3495","Case of 12 Bottles","https://www.bbr.com/products-20048007951-2004-chateau-margaux-margaux-bordeaux","1012781","20048007951"
"Chateau Margaux","2004","Chateau Margaux, Margaux, Bordeaux","4000","Case of 12 Bottles","https://www.bbr.com/products-20048007951-2004-chateau-margaux-margaux-bordeaux","1012781","20048007951"
"Chateau Margaux","2004","Chateau Margaux, Margaux, Bordeaux","3700","Case of 6 Magnums","https://www.bbr.com/products-20048007951-2004-chateau-margaux-margaux-bordeaux","1012781","20048007951"
"Chateau Margaux","2005","Chateau Margaux, Margaux, Bordeaux","10500","Case of 12 Bottles","https://www.bbr.com/products-20058007951-2005-chateau-margaux-margaux-bordeaux","1012781","20058007951"
"Chateau Margaux","2005","Chateau Margaux, Margaux, Bordeaux","5890","Case of 12 Bottles","https://www.bbr.com/products-20058007951-2005-chateau-margaux-margaux-bordeaux","1012781","20058007951"
"Chateau Margaux","2005","Chateau Margaux, Margaux, Bordeaux","10500","Case of 12 Bottles","https://www.bbr.com/products-20058007951-2005-chateau-margaux-margaux-bordeaux","1012781","20058007951"
"Chateau Margaux","2005","Chateau Margaux, Margaux, Bordeaux","5899","Case of 12 Bottles","https://www.bbr.com/products-20058007951-2005-chateau-margaux-margaux-bordeaux","1012781","20058007951"
"Chateau Margaux","2005","Chateau Margaux, Margaux, Bordeaux","2755","Case of 1 Magnums","https://www.bbr.com/products-20058007951-2005-chateau-margaux-margaux-bordeaux","1012781","20058007951"
"Chateau Margaux","2006","Chateau Margaux, Margaux, Bordeaux","3600","Case of 12 Bottles","https://www.bbr.com/products-20068007951-2006-chateau-margaux-margaux-bordeaux","1012781","20068007951"
"Chateau Margaux","2007","Chateau Margaux, Margaux, Bordeaux","3600","Case of 12 Bottles","https://www.bbr.com/products-20078007951-2007-chateau-margaux-margaux-bordeaux","1012781","20078007951"
"Chateau Margaux","2008","Chateau Margaux, Margaux, Bordeaux","2500","Case of 6 Bottles","https://www.bbr.com/products-20088007951-2008-chateau-margaux-margaux-bordeaux","1012781","20088007951"
"Chateau Margaux","2008","Chateau Margaux, Margaux, Bordeaux","4090","Case of 12 Bottles","https://www.bbr.com/products-20088007951-2008-chateau-margaux-margaux-bordeaux","1012781","20088007951"
"Chateau Margaux","2008","Chateau Margaux, Margaux, Bordeaux","2750","Case of 6 Bottles","https://www.bbr.com/products-20088007951-2008-chateau-margaux-margaux-bordeaux","1012781","20088007951"
"Chateau Margaux","2009","Chateau Margaux, Margaux, Bordeaux","4750","Case of 6 Bottles","https://www.bbr.com/products-20098007951-2009-chateau-margaux-margaux-bordeaux","1012781","20098007951"
"Chateau Margaux","2009","Chateau Margaux, Margaux, Bordeaux","4995","Case of 6 Bottles","https://www.bbr.com/products-20098007951-2009-chateau-margaux-margaux-bordeaux","1012781","20098007951"
"Chateau Margaux","2009","Chateau Margaux, Margaux, Bordeaux","1140","Case of 1 Magnums","https://www.bbr.com/products-20098007951-2009-chateau-margaux-margaux-bordeaux","1012781","20098007951"
"Chateau Margaux","2010","Chateau Margaux, Margaux, Bordeaux","3248","Case of 6 Bottles","https://www.bbr.com/products-20108007951-2010-chateau-margaux-margaux-bordeaux","1012781","20108007951"
"Chateau Margaux","2010","Chateau Margaux, Margaux, Bordeaux","3999","Case of 6 Bottles","https://www.bbr.com/products-20108007951-2010-chateau-margaux-margaux-bordeaux","1012781","20108007951"
"Chateau Margaux","2010","Chateau Margaux, Margaux, Bordeaux","3905","Case of 1 Magnums","https://www.bbr.com/products-20108007951-2010-chateau-margaux-margaux-bordeaux","1012781","20108007951"
"Chateau Margaux","2011","Chateau Margaux, Margaux, Bordeaux","1700","Case of 6 Bottles","https://www.bbr.com/products-20118007951-2011-chateau-margaux-margaux-bordeaux","1012781","20118007951"
"Chateau Margaux","2011","Chateau Margaux, Margaux, Bordeaux","2180","Case of 3 Magnums","https://www.bbr.com/products-20118007951-2011-chateau-margaux-margaux-bordeaux","1012781","20118007951"
"Chateau Margaux","2012","Chateau Margaux, Margaux, Bordeaux","1890","Case of 6 Bottles","https://www.bbr.com/products-20128007951-2012-chateau-margaux-margaux-bordeaux","1012781","20128007951"
"Chateau Margaux","2012","Chateau Margaux, Margaux, Bordeaux","1775","Case of 6 Bottles","https://www.bbr.com/products-20128007951-2012-chateau-margaux-margaux-bordeaux","1012781","20128007951"
"Chateau Margaux","2012","Chateau Margaux, Margaux, Bordeaux","2200","Case of 3 Magnums","https://www.bbr.com/products-20128007951-2012-chateau-margaux-margaux-bordeaux","1012781","20128007951"
"Chateau Margaux","2013","Chateau Margaux, Margaux, Bordeaux","1699","Case of 6 Bottles","https://www.bbr.com/products-20138007951-2013-chateau-margaux-margaux-bordeaux","1012781","20138007951"
"Chateau Margaux","2014","Chateau Margaux, Margaux, Bordeaux","1670","Case of 6 Bottles","https://www.bbr.com/products-20148007951-2014-chateau-margaux-margaux-bordeaux","1012781","20148007951"
"Chateau Margaux","2015","Chateau Margaux, Margaux, Bordeaux","1200","Case of 1 Bottles","https://www.bbr.com/products-20158007951-2015-chateau-margaux-margaux-bordeaux","1012781","20158007951"
"Chateau Margaux","2015","Chateau Margaux, Margaux, Bordeaux","3895","Case of 6 Bottles","https://www.bbr.com/products-20158007951-2015-chateau-margaux-margaux-bordeaux","1012781","20158007951"
"Chateau Margaux","2016","Chateau Margaux, Margaux, Bordeaux","2300","Case of 6 Bottles","https://www.bbr.com/products-20168007951-2016-chateau-margaux-margaux-bordeaux","1012781","20168007951"
"Chateau Margaux","2016","Chateau Margaux, Margaux, Bordeaux","1000","Case of 1 Magnums","https://www.bbr.com/products-20168007951-2016-chateau-margaux-margaux-bordeaux","1012781","20168007951"
"Chateau Margaux","2017","Chateau Margaux, Margaux, Bordeaux","1690","Case of 6 Bottles","https://www.bbr.com/products-20178007951-2017-chateau-margaux-margaux-bordeaux","1012781","20178007951"
"Chateau Margaux","2017","Chateau Margaux, Margaux, Bordeaux","1950","Case of 12 Half Bottles","https://www.bbr.com/products-20178007951-2017-chateau-margaux-margaux-bordeaux","1012781","20178007951"
"Chateau Margaux","2017","Chateau Margaux, Margaux, Bordeaux","3600","Case of 3 Magnums","https://www.bbr.com/products-20178007951-2017-chateau-margaux-margaux-bordeaux","1012781","20178007951"
"Chateau Margaux","2018","Chateau Margaux, Margaux, Bordeaux","2800","Case of 3 Magnums","https://www.bbr.com/products-20188007951-2018-chateau-margaux-margaux-bordeaux","1012781","20188007951"
"Chateau Margaux","2019","Chateau Margaux, Margaux, Bordeaux","2000","Case of 3 Bottles","https://www.bbr.com/products-20198007951-2019-chateau-margaux-margaux-bordeaux","1012781","20198007951"
"Chateau Margaux","2019","Chateau Margaux, Margaux, Bordeaux","2688","Case of 6 Bottles","https://www.bbr.com/products-20198007951-2019-chateau-margaux-margaux-bordeaux","1012781","20198007951"
"Chateau Margaux","2019","Chateau Margaux, Margaux, Bordeaux","2280","Case of 1 Double Magnums","https://www.bbr.com/products-20198007951-2019-chateau-margaux-margaux-bordeaux","1012781","20198007951"
"Chateau Margaux","2020","Chateau Margaux, Margaux, Bordeaux","1150","Case of 3 Bottles","https://www.bbr.com/products-20208007951-2020-chateau-margaux-margaux-bordeaux","1012781","20208007951"
"Chateau Margaux","2020","Chateau Margaux, Margaux, Bordeaux","1100","Case of 3 Bottles","https://www.bbr.com/products-20208007951-2020-chateau-margaux-margaux-bordeaux","1012781","20208007951"
"Chateau Margaux","2020","Chateau Margaux, Margaux, Bordeaux","2980","Case of 3 Magnums","https://www.bbr.com/products-20208007951-2020-chateau-margaux-margaux-bordeaux","1012781","20208007951"
"Chateau Margaux","2020","Chateau Margaux, Margaux, Bordeaux","3000","Case of 3 Magnums","https://www.bbr.com/products-20208007951-2020-chateau-margaux-margaux-bordeaux","1012781","20208007951"
"Chateau Margaux","2021","Chateau Margaux, Margaux, Bordeaux","900","Case of 3 Bottles","https://www.bbr.com/products-20218007951-2021-chateau-margaux-margaux-bordeaux","1012781","20218007951"
"Chateau Margaux","2021","Chateau Margaux, Margaux, Bordeaux","1650","Case of 6 Bottles","https://www.bbr.com/products-20218007951-2021-chateau-margaux-margaux-bordeaux","1012781","20218007951"
"Chateau Margaux","2021","Chateau Margaux, Margaux, Bordeaux","1800","Case of 3 Magnums","https://www.bbr.com/products-20218007951-2021-chateau-margaux-margaux-bordeaux","1012781","20218007951"
"Chateau Margaux","2022","Chateau Margaux, Margaux, Bordeaux","3500","Case of 6 Bottles","https://www.bbr.com/products-20228007951-2022-chateau-margaux-margaux-bordeaux","1012781","20228007951"
"Chateau Margaux","2022","Chateau Margaux, Margaux, Bordeaux","1700","Case of 3 Bottles","https://www.bbr.com/products-20228007951-2022-chateau-margaux-margaux-bordeaux","1012781","20228007951"
"Chateau Margaux","2023","Chateau Margaux, Margaux, Bordeaux","1300","Case of 3 Bottles","https://www.bbr.com/products-20238007951-2023-chateau-margaux-margaux-bordeaux","1012781","20238007951"
"Chateau Marjosse","2000","Chateau Marjosse, Bordeaux Superieur","240","Case of 12 Bottles","https://www.bbr.com/products-20008123796-2000-chateau-marjosse-bordeaux-superieur","1012794","20008123796"
"Ch Marojallia","2009","Chateau Marojallia, Margaux, Bordeaux","775","Case of 12 Bottles","https://www.bbr.com/products-20098033378-2009-chateau-marojallia-margaux-bordeaux","1012808","20098033378"
"Chateau Marquis d'Alesme","2016","Chateau Marquis d'Alesme, Margaux, Bordeaux","295","Case of 6 Bottles","https://www.bbr.com/products-20168207638-2016-chateau-marquis-d-alesme-margaux-bordeaux","1259744","20168207638"
"Chateau Marquis d'Alesme","2017","Chateau Marquis d'Alesme, Margaux, Bordeaux","240","Case of 12 Bottles","https://www.bbr.com/products-20178207638-2017-chateau-marquis-d-alesme-margaux-bordeaux","1259744","20178207638"
"Chateau Marquis d'Alesme","2020","Chateau Marquis d'Alesme, Margaux, Bordeaux","328","Case of 12 Bottles","https://www.bbr.com/products-20208207638-2020-chateau-marquis-d-alesme-margaux-bordeaux","1259744","20208207638"
"Chateau Marsau","2021","Chateau Marsau, Francs-Cotes de Bordeaux","95","Case of 6 Bottles","https://www.bbr.com/products-20218010726-2021-chateau-marsau-francs-cotes-de-bordeaux","1012840","20218010726"
"Chateau Marsau","2022","Chateau Marsau, Francs-Cotes de Bordeaux","240","Case of 12 Bottles","https://www.bbr.com/products-20228010726-2022-chateau-marsau-francs-cotes-de-bordeaux","1012840","20228010726"
"Chateau Mauvesin Barton","2022","Chateau Mauvesin Barton, Moulis-en-Medoc, Bordeaux","150","Case of 1 Double Magnums","https://www.bbr.com/products-20228113733-2022-chateau-mauvesin-barton-moulis-en-medoc-bordeaux","1160280","20228113733"
"Chateau Mauvesin Barton","2023","Chateau Mauvesin Barton, Moulis-en-Medoc, Bordeaux","90","Case of 6 Bottles","https://www.bbr.com/products-20238113733-2023-chateau-mauvesin-barton-moulis-en-medoc-bordeaux","1160280","20238113733"
"Chateau Meyney","2004","Chateau Meyney, St Estephe, Bordeaux","280","Case of 12 Bottles","https://www.bbr.com/products-20041013153-2004-chateau-meyney-st-estephe-bordeaux","1013153","20041013153"
"Chateau Meyney","2014","Chateau Meyney, St Estephe, Bordeaux","260","Case of 6 Magnums","https://www.bbr.com/products-20141013153-2014-chateau-meyney-st-estephe-bordeaux","1013153","20141013153"
"Chateau Meyney","2016","Chateau Meyney, St Estephe, Bordeaux","195","Case of 6 Bottles","https://www.bbr.com/products-20161013153-2016-chateau-meyney-st-estephe-bordeaux","1013153","20161013153"
"Chateau Meyney","2016","Chateau Meyney, St Estephe, Bordeaux","390","Case of 1 Imperials","https://www.bbr.com/products-20161013153-2016-chateau-meyney-st-estephe-bordeaux","1013153","20161013153"
"Chateau Meyney","2018","Chateau Meyney, St Estephe, Bordeaux","265","Case of 1 Imperials","https://www.bbr.com/products-20181013153-2018-chateau-meyney-st-estephe-bordeaux","1013153","20181013153"
"Chateau Meyney","2019","Chateau Meyney, St Estephe, Bordeaux","295","Case of 6 Bottles","https://www.bbr.com/products-20191013153-2019-chateau-meyney-st-estephe-bordeaux","1013153","20191013153"
"Chateau Meyney","2019","Chateau Meyney, St Estephe, Bordeaux","150","Case of 6 Bottles","https://www.bbr.com/products-20191013153-2019-chateau-meyney-st-estephe-bordeaux","1013153","20191013153"
"Chateau Meyney","2020","Chateau Meyney, St Estephe, Bordeaux","109","Case of 6 Bottles","https://www.bbr.com/products-20201013153-2020-chateau-meyney-st-estephe-bordeaux","1013153","20201013153"
"Chateau Meyney","2022","Chateau Meyney, St Estephe, Bordeaux","280","Case of 3 Magnums","https://www.bbr.com/products-20221013153-2022-chateau-meyney-st-estephe-bordeaux","1013153","20221013153"
"Chateau Meyney","2023","Chateau Meyney, St Estephe, Bordeaux","114","Case of 6 Bottles","https://www.bbr.com/products-20231013153-2023-chateau-meyney-st-estephe-bordeaux","1013153","20231013153"
"Chateau Monbousquet","1997","Chateau Monbousquet, St Emilion, Bordeaux","1200","Case of 12 Bottles","https://www.bbr.com/products-19978123738-1997-chateau-monbousquet-st-emilion-bordeaux","1013182","19978123738"
"Chateau Monbousquet","2011","Chateau Monbousquet, St Emilion, Bordeaux","528","Case of 12 Bottles","https://www.bbr.com/products-20118123738-2011-chateau-monbousquet-st-emilion-bordeaux","1013182","20118123738"
"Chateau Monbousquet","2018","Chateau Monbousquet, St Emilion, Bordeaux","467","Case of 12 Bottles","https://www.bbr.com/products-20188123738-2018-chateau-monbousquet-st-emilion-bordeaux","1013182","20188123738"
"Chateau Monbrison","2019","Chateau Monbrison, Margaux, Bordeaux","150","Case of 6 Bottles","https://www.bbr.com/products-20198123725-2019-chateau-monbrison-margaux-bordeaux","1013195","20198123725"
"Chateau Montlandrie","2018","Chateau Montlandrie, Castillon Cotes de Bordeaux","99","Case of 6 Bottles","https://www.bbr.com/products-20188114684-2018-chateau-montlandrie-castillon-cotes-de-bordeaux","1137835","20188114684"
"Chateau Montlandrie","2018","Chateau Montlandrie, Castillon Cotes de Bordeaux","110","Case of 1 Double Magnums","https://www.bbr.com/products-20188114684-2018-chateau-montlandrie-castillon-cotes-de-bordeaux","1137835","20188114684"
"Chateau Montlandrie","2019","Chateau Montlandrie, Castillon Cotes de Bordeaux","130","Case of 6 Bottles","https://www.bbr.com/products-20198114684-2019-chateau-montlandrie-castillon-cotes-de-bordeaux","1137835","20198114684"
"Chateau Montrose","2000","Chateau Montrose, St Estephe, Bordeaux","1605","Case of 12 Bottles","https://www.bbr.com/products-20008009942-2000-chateau-montrose-st-estephe-bordeaux","1013296","20008009942"
"Chateau Montrose","2005","Chateau Montrose, St Estephe, Bordeaux","1500","Case of 12 Bottles","https://www.bbr.com/products-20058009942-2005-chateau-montrose-st-estephe-bordeaux","1013296","20058009942"
"Chateau Montrose","2005","Chateau Montrose, St Estephe, Bordeaux","985","Case of 6 Bottles","https://www.bbr.com/products-20058009942-2005-chateau-montrose-st-estephe-bordeaux","1013296","20058009942"
"Chateau Montrose","2005","Chateau Montrose, St Estephe, Bordeaux","1400","Case of 12 Bottles","https://www.bbr.com/products-20058009942-2005-chateau-montrose-st-estephe-bordeaux","1013296","20058009942"
"Chateau Montrose","2005","Chateau Montrose, St Estephe, Bordeaux","1400","Case of 12 Bottles","https://www.bbr.com/products-20058009942-2005-chateau-montrose-st-estephe-bordeaux","1013296","20058009942"
"Chateau Montrose","2005","Chateau Montrose, St Estephe, Bordeaux","2000","Case of 12 Bottles","https://www.bbr.com/products-20058009942-2005-chateau-montrose-st-estephe-bordeaux","1013296","20058009942"
"Chateau Montrose","2005","Chateau Montrose, St Estephe, Bordeaux","950","Case of 6 Bottles","https://www.bbr.com/products-20058009942-2005-chateau-montrose-st-estephe-bordeaux","1013296","20058009942"
"Chateau Montrose","2005","Chateau Montrose, St Estephe, Bordeaux","2250","Case of 6 Magnums","https://www.bbr.com/products-20058009942-2005-chateau-montrose-st-estephe-bordeaux","1013296","20058009942"
"Chateau Montrose","2006","Chateau Montrose, St Estephe, Bordeaux","770","Case of 12 Bottles","https://www.bbr.com/products-20068009942-2006-chateau-montrose-st-estephe-bordeaux","1013296","20068009942"
"Chateau Montrose","2008","Chateau Montrose, St Estephe, Bordeaux","760","Case of 12 Bottles","https://www.bbr.com/products-20088009942-2008-chateau-montrose-st-estephe-bordeaux","1013296","20088009942"
"Chateau Montrose","2008","Chateau Montrose, St Estephe, Bordeaux","780","Case of 12 Bottles","https://www.bbr.com/products-20088009942-2008-chateau-montrose-st-estephe-bordeaux","1013296","20088009942"
"Chateau Montrose","2009","Chateau Montrose, St Estephe, Bordeaux","1375","Case of 6 Bottles","https://www.bbr.com/products-20098009942-2009-chateau-montrose-st-estephe-bordeaux","1013296","20098009942"
"Chateau Montrose","2009","Chateau Montrose, St Estephe, Bordeaux","1449","Case of 6 Bottles","https://www.bbr.com/products-20098009942-2009-chateau-montrose-st-estephe-bordeaux","1013296","20098009942"
"Chateau Montrose","2009","Chateau Montrose, St Estephe, Bordeaux","2300","Case of 12 Bottles","https://www.bbr.com/products-20098009942-2009-chateau-montrose-st-estephe-bordeaux","1013296","20098009942"
"Chateau Montrose","2010","Chateau Montrose, St Estephe, Bordeaux","850","Case of 6 Bottles","https://www.bbr.com/products-20108009942-2010-chateau-montrose-st-estephe-bordeaux","1013296","20108009942"
"Chateau Montrose","2010","Chateau Montrose, St Estephe, Bordeaux","1650","Case of 12 Bottles","https://www.bbr.com/products-20108009942-2010-chateau-montrose-st-estephe-bordeaux","1013296","20108009942"
"Chateau Montrose","2011","Chateau Montrose, St Estephe, Bordeaux","575","Case of 6 Bottles","https://www.bbr.com/products-20118009942-2011-chateau-montrose-st-estephe-bordeaux","1013296","20118009942"
"Chateau Montrose","2011","Chateau Montrose, St Estephe, Bordeaux","740","Case of 12 Bottles","https://www.bbr.com/products-20118009942-2011-chateau-montrose-st-estephe-bordeaux","1013296","20118009942"
"Chateau Montrose","2012","Chateau Montrose, St Estephe, Bordeaux","400","Case of 6 Bottles","https://www.bbr.com/products-20128009942-2012-chateau-montrose-st-estephe-bordeaux","1013296","20128009942"
"Chateau Montrose","2012","Chateau Montrose, St Estephe, Bordeaux","400","Case of 6 Bottles","https://www.bbr.com/products-20128009942-2012-chateau-montrose-st-estephe-bordeaux","1013296","20128009942"
"Chateau Montrose","2012","Chateau Montrose, St Estephe, Bordeaux","280","Case of 3 Bottles","https://www.bbr.com/products-20128009942-2012-chateau-montrose-st-estephe-bordeaux","1013296","20128009942"
"Chateau Montrose","2014","Chateau Montrose, St Estephe, Bordeaux","520","Case of 6 Bottles","https://www.bbr.com/products-20148009942-2014-chateau-montrose-st-estephe-bordeaux","1013296","20148009942"
"Chateau Montrose","2014","Chateau Montrose, St Estephe, Bordeaux","1000","Case of 1 Imperials","https://www.bbr.com/products-20148009942-2014-chateau-montrose-st-estephe-bordeaux","1013296","20148009942"
"Chateau Montrose","2014","Chateau Montrose, St Estephe, Bordeaux","1048","Case of 6 Magnums","https://www.bbr.com/products-20148009942-2014-chateau-montrose-st-estephe-bordeaux","1013296","20148009942"
"Chateau Montrose","2015","Chateau Montrose, St Estephe, Bordeaux","600","Case of 6 Bottles","https://www.bbr.com/products-20158009942-2015-chateau-montrose-st-estephe-bordeaux","1013296","20158009942"
"Chateau Montrose","2016","Chateau Montrose, St Estephe, Bordeaux","1999","Case of 12 Bottles","https://www.bbr.com/products-20168009942-2016-chateau-montrose-st-estephe-bordeaux","1013296","20168009942"
"Chateau Montrose","2016","Chateau Montrose, St Estephe, Bordeaux","1247","Case of 6 Bottles","https://www.bbr.com/products-20168009942-2016-chateau-montrose-st-estephe-bordeaux","1013296","20168009942"
"Chateau Montrose","2016","Chateau Montrose, St Estephe, Bordeaux","899","Case of 1 Double Magnums","https://www.bbr.com/products-20168009942-2016-chateau-montrose-st-estephe-bordeaux","1013296","20168009942"
"Chateau Montrose","2017","Chateau Montrose, St Estephe, Bordeaux","410","Case of 6 Bottles","https://www.bbr.com/products-20178009942-2017-chateau-montrose-st-estephe-bordeaux","1013296","20178009942"
"Chateau Montrose","2017","Chateau Montrose, St Estephe, Bordeaux","550","Case of 3 Magnums","https://www.bbr.com/products-20178009942-2017-chateau-montrose-st-estephe-bordeaux","1013296","20178009942"
"Chateau Montrose","2017","Chateau Montrose, St Estephe, Bordeaux","1300","Case of 1 Salmanazars","https://www.bbr.com/products-20178009942-2017-chateau-montrose-st-estephe-bordeaux","1013296","20178009942"
"Chateau Montrose","2018","Chateau Montrose, St Estephe, Bordeaux","790","Case of 6 Bottles","https://www.bbr.com/products-20188009942-2018-chateau-montrose-st-estephe-bordeaux","1013296","20188009942"
"Chateau Montrose","2018","Chateau Montrose, St Estephe, Bordeaux","888","Case of 6 Bottles","https://www.bbr.com/products-20188009942-2018-chateau-montrose-st-estephe-bordeaux","1013296","20188009942"
"Chateau Montrose","2019","Chateau Montrose, St Estephe, Bordeaux","775","Case of 6 Bottles","https://www.bbr.com/products-20198009942-2019-chateau-montrose-st-estephe-bordeaux","1013296","20198009942"
"Chateau Montrose","2020","Chateau Montrose, St Estephe, Bordeaux","880","Case of 6 Bottles","https://www.bbr.com/products-20208009942-2020-chateau-montrose-st-estephe-bordeaux","1013296","20208009942"
"Chateau Montrose","2020","Chateau Montrose, St Estephe, Bordeaux","685","Case of 3 Magnums","https://www.bbr.com/products-20208009942-2020-chateau-montrose-st-estephe-bordeaux","1013296","20208009942"
"Chateau Montrose","2021","Chateau Montrose, St Estephe, Bordeaux","700","Case of 6 Bottles","https://www.bbr.com/products-20218009942-2021-chateau-montrose-st-estephe-bordeaux","1013296","20218009942"
"Chateau Montrose","2021","Chateau Montrose, St Estephe, Bordeaux","420","Case of 6 Bottles","https://www.bbr.com/products-20218009942-2021-chateau-montrose-st-estephe-bordeaux","1013296","20218009942"
"Chateau Montrose","2021","Chateau Montrose, St Estephe, Bordeaux","800","Case of 3 Magnums","https://www.bbr.com/products-20218009942-2021-chateau-montrose-st-estephe-bordeaux","1013296","20218009942"
"Chateau Montrose","2022","Chateau Montrose, St Estephe, Bordeaux","1050","Case of 6 Bottles","https://www.bbr.com/products-20228009942-2022-chateau-montrose-st-estephe-bordeaux","1013296","20228009942"
"Chateau Montrose","2022","Chateau Montrose, St Estephe, Bordeaux","875","Case of 6 Bottles","https://www.bbr.com/products-20228009942-2022-chateau-montrose-st-estephe-bordeaux","1013296","20228009942"
"Chateau Montrose","2022","Chateau Montrose, St Estephe, Bordeaux","1500","Case of 12 Half Bottles","https://www.bbr.com/products-20228009942-2022-chateau-montrose-st-estephe-bordeaux","1013296","20228009942"
"Chateau Montrose","2022","Chateau Montrose, St Estephe, Bordeaux","800","Case of 3 Magnums","https://www.bbr.com/products-20228009942-2022-chateau-montrose-st-estephe-bordeaux","1013296","20228009942"
"Chateau Montus","2019","Chateau Montus, La Tyre, Madiran, South-West France","750","Case of 6 Bottles","https://www.bbr.com/products-20198317362-2019-chateau-montus-la-tyre-madiran-south-west-france","1315895","20198317362"
"Chateau Montus","2020","Chateau Montus, La Tyre, Madiran, South-West France","750","Case of 6 Bottles","https://www.bbr.com/products-20208317362-2020-chateau-montus-la-tyre-madiran-south-west-france","1315895","20208317362"
"Chateau Leoville Poyferre","2009","Chateau Moulin Riche, St Julien, Bordeaux","495","Case of 12 Bottles","https://www.bbr.com/products-20098014320-2009-chateau-moulin-riche-st-julien-bordeaux","1013469","20098014320"
"Chateau Leoville Poyferre","2009","Chateau Moulin Riche, St Julien, Bordeaux","510","Case of 3 Double Magnums","https://www.bbr.com/products-20098014320-2009-chateau-moulin-riche-st-julien-bordeaux","1013469","20098014320"
"Chateau Leoville Poyferre","2009","Chateau Moulin Riche, St Julien, Bordeaux","300","Case of 1 Imperials","https://www.bbr.com/products-20098014320-2009-chateau-moulin-riche-st-julien-bordeaux","1013469","20098014320"
"Chateau Leoville Poyferre","2010","Chateau Moulin Riche, St Julien, Bordeaux","450","Case of 12 Bottles","https://www.bbr.com/products-20108014320-2010-chateau-moulin-riche-st-julien-bordeaux","1013469","20108014320"
"Chateau Leoville Poyferre","2015","Chateau Moulin Riche, St Julien, Bordeaux","335","Case of 12 Bottles","https://www.bbr.com/products-20158014320-2015-chateau-moulin-riche-st-julien-bordeaux","1013469","20158014320"
"Chateau Moulin Saint-Georges","2003","Chateau Moulin Saint-Georges, St Emilion, Bordeaux","595","Case of 12 Bottles","https://www.bbr.com/products-20038123695-2003-chateau-moulin-saint-georges-st-emilion-bordeaux","1013498","20038123695"
"Chateau Moulin Saint-Georges","2005","Chateau Moulin Saint-Georges, St Emilion, Bordeaux","375","Case of 12 Bottles","https://www.bbr.com/products-20058123695-2005-chateau-moulin-saint-georges-st-emilion-bordeaux","1013498","20058123695"
"Chateau Moulin Saint-Georges","2005","Chateau Moulin Saint-Georges, St Emilion, Bordeaux","550","Case of 12 Bottles","https://www.bbr.com/products-20058123695-2005-chateau-moulin-saint-georges-st-emilion-bordeaux","1013498","20058123695"
"Chateau Moulin Saint-Georges","2005","Chateau Moulin Saint-Georges, St Emilion, Bordeaux","435","Case of 12 Bottles","https://www.bbr.com/products-20058123695-2005-chateau-moulin-saint-georges-st-emilion-bordeaux","1013498","20058123695"
"Chateau Moulin Saint-Georges","2005","Chateau Moulin Saint-Georges, St Emilion, Bordeaux","450","Case of 12 Bottles","https://www.bbr.com/products-20058123695-2005-chateau-moulin-saint-georges-st-emilion-bordeaux","1013498","20058123695"
"Chateau Moulin Saint-Georges","2007","Chateau Moulin Saint-Georges, St Emilion, Bordeaux","310","Case of 12 Bottles","https://www.bbr.com/products-20078123695-2007-chateau-moulin-saint-georges-st-emilion-bordeaux","1013498","20078123695"
"Chateau Moulin Saint-Georges","2008","Chateau Moulin Saint-Georges, St Emilion, Bordeaux","289","Case of 12 Bottles","https://www.bbr.com/products-20088123695-2008-chateau-moulin-saint-georges-st-emilion-bordeaux","1013498","20088123695"
"Chateau Moulin Saint-Georges","2009","Chateau Moulin Saint-Georges, St Emilion, Bordeaux","398","Case of 6 Magnums","https://www.bbr.com/products-20098123695-2009-chateau-moulin-saint-georges-st-emilion-bordeaux","1013498","20098123695"
"Chateau Moulin Saint-Georges","2015","Chateau Moulin Saint-Georges, St Emilion, Bordeaux","335","Case of 12 Bottles","https://www.bbr.com/products-20158123695-2015-chateau-moulin-saint-georges-st-emilion-bordeaux","1013498","20158123695"
"Chateau Moulin Saint-Georges","2015","Chateau Moulin Saint-Georges, St Emilion, Bordeaux","330","Case of 6 Magnums","https://www.bbr.com/products-20158123695-2015-chateau-moulin-saint-georges-st-emilion-bordeaux","1013498","20158123695"
"Chateau Moulin Saint-Georges","2016","Chateau Moulin Saint-Georges, St Emilion, Bordeaux","170","Case of 6 Bottles","https://www.bbr.com/products-20168123695-2016-chateau-moulin-saint-georges-st-emilion-bordeaux","1013498","20168123695"
"Chateau Moulin Saint-Georges","2016","Chateau Moulin Saint-Georges, St Emilion, Bordeaux","160","Case of 6 Bottles","https://www.bbr.com/products-20168123695-2016-chateau-moulin-saint-georges-st-emilion-bordeaux","1013498","20168123695"
"Chateau Moulin Saint-Georges","2017","Chateau Moulin Saint-Georges, St Emilion, Bordeaux","198","Case of 6 Bottles","https://www.bbr.com/products-20178123695-2017-chateau-moulin-saint-georges-st-emilion-bordeaux","1013498","20178123695"
"Chateau Moulin Saint-Georges","2018","Chateau Moulin Saint-Georges, St Emilion, Bordeaux","135","Case of 6 Bottles","https://www.bbr.com/products-20188123695-2018-chateau-moulin-saint-georges-st-emilion-bordeaux","1013498","20188123695"
"Chateau Moulin Saint-Georges","2019","Chateau Moulin Saint-Georges, St Emilion, Bordeaux","130","Case of 6 Bottles","https://www.bbr.com/products-20198123695-2019-chateau-moulin-saint-georges-st-emilion-bordeaux","1013498","20198123695"
"Chateau Moulin Saint-Georges","2020","Chateau Moulin Saint-Georges, St Emilion, Bordeaux","135","Case of 6 Bottles","https://www.bbr.com/products-20208123695-2020-chateau-moulin-saint-georges-st-emilion-bordeaux","1013498","20208123695"
"Chateau Mouton Rothschild","1991","Chateau Mouton Rothschild, Pauillac, Bordeaux","2300","Case of 1 Imperials","https://www.bbr.com/products-19918008860-1991-chateau-mouton-rothschild-pauillac-bordeaux","1013544","19918008860"
"Chateau Mouton Rothschild","1994","Chateau Mouton Rothschild, Pauillac, Bordeaux","2500","Case of 1 Imperials","https://www.bbr.com/products-19948008860-1994-chateau-mouton-rothschild-pauillac-bordeaux","1013544","19948008860"
"Chateau Mouton Rothschild","1995","Chateau Mouton Rothschild, Pauillac, Bordeaux","4750","Case of 12 Bottles","https://www.bbr.com/products-19958008860-1995-chateau-mouton-rothschild-pauillac-bordeaux","1013544","19958008860"
"Chateau Mouton Rothschild","1996","Chateau Mouton Rothschild, Pauillac, Bordeaux","4470","Case of 12 Bottles","https://www.bbr.com/products-19968008860-1996-chateau-mouton-rothschild-pauillac-bordeaux","1013544","19968008860"
"Chateau Mouton Rothschild","1996","Chateau Mouton Rothschild, Pauillac, Bordeaux","5150","Case of 12 Bottles","https://www.bbr.com/products-19968008860-1996-chateau-mouton-rothschild-pauillac-bordeaux","1013544","19968008860"
"Chateau Mouton Rothschild","1998","Chateau Mouton Rothschild, Pauillac, Bordeaux","4575","Case of 12 Bottles","https://www.bbr.com/products-19988008860-1998-chateau-mouton-rothschild-pauillac-bordeaux","1013544","19988008860"
"Chateau Mouton Rothschild","1998","Chateau Mouton Rothschild, Pauillac, Bordeaux","4400","Case of 12 Bottles","https://www.bbr.com/products-19988008860-1998-chateau-mouton-rothschild-pauillac-bordeaux","1013544","19988008860"
"Chateau Mouton Rothschild","1998","Chateau Mouton Rothschild, Pauillac, Bordeaux","4650","Case of 6 Magnums","https://www.bbr.com/products-19988008860-1998-chateau-mouton-rothschild-pauillac-bordeaux","1013544","19988008860"
"Chateau Mouton Rothschild","2000","Chateau Mouton Rothschild, Pauillac, Bordeaux","13980","Case of 12 Bottles","https://www.bbr.com/products-20008008860-2000-chateau-mouton-rothschild-pauillac-bordeaux","1013544","20008008860"
"Chateau Mouton Rothschild","2001","Chateau Mouton Rothschild, Pauillac, Bordeaux","1350","Case of 1 Magnums","https://www.bbr.com/products-20018008860-2001-chateau-mouton-rothschild-pauillac-bordeaux","1013544","20018008860"
"Chateau Mouton Rothschild","2003","Chateau Mouton Rothschild, Pauillac, Bordeaux","4200","Case of 12 Bottles","https://www.bbr.com/products-20038008860-2003-chateau-mouton-rothschild-pauillac-bordeaux","1013544","20038008860"
"Chateau Mouton Rothschild","2004","Chateau Mouton Rothschild, Pauillac, Bordeaux","2030","Case of 6 Bottles","https://www.bbr.com/products-20048008860-2004-chateau-mouton-rothschild-pauillac-bordeaux","1013544","20048008860"
"Chateau Mouton Rothschild","2005","Chateau Mouton Rothschild, Pauillac, Bordeaux","5095","Case of 12 Bottles","https://www.bbr.com/products-20058008860-2005-chateau-mouton-rothschild-pauillac-bordeaux","1013544","20058008860"
"Chateau Mouton Rothschild","2005","Chateau Mouton Rothschild, Pauillac, Bordeaux","3200","Case of 6 Bottles","https://www.bbr.com/products-20058008860-2005-chateau-mouton-rothschild-pauillac-bordeaux","1013544","20058008860"
"Chateau Mouton Rothschild","2005","Chateau Mouton Rothschild, Pauillac, Bordeaux","5095","Case of 12 Bottles","https://www.bbr.com/products-20058008860-2005-chateau-mouton-rothschild-pauillac-bordeaux","1013544","20058008860"
"Chateau Mouton Rothschild","2005","Chateau Mouton Rothschild, Pauillac, Bordeaux","5075","Case of 12 Bottles","https://www.bbr.com/products-20058008860-2005-chateau-mouton-rothschild-pauillac-bordeaux","1013544","20058008860"
"Chateau Mouton Rothschild","2005","Chateau Mouton Rothschild, Pauillac, Bordeaux","2150","Case of 1 Double Magnums","https://www.bbr.com/products-20058008860-2005-chateau-mouton-rothschild-pauillac-bordeaux","1013544","20058008860"
"Chateau Mouton Rothschild","2005","Chateau Mouton Rothschild, Pauillac, Bordeaux","4350","Case of 1 Imperials","https://www.bbr.com/products-20058008860-2005-chateau-mouton-rothschild-pauillac-bordeaux","1013544","20058008860"
"Chateau Mouton Rothschild","2005","Chateau Mouton Rothschild, Pauillac, Bordeaux","5500","Case of 6 Magnums","https://www.bbr.com/products-20058008860-2005-chateau-mouton-rothschild-pauillac-bordeaux","1013544","20058008860"
"Chateau Mouton Rothschild","2006","Chateau Mouton Rothschild, Pauillac, Bordeaux","4050","Case of 12 Bottles","https://www.bbr.com/products-20068008860-2006-chateau-mouton-rothschild-pauillac-bordeaux","1013544","20068008860"
"Chateau Mouton Rothschild","2006","Chateau Mouton Rothschild, Pauillac, Bordeaux","4000","Case of 12 Bottles","https://www.bbr.com/products-20068008860-2006-chateau-mouton-rothschild-pauillac-bordeaux","1013544","20068008860"
"Chateau Mouton Rothschild","2006","Chateau Mouton Rothschild, Pauillac, Bordeaux","2500","Case of 6 Bottles","https://www.bbr.com/products-20068008860-2006-chateau-mouton-rothschild-pauillac-bordeaux","1013544","20068008860"
"Chateau Mouton Rothschild","2006","Chateau Mouton Rothschild, Pauillac, Bordeaux","3950","Case of 12 Bottles","https://www.bbr.com/products-20068008860-2006-chateau-mouton-rothschild-pauillac-bordeaux","1013544","20068008860"
"Chateau Mouton Rothschild","2008","Chateau Mouton Rothschild, Pauillac, Bordeaux","3250","Case of 6 Bottles","https://www.bbr.com/products-20088008860-2008-chateau-mouton-rothschild-pauillac-bordeaux","1013544","20088008860"
"Chateau Mouton Rothschild","2008","Chateau Mouton Rothschild, Pauillac, Bordeaux","5000","Case of 12 Bottles","https://www.bbr.com/products-20088008860-2008-chateau-mouton-rothschild-pauillac-bordeaux","1013544","20088008860"
"Chateau Mouton Rothschild","2008","Chateau Mouton Rothschild, Pauillac, Bordeaux","4305","Case of 12 Bottles","https://www.bbr.com/products-20088008860-2008-chateau-mouton-rothschild-pauillac-bordeaux","1013544","20088008860"
"Chateau Mouton Rothschild","2009","Chateau Mouton Rothschild, Pauillac, Bordeaux","450","Case of 1 Bottles","https://www.bbr.com/products-20098008860-2009-chateau-mouton-rothschild-pauillac-bordeaux","1013544","20098008860"
"Chateau Mouton Rothschild","2009","Chateau Mouton Rothschild, Pauillac, Bordeaux","3300","Case of 6 Bottles","https://www.bbr.com/products-20098008860-2009-chateau-mouton-rothschild-pauillac-bordeaux","1013544","20098008860"
"Chateau Mouton Rothschild","2009","Chateau Mouton Rothschild, Pauillac, Bordeaux","1450","Case of 3 Bottles","https://www.bbr.com/products-20098008860-2009-chateau-mouton-rothschild-pauillac-bordeaux","1013544","20098008860"
"Chateau Mouton Rothschild","2009","Chateau Mouton Rothschild, Pauillac, Bordeaux","2595","Case of 6 Bottles","https://www.bbr.com/products-20098008860-2009-chateau-mouton-rothschild-pauillac-bordeaux","1013544","20098008860"
"Chateau Mouton Rothschild","2009","Chateau Mouton Rothschild, Pauillac, Bordeaux","4750","Case of 6 Bottles","https://www.bbr.com/products-20098008860-2009-chateau-mouton-rothschild-pauillac-bordeaux","1013544","20098008860"
"Chateau Mouton Rothschild","2009","Chateau Mouton Rothschild, Pauillac, Bordeaux","5500","Case of 1 Imperials","https://www.bbr.com/products-20098008860-2009-chateau-mouton-rothschild-pauillac-bordeaux","1013544","20098008860"
"Chateau Mouton Rothschild","2009","Chateau Mouton Rothschild, Pauillac, Bordeaux","1200","Case of 1 Magnums","https://www.bbr.com/products-20098008860-2009-chateau-mouton-rothschild-pauillac-bordeaux","1013544","20098008860"
"Chateau Mouton Rothschild","2010","Chateau Mouton Rothschild, Pauillac, Bordeaux","2770","Case of 6 Bottles","https://www.bbr.com/products-20108008860-2010-chateau-mouton-rothschild-pauillac-bordeaux","1013544","20108008860"
"Chateau Mouton Rothschild","2010","Chateau Mouton Rothschild, Pauillac, Bordeaux","4495","Case of 6 Bottles","https://www.bbr.com/products-20108008860-2010-chateau-mouton-rothschild-pauillac-bordeaux","1013544","20108008860"
"Chateau Mouton Rothschild","2011","Chateau Mouton Rothschild, Pauillac, Bordeaux","2400","Case of 6 Bottles","https://www.bbr.com/products-20118008860-2011-chateau-mouton-rothschild-pauillac-bordeaux","1013544","20118008860"
"Chateau Mouton Rothschild","2012","Chateau Mouton Rothschild, Pauillac, Bordeaux","1900","Case of 6 Bottles","https://www.bbr.com/products-20128008860-2012-chateau-mouton-rothschild-pauillac-bordeaux","1013544","20128008860"
"Chateau Mouton Rothschild","2013","Chateau Mouton Rothschild, Pauillac, Bordeaux","1800","Case of 6 Bottles","https://www.bbr.com/products-20138008860-2013-chateau-mouton-rothschild-pauillac-bordeaux","1013544","20138008860"
"Chateau Mouton Rothschild","2013","Chateau Mouton Rothschild, Pauillac, Bordeaux","1790","Case of 6 Bottles","https://www.bbr.com/products-20138008860-2013-chateau-mouton-rothschild-pauillac-bordeaux","1013544","20138008860"
"Chateau Mouton Rothschild","2014","Chateau Mouton Rothschild, Pauillac, Bordeaux","1850","Case of 6 Bottles","https://www.bbr.com/products-20148008860-2014-chateau-mouton-rothschild-pauillac-bordeaux","1013544","20148008860"
"Chateau Mouton Rothschild","2014","Chateau Mouton Rothschild, Pauillac, Bordeaux","2388","Case of 6 Bottles","https://www.bbr.com/products-20148008860-2014-chateau-mouton-rothschild-pauillac-bordeaux","1013544","20148008860"
"Chateau Mouton Rothschild","2014","Chateau Mouton Rothschild, Pauillac, Bordeaux","4442","Case of 1 Imperials","https://www.bbr.com/products-20148008860-2014-chateau-mouton-rothschild-pauillac-bordeaux","1013544","20148008860"
"Chateau Mouton Rothschild","2014","Chateau Mouton Rothschild, Pauillac, Bordeaux","1875","Case of 3 Magnums","https://www.bbr.com/products-20148008860-2014-chateau-mouton-rothschild-pauillac-bordeaux","1013544","20148008860"
"Chateau Mouton Rothschild","2015","Chateau Mouton Rothschild, Pauillac, Bordeaux","2390","Case of 6 Bottles","https://www.bbr.com/products-20158008860-2015-chateau-mouton-rothschild-pauillac-bordeaux","1013544","20158008860"
"Chateau Mouton Rothschild","2016","Chateau Mouton Rothschild, Pauillac, Bordeaux","2800","Case of 6 Bottles","https://www.bbr.com/products-20168008860-2016-chateau-mouton-rothschild-pauillac-bordeaux","1013544","20168008860"
"Chateau Mouton Rothschild","2016","Chateau Mouton Rothschild, Pauillac, Bordeaux","2590","Case of 6 Bottles","https://www.bbr.com/products-20168008860-2016-chateau-mouton-rothschild-pauillac-bordeaux","1013544","20168008860"
"Chateau Mouton Rothschild","2016","Chateau Mouton Rothschild, Pauillac, Bordeaux","4400","Case of 1 Imperials","https://www.bbr.com/products-20168008860-2016-chateau-mouton-rothschild-pauillac-bordeaux","1013544","20168008860"
"Chateau Mouton Rothschild","2016","Chateau Mouton Rothschild, Pauillac, Bordeaux","3680","Case of 3 Magnums","https://www.bbr.com/products-20168008860-2016-chateau-mouton-rothschild-pauillac-bordeaux","1013544","20168008860"
"Chateau Mouton Rothschild","2017","Chateau Mouton Rothschild, Pauillac, Bordeaux","1850","Case of 6 Bottles","https://www.bbr.com/products-20178008860-2017-chateau-mouton-rothschild-pauillac-bordeaux","1013544","20178008860"
"Chateau Mouton Rothschild","2018","Chateau Mouton Rothschild, Pauillac, Bordeaux","3000","Case of 6 Bottles","https://www.bbr.com/products-20188008860-2018-chateau-mouton-rothschild-pauillac-bordeaux","1013544","20188008860"
"Chateau Mouton Rothschild","2018","Chateau Mouton Rothschild, Pauillac, Bordeaux","1300","Case of 3 Bottles","https://www.bbr.com/products-20188008860-2018-chateau-mouton-rothschild-pauillac-bordeaux","1013544","20188008860"
"Chateau Mouton Rothschild","2018","Chateau Mouton Rothschild, Pauillac, Bordeaux","3200","Case of 6 Bottles","https://www.bbr.com/products-20188008860-2018-chateau-mouton-rothschild-pauillac-bordeaux","1013544","20188008860"
"Chateau Mouton Rothschild","2018","Chateau Mouton Rothschild, Pauillac, Bordeaux","2250","Case of 3 Magnums","https://www.bbr.com/products-20188008860-2018-chateau-mouton-rothschild-pauillac-bordeaux","1013544","20188008860"
"Chateau Mouton Rothschild","2019","Chateau Mouton Rothschild, Pauillac, Bordeaux","1860","Case of 6 Bottles","https://www.bbr.com/products-20198008860-2019-chateau-mouton-rothschild-pauillac-bordeaux","1013544","20198008860"
"Chateau Mouton Rothschild","2019","Chateau Mouton Rothschild, Pauillac, Bordeaux","990","Case of 3 Bottles","https://www.bbr.com/products-20198008860-2019-chateau-mouton-rothschild-pauillac-bordeaux","1013544","20198008860"
"Chateau Mouton Rothschild","2019","Chateau Mouton Rothschild, Pauillac, Bordeaux","1799","Case of 1 Double Magnums","https://www.bbr.com/products-20198008860-2019-chateau-mouton-rothschild-pauillac-bordeaux","1013544","20198008860"
"Chateau Mouton Rothschild","2020","Chateau Mouton Rothschild, Pauillac, Bordeaux","1100","Case of 3 Bottles","https://www.bbr.com/products-20208008860-2020-chateau-mouton-rothschild-pauillac-bordeaux","1013544","20208008860"
"Chateau Mouton Rothschild","2020","Chateau Mouton Rothschild, Pauillac, Bordeaux","1395","Case of 3 Bottles","https://www.bbr.com/products-20208008860-2020-chateau-mouton-rothschild-pauillac-bordeaux","1013544","20208008860"
"Chateau Mouton Rothschild","2020","Chateau Mouton Rothschild, Pauillac, Bordeaux","3200","Case of 3 Magnums","https://www.bbr.com/products-20208008860-2020-chateau-mouton-rothschild-pauillac-bordeaux","1013544","20208008860"
"Chateau Mouton Rothschild","2021","Chateau Mouton Rothschild, Pauillac, Bordeaux","2510","Case of 6 Bottles","https://www.bbr.com/products-20218008860-2021-chateau-mouton-rothschild-pauillac-bordeaux","1013544","20218008860"
"Chateau Mouton Rothschild","2021","Chateau Mouton Rothschild, Pauillac, Bordeaux","1100","Case of 3 Bottles","https://www.bbr.com/products-20218008860-2021-chateau-mouton-rothschild-pauillac-bordeaux","1013544","20218008860"
"Chateau Mouton Rothschild","2022","Chateau Mouton Rothschild, Pauillac, Bordeaux","1300","Case of 3 Bottles","https://www.bbr.com/products-20228008860-2022-chateau-mouton-rothschild-pauillac-bordeaux","1013544","20228008860"
"Chateau Mouton Rothschild","2022","Chateau Mouton Rothschild, Pauillac, Bordeaux","3750","Case of 3 Magnums","https://www.bbr.com/products-20228008860-2022-chateau-mouton-rothschild-pauillac-bordeaux","1013544","20228008860"
"Chateau Mouton Rothschild","","Chateau Mouton Rothschild, Trilogy (2005, 2010, 2016), Three-Bottle Assortment Case","4500","Case of 1 s","https://www.bbr.com/products-10008182773-chateau-mouton-rothschild-trilogy-2005-2010-2016-three-bottle-assortment-case","","10008182773"
"Chateau Mouton Rothschild","","Chateau Mouton Rothschild, Trilogy (2009/2010/2016), Three-Bottle Assortment Case","1950","Case of 1 s","https://www.bbr.com/products-10008075040-chateau-mouton-rothschild-trilogy-2009-2010-2016-three-bottle-assortment-case","1862865","10008075040"
"Chateau Nenin","2005","Chateau Nenin, Pomerol, Bordeaux","600","Case of 12 Bottles","https://www.bbr.com/products-20058123682-2005-chateau-nenin-pomerol-bordeaux","1013573","20058123682"
"Chateau Nenin","2020","Chateau Nenin, Pomerol, Bordeaux","245","Case of 6 Bottles","https://www.bbr.com/products-20208123682-2020-chateau-nenin-pomerol-bordeaux","1013573","20208123682"
"Chateau Nenin","2021","Chateau Nenin, Pomerol, Bordeaux","249","Case of 6 Bottles","https://www.bbr.com/products-20218123682-2021-chateau-nenin-pomerol-bordeaux","1013573","20218123682"
"Chateau Nenin","2023","Chateau Nenin, Pomerol, Bordeaux","350","Case of 6 Bottles","https://www.bbr.com/products-20238123682-2023-chateau-nenin-pomerol-bordeaux","1013573","20238123682"
"Chateau Les Ormes de Pez","2006","Chateau Ormes de Pez, St Estephe, Bordeaux","251","Case of 12 Bottles","https://www.bbr.com/products-20068007326-2006-chateau-ormes-de-pez-st-estephe-bordeaux","1013632","20068007326"
"Chateau Les Ormes de Pez","2008","Chateau Ormes de Pez, St Estephe, Bordeaux","200","Case of 12 Bottles","https://www.bbr.com/products-20088007326-2008-chateau-ormes-de-pez-st-estephe-bordeaux","1013632","20088007326"
"Chateau Les Ormes de Pez","2009","Chateau Ormes de Pez, St Estephe, Bordeaux","300","Case of 12 Bottles","https://www.bbr.com/products-20098007326-2009-chateau-ormes-de-pez-st-estephe-bordeaux","1013632","20098007326"
"Chateau Les Ormes de Pez","2010","Chateau Ormes de Pez, St Estephe, Bordeaux","270","Case of 12 Bottles","https://www.bbr.com/products-20108007326-2010-chateau-ormes-de-pez-st-estephe-bordeaux","1013632","20108007326"
"Chateau Les Ormes de Pez","2011","Chateau Ormes de Pez, St Estephe, Bordeaux","344","Case of 12 Bottles","https://www.bbr.com/products-20118007326-2011-chateau-ormes-de-pez-st-estephe-bordeaux","1013632","20118007326"
"Chateau Les Ormes de Pez","2011","Chateau Ormes de Pez, St Estephe, Bordeaux","230","Case of 12 Bottles","https://www.bbr.com/products-20118007326-2011-chateau-ormes-de-pez-st-estephe-bordeaux","1013632","20118007326"
"Chateau Les Ormes de Pez","2011","Chateau Ormes de Pez, St Estephe, Bordeaux","220","Case of 24 Half Bottles","https://www.bbr.com/products-20118007326-2011-chateau-ormes-de-pez-st-estephe-bordeaux","1013632","20118007326"
"Chateau Les Ormes de Pez","2016","Chateau Ormes de Pez, St Estephe, Bordeaux","190","Case of 6 Bottles","https://www.bbr.com/products-20168007326-2016-chateau-ormes-de-pez-st-estephe-bordeaux","1013632","20168007326"
"Chateau Les Ormes de Pez","2016","Chateau Ormes de Pez, St Estephe, Bordeaux","595","Case of 12 Bottles","https://www.bbr.com/products-20168007326-2016-chateau-ormes-de-pez-st-estephe-bordeaux","1013632","20168007326"
"Chateau Les Ormes de Pez","2016","Chateau Ormes de Pez, St Estephe, Bordeaux","275","Case of 3 Magnums","https://www.bbr.com/products-20168007326-2016-chateau-ormes-de-pez-st-estephe-bordeaux","1013632","20168007326"
"Chateau Les Ormes de Pez","2017","Chateau Ormes de Pez, St Estephe, Bordeaux","90","Case of 6 Bottles","https://www.bbr.com/products-20178007326-2017-chateau-ormes-de-pez-st-estephe-bordeaux","1013632","20178007326"
"Chateau Les Ormes de Pez","2017","Chateau Ormes de Pez, St Estephe, Bordeaux","90","Case of 12 Half Bottles","https://www.bbr.com/products-20178007326-2017-chateau-ormes-de-pez-st-estephe-bordeaux","1013632","20178007326"
"Chateau Les Ormes de Pez","2017","Chateau Ormes de Pez, St Estephe, Bordeaux","380","Case of 1 Imperials","https://www.bbr.com/products-20178007326-2017-chateau-ormes-de-pez-st-estephe-bordeaux","1013632","20178007326"
"Chateau Les Ormes de Pez","2017","Chateau Ormes de Pez, St Estephe, Bordeaux","203","Case of 3 Magnums","https://www.bbr.com/products-20178007326-2017-chateau-ormes-de-pez-st-estephe-bordeaux","1013632","20178007326"
"Chateau Les Ormes de Pez","2019","Chateau Ormes de Pez, St Estephe, Bordeaux","225","Case of 6 Bottles","https://www.bbr.com/products-20198007326-2019-chateau-ormes-de-pez-st-estephe-bordeaux","1013632","20198007326"
"Chateau Les Ormes de Pez","2020","Chateau Ormes de Pez, St Estephe, Bordeaux","110","Case of 6 Bottles","https://www.bbr.com/products-20208007326-2020-chateau-ormes-de-pez-st-estephe-bordeaux","1013632","20208007326"
"Chateau Les Ormes de Pez","2021","Chateau Ormes de Pez, St Estephe, Bordeaux","100","Case of 6 Bottles","https://www.bbr.com/products-20218007326-2021-chateau-ormes-de-pez-st-estephe-bordeaux","1013632","20218007326"
"Chateau Les Ormes de Pez","2021","Chateau Ormes de Pez, St Estephe, Bordeaux","100","Case of 6 Bottles","https://www.bbr.com/products-20218007326-2021-chateau-ormes-de-pez-st-estephe-bordeaux","1013632","20218007326"
"Chateau Les Ormes de Pez","2021","Chateau Ormes de Pez, St Estephe, Bordeaux","300","Case of 1 Imperials","https://www.bbr.com/products-20218007326-2021-chateau-ormes-de-pez-st-estephe-bordeaux","1013632","20218007326"
"Chateau Les Ormes de Pez","2022","Chateau Ormes de Pez, St Estephe, Bordeaux","130","Case of 6 Bottles","https://www.bbr.com/products-20228007326-2022-chateau-ormes-de-pez-st-estephe-bordeaux","1013632","20228007326"
"Chateau Les Ormes de Pez","2022","Chateau Ormes de Pez, St Estephe, Bordeaux","250","Case of 3 Magnums","https://www.bbr.com/products-20228007326-2022-chateau-ormes-de-pez-st-estephe-bordeaux","1013632","20228007326"
"Chateau Palmer","2002","Chateau Palmer, Margaux, Bordeaux","2600","Case of 12 Bottles","https://www.bbr.com/products-20028004309-2002-chateau-palmer-margaux-bordeaux","1013658","20028004309"
"Chateau Palmer","2002","Chateau Palmer, Margaux, Bordeaux","2400","Case of 6 Magnums","https://www.bbr.com/products-20028004309-2002-chateau-palmer-margaux-bordeaux","1013658","20028004309"
"Chateau Palmer","2005","Chateau Palmer, Margaux, Bordeaux","5000","Case of 12 Bottles","https://www.bbr.com/products-20058004309-2005-chateau-palmer-margaux-bordeaux","1013658","20058004309"
"Chateau Palmer","2005","Chateau Palmer, Margaux, Bordeaux","2850","Case of 12 Bottles","https://www.bbr.com/products-20058004309-2005-chateau-palmer-margaux-bordeaux","1013658","20058004309"
"Chateau Palmer","2005","Chateau Palmer, Margaux, Bordeaux","2900","Case of 12 Bottles","https://www.bbr.com/products-20058004309-2005-chateau-palmer-margaux-bordeaux","1013658","20058004309"
"Chateau Palmer","2005","Chateau Palmer, Margaux, Bordeaux","3300","Case of 6 Magnums","https://www.bbr.com/products-20058004309-2005-chateau-palmer-margaux-bordeaux","1013658","20058004309"
"Chateau Palmer","2008","Chateau Palmer, Margaux, Bordeaux","2288","Case of 12 Bottles","https://www.bbr.com/products-20088004309-2008-chateau-palmer-margaux-bordeaux","1013658","20088004309"
"Chateau Palmer","2008","Chateau Palmer, Margaux, Bordeaux","2300","Case of 12 Bottles","https://www.bbr.com/products-20088004309-2008-chateau-palmer-margaux-bordeaux","1013658","20088004309"
"Chateau Palmer","2009","Chateau Palmer, Margaux, Bordeaux","1600","Case of 6 Bottles","https://www.bbr.com/products-20098004309-2009-chateau-palmer-margaux-bordeaux","1013658","20098004309"
"Chateau Palmer","2009","Chateau Palmer, Margaux, Bordeaux","1750","Case of 6 Bottles","https://www.bbr.com/products-20098004309-2009-chateau-palmer-margaux-bordeaux","1013658","20098004309"
"Chateau Palmer","2009","Chateau Palmer, Margaux, Bordeaux","3500","Case of 6 Magnums","https://www.bbr.com/products-20098004309-2009-chateau-palmer-margaux-bordeaux","1013658","20098004309"
"Chateau Palmer","2010","Chateau Palmer, Margaux, Bordeaux","1550","Case of 6 Bottles","https://www.bbr.com/products-20108004309-2010-chateau-palmer-margaux-bordeaux","1013658","20108004309"
"Chateau Palmer","2010","Chateau Palmer, Margaux, Bordeaux","1500","Case of 6 Bottles","https://www.bbr.com/products-20108004309-2010-chateau-palmer-margaux-bordeaux","1013658","20108004309"
"Chateau Palmer","2012","Chateau Palmer, Margaux, Bordeaux","1075","Case of 6 Bottles","https://www.bbr.com/products-20128004309-2012-chateau-palmer-margaux-bordeaux","1013658","20128004309"
"Chateau Palmer","2012","Chateau Palmer, Margaux, Bordeaux","550","Case of 3 Bottles","https://www.bbr.com/products-20128004309-2012-chateau-palmer-margaux-bordeaux","1013658","20128004309"
"Chateau Palmer","2014","Chateau Palmer, Margaux, Bordeaux","1000","Case of 6 Bottles","https://www.bbr.com/products-20148004309-2014-chateau-palmer-margaux-bordeaux","1013658","20148004309"
"Chateau Palmer","2014","Chateau Palmer, Margaux, Bordeaux","990","Case of 6 Bottles","https://www.bbr.com/products-20148004309-2014-chateau-palmer-margaux-bordeaux","1013658","20148004309"
"Chateau Palmer","2015","Chateau Palmer, Margaux, Bordeaux","1200","Case of 6 Bottles","https://www.bbr.com/products-20158004309-2015-chateau-palmer-margaux-bordeaux","1013658","20158004309"
"Chateau Palmer","2016","Chateau Palmer, Margaux, Bordeaux","1580","Case of 6 Bottles","https://www.bbr.com/products-20168004309-2016-chateau-palmer-margaux-bordeaux","1013658","20168004309"
"Chateau Palmer","2016","Chateau Palmer, Margaux, Bordeaux","1575","Case of 6 Bottles","https://www.bbr.com/products-20168004309-2016-chateau-palmer-margaux-bordeaux","1013658","20168004309"
"Chateau Palmer","2017","Chateau Palmer, Margaux, Bordeaux","875","Case of 6 Bottles","https://www.bbr.com/products-20178004309-2017-chateau-palmer-margaux-bordeaux","1013658","20178004309"
"Chateau Palmer","2017","Chateau Palmer, Margaux, Bordeaux","899","Case of 6 Bottles","https://www.bbr.com/products-20178004309-2017-chateau-palmer-margaux-bordeaux","1013658","20178004309"
"Chateau Palmer","2017","Chateau Palmer, Margaux, Bordeaux","690","Case of 1 Double Magnums","https://www.bbr.com/products-20178004309-2017-chateau-palmer-margaux-bordeaux","1013658","20178004309"
"Chateau Palmer","2017","Chateau Palmer, Margaux, Bordeaux","950","Case of 12 Half Bottles","https://www.bbr.com/products-20178004309-2017-chateau-palmer-margaux-bordeaux","1013658","20178004309"
"Chateau Palmer","2017","Chateau Palmer, Margaux, Bordeaux","900","Case of 3 Magnums","https://www.bbr.com/products-20178004309-2017-chateau-palmer-margaux-bordeaux","1013658","20178004309"
"Chateau Palmer","2018","Chateau Palmer, Margaux, Bordeaux","1300","Case of 6 Bottles","https://www.bbr.com/products-20188004309-2018-chateau-palmer-margaux-bordeaux","1013658","20188004309"
"Chateau Palmer","2019","Chateau Palmer, Margaux, Bordeaux","960","Case of 6 Bottles","https://www.bbr.com/products-20198004309-2019-chateau-palmer-margaux-bordeaux","1013658","20198004309"
"Chateau Palmer","2019","Chateau Palmer, Margaux, Bordeaux","980","Case of 6 Bottles","https://www.bbr.com/products-20198004309-2019-chateau-palmer-margaux-bordeaux","1013658","20198004309"
"Chateau Palmer","2020","Chateau Palmer, Margaux, Bordeaux","1500","Case of 6 Bottles","https://www.bbr.com/products-20208004309-2020-chateau-palmer-margaux-bordeaux","1013658","20208004309"
"Chateau Palmer","2021","Chateau Palmer, Margaux, Bordeaux","1580","Case of 6 Bottles","https://www.bbr.com/products-20218004309-2021-chateau-palmer-margaux-bordeaux","1013658","20218004309"
"Chateau Palmer","2021","Chateau Palmer, Margaux, Bordeaux","1600","Case of 3 Magnums","https://www.bbr.com/products-20218004309-2021-chateau-palmer-margaux-bordeaux","1013658","20218004309"
"Chateau Palmer","2022","Chateau Palmer, Margaux, Bordeaux","1500","Case of 6 Bottles","https://www.bbr.com/products-20228004309-2022-chateau-palmer-margaux-bordeaux","1013658","20228004309"
"Chateau Palmer","2021","Chateau Palmer, Vin Blanc de Palmer, Vin de France","700","Case of 3 Bottles","https://www.bbr.com/products-20218112299-2021-chateau-palmer-vin-blanc-de-palmer-vin-de-france","1213449","20218112299"
"Chateau Pape Clement","2012","Chateau Pape Clement Blanc, Pessac-Leognan, Bordeaux","595","Case of 6 Bottles","https://www.bbr.com/products-20128011521-2012-chateau-pape-clement-blanc-pessac-leognan-bordeaux","1017366","20128011521"
"Chateau Pape Clement","2017","Chateau Pape Clement Blanc, Pessac-Leognan, Bordeaux","492","Case of 6 Bottles","https://www.bbr.com/products-20178011521-2017-chateau-pape-clement-blanc-pessac-leognan-bordeaux","1017366","20178011521"
"Chateau Pape Clement","2017","Chateau Pape Clement Blanc, Pessac-Leognan, Bordeaux","490","Case of 3 Magnums","https://www.bbr.com/products-20178011521-2017-chateau-pape-clement-blanc-pessac-leognan-bordeaux","1017366","20178011521"
"Chateau Pape Clement","2021","Chateau Pape Clement Blanc, Pessac-Leognan, Bordeaux","460","Case of 6 Bottles","https://www.bbr.com/products-20218011521-2021-chateau-pape-clement-blanc-pessac-leognan-bordeaux","1017366","20218011521"
"Chateau Pape Clement","2009","Chateau Pape Clement, Pessac-Leognan, Bordeaux","750","Case of 6 Bottles","https://www.bbr.com/products-20091013690-2009-chateau-pape-clement-pessac-leognan-bordeaux","1013690","20091013690"
"Chateau Pape Clement","2010","Chateau Pape Clement, Pessac-Leognan, Bordeaux","1700","Case of 12 Bottles","https://www.bbr.com/products-20101013690-2010-chateau-pape-clement-pessac-leognan-bordeaux","1013690","20101013690"
"Chateau Pape Clement","2010","Chateau Pape Clement, Pessac-Leognan, Bordeaux","980","Case of 6 Bottles","https://www.bbr.com/products-20101013690-2010-chateau-pape-clement-pessac-leognan-bordeaux","1013690","20101013690"
"Chateau Pape Clement","2012","Chateau Pape Clement, Pessac-Leognan, Bordeaux","290","Case of 6 Bottles","https://www.bbr.com/products-20121013690-2012-chateau-pape-clement-pessac-leognan-bordeaux","1013690","20121013690"
"Chateau Pape Clement","2012","Chateau Pape Clement, Pessac-Leognan, Bordeaux","600","Case of 12 Bottles","https://www.bbr.com/products-20121013690-2012-chateau-pape-clement-pessac-leognan-bordeaux","1013690","20121013690"
"Chateau Pape Clement","2014","Chateau Pape Clement, Pessac-Leognan, Bordeaux","270","Case of 6 Bottles","https://www.bbr.com/products-20141013690-2014-chateau-pape-clement-pessac-leognan-bordeaux","1013690","20141013690"
"Chateau Pape Clement","2014","Chateau Pape Clement, Pessac-Leognan, Bordeaux","300","Case of 3 Magnums","https://www.bbr.com/products-20141013690-2014-chateau-pape-clement-pessac-leognan-bordeaux","1013690","20141013690"
"Chateau Pape Clement","2015","Chateau Pape Clement, Pessac-Leognan, Bordeaux","325","Case of 6 Bottles","https://www.bbr.com/products-20151013690-2015-chateau-pape-clement-pessac-leognan-bordeaux","1013690","20151013690"
"Chateau Pape Clement","2015","Chateau Pape Clement, Pessac-Leognan, Bordeaux","650","Case of 12 Bottles","https://www.bbr.com/products-20151013690-2015-chateau-pape-clement-pessac-leognan-bordeaux","1013690","20151013690"
"Chateau Pape Clement","2015","Chateau Pape Clement, Pessac-Leognan, Bordeaux","345","Case of 6 Bottles","https://www.bbr.com/products-20151013690-2015-chateau-pape-clement-pessac-leognan-bordeaux","1013690","20151013690"
"Chateau Pape Clement","2015","Chateau Pape Clement, Pessac-Leognan, Bordeaux","345","Case of 3 Magnums","https://www.bbr.com/products-20151013690-2015-chateau-pape-clement-pessac-leognan-bordeaux","1013690","20151013690"
"Chateau Pape Clement","2016","Chateau Pape Clement, Pessac-Leognan, Bordeaux","400","Case of 6 Bottles","https://www.bbr.com/products-20161013690-2016-chateau-pape-clement-pessac-leognan-bordeaux","1013690","20161013690"
"Chateau Pape Clement","2016","Chateau Pape Clement, Pessac-Leognan, Bordeaux","330","Case of 6 Bottles","https://www.bbr.com/products-20161013690-2016-chateau-pape-clement-pessac-leognan-bordeaux","1013690","20161013690"
"Chateau Pape Clement","2017","Chateau Pape Clement, Pessac-Leognan, Bordeaux","259","Case of 6 Bottles","https://www.bbr.com/products-20171013690-2017-chateau-pape-clement-pessac-leognan-bordeaux","1013690","20171013690"
"Chateau Pape Clement","2017","Chateau Pape Clement, Pessac-Leognan, Bordeaux","410","Case of 12 Bottles","https://www.bbr.com/products-20171013690-2017-chateau-pape-clement-pessac-leognan-bordeaux","1013690","20171013690"
"Chateau Pape Clement","2018","Chateau Pape Clement, Pessac-Leognan, Bordeaux","720","Case of 12 Bottles","https://www.bbr.com/products-20181013690-2018-chateau-pape-clement-pessac-leognan-bordeaux","1013690","20181013690"
"Chateau Pape Clement","2018","Chateau Pape Clement, Pessac-Leognan, Bordeaux","350","Case of 12 Half Bottles","https://www.bbr.com/products-20181013690-2018-chateau-pape-clement-pessac-leognan-bordeaux","1013690","20181013690"
"Chateau Pape Clement","2019","Chateau Pape Clement, Pessac-Leognan, Bordeaux","609","Case of 12 Bottles","https://www.bbr.com/products-20191013690-2019-chateau-pape-clement-pessac-leognan-bordeaux","1013690","20191013690"
"Chateau Pape Clement","2020","Chateau Pape Clement, Pessac-Leognan, Bordeaux","240","Case of 6 Bottles","https://www.bbr.com/products-20201013690-2020-chateau-pape-clement-pessac-leognan-bordeaux","1013690","20201013690"
"Chateau Pape Clement","2020","Chateau Pape Clement, Pessac-Leognan, Bordeaux","250","Case of 6 Bottles","https://www.bbr.com/products-20201013690-2020-chateau-pape-clement-pessac-leognan-bordeaux","1013690","20201013690"
"Chateau Pape Clement","2020","Chateau Pape Clement, Pessac-Leognan, Bordeaux","450","Case of 12 Half Bottles","https://www.bbr.com/products-20201013690-2020-chateau-pape-clement-pessac-leognan-bordeaux","1013690","20201013690"
"Chateau Pavie","","Chateau Pavie (2 x 2000, 2 x 2010 & 2 x 2020), Six-Bottle Assortment Case","1870","Case of 1 6 Bottle Assortments","https://www.bbr.com/products-10008183855-chateau-pavie-2-x-2000-2-x-2010-2-x-2020-six-bottle-assortment-case","1979905","10008183855"
"Chateau Pavie Macquin","2005","Chateau Pavie Macquin, St Emilion, Bordeaux","1075","Case of 6 Magnums","https://www.bbr.com/products-20058123611-2005-chateau-pavie-macquin-st-emilion-bordeaux","1013876","20058123611"
"Chateau Pavie Macquin","2006","Chateau Pavie Macquin, St Emilion, Bordeaux","600","Case of 12 Bottles","https://www.bbr.com/products-20068123611-2006-chateau-pavie-macquin-st-emilion-bordeaux","1013876","20068123611"
"Chateau Pavie Macquin","2006","Chateau Pavie Macquin, St Emilion, Bordeaux","750","Case of 1 Imperials","https://www.bbr.com/products-20068123611-2006-chateau-pavie-macquin-st-emilion-bordeaux","1013876","20068123611"
"Chateau Pavie Macquin","2009","Chateau Pavie Macquin, St Emilion, Bordeaux","440","Case of 6 Bottles","https://www.bbr.com/products-20098123611-2009-chateau-pavie-macquin-st-emilion-bordeaux","1013876","20098123611"
"Chateau Pavie Macquin","2009","Chateau Pavie Macquin, St Emilion, Bordeaux","900","Case of 6 Magnums","https://www.bbr.com/products-20098123611-2009-chateau-pavie-macquin-st-emilion-bordeaux","1013876","20098123611"
"Chateau Pavie Macquin","2010","Chateau Pavie Macquin, St Emilion, Bordeaux","900","Case of 12 Bottles","https://www.bbr.com/products-20108123611-2010-chateau-pavie-macquin-st-emilion-bordeaux","1013876","20108123611"
"Chateau Pavie Macquin","2010","Chateau Pavie Macquin, St Emilion, Bordeaux","545","Case of 6 Bottles","https://www.bbr.com/products-20108123611-2010-chateau-pavie-macquin-st-emilion-bordeaux","1013876","20108123611"
"Chateau Pavie Macquin","2011","Chateau Pavie Macquin, St Emilion, Bordeaux","330","Case of 6 Bottles","https://www.bbr.com/products-20118123611-2011-chateau-pavie-macquin-st-emilion-bordeaux","1013876","20118123611"
"Chateau Pavie Macquin","2012","Chateau Pavie Macquin, St Emilion, Bordeaux","270","Case of 6 Bottles","https://www.bbr.com/products-20128123611-2012-chateau-pavie-macquin-st-emilion-bordeaux","1013876","20128123611"
"Chateau Pavie Macquin","2016","Chateau Pavie Macquin, St Emilion, Bordeaux","425","Case of 6 Bottles","https://www.bbr.com/products-20168123611-2016-chateau-pavie-macquin-st-emilion-bordeaux","1013876","20168123611"
"Chateau Pavie Macquin","2016","Chateau Pavie Macquin, St Emilion, Bordeaux","360","Case of 6 Bottles","https://www.bbr.com/products-20168123611-2016-chateau-pavie-macquin-st-emilion-bordeaux","1013876","20168123611"
"Chateau Pavie Macquin","2018","Chateau Pavie Macquin, St Emilion, Bordeaux","250","Case of 6 Bottles","https://www.bbr.com/products-20188123611-2018-chateau-pavie-macquin-st-emilion-bordeaux","1013876","20188123611"
"Chateau Pavie Macquin","2018","Chateau Pavie Macquin, St Emilion, Bordeaux","275","Case of 6 Bottles","https://www.bbr.com/products-20188123611-2018-chateau-pavie-macquin-st-emilion-bordeaux","1013876","20188123611"
"Chateau Pavie Macquin","2018","Chateau Pavie Macquin, St Emilion, Bordeaux","250","Case of 3 Magnums","https://www.bbr.com/products-20188123611-2018-chateau-pavie-macquin-st-emilion-bordeaux","1013876","20188123611"
"Chateau Pavie Macquin","2019","Chateau Pavie Macquin, St Emilion, Bordeaux","230","Case of 6 Bottles","https://www.bbr.com/products-20198123611-2019-chateau-pavie-macquin-st-emilion-bordeaux","1013876","20198123611"
"Chateau Pavie Macquin","2020","Chateau Pavie Macquin, St Emilion, Bordeaux","418","Case of 6 Bottles","https://www.bbr.com/products-20208123611-2020-chateau-pavie-macquin-st-emilion-bordeaux","1013876","20208123611"
"Chateau Pavie Macquin","2020","Chateau Pavie Macquin, St Emilion, Bordeaux","319","Case of 6 Bottles","https://www.bbr.com/products-20208123611-2020-chateau-pavie-macquin-st-emilion-bordeaux","1013876","20208123611"
"Chateau Pavie Macquin","2020","Chateau Pavie Macquin, St Emilion, Bordeaux","395","Case of 1 Double Magnums","https://www.bbr.com/products-20208123611-2020-chateau-pavie-macquin-st-emilion-bordeaux","1013876","20208123611"
"Chateau Pavie Macquin","2020","Chateau Pavie Macquin, St Emilion, Bordeaux","480","Case of 3 Magnums","https://www.bbr.com/products-20208123611-2020-chateau-pavie-macquin-st-emilion-bordeaux","1013876","20208123611"
"Chateau Pavie Macquin","2021","Chateau Pavie Macquin, St Emilion, Bordeaux","285","Case of 6 Bottles","https://www.bbr.com/products-20218123611-2021-chateau-pavie-macquin-st-emilion-bordeaux","1013876","20218123611"
"Chateau Pavie Macquin","2022","Chateau Pavie Macquin, St Emilion, Bordeaux","850","Case of 3 Magnums","https://www.bbr.com/products-20228123611-2022-chateau-pavie-macquin-st-emilion-bordeaux","1013876","20228123611"
"Chateau Pavie","","Chateau Pavie, 400 Points Vertical (2000, 2005, 2009 & 2010), Four- Bottle Assortment Case","2800","Case of 1 Mixed Cases","https://www.bbr.com/products-10008102311-chateau-pavie-400-points-vertical-2000-2005-2009-2010-four-bottle-assortment-case","9001585","10008102311"
"Chateau Pavie","2005","Chateau Pavie, St Emilion, Bordeaux","3475","Case of 6 Magnums","https://www.bbr.com/products-20058123637-2005-chateau-pavie-st-emilion-bordeaux","1013850","20058123637"
"Chateau Pavie","2006","Chateau Pavie, St Emilion, Bordeaux","2035","Case of 12 Bottles","https://www.bbr.com/products-20068123637-2006-chateau-pavie-st-emilion-bordeaux","1013850","20068123637"
"Chateau Pavie","2009","Chateau Pavie, St Emilion, Bordeaux","1250","Case of 6 Bottles","https://www.bbr.com/products-20098123637-2009-chateau-pavie-st-emilion-bordeaux","1013850","20098123637"
"Chateau Pavie","2009","Chateau Pavie, St Emilion, Bordeaux","1250","Case of 6 Bottles","https://www.bbr.com/products-20098123637-2009-chateau-pavie-st-emilion-bordeaux","1013850","20098123637"
"Chateau Pavie","2009","Chateau Pavie, St Emilion, Bordeaux","2800","Case of 12 Bottles","https://www.bbr.com/products-20098123637-2009-chateau-pavie-st-emilion-bordeaux","1013850","20098123637"
"Chateau Pavie","2010","Chateau Pavie, St Emilion, Bordeaux","1400","Case of 6 Bottles","https://www.bbr.com/products-20108123637-2010-chateau-pavie-st-emilion-bordeaux","1013850","20108123637"
"Chateau Pavie","2010","Chateau Pavie, St Emilion, Bordeaux","655","Case of 1 Magnums","https://www.bbr.com/products-20108123637-2010-chateau-pavie-st-emilion-bordeaux","1013850","20108123637"
"Chateau Pavie","2011","Chateau Pavie, St Emilion, Bordeaux","850","Case of 6 Bottles","https://www.bbr.com/products-20118123637-2011-chateau-pavie-st-emilion-bordeaux","1013850","20118123637"
"Chateau Pavie","2012","Chateau Pavie, St Emilion, Bordeaux","1080","Case of 6 Bottles","https://www.bbr.com/products-20128123637-2012-chateau-pavie-st-emilion-bordeaux","1013850","20128123637"
"Chateau Pavie","2014","Chateau Pavie, St Emilion, Bordeaux","1150","Case of 6 Bottles","https://www.bbr.com/products-20148123637-2014-chateau-pavie-st-emilion-bordeaux","1013850","20148123637"
"Chateau Pavie","2015","Chateau Pavie, St Emilion, Bordeaux","1450","Case of 6 Bottles","https://www.bbr.com/products-20158123637-2015-chateau-pavie-st-emilion-bordeaux","1013850","20158123637"
"Chateau Pavie","2016","Chateau Pavie, St Emilion, Bordeaux","1375","Case of 6 Bottles","https://www.bbr.com/products-20168123637-2016-chateau-pavie-st-emilion-bordeaux","1013850","20168123637"
"Chateau Pavie","2016","Chateau Pavie, St Emilion, Bordeaux","1979","Case of 6 Bottles","https://www.bbr.com/products-20168123637-2016-chateau-pavie-st-emilion-bordeaux","1013850","20168123637"
"Chateau Pavie","2016","Chateau Pavie, St Emilion, Bordeaux","800","Case of 1 Magnums","https://www.bbr.com/products-20168123637-2016-chateau-pavie-st-emilion-bordeaux","1013850","20168123637"
"Chateau Pavie","2016","Chateau Pavie, St Emilion, Bordeaux","720","Case of 1 Magnums","https://www.bbr.com/products-20168123637-2016-chateau-pavie-st-emilion-bordeaux","1013850","20168123637"
"Chateau Pavie","2018","Chateau Pavie, St Emilion, Bordeaux","1600","Case of 6 Bottles","https://www.bbr.com/products-20188123637-2018-chateau-pavie-st-emilion-bordeaux","1013850","20188123637"
"Chateau Pavie","2019","Chateau Pavie, St Emilion, Bordeaux","1480","Case of 6 Bottles","https://www.bbr.com/products-20198123637-2019-chateau-pavie-st-emilion-bordeaux","1013850","20198123637"
"Chateau Pavie","2020","Chateau Pavie, St Emilion, Bordeaux","1125","Case of 6 Bottles","https://www.bbr.com/products-20208123637-2020-chateau-pavie-st-emilion-bordeaux","1013850","20208123637"
"Chateau Pavie","2021","Chateau Pavie, St Emilion, Bordeaux","398","Case of 3 Bottles","https://www.bbr.com/products-20218123637-2021-chateau-pavie-st-emilion-bordeaux","1013850","20218123637"
"Chateau Pavie Decesse","2000","Chateau Pavie-Decesse, St Emilion, Bordeaux","1280","Case of 12 Bottles","https://www.bbr.com/products-20008123624-2000-chateau-pavie-decesse-st-emilion-bordeaux","1013863","20008123624"
"Chateau Pavie Decesse","2003","Chateau Pavie-Decesse, St Emilion, Bordeaux","1580","Case of 12 Bottles","https://www.bbr.com/products-20038123624-2003-chateau-pavie-decesse-st-emilion-bordeaux","1013863","20038123624"
"Chateau Pavie Decesse","2009","Chateau Pavie-Decesse, St Emilion, Bordeaux","1550","Case of 12 Bottles","https://www.bbr.com/products-20098123624-2009-chateau-pavie-decesse-st-emilion-bordeaux","1013863","20098123624"
"Chateau Pavie Decesse","2015","Chateau Pavie-Decesse, St Emilion, Bordeaux","588","Case of 6 Bottles","https://www.bbr.com/products-20158123624-2015-chateau-pavie-decesse-st-emilion-bordeaux","1013863","20158123624"
"Chateau Pavie Decesse","2016","Chateau Pavie-Decesse, St Emilion, Bordeaux","630","Case of 6 Bottles","https://www.bbr.com/products-20168123624-2016-chateau-pavie-decesse-st-emilion-bordeaux","1013863","20168123624"
"Chateau Petit-Village","2015","Chateau Petit- Village, Pomerol, Bordeaux","372","Case of 6 Bottles","https://www.bbr.com/products-20158123536-2015-chateau-petit-village-pomerol-bordeaux","1014017","20158123536"
"Chateau Phelan-Segur","2003","Chateau Phelan Segur, St Estephe, Bordeaux","415","Case of 12 Bottles","https://www.bbr.com/products-20031014147-2003-chateau-phelan-segur-st-estephe-bordeaux","1014147","20031014147"
"Chateau Phelan-Segur","2004","Chateau Phelan Segur, St Estephe, Bordeaux","699","Case of 12 Bottles","https://www.bbr.com/products-20041014147-2004-chateau-phelan-segur-st-estephe-bordeaux","1014147","20041014147"
"Chateau Phelan-Segur","2013","Chateau Phelan Segur, St Estephe, Bordeaux","130","Case of 6 Bottles","https://www.bbr.com/products-20131014147-2013-chateau-phelan-segur-st-estephe-bordeaux","1014147","20131014147"
"Chateau Phelan-Segur","2020","Chateau Phelan Segur, St Estephe, Bordeaux","168","Case of 6 Bottles","https://www.bbr.com/products-20201014147-2020-chateau-phelan-segur-st-estephe-bordeaux","1014147","20201014147"
"Chateau Phelan-Segur","2020","Chateau Phelan Segur, St Estephe, Bordeaux","500","Case of 3 Magnums","https://www.bbr.com/products-20201014147-2020-chateau-phelan-segur-st-estephe-bordeaux","1014147","20201014147"
"Chateau Pibran","2005","Chateau Pibran, Pauillac, Bordeaux","460","Case of 12 Bottles","https://www.bbr.com/products-20058123507-2005-chateau-pibran-pauillac-bordeaux","1014150","20058123507"
"Chateau Pibran","2016","Chateau Pibran, Pauillac, Bordeaux","310","Case of 12 Bottles","https://www.bbr.com/products-20168123507-2016-chateau-pibran-pauillac-bordeaux","1014150","20168123507"
"Chateau Pibran","2019","Chateau Pibran, Pauillac, Bordeaux","175","Case of 6 Bottles","https://www.bbr.com/products-20198123507-2019-chateau-pibran-pauillac-bordeaux","1014150","20198123507"
"Chateau Pichon-Longueville Baron","1990","Chateau Pichon Baron, Pauillac, Bordeaux","3700","Case of 12 Bottles","https://www.bbr.com/products-19908008769-1990-chateau-pichon-baron-pauillac-bordeaux","1014163","19908008769"
"Chateau Pichon-Longueville Baron","2000","Chateau Pichon Baron, Pauillac, Bordeaux","2200","Case of 12 Bottles","https://www.bbr.com/products-20008008769-2000-chateau-pichon-baron-pauillac-bordeaux","1014163","20008008769"
"Chateau Pichon-Longueville Baron","2000","Chateau Pichon Baron, Pauillac, Bordeaux","1450","Case of 6 Bottles","https://www.bbr.com/products-20008008769-2000-chateau-pichon-baron-pauillac-bordeaux","1014163","20008008769"
"Chateau Pichon-Longueville Baron","2000","Chateau Pichon Baron, Pauillac, Bordeaux","2100","Case of 12 Bottles","https://www.bbr.com/products-20008008769-2000-chateau-pichon-baron-pauillac-bordeaux","1014163","20008008769"
"Chateau Pichon-Longueville Baron","2003","Chateau Pichon Baron, Pauillac, Bordeaux","1350","Case of 12 Bottles","https://www.bbr.com/products-20038008769-2003-chateau-pichon-baron-pauillac-bordeaux","1014163","20038008769"
"Chateau Pichon-Longueville Baron","2006","Chateau Pichon Baron, Pauillac, Bordeaux","1175","Case of 12 Bottles","https://www.bbr.com/products-20068008769-2006-chateau-pichon-baron-pauillac-bordeaux","1014163","20068008769"
"Chateau Pichon-Longueville Baron","2006","Chateau Pichon Baron, Pauillac, Bordeaux","1200","Case of 12 Bottles","https://www.bbr.com/products-20068008769-2006-chateau-pichon-baron-pauillac-bordeaux","1014163","20068008769"
"Chateau Pichon-Longueville Baron","2008","Chateau Pichon Baron, Pauillac, Bordeaux","1100","Case of 12 Bottles","https://www.bbr.com/products-20088008769-2008-chateau-pichon-baron-pauillac-bordeaux","1014163","20088008769"
"Chateau Pichon-Longueville Baron","2008","Chateau Pichon Baron, Pauillac, Bordeaux","1359","Case of 12 Bottles","https://www.bbr.com/products-20088008769-2008-chateau-pichon-baron-pauillac-bordeaux","1014163","20088008769"
"Chateau Pichon-Longueville Baron","2008","Chateau Pichon Baron, Pauillac, Bordeaux","1111.11","Case of 12 Bottles","https://www.bbr.com/products-20088008769-2008-chateau-pichon-baron-pauillac-bordeaux","1014163","20088008769"
"Chateau Pichon-Longueville Baron","2009","Chateau Pichon Baron, Pauillac, Bordeaux","900","Case of 6 Bottles","https://www.bbr.com/products-20098008769-2009-chateau-pichon-baron-pauillac-bordeaux","1014163","20098008769"
"Chateau Pichon-Longueville Baron","2009","Chateau Pichon Baron, Pauillac, Bordeaux","850","Case of 6 Bottles","https://www.bbr.com/products-20098008769-2009-chateau-pichon-baron-pauillac-bordeaux","1014163","20098008769"
"Chateau Pichon-Longueville Baron","2009","Chateau Pichon Baron, Pauillac, Bordeaux","1650","Case of 12 Bottles","https://www.bbr.com/products-20098008769-2009-chateau-pichon-baron-pauillac-bordeaux","1014163","20098008769"
"Chateau Pichon-Longueville Baron","2009","Chateau Pichon Baron, Pauillac, Bordeaux","825","Case of 6 Bottles","https://www.bbr.com/products-20098008769-2009-chateau-pichon-baron-pauillac-bordeaux","1014163","20098008769"
"Chateau Pichon-Longueville Baron","2009","Chateau Pichon Baron, Pauillac, Bordeaux","805","Case of 6 Bottles","https://www.bbr.com/products-20098008769-2009-chateau-pichon-baron-pauillac-bordeaux","1014163","20098008769"
"Chateau Pichon-Longueville Baron","2009","Chateau Pichon Baron, Pauillac, Bordeaux","825","Case of 6 Bottles","https://www.bbr.com/products-20098008769-2009-chateau-pichon-baron-pauillac-bordeaux","1014163","20098008769"
"Chateau Pichon-Longueville Baron","2009","Chateau Pichon Baron, Pauillac, Bordeaux","1799","Case of 12 Bottles","https://www.bbr.com/products-20098008769-2009-chateau-pichon-baron-pauillac-bordeaux","1014163","20098008769"
"Chateau Pichon-Longueville Baron","2010","Chateau Pichon Baron, Pauillac, Bordeaux","1650","Case of 12 Bottles","https://www.bbr.com/products-20108008769-2010-chateau-pichon-baron-pauillac-bordeaux","1014163","20108008769"
"Chateau Pichon-Longueville Baron","2010","Chateau Pichon Baron, Pauillac, Bordeaux","765","Case of 6 Bottles","https://www.bbr.com/products-20108008769-2010-chateau-pichon-baron-pauillac-bordeaux","1014163","20108008769"
"Chateau Pichon-Longueville Baron","2011","Chateau Pichon Baron, Pauillac, Bordeaux","1074","Case of 12 Bottles","https://www.bbr.com/products-20118008769-2011-chateau-pichon-baron-pauillac-bordeaux","1014163","20118008769"
"Chateau Pichon-Longueville Baron","2011","Chateau Pichon Baron, Pauillac, Bordeaux","1075","Case of 12 Bottles","https://www.bbr.com/products-20118008769-2011-chateau-pichon-baron-pauillac-bordeaux","1014163","20118008769"
"Chateau Pichon-Longueville Baron","2011","Chateau Pichon Baron, Pauillac, Bordeaux","618","Case of 6 Bottles","https://www.bbr.com/products-20118008769-2011-chateau-pichon-baron-pauillac-bordeaux","1014163","20118008769"
"Chateau Pichon-Longueville Baron","2012","Chateau Pichon Baron, Pauillac, Bordeaux","575","Case of 6 Bottles","https://www.bbr.com/products-20128008769-2012-chateau-pichon-baron-pauillac-bordeaux","1014163","20128008769"
"Chateau Pichon-Longueville Baron","2012","Chateau Pichon Baron, Pauillac, Bordeaux","350","Case of 1 Double Magnums","https://www.bbr.com/products-20128008769-2012-chateau-pichon-baron-pauillac-bordeaux","1014163","20128008769"
"Chateau Pichon-Longueville Baron","2014","Chateau Pichon Baron, Pauillac, Bordeaux","515","Case of 6 Bottles","https://www.bbr.com/products-20148008769-2014-chateau-pichon-baron-pauillac-bordeaux","1014163","20148008769"
"Chateau Pichon-Longueville Baron","2015","Chateau Pichon Baron, Pauillac, Bordeaux","595","Case of 6 Bottles","https://www.bbr.com/products-20158008769-2015-chateau-pichon-baron-pauillac-bordeaux","1014163","20158008769"
"Chateau Pichon-Longueville Baron","2015","Chateau Pichon Baron, Pauillac, Bordeaux","1300","Case of 12 Bottles","https://www.bbr.com/products-20158008769-2015-chateau-pichon-baron-pauillac-bordeaux","1014163","20158008769"
"Chateau Pichon-Longueville Baron","2016","Chateau Pichon Baron, Pauillac, Bordeaux","650","Case of 6 Bottles","https://www.bbr.com/products-20168008769-2016-chateau-pichon-baron-pauillac-bordeaux","1014163","20168008769"
"Chateau Pichon-Longueville Baron","2016","Chateau Pichon Baron, Pauillac, Bordeaux","1395","Case of 1 Imperials","https://www.bbr.com/products-20168008769-2016-chateau-pichon-baron-pauillac-bordeaux","1014163","20168008769"
"Chateau Pichon-Longueville Baron","2016","Chateau Pichon Baron, Pauillac, Bordeaux","1800","Case of 6 Magnums","https://www.bbr.com/products-20168008769-2016-chateau-pichon-baron-pauillac-bordeaux","1014163","20168008769"
"Chateau Pichon-Longueville Baron","2017","Chateau Pichon Baron, Pauillac, Bordeaux","1125","Case of 6 Bottles","https://www.bbr.com/products-20178008769-2017-chateau-pichon-baron-pauillac-bordeaux","1014163","20178008769"
"Chateau Pichon-Longueville Baron","2017","Chateau Pichon Baron, Pauillac, Bordeaux","1040","Case of 12 Bottles","https://www.bbr.com/products-20178008769-2017-chateau-pichon-baron-pauillac-bordeaux","1014163","20178008769"
"Chateau Pichon-Longueville Baron","2018","Chateau Pichon Baron, Pauillac, Bordeaux","550","Case of 6 Bottles","https://www.bbr.com/products-20188008769-2018-chateau-pichon-baron-pauillac-bordeaux","1014163","20188008769"
"Chateau Pichon-Longueville Baron","2018","Chateau Pichon Baron, Pauillac, Bordeaux","540","Case of 6 Bottles","https://www.bbr.com/products-20188008769-2018-chateau-pichon-baron-pauillac-bordeaux","1014163","20188008769"
"Chateau Pichon-Longueville Baron","2019","Chateau Pichon Baron, Pauillac, Bordeaux","610","Case of 6 Bottles","https://www.bbr.com/products-20198008769-2019-chateau-pichon-baron-pauillac-bordeaux","1014163","20198008769"
"Chateau Pichon-Longueville Baron","2019","Chateau Pichon Baron, Pauillac, Bordeaux","615","Case of 6 Bottles","https://www.bbr.com/products-20198008769-2019-chateau-pichon-baron-pauillac-bordeaux","1014163","20198008769"
"Chateau Pichon-Longueville Baron","2020","Chateau Pichon Baron, Pauillac, Bordeaux","590","Case of 6 Bottles","https://www.bbr.com/products-20208008769-2020-chateau-pichon-baron-pauillac-bordeaux","1014163","20208008769"
"Chateau Pichon-Longueville Baron","2020","Chateau Pichon Baron, Pauillac, Bordeaux","690","Case of 3 Magnums","https://www.bbr.com/products-20208008769-2020-chateau-pichon-baron-pauillac-bordeaux","1014163","20208008769"
"Chateau Pichon-Longueville Baron","2021","Chateau Pichon Baron, Pauillac, Bordeaux","420","Case of 6 Bottles","https://www.bbr.com/products-20218008769-2021-chateau-pichon-baron-pauillac-bordeaux","1014163","20218008769"
"Chateau Pichon-Longueville Baron","2021","Chateau Pichon Baron, Pauillac, Bordeaux","1300","Case of 3 Magnums","https://www.bbr.com/products-20218008769-2021-chateau-pichon-baron-pauillac-bordeaux","1014163","20218008769"
"Chateau Pichon-Longueville Baron","2022","Chateau Pichon Baron, Pauillac, Bordeaux","810","Case of 6 Bottles","https://www.bbr.com/products-20228008769-2022-chateau-pichon-baron-pauillac-bordeaux","1014163","20228008769"
"Chateau Pichon-Longueville Baron","2022","Chateau Pichon Baron, Pauillac, Bordeaux","650","Case of 3 Magnums","https://www.bbr.com/products-20228008769-2022-chateau-pichon-baron-pauillac-bordeaux","1014163","20228008769"
"Chateau Pichon-Longueville Lalande","1986","Chateau Pichon Longueville Comtesse de Lalande, Pauillac, Bordeaux","2588","Case of 12 Bottles","https://www.bbr.com/products-19868009157-1986-chateau-pichon-longueville-comtesse-de-lalande-pauillac-bordeaux","1014176","19868009157"
"Chateau Pichon-Longueville Lalande","2003","Chateau Pichon Longueville Comtesse de Lalande, Pauillac, Bordeaux","1400","Case of 12 Bottles","https://www.bbr.com/products-20038009157-2003-chateau-pichon-longueville-comtesse-de-lalande-pauillac-bordeaux","1014176","20038009157"
"Chateau Pichon-Longueville Lalande","2004","Chateau Pichon Longueville Comtesse de Lalande, Pauillac, Bordeaux","1250","Case of 12 Bottles","https://www.bbr.com/products-20048009157-2004-chateau-pichon-longueville-comtesse-de-lalande-pauillac-bordeaux","1014176","20048009157"
"Chateau Pichon-Longueville Lalande","2005","Chateau Pichon Longueville Comtesse de Lalande, Pauillac, Bordeaux","1500","Case of 12 Bottles","https://www.bbr.com/products-20058009157-2005-chateau-pichon-longueville-comtesse-de-lalande-pauillac-bordeaux","1014176","20058009157"
"Chateau Pichon-Longueville Lalande","2006","Chateau Pichon Longueville Comtesse de Lalande, Pauillac, Bordeaux","1400","Case of 12 Bottles","https://www.bbr.com/products-20068009157-2006-chateau-pichon-longueville-comtesse-de-lalande-pauillac-bordeaux","1014176","20068009157"
"Chateau Pichon-Longueville Lalande","2006","Chateau Pichon Longueville Comtesse de Lalande, Pauillac, Bordeaux","700","Case of 6 Bottles","https://www.bbr.com/products-20068009157-2006-chateau-pichon-longueville-comtesse-de-lalande-pauillac-bordeaux","1014176","20068009157"
"Chateau Pichon-Longueville Lalande","2006","Chateau Pichon Longueville Comtesse de Lalande, Pauillac, Bordeaux","1300","Case of 6 Magnums","https://www.bbr.com/products-20068009157-2006-chateau-pichon-longueville-comtesse-de-lalande-pauillac-bordeaux","1014176","20068009157"
"Chateau Pichon-Longueville Lalande","2008","Chateau Pichon Longueville Comtesse de Lalande, Pauillac, Bordeaux","1598","Case of 12 Bottles","https://www.bbr.com/products-20088009157-2008-chateau-pichon-longueville-comtesse-de-lalande-pauillac-bordeaux","1014176","20088009157"
"Chateau Pichon-Longueville Lalande","2008","Chateau Pichon Longueville Comtesse de Lalande, Pauillac, Bordeaux","1380","Case of 6 Magnums","https://www.bbr.com/products-20088009157-2008-chateau-pichon-longueville-comtesse-de-lalande-pauillac-bordeaux","1014176","20088009157"
"Chateau Pichon-Longueville Lalande","2009","Chateau Pichon Longueville Comtesse de Lalande, Pauillac, Bordeaux","920","Case of 6 Bottles","https://www.bbr.com/products-20098009157-2009-chateau-pichon-longueville-comtesse-de-lalande-pauillac-bordeaux","1014176","20098009157"
"Chateau Pichon-Longueville Lalande","2009","Chateau Pichon Longueville Comtesse de Lalande, Pauillac, Bordeaux","1620","Case of 12 Bottles","https://www.bbr.com/products-20098009157-2009-chateau-pichon-longueville-comtesse-de-lalande-pauillac-bordeaux","1014176","20098009157"
"Chateau Pichon-Longueville Lalande","2009","Chateau Pichon Longueville Comtesse de Lalande, Pauillac, Bordeaux","825","Case of 6 Bottles","https://www.bbr.com/products-20098009157-2009-chateau-pichon-longueville-comtesse-de-lalande-pauillac-bordeaux","1014176","20098009157"
"Chateau Pichon-Longueville Lalande","2009","Chateau Pichon Longueville Comtesse de Lalande, Pauillac, Bordeaux","1600","Case of 12 Bottles","https://www.bbr.com/products-20098009157-2009-chateau-pichon-longueville-comtesse-de-lalande-pauillac-bordeaux","1014176","20098009157"
"Chateau Pichon-Longueville Lalande","2010","Chateau Pichon Longueville Comtesse de Lalande, Pauillac, Bordeaux","950","Case of 6 Bottles","https://www.bbr.com/products-20108009157-2010-chateau-pichon-longueville-comtesse-de-lalande-pauillac-bordeaux","1014176","20108009157"
"Chateau Pichon-Longueville Lalande","2011","Chateau Pichon Longueville Comtesse de Lalande, Pauillac, Bordeaux","685","Case of 6 Bottles","https://www.bbr.com/products-20118009157-2011-chateau-pichon-longueville-comtesse-de-lalande-pauillac-bordeaux","1014176","20118009157"
"Chateau Pichon-Longueville Lalande","2011","Chateau Pichon Longueville Comtesse de Lalande, Pauillac, Bordeaux","750","Case of 6 Bottles","https://www.bbr.com/products-20118009157-2011-chateau-pichon-longueville-comtesse-de-lalande-pauillac-bordeaux","1014176","20118009157"
"Chateau Pichon-Longueville Lalande","2012","Chateau Pichon Longueville Comtesse de Lalande, Pauillac, Bordeaux","1000","Case of 6 Bottles","https://www.bbr.com/products-20128009157-2012-chateau-pichon-longueville-comtesse-de-lalande-pauillac-bordeaux","1014176","20128009157"
"Chateau Pichon-Longueville Lalande","2012","Chateau Pichon Longueville Comtesse de Lalande, Pauillac, Bordeaux","650","Case of 3 Magnums","https://www.bbr.com/products-20128009157-2012-chateau-pichon-longueville-comtesse-de-lalande-pauillac-bordeaux","1014176","20128009157"
"Chateau Pichon-Longueville Lalande","2013","Chateau Pichon Longueville Comtesse de Lalande, Pauillac, Bordeaux","510","Case of 6 Bottles","https://www.bbr.com/products-20138009157-2013-chateau-pichon-longueville-comtesse-de-lalande-pauillac-bordeaux","1014176","20138009157"
"Chateau Pichon-Longueville Lalande","2013","Chateau Pichon Longueville Comtesse de Lalande, Pauillac, Bordeaux","450","Case of 3 Magnums","https://www.bbr.com/products-20138009157-2013-chateau-pichon-longueville-comtesse-de-lalande-pauillac-bordeaux","1014176","20138009157"
"Chateau Pichon-Longueville Lalande","2014","Chateau Pichon Longueville Comtesse de Lalande, Pauillac, Bordeaux","510","Case of 6 Bottles","https://www.bbr.com/products-20148009157-2014-chateau-pichon-longueville-comtesse-de-lalande-pauillac-bordeaux","1014176","20148009157"
"Chateau Pichon-Longueville Lalande","2015","Chateau Pichon Longueville Comtesse de Lalande, Pauillac, Bordeaux","780","Case of 6 Bottles","https://www.bbr.com/products-20158009157-2015-chateau-pichon-longueville-comtesse-de-lalande-pauillac-bordeaux","1014176","20158009157"
"Chateau Pichon-Longueville Lalande","2015","Chateau Pichon Longueville Comtesse de Lalande, Pauillac, Bordeaux","1350","Case of 6 Magnums","https://www.bbr.com/products-20158009157-2015-chateau-pichon-longueville-comtesse-de-lalande-pauillac-bordeaux","1014176","20158009157"
"Chateau Pichon-Longueville Lalande","2017","Chateau Pichon Longueville Comtesse de Lalande, Pauillac, Bordeaux","690","Case of 6 Bottles","https://www.bbr.com/products-20178009157-2017-chateau-pichon-longueville-comtesse-de-lalande-pauillac-bordeaux","1014176","20178009157"
"Chateau Pichon-Longueville Lalande","2017","Chateau Pichon Longueville Comtesse de Lalande, Pauillac, Bordeaux","1300","Case of 3 Magnums","https://www.bbr.com/products-20178009157-2017-chateau-pichon-longueville-comtesse-de-lalande-pauillac-bordeaux","1014176","20178009157"
"Chateau Pichon-Longueville Lalande","2018","Chateau Pichon Longueville Comtesse de Lalande, Pauillac, Bordeaux","649","Case of 6 Bottles","https://www.bbr.com/products-20188009157-2018-chateau-pichon-longueville-comtesse-de-lalande-pauillac-bordeaux","1014176","20188009157"
"Chateau Pichon-Longueville Lalande","2018","Chateau Pichon Longueville Comtesse de Lalande, Pauillac, Bordeaux","920","Case of 6 Bottles","https://www.bbr.com/products-20188009157-2018-chateau-pichon-longueville-comtesse-de-lalande-pauillac-bordeaux","1014176","20188009157"
"Chateau Pichon-Longueville Lalande","2019","Chateau Pichon Longueville Comtesse de Lalande, Pauillac, Bordeaux","715","Case of 6 Bottles","https://www.bbr.com/products-20198009157-2019-chateau-pichon-longueville-comtesse-de-lalande-pauillac-bordeaux","1014176","20198009157"
"Chateau Pichon-Longueville Lalande","2019","Chateau Pichon Longueville Comtesse de Lalande, Pauillac, Bordeaux","678","Case of 6 Bottles","https://www.bbr.com/products-20198009157-2019-chateau-pichon-longueville-comtesse-de-lalande-pauillac-bordeaux","1014176","20198009157"
"Chateau Pichon-Longueville Lalande","2019","Chateau Pichon Longueville Comtesse de Lalande, Pauillac, Bordeaux","568","Case of 1 Double Magnums","https://www.bbr.com/products-20198009157-2019-chateau-pichon-longueville-comtesse-de-lalande-pauillac-bordeaux","1014176","20198009157"
"Chateau Pichon-Longueville Lalande","2020","Chateau Pichon Longueville Comtesse de Lalande, Pauillac, Bordeaux","690","Case of 6 Bottles","https://www.bbr.com/products-20208009157-2020-chateau-pichon-longueville-comtesse-de-lalande-pauillac-bordeaux","1014176","20208009157"
"Chateau Pichon-Longueville Lalande","2020","Chateau Pichon Longueville Comtesse de Lalande, Pauillac, Bordeaux","816","Case of 12 Half Bottles","https://www.bbr.com/products-20208009157-2020-chateau-pichon-longueville-comtesse-de-lalande-pauillac-bordeaux","1014176","20208009157"
"Chateau Pichon-Longueville Lalande","2021","Chateau Pichon Longueville Comtesse de Lalande, Pauillac, Bordeaux","249","Case of 3 Bottles","https://www.bbr.com/products-20218009157-2021-chateau-pichon-longueville-comtesse-de-lalande-pauillac-bordeaux","1014176","20218009157"
"Chateau Pichon-Longueville Lalande","2021","Chateau Pichon Longueville Comtesse de Lalande, Pauillac, Bordeaux","240","Case of 3 Bottles","https://www.bbr.com/products-20218009157-2021-chateau-pichon-longueville-comtesse-de-lalande-pauillac-bordeaux","1014176","20218009157"
"Chateau Pichon-Longueville Lalande","2022","Chateau Pichon Longueville Comtesse de Lalande, Pauillac, Bordeaux","1150","Case of 6 Bottles","https://www.bbr.com/products-20228009157-2022-chateau-pichon-longueville-comtesse-de-lalande-pauillac-bordeaux","1014176","20228009157"
"Chateau Pichon-Longueville Lalande","2022","Chateau Pichon Longueville Comtesse de Lalande, Pauillac, Bordeaux","900","Case of 6 Bottles","https://www.bbr.com/products-20228009157-2022-chateau-pichon-longueville-comtesse-de-lalande-pauillac-bordeaux","1014176","20228009157"
"Chateau Pichon-Longueville Lalande","2022","Chateau Pichon Longueville Comtesse de Lalande, Pauillac, Bordeaux","1500","Case of 3 Magnums","https://www.bbr.com/products-20228009157-2022-chateau-pichon-longueville-comtesse-de-lalande-pauillac-bordeaux","1014176","20228009157"
"Chateau Pichon-Longueville Lalande","2023","Chateau Pichon Longueville Comtesse de Lalande, Pauillac, Bordeaux","750","Case of 6 Bottles","https://www.bbr.com/products-20238009157-2023-chateau-pichon-longueville-comtesse-de-lalande-pauillac-bordeaux","1014176","20238009157"
"Chateau Pichon-Longueville Lalande","2023","Chateau Pichon Longueville Comtesse de Lalande, Pauillac, Bordeaux","440","Case of 1 Double Magnums","https://www.bbr.com/products-20238009157-2023-chateau-pichon-longueville-comtesse-de-lalande-pauillac-bordeaux","1014176","20238009157"
"Chateau Picque Caillou","2016","Chateau Picque Caillou, Pessac-Leognan, Bordeaux","155","Case of 12 Bottles","https://www.bbr.com/products-20168220730-2016-chateau-picque-caillou-pessac-leognan-bordeaux","1014189","20168220730"
"Chateau Poesia","2018","Chateau Poesia, St Emilion, Bordeaux","210","Case of 6 Bottles","https://www.bbr.com/products-20188168300-2018-chateau-poesia-st-emilion-bordeaux","1615243","20188168300"
"Chateau Pontet-Canet","2002","Chateau Pontet-Canet, Pauillac, Bordeaux","966","Case of 12 Bottles","https://www.bbr.com/products-20028007342-2002-chateau-pontet-canet-pauillac-bordeaux","1014307","20028007342"
"Chateau Pontet-Canet","2003","Chateau Pontet-Canet, Pauillac, Bordeaux","850","Case of 12 Bottles","https://www.bbr.com/products-20038007342-2003-chateau-pontet-canet-pauillac-bordeaux","1014307","20038007342"
"Chateau Pontet-Canet","2004","Chateau Pontet-Canet, Pauillac, Bordeaux","620","Case of 12 Bottles","https://www.bbr.com/products-20048007342-2004-chateau-pontet-canet-pauillac-bordeaux","1014307","20048007342"
"Chateau Pontet-Canet","2005","Chateau Pontet-Canet, Pauillac, Bordeaux","1150","Case of 12 Bottles","https://www.bbr.com/products-20058007342-2005-chateau-pontet-canet-pauillac-bordeaux","1014307","20058007342"
"Chateau Pontet-Canet","2005","Chateau Pontet-Canet, Pauillac, Bordeaux","1099","Case of 12 Bottles","https://www.bbr.com/products-20058007342-2005-chateau-pontet-canet-pauillac-bordeaux","1014307","20058007342"
"Chateau Pontet-Canet","2005","Chateau Pontet-Canet, Pauillac, Bordeaux","1080","Case of 12 Bottles","https://www.bbr.com/products-20058007342-2005-chateau-pontet-canet-pauillac-bordeaux","1014307","20058007342"
"Chateau Pontet-Canet","2005","Chateau Pontet-Canet, Pauillac, Bordeaux","1080","Case of 12 Bottles","https://www.bbr.com/products-20058007342-2005-chateau-pontet-canet-pauillac-bordeaux","1014307","20058007342"
"Chateau Pontet-Canet","2005","Chateau Pontet-Canet, Pauillac, Bordeaux","555","Case of 6 Bottles","https://www.bbr.com/products-20058007342-2005-chateau-pontet-canet-pauillac-bordeaux","1014307","20058007342"
"Chateau Pontet-Canet","2005","Chateau Pontet-Canet, Pauillac, Bordeaux","575","Case of 1 Double Magnums","https://www.bbr.com/products-20058007342-2005-chateau-pontet-canet-pauillac-bordeaux","1014307","20058007342"
"Chateau Pontet-Canet","2005","Chateau Pontet-Canet, Pauillac, Bordeaux","1250","Case of 6 Magnums","https://www.bbr.com/products-20058007342-2005-chateau-pontet-canet-pauillac-bordeaux","1014307","20058007342"
"Chateau Pontet-Canet","2005","Chateau Pontet-Canet, Pauillac, Bordeaux","1080","Case of 6 Magnums","https://www.bbr.com/products-20058007342-2005-chateau-pontet-canet-pauillac-bordeaux","1014307","20058007342"
"Chateau Pontet-Canet","2006","Chateau Pontet-Canet, Pauillac, Bordeaux","675","Case of 12 Bottles","https://www.bbr.com/products-20068007342-2006-chateau-pontet-canet-pauillac-bordeaux","1014307","20068007342"
"Chateau Pontet-Canet","2006","Chateau Pontet-Canet, Pauillac, Bordeaux","670","Case of 12 Bottles","https://www.bbr.com/products-20068007342-2006-chateau-pontet-canet-pauillac-bordeaux","1014307","20068007342"
"Chateau Pontet-Canet","2007","Chateau Pontet-Canet, Pauillac, Bordeaux","590","Case of 12 Bottles","https://www.bbr.com/products-20078007342-2007-chateau-pontet-canet-pauillac-bordeaux","1014307","20078007342"
"Chateau Pontet-Canet","2007","Chateau Pontet-Canet, Pauillac, Bordeaux","600","Case of 6 Magnums","https://www.bbr.com/products-20078007342-2007-chateau-pontet-canet-pauillac-bordeaux","1014307","20078007342"
"Chateau Pontet-Canet","2008","Chateau Pontet-Canet, Pauillac, Bordeaux","650","Case of 12 Bottles","https://www.bbr.com/products-20088007342-2008-chateau-pontet-canet-pauillac-bordeaux","1014307","20088007342"
"Chateau Pontet-Canet","2008","Chateau Pontet-Canet, Pauillac, Bordeaux","640","Case of 12 Bottles","https://www.bbr.com/products-20088007342-2008-chateau-pontet-canet-pauillac-bordeaux","1014307","20088007342"
"Chateau Pontet-Canet","2008","Chateau Pontet-Canet, Pauillac, Bordeaux","750","Case of 12 Bottles","https://www.bbr.com/products-20088007342-2008-chateau-pontet-canet-pauillac-bordeaux","1014307","20088007342"
"Chateau Pontet-Canet","2008","Chateau Pontet-Canet, Pauillac, Bordeaux","660","Case of 12 Bottles","https://www.bbr.com/products-20088007342-2008-chateau-pontet-canet-pauillac-bordeaux","1014307","20088007342"
"Chateau Pontet-Canet","2008","Chateau Pontet-Canet, Pauillac, Bordeaux","729","Case of 6 Magnums","https://www.bbr.com/products-20088007342-2008-chateau-pontet-canet-pauillac-bordeaux","1014307","20088007342"
"Chateau Pontet-Canet","2009","Chateau Pontet-Canet, Pauillac, Bordeaux","835","Case of 6 Bottles","https://www.bbr.com/products-20098007342-2009-chateau-pontet-canet-pauillac-bordeaux","1014307","20098007342"
"Chateau Pontet-Canet","2009","Chateau Pontet-Canet, Pauillac, Bordeaux","1680","Case of 12 Bottles","https://www.bbr.com/products-20098007342-2009-chateau-pontet-canet-pauillac-bordeaux","1014307","20098007342"
"Chateau Pontet-Canet","2009","Chateau Pontet-Canet, Pauillac, Bordeaux","1610","Case of 12 Bottles","https://www.bbr.com/products-20098007342-2009-chateau-pontet-canet-pauillac-bordeaux","1014307","20098007342"
"Chateau Pontet-Canet","2009","Chateau Pontet-Canet, Pauillac, Bordeaux","840","Case of 6 Bottles","https://www.bbr.com/products-20098007342-2009-chateau-pontet-canet-pauillac-bordeaux","1014307","20098007342"
"Chateau Pontet-Canet","2010","Chateau Pontet-Canet, Pauillac, Bordeaux","870","Case of 6 Bottles","https://www.bbr.com/products-20108007342-2010-chateau-pontet-canet-pauillac-bordeaux","1014307","20108007342"
"Chateau Pontet-Canet","2010","Chateau Pontet-Canet, Pauillac, Bordeaux","1625","Case of 12 Bottles","https://www.bbr.com/products-20108007342-2010-chateau-pontet-canet-pauillac-bordeaux","1014307","20108007342"
"Chateau Pontet-Canet","2010","Chateau Pontet-Canet, Pauillac, Bordeaux","785","Case of 6 Bottles","https://www.bbr.com/products-20108007342-2010-chateau-pontet-canet-pauillac-bordeaux","1014307","20108007342"
"Chateau Pontet-Canet","2010","Chateau Pontet-Canet, Pauillac, Bordeaux","800","Case of 6 Bottles","https://www.bbr.com/products-20108007342-2010-chateau-pontet-canet-pauillac-bordeaux","1014307","20108007342"
"Chateau Pontet-Canet","2011","Chateau Pontet-Canet, Pauillac, Bordeaux","299","Case of 6 Bottles","https://www.bbr.com/products-20118007342-2011-chateau-pontet-canet-pauillac-bordeaux","1014307","20118007342"
"Chateau Pontet-Canet","2011","Chateau Pontet-Canet, Pauillac, Bordeaux","950","Case of 12 Bottles","https://www.bbr.com/products-20118007342-2011-chateau-pontet-canet-pauillac-bordeaux","1014307","20118007342"
"Chateau Pontet-Canet","2011","Chateau Pontet-Canet, Pauillac, Bordeaux","299","Case of 6 Bottles","https://www.bbr.com/products-20118007342-2011-chateau-pontet-canet-pauillac-bordeaux","1014307","20118007342"
"Chateau Pontet-Canet","2011","Chateau Pontet-Canet, Pauillac, Bordeaux","670","Case of 6 Magnums","https://www.bbr.com/products-20118007342-2011-chateau-pontet-canet-pauillac-bordeaux","1014307","20118007342"
"Chateau Pontet-Canet","2011","Chateau Pontet-Canet, Pauillac, Bordeaux","400","Case of 3 Magnums","https://www.bbr.com/products-20118007342-2011-chateau-pontet-canet-pauillac-bordeaux","1014307","20118007342"
"Chateau Pontet-Canet","2012","Chateau Pontet-Canet, Pauillac, Bordeaux","400","Case of 6 Bottles","https://www.bbr.com/products-20128007342-2012-chateau-pontet-canet-pauillac-bordeaux","1014307","20128007342"
"Chateau Pontet-Canet","2012","Chateau Pontet-Canet, Pauillac, Bordeaux","288","Case of 6 Bottles","https://www.bbr.com/products-20128007342-2012-chateau-pontet-canet-pauillac-bordeaux","1014307","20128007342"
"Chateau Pontet-Canet","2012","Chateau Pontet-Canet, Pauillac, Bordeaux","325","Case of 3 Magnums","https://www.bbr.com/products-20128007342-2012-chateau-pontet-canet-pauillac-bordeaux","1014307","20128007342"
"Chateau Pontet-Canet","2013","Chateau Pontet-Canet, Pauillac, Bordeaux","325","Case of 6 Bottles","https://www.bbr.com/products-20138007342-2013-chateau-pontet-canet-pauillac-bordeaux","1014307","20138007342"
"Chateau Pontet-Canet","2014","Chateau Pontet-Canet, Pauillac, Bordeaux","320","Case of 6 Bottles","https://www.bbr.com/products-20148007342-2014-chateau-pontet-canet-pauillac-bordeaux","1014307","20148007342"
"Chateau Pontet-Canet","2014","Chateau Pontet-Canet, Pauillac, Bordeaux","310","Case of 6 Bottles","https://www.bbr.com/products-20148007342-2014-chateau-pontet-canet-pauillac-bordeaux","1014307","20148007342"
"Chateau Pontet-Canet","2014","Chateau Pontet-Canet, Pauillac, Bordeaux","720","Case of 12 Bottles","https://www.bbr.com/products-20148007342-2014-chateau-pontet-canet-pauillac-bordeaux","1014307","20148007342"
"Chateau Pontet-Canet","2014","Chateau Pontet-Canet, Pauillac, Bordeaux","490","Case of 1 Imperials","https://www.bbr.com/products-20148007342-2014-chateau-pontet-canet-pauillac-bordeaux","1014307","20148007342"
"Chateau Pontet-Canet","2014","Chateau Pontet-Canet, Pauillac, Bordeaux","330","Case of 3 Magnums","https://www.bbr.com/products-20148007342-2014-chateau-pontet-canet-pauillac-bordeaux","1014307","20148007342"
"Chateau Pontet-Canet","2014","Chateau Pontet-Canet, Pauillac, Bordeaux","390","Case of 3 Magnums","https://www.bbr.com/products-20148007342-2014-chateau-pontet-canet-pauillac-bordeaux","1014307","20148007342"
"Chateau Pontet-Canet","2015","Chateau Pontet-Canet, Pauillac, Bordeaux","385","Case of 6 Bottles","https://www.bbr.com/products-20158007342-2015-chateau-pontet-canet-pauillac-bordeaux","1014307","20158007342"
"Chateau Pontet-Canet","2015","Chateau Pontet-Canet, Pauillac, Bordeaux","390","Case of 6 Bottles","https://www.bbr.com/products-20158007342-2015-chateau-pontet-canet-pauillac-bordeaux","1014307","20158007342"
"Chateau Pontet-Canet","2015","Chateau Pontet-Canet, Pauillac, Bordeaux","420","Case of 12 Half Bottles","https://www.bbr.com/products-20158007342-2015-chateau-pontet-canet-pauillac-bordeaux","1014307","20158007342"
"Chateau Pontet-Canet","2016","Chateau Pontet-Canet, Pauillac, Bordeaux","699","Case of 6 Bottles","https://www.bbr.com/products-20168007342-2016-chateau-pontet-canet-pauillac-bordeaux","1014307","20168007342"
"Chateau Pontet-Canet","2016","Chateau Pontet-Canet, Pauillac, Bordeaux","810","Case of 6 Bottles","https://www.bbr.com/products-20168007342-2016-chateau-pontet-canet-pauillac-bordeaux","1014307","20168007342"
"Chateau Pontet-Canet","2016","Chateau Pontet-Canet, Pauillac, Bordeaux","750","Case of 12 Half Bottles","https://www.bbr.com/products-20168007342-2016-chateau-pontet-canet-pauillac-bordeaux","1014307","20168007342"
"Chateau Pontet-Canet","2016","Chateau Pontet-Canet, Pauillac, Bordeaux","650","Case of 3 Magnums","https://www.bbr.com/products-20168007342-2016-chateau-pontet-canet-pauillac-bordeaux","1014307","20168007342"
"Chateau Pontet-Canet","2017","Chateau Pontet-Canet, Pauillac, Bordeaux","285","Case of 6 Bottles","https://www.bbr.com/products-20178007342-2017-chateau-pontet-canet-pauillac-bordeaux","1014307","20178007342"
"Chateau Pontet-Canet","2018","Chateau Pontet-Canet, Pauillac, Bordeaux","400","Case of 6 Bottles","https://www.bbr.com/products-20188007342-2018-chateau-pontet-canet-pauillac-bordeaux","1014307","20188007342"
"Chateau Pontet-Canet","2018","Chateau Pontet-Canet, Pauillac, Bordeaux","420","Case of 6 Bottles","https://www.bbr.com/products-20188007342-2018-chateau-pontet-canet-pauillac-bordeaux","1014307","20188007342"
"Chateau Pontet-Canet","2018","Chateau Pontet-Canet, Pauillac, Bordeaux","500","Case of 6 Bottles","https://www.bbr.com/products-20188007342-2018-chateau-pontet-canet-pauillac-bordeaux","1014307","20188007342"
"Chateau Pontet-Canet","2018","Chateau Pontet-Canet, Pauillac, Bordeaux","420","Case of 1 Double Magnums","https://www.bbr.com/products-20188007342-2018-chateau-pontet-canet-pauillac-bordeaux","1014307","20188007342"
"Chateau Pontet-Canet","2019","Chateau Pontet-Canet, Pauillac, Bordeaux","319","Case of 6 Bottles","https://www.bbr.com/products-20198007342-2019-chateau-pontet-canet-pauillac-bordeaux","1014307","20198007342"
"Chateau Pontet-Canet","2019","Chateau Pontet-Canet, Pauillac, Bordeaux","660","Case of 12 Bottles","https://www.bbr.com/products-20198007342-2019-chateau-pontet-canet-pauillac-bordeaux","1014307","20198007342"
"Chateau Pontet-Canet","2019","Chateau Pontet-Canet, Pauillac, Bordeaux","316","Case of 6 Bottles","https://www.bbr.com/products-20198007342-2019-chateau-pontet-canet-pauillac-bordeaux","1014307","20198007342"
"Chateau Pontet-Canet","2019","Chateau Pontet-Canet, Pauillac, Bordeaux","295","Case of 1 Double Magnums","https://www.bbr.com/products-20198007342-2019-chateau-pontet-canet-pauillac-bordeaux","1014307","20198007342"
"Chateau Pontet-Canet","2019","Chateau Pontet-Canet, Pauillac, Bordeaux","440","Case of 1 Imperials","https://www.bbr.com/products-20198007342-2019-chateau-pontet-canet-pauillac-bordeaux","1014307","20198007342"
"Chateau Pontet-Canet","2019","Chateau Pontet-Canet, Pauillac, Bordeaux","348","Case of 3 Magnums","https://www.bbr.com/products-20198007342-2019-chateau-pontet-canet-pauillac-bordeaux","1014307","20198007342"
"Chateau Pontet-Canet","2019","Chateau Pontet-Canet, Pauillac, Bordeaux","800","Case of 6 Magnums","https://www.bbr.com/products-20198007342-2019-chateau-pontet-canet-pauillac-bordeaux","1014307","20198007342"
"Chateau Pontet-Canet","2020","Chateau Pontet-Canet, Pauillac, Bordeaux","1200","Case of 12 Bottles","https://www.bbr.com/products-20208007342-2020-chateau-pontet-canet-pauillac-bordeaux","1014307","20208007342"
"Chateau Pontet-Canet","2020","Chateau Pontet-Canet, Pauillac, Bordeaux","274.99","Case of 6 Bottles","https://www.bbr.com/products-20208007342-2020-chateau-pontet-canet-pauillac-bordeaux","1014307","20208007342"
"Chateau Pontet-Canet","2020","Chateau Pontet-Canet, Pauillac, Bordeaux","275","Case of 6 Bottles","https://www.bbr.com/products-20208007342-2020-chateau-pontet-canet-pauillac-bordeaux","1014307","20208007342"
"Chateau Pontet-Canet","2020","Chateau Pontet-Canet, Pauillac, Bordeaux","378","Case of 12 Half Bottles","https://www.bbr.com/products-20208007342-2020-chateau-pontet-canet-pauillac-bordeaux","1014307","20208007342"
"Chateau Pontet-Canet","2020","Chateau Pontet-Canet, Pauillac, Bordeaux","425","Case of 3 Magnums","https://www.bbr.com/products-20208007342-2020-chateau-pontet-canet-pauillac-bordeaux","1014307","20208007342"
"Chateau Pontet-Canet","2021","Chateau Pontet-Canet, Pauillac, Bordeaux","280","Case of 6 Bottles","https://www.bbr.com/products-20218007342-2021-chateau-pontet-canet-pauillac-bordeaux","1014307","20218007342"
"Chateau Pontet-Canet","2022","Chateau Pontet-Canet, Pauillac, Bordeaux","440","Case of 6 Bottles","https://www.bbr.com/products-20228007342-2022-chateau-pontet-canet-pauillac-bordeaux","1014307","20228007342"
"Chateau Pontet-Canet","2022","Chateau Pontet-Canet, Pauillac, Bordeaux","695","Case of 3 Magnums","https://www.bbr.com/products-20228007342-2022-chateau-pontet-canet-pauillac-bordeaux","1014307","20228007342"
"Chateau Pontet-Canet","2023","Chateau Pontet-Canet, Pauillac, Bordeaux","556","Case of 6 Bottles","https://www.bbr.com/products-20238007342-2023-chateau-pontet-canet-pauillac-bordeaux","1014307","20238007342"
"Chateau Pontet-Canet","2023","Chateau Pontet-Canet, Pauillac, Bordeaux","375","Case of 12 Half Bottles","https://www.bbr.com/products-20238007342-2023-chateau-pontet-canet-pauillac-bordeaux","1014307","20238007342"
"Chateau Potensac","2005","Chateau Potensac, Medoc, Bordeaux","160","Case of 1 Double Magnums","https://www.bbr.com/products-20058007300-2005-chateau-potensac-medoc-bordeaux","1014323","20058007300"
"Chateau Potensac","2008","Chateau Potensac, Medoc, Bordeaux","255","Case of 6 Magnums","https://www.bbr.com/products-20088007300-2008-chateau-potensac-medoc-bordeaux","1014323","20088007300"
"Chateau Potensac","2023","Chateau Potensac, Medoc, Bordeaux","102","Case of 6 Bottles","https://www.bbr.com/products-20238007300-2023-chateau-potensac-medoc-bordeaux","1014323","20238007300"
"Chateau Poujeaux","2004","Chateau Poujeaux, Moulis-en-Medoc, Bordeaux","350","Case of 12 Bottles","https://www.bbr.com/products-20048123480-2004-chateau-poujeaux-moulis-en-medoc-bordeaux","1014349","20048123480"
"Chateau Poujeaux","2009","Chateau Poujeaux, Moulis-en-Medoc, Bordeaux","440","Case of 12 Bottles","https://www.bbr.com/products-20098123480-2009-chateau-poujeaux-moulis-en-medoc-bordeaux","1014349","20098123480"
"Chateau Poujeaux","2009","Chateau Poujeaux, Moulis-en-Medoc, Bordeaux","480","Case of 6 Magnums","https://www.bbr.com/products-20098123480-2009-chateau-poujeaux-moulis-en-medoc-bordeaux","1014349","20098123480"
"Chateau Poujeaux","2010","Chateau Poujeaux, Moulis-en-Medoc, Bordeaux","165","Case of 6 Bottles","https://www.bbr.com/products-20108123480-2010-chateau-poujeaux-moulis-en-medoc-bordeaux","1014349","20108123480"
"Chateau Poujeaux","2010","Chateau Poujeaux, Moulis-en-Medoc, Bordeaux","330","Case of 12 Bottles","https://www.bbr.com/products-20108123480-2010-chateau-poujeaux-moulis-en-medoc-bordeaux","1014349","20108123480"
"Chateau Poujeaux","2012","Chateau Poujeaux, Moulis-en-Medoc, Bordeaux","276","Case of 12 Bottles","https://www.bbr.com/products-20128123480-2012-chateau-poujeaux-moulis-en-medoc-bordeaux","1014349","20128123480"
"Chateau Poujeaux","2020","Chateau Poujeaux, Moulis-en-Medoc, Bordeaux","111","Case of 6 Bottles","https://www.bbr.com/products-20208123480-2020-chateau-poujeaux-moulis-en-medoc-bordeaux","1014349","20208123480"
"Chateau Poujeaux","2022","Chateau Poujeaux, Moulis-en-Medoc, Bordeaux","220","Case of 3 Magnums","https://www.bbr.com/products-20228123480-2022-chateau-poujeaux-moulis-en-medoc-bordeaux","1014349","20228123480"
"Chateau Prieure-Lichine","2005","Chateau Prieure-Lichine, Margaux, Bordeaux","725","Case of 12 Bottles","https://www.bbr.com/products-20058123451-2005-chateau-prieure-lichine-margaux-bordeaux","1014440","20058123451"
"Chateau Prieure-Lichine","2010","Chateau Prieure-Lichine, Margaux, Bordeaux","580","Case of 12 Bottles","https://www.bbr.com/products-20108123451-2010-chateau-prieure-lichine-margaux-bordeaux","1014440","20108123451"
"Chateau Prieure-Lichine","2016","Chateau Prieure-Lichine, Margaux, Bordeaux","495","Case of 12 Bottles","https://www.bbr.com/products-20168123451-2016-chateau-prieure-lichine-margaux-bordeaux","1014440","20168123451"
"Chateau Puyblanquet","2021","Chateau Puyblanquet, St Emilion, Bordeaux","140","Case of 6 Bottles","https://www.bbr.com/products-20218220668-2021-chateau-puyblanquet-st-emilion-bordeaux","1014509","20218220668"
"Chateau Puyblanquet","2021","Chateau Puyblanquet, St Emilion, Bordeaux","449","Case of 6 Magnums","https://www.bbr.com/products-20218220668-2021-chateau-puyblanquet-st-emilion-bordeaux","1014509","20218220668"
"Chateau Puyblanquet","2022","Chateau Puyblanquet, St Emilion, Bordeaux","250","Case of 12 Half Bottles","https://www.bbr.com/products-20228220668-2022-chateau-puyblanquet-st-emilion-bordeaux","1014509","20228220668"
"Chateau Pedesclaux","2009","Chateau Pedesclaux, Pauillac, Bordeaux","540","Case of 12 Bottles","https://www.bbr.com/products-20098006781-2009-chateau-pedesclaux-pauillac-bordeaux","1013919","20098006781"
"Chateau Pedesclaux","2014","Chateau Pedesclaux, Pauillac, Bordeaux","360","Case of 12 Bottles","https://www.bbr.com/products-20148006781-2014-chateau-pedesclaux-pauillac-bordeaux","1013919","20148006781"
"Chateau Pedesclaux","2015","Chateau Pedesclaux, Pauillac, Bordeaux","180","Case of 6 Bottles","https://www.bbr.com/products-20158006781-2015-chateau-pedesclaux-pauillac-bordeaux","1013919","20158006781"
"Chateau Pedesclaux","2016","Chateau Pedesclaux, Pauillac, Bordeaux","150","Case of 6 Bottles","https://www.bbr.com/products-20168006781-2016-chateau-pedesclaux-pauillac-bordeaux","1013919","20168006781"
"Chateau Pedesclaux","2017","Chateau Pedesclaux, Pauillac, Bordeaux","148","Case of 6 Bottles","https://www.bbr.com/products-20178006781-2017-chateau-pedesclaux-pauillac-bordeaux","1013919","20178006781"
"Chateau Pedesclaux","2018","Chateau Pedesclaux, Pauillac, Bordeaux","180","Case of 6 Bottles","https://www.bbr.com/products-20188006781-2018-chateau-pedesclaux-pauillac-bordeaux","1013919","20188006781"
"Chateau Pedesclaux","2019","Chateau Pedesclaux, Pauillac, Bordeaux","143","Case of 6 Bottles","https://www.bbr.com/products-20198006781-2019-chateau-pedesclaux-pauillac-bordeaux","1013919","20198006781"
"Chateau Pedesclaux","2020","Chateau Pedesclaux, Pauillac, Bordeaux","165","Case of 12 Half Bottles","https://www.bbr.com/products-20208006781-2020-chateau-pedesclaux-pauillac-bordeaux","1013919","20208006781"
"Chateau Pedesclaux","2021","Chateau Pedesclaux, Pauillac, Bordeaux","170","Case of 6 Bottles","https://www.bbr.com/products-20218006781-2021-chateau-pedesclaux-pauillac-bordeaux","1013919","20218006781"
"Chateau Pedesclaux","2023","Chateau Pedesclaux, Pauillac, Bordeaux","138","Case of 6 Bottles","https://www.bbr.com/products-20238006781-2023-chateau-pedesclaux-pauillac-bordeaux","1013919","20238006781"
"Chateau Quinault l'Enclos","2005","Chateau Quinault l'Enclos, St Emilion, Bordeaux","420","Case of 12 Bottles","https://www.bbr.com/products-20058015516-2005-chateau-quinault-l-enclos-st-emilion-bordeaux","1014554","20058015516"
"Chateau Quinault l'Enclos","2018","Chateau Quinault l'Enclos, St Emilion, Bordeaux","140","Case of 6 Bottles","https://www.bbr.com/products-20188015516-2018-chateau-quinault-l-enclos-st-emilion-bordeaux","1014554","20188015516"
"Chateau Quintus","2016","Chateau Quintus, St Emilion, Bordeaux","250","Case of 6 Bottles","https://www.bbr.com/products-20168113632-2016-chateau-quintus-st-emilion-bordeaux","1170911","20168113632"
"Chateau Quintus","2019","Chateau Quintus, St Emilion, Bordeaux","442","Case of 6 Bottles","https://www.bbr.com/products-20198113632-2019-chateau-quintus-st-emilion-bordeaux","1170911","20198113632"
"Chateau Quintus","2019","Chateau Quintus, St Emilion, Bordeaux","250","Case of 3 Magnums","https://www.bbr.com/products-20198113632-2019-chateau-quintus-st-emilion-bordeaux","1170911","20198113632"
"Chateau Quintus","2020","Chateau Quintus, St Emilion, Bordeaux","400","Case of 6 Bottles","https://www.bbr.com/products-20208113632-2020-chateau-quintus-st-emilion-bordeaux","1170911","20208113632"
"Chateau Rabaud Promis","2011","Chateau Rabaud-Promis, Sauternes, Bordeaux","250","Case of 24 Half Bottles","https://www.bbr.com/products-20118122845-2011-chateau-rabaud-promis-sauternes-bordeaux","1017438","20118122845"
"Chateau Rauzan-Gassies","2010","Chateau Rauzan-Gassies, Margaux, Bordeaux","470","Case of 12 Bottles","https://www.bbr.com/products-20108123435-2010-chateau-rauzan-gassies-margaux-bordeaux","1014596","20108123435"
"Chateau Rauzan-Segla","2004","Chateau Rauzan-Segla, Margaux, Bordeaux","800","Case of 12 Bottles","https://www.bbr.com/products-20041014600-2004-chateau-rauzan-segla-margaux-bordeaux","1014600","20041014600"
"Chateau Rauzan-Segla","2005","Chateau Rauzan-Segla, Margaux, Bordeaux","1373","Case of 12 Bottles","https://www.bbr.com/products-20051014600-2005-chateau-rauzan-segla-margaux-bordeaux","1014600","20051014600"
"Chateau Rauzan-Segla","2005","Chateau Rauzan-Segla, Margaux, Bordeaux","700","Case of 6 Bottles","https://www.bbr.com/products-20051014600-2005-chateau-rauzan-segla-margaux-bordeaux","1014600","20051014600"
"Chateau Rauzan-Segla","2007","Chateau Rauzan-Segla, Margaux, Bordeaux","950","Case of 12 Bottles","https://www.bbr.com/products-20071014600-2007-chateau-rauzan-segla-margaux-bordeaux","1014600","20071014600"
"Chateau Rauzan-Segla","2008","Chateau Rauzan-Segla, Margaux, Bordeaux","839","Case of 12 Bottles","https://www.bbr.com/products-20081014600-2008-chateau-rauzan-segla-margaux-bordeaux","1014600","20081014600"
"Chateau Rauzan-Segla","2010","Chateau Rauzan-Segla, Margaux, Bordeaux","560","Case of 6 Bottles","https://www.bbr.com/products-20101014600-2010-chateau-rauzan-segla-margaux-bordeaux","1014600","20101014600"
"Chateau Rauzan-Segla","2010","Chateau Rauzan-Segla, Margaux, Bordeaux","1250","Case of 12 Bottles","https://www.bbr.com/products-20101014600-2010-chateau-rauzan-segla-margaux-bordeaux","1014600","20101014600"
"Chateau Rauzan-Segla","2011","Chateau Rauzan-Segla, Margaux, Bordeaux","345","Case of 6 Bottles","https://www.bbr.com/products-20111014600-2011-chateau-rauzan-segla-margaux-bordeaux","1014600","20111014600"
"Chateau Rauzan-Segla","2012","Chateau Rauzan-Segla, Margaux, Bordeaux","260","Case of 6 Bottles","https://www.bbr.com/products-20121014600-2012-chateau-rauzan-segla-margaux-bordeaux","1014600","20121014600"
"Chateau Rauzan-Segla","2012","Chateau Rauzan-Segla, Margaux, Bordeaux","425","Case of 1 Imperials","https://www.bbr.com/products-20121014600-2012-chateau-rauzan-segla-margaux-bordeaux","1014600","20121014600"
"Chateau Rauzan-Segla","2014","Chateau Rauzan-Segla, Margaux, Bordeaux","275","Case of 6 Bottles","https://www.bbr.com/products-20141014600-2014-chateau-rauzan-segla-margaux-bordeaux","1014600","20141014600"
"Chateau Rauzan-Segla","2014","Chateau Rauzan-Segla, Margaux, Bordeaux","300","Case of 3 Magnums","https://www.bbr.com/products-20141014600-2014-chateau-rauzan-segla-margaux-bordeaux","1014600","20141014600"
"Chateau Rauzan-Segla","2015","Chateau Rauzan-Segla, Margaux, Bordeaux","380","Case of 6 Bottles","https://www.bbr.com/products-20151014600-2015-chateau-rauzan-segla-margaux-bordeaux","1014600","20151014600"
"Chateau Rauzan-Segla","2015","Chateau Rauzan-Segla, Margaux, Bordeaux","400","Case of 3 Magnums","https://www.bbr.com/products-20151014600-2015-chateau-rauzan-segla-margaux-bordeaux","1014600","20151014600"
"Chateau Rauzan-Segla","2016","Chateau Rauzan-Segla, Margaux, Bordeaux","370","Case of 6 Bottles","https://www.bbr.com/products-20161014600-2016-chateau-rauzan-segla-margaux-bordeaux","1014600","20161014600"
"Chateau Rauzan-Segla","2017","Chateau Rauzan-Segla, Margaux, Bordeaux","338","Case of 6 Bottles","https://www.bbr.com/products-20171014600-2017-chateau-rauzan-segla-margaux-bordeaux","1014600","20171014600"
"Chateau Rauzan-Segla","2017","Chateau Rauzan-Segla, Margaux, Bordeaux","335","Case of 6 Bottles","https://www.bbr.com/products-20171014600-2017-chateau-rauzan-segla-margaux-bordeaux","1014600","20171014600"
"Chateau Rauzan-Segla","2017","Chateau Rauzan-Segla, Margaux, Bordeaux","250","Case of 3 Magnums","https://www.bbr.com/products-20171014600-2017-chateau-rauzan-segla-margaux-bordeaux","1014600","20171014600"
"Chateau Rauzan-Segla","2018","Chateau Rauzan-Segla, Margaux, Bordeaux","370","Case of 6 Bottles","https://www.bbr.com/products-20181014600-2018-chateau-rauzan-segla-margaux-bordeaux","1014600","20181014600"
"Chateau Rauzan-Segla","2018","Chateau Rauzan-Segla, Margaux, Bordeaux","469","Case of 6 Bottles","https://www.bbr.com/products-20181014600-2018-chateau-rauzan-segla-margaux-bordeaux","1014600","20181014600"
"Chateau Rauzan-Segla","2019","Chateau Rauzan-Segla, Margaux, Bordeaux","330","Case of 6 Bottles","https://www.bbr.com/products-20191014600-2019-chateau-rauzan-segla-margaux-bordeaux","1014600","20191014600"
"Chateau Rauzan-Segla","2019","Chateau Rauzan-Segla, Margaux, Bordeaux","327","Case of 6 Bottles","https://www.bbr.com/products-20191014600-2019-chateau-rauzan-segla-margaux-bordeaux","1014600","20191014600"
"Chateau Rauzan-Segla","2019","Chateau Rauzan-Segla, Margaux, Bordeaux","800","Case of 12 Bottles","https://www.bbr.com/products-20191014600-2019-chateau-rauzan-segla-margaux-bordeaux","1014600","20191014600"
"Chateau Rauzan-Segla","2020","Chateau Rauzan-Segla, Margaux, Bordeaux","800","Case of 6 Bottles","https://www.bbr.com/products-20201014600-2020-chateau-rauzan-segla-margaux-bordeaux","1014600","20201014600"
"Chateau Rauzan-Segla","2020","Chateau Rauzan-Segla, Margaux, Bordeaux","327","Case of 6 Bottles","https://www.bbr.com/products-20201014600-2020-chateau-rauzan-segla-margaux-bordeaux","1014600","20201014600"
"Chateau Rauzan-Segla","2020","Chateau Rauzan-Segla, Margaux, Bordeaux","320","Case of 3 Bottles","https://www.bbr.com/products-20201014600-2020-chateau-rauzan-segla-margaux-bordeaux","1014600","20201014600"
"Chateau Rauzan-Segla","2020","Chateau Rauzan-Segla, Margaux, Bordeaux","488","Case of 1 Double Magnums","https://www.bbr.com/products-20201014600-2020-chateau-rauzan-segla-margaux-bordeaux","1014600","20201014600"
"Chateau Rauzan-Segla","2021","Chateau Rauzan-Segla, Margaux, Bordeaux","215","Case of 6 Bottles","https://www.bbr.com/products-20211014600-2021-chateau-rauzan-segla-margaux-bordeaux","1014600","20211014600"
"Chateau Rauzan-Segla","2021","Chateau Rauzan-Segla, Margaux, Bordeaux","340","Case of 6 Bottles","https://www.bbr.com/products-20211014600-2021-chateau-rauzan-segla-margaux-bordeaux","1014600","20211014600"
"Chateau Rauzan-Segla","2021","Chateau Rauzan-Segla, Margaux, Bordeaux","500","Case of 3 Magnums","https://www.bbr.com/products-20211014600-2021-chateau-rauzan-segla-margaux-bordeaux","1014600","20211014600"
"Chateau Rauzan-Segla","2022","Chateau Rauzan-Segla, Margaux, Bordeaux","720","Case of 6 Bottles","https://www.bbr.com/products-20221014600-2022-chateau-rauzan-segla-margaux-bordeaux","1014600","20221014600"
"Chateau Rauzan-Segla","2022","Chateau Rauzan-Segla, Margaux, Bordeaux","445","Case of 6 Bottles","https://www.bbr.com/products-20221014600-2022-chateau-rauzan-segla-margaux-bordeaux","1014600","20221014600"
"Chateau Rauzan-Segla","2022","Chateau Rauzan-Segla, Margaux, Bordeaux","580","Case of 3 Magnums","https://www.bbr.com/products-20221014600-2022-chateau-rauzan-segla-margaux-bordeaux","1014600","20221014600"
"Chateau Rauzan-Segla","2023","Chateau Rauzan-Segla, Margaux, Bordeaux","380","Case of 6 Bottles","https://www.bbr.com/products-20231014600-2023-chateau-rauzan-segla-margaux-bordeaux","1014600","20231014600"
"Chateau Rieussec","1995","Chateau Rieussec, Sauternes, Bordeaux","900","Case of 12 Bottles","https://www.bbr.com/products-19958013961-1995-chateau-rieussec-sauternes-bordeaux","1017483","19958013961"
"Chateau Rieussec","2001","Chateau Rieussec, Sauternes, Bordeaux","300","Case of 1 Bottles","https://www.bbr.com/products-20018013961-2001-chateau-rieussec-sauternes-bordeaux","1017483","20018013961"
"Chateau Rieussec","2001","Chateau Rieussec, Sauternes, Bordeaux","975","Case of 24 Half Bottles","https://www.bbr.com/products-20018013961-2001-chateau-rieussec-sauternes-bordeaux","1017483","20018013961"
"Chateau Rieussec","2003","Chateau Rieussec, Sauternes, Bordeaux","350","Case of 12 Bottles","https://www.bbr.com/products-20038013961-2003-chateau-rieussec-sauternes-bordeaux","1017483","20038013961"
"Chateau Rieussec","2005","Chateau Rieussec, Sauternes, Bordeaux","420","Case of 24 Half Bottles","https://www.bbr.com/products-20058013961-2005-chateau-rieussec-sauternes-bordeaux","1017483","20058013961"
"Chateau Rieussec","2007","Chateau Rieussec, Sauternes, Bordeaux","325","Case of 24 Half Bottles","https://www.bbr.com/products-20078013961-2007-chateau-rieussec-sauternes-bordeaux","1017483","20078013961"
"Chateau Rieussec","2009","Chateau Rieussec, Sauternes, Bordeaux","440","Case of 12 Bottles","https://www.bbr.com/products-20098013961-2009-chateau-rieussec-sauternes-bordeaux","1017483","20098013961"
"Chateau Rieussec","2009","Chateau Rieussec, Sauternes, Bordeaux","500","Case of 24 Half Bottles","https://www.bbr.com/products-20098013961-2009-chateau-rieussec-sauternes-bordeaux","1017483","20098013961"
"Chateau Rieussec","2010","Chateau Rieussec, Sauternes, Bordeaux","380","Case of 12 Bottles","https://www.bbr.com/products-20108013961-2010-chateau-rieussec-sauternes-bordeaux","1017483","20108013961"
"Chateau Rieussec","2010","Chateau Rieussec, Sauternes, Bordeaux","193","Case of 6 Bottles","https://www.bbr.com/products-20108013961-2010-chateau-rieussec-sauternes-bordeaux","1017483","20108013961"
"Chateau Rieussec","2010","Chateau Rieussec, Sauternes, Bordeaux","400","Case of 6 Bottles","https://www.bbr.com/products-20108013961-2010-chateau-rieussec-sauternes-bordeaux","1017483","20108013961"
"Chateau Rieussec","2010","Chateau Rieussec, Sauternes, Bordeaux","194","Case of 6 Bottles","https://www.bbr.com/products-20108013961-2010-chateau-rieussec-sauternes-bordeaux","1017483","20108013961"
"Chateau Rieussec","2010","Chateau Rieussec, Sauternes, Bordeaux","235","Case of 12 Half Bottles","https://www.bbr.com/products-20108013961-2010-chateau-rieussec-sauternes-bordeaux","1017483","20108013961"
"Chateau Rieussec","2010","Chateau Rieussec, Sauternes, Bordeaux","180","Case of 12 Half Bottles","https://www.bbr.com/products-20108013961-2010-chateau-rieussec-sauternes-bordeaux","1017483","20108013961"
"Chateau Rieussec","2010","Chateau Rieussec, Sauternes, Bordeaux","175","Case of 12 Half Bottles","https://www.bbr.com/products-20108013961-2010-chateau-rieussec-sauternes-bordeaux","1017483","20108013961"
"Chateau Rieussec","2011","Chateau Rieussec, Sauternes, Bordeaux","215","Case of 12 Half Bottles","https://www.bbr.com/products-20118013961-2011-chateau-rieussec-sauternes-bordeaux","1017483","20118013961"
"Chateau Rieussec","2015","Chateau Rieussec, Sauternes, Bordeaux","336","Case of 12 Half Bottles","https://www.bbr.com/products-20158013961-2015-chateau-rieussec-sauternes-bordeaux","1017483","20158013961"
"Chateau Roc de Cambes","2009","Chateau Roc des Cambes, Cotes de Bourg, Bordeaux","370","Case of 6 Bottles","https://www.bbr.com/products-20098109772-2009-chateau-roc-des-cambes-cotes-de-bourg-bordeaux","1316225","20098109772"
"Chateau Roc de Cambes","2016","Chateau Roc des Cambes, Cotes de Bourg, Bordeaux","495","Case of 6 Bottles","https://www.bbr.com/products-20168109772-2016-chateau-roc-des-cambes-cotes-de-bourg-bordeaux","1316225","20168109772"
"Chateau Roc de Cambes","2021","Chateau Roc des Cambes, Cotes de Bourg, Bordeaux","220","Case of 6 Bottles","https://www.bbr.com/products-20218109772-2021-chateau-roc-des-cambes-cotes-de-bourg-bordeaux","1316225","20218109772"
"Chateau Rocheyron","2010","Chateau Rocheyron, St Emilion, Bordeaux","310","Case of 6 Bottles","https://www.bbr.com/products-20108113951-2010-chateau-rocheyron-st-emilion-bordeaux","1151181","20108113951"
"Chateau Rocheyron","2021","Chateau Rocheyron, St Emilion, Bordeaux","369","Case of 6 Bottles","https://www.bbr.com/products-20218113951-2021-chateau-rocheyron-st-emilion-bordeaux","1151181","20218113951"
"Chateau Rol Valentin","2005","Chateau Rol Valentin, St Emilion, Bordeaux","280","Case of 6 Bottles","https://www.bbr.com/products-20058123419-2005-chateau-rol-valentin-st-emilion-bordeaux","1014769","20058123419"
"Chateau Rol Valentin","2005","Chateau Rol Valentin, St Emilion, Bordeaux","400","Case of 12 Bottles","https://www.bbr.com/products-20058123419-2005-chateau-rol-valentin-st-emilion-bordeaux","1014769","20058123419"
"Chateau Saint-Pierre","2005","Chateau Saint-Pierre, St Julien, Bordeaux","600","Case of 12 Bottles","https://www.bbr.com/products-20058015529-2005-chateau-saint-pierre-st-julien-bordeaux","1014961","20058015529"
"Chateau Saint-Pierre","2006","Chateau Saint-Pierre, St Julien, Bordeaux","420","Case of 12 Bottles","https://www.bbr.com/products-20068015529-2006-chateau-saint-pierre-st-julien-bordeaux","1014961","20068015529"
"Chateau Saint-Pierre","2008","Chateau Saint-Pierre, St Julien, Bordeaux","410","Case of 12 Bottles","https://www.bbr.com/products-20088015529-2008-chateau-saint-pierre-st-julien-bordeaux","1014961","20088015529"
"Chateau Saint-Pierre","2009","Chateau Saint-Pierre, St Julien, Bordeaux","750","Case of 12 Bottles","https://www.bbr.com/products-20098015529-2009-chateau-saint-pierre-st-julien-bordeaux","1014961","20098015529"
"Chateau Saint-Pierre","2010","Chateau Saint-Pierre, St Julien, Bordeaux","360","Case of 6 Bottles","https://www.bbr.com/products-20108015529-2010-chateau-saint-pierre-st-julien-bordeaux","1014961","20108015529"
"Chateau Saint-Pierre","2011","Chateau Saint-Pierre, St Julien, Bordeaux","380","Case of 12 Bottles","https://www.bbr.com/products-20118015529-2011-chateau-saint-pierre-st-julien-bordeaux","1014961","20118015529"
"Chateau Saint-Pierre","2011","Chateau Saint-Pierre, St Julien, Bordeaux","379","Case of 12 Bottles","https://www.bbr.com/products-20118015529-2011-chateau-saint-pierre-st-julien-bordeaux","1014961","20118015529"
"Chateau Saint-Pierre","2015","Chateau Saint-Pierre, St Julien, Bordeaux","260","Case of 6 Bottles","https://www.bbr.com/products-20158015529-2015-chateau-saint-pierre-st-julien-bordeaux","1014961","20158015529"
"Chateau Saint-Pierre","2016","Chateau Saint-Pierre, St Julien, Bordeaux","199","Case of 6 Bottles","https://www.bbr.com/products-20168015529-2016-chateau-saint-pierre-st-julien-bordeaux","1014961","20168015529"
"Chateau Saint-Pierre","2017","Chateau Saint-Pierre, St Julien, Bordeaux","170","Case of 6 Bottles","https://www.bbr.com/products-20178015529-2017-chateau-saint-pierre-st-julien-bordeaux","1014961","20178015529"
"Chateau Saint-Pierre","2017","Chateau Saint-Pierre, St Julien, Bordeaux","238","Case of 3 Magnums","https://www.bbr.com/products-20178015529-2017-chateau-saint-pierre-st-julien-bordeaux","1014961","20178015529"
"Chateau Saint-Pierre","2019","Chateau Saint-Pierre, St Julien, Bordeaux","190","Case of 6 Bottles","https://www.bbr.com/products-20198015529-2019-chateau-saint-pierre-st-julien-bordeaux","1014961","20198015529"
"Chateau Sanctus","2005","Chateau Sanctus, St Emilion, Bordeaux","500","Case of 12 Bottles","https://www.bbr.com/products-20058250865-2005-chateau-sanctus-st-emilion-bordeaux","1015014","20058250865"
"Chateau Sansonnet","2010","Chateau Sansonnet, St Emilion, Bordeaux","325","Case of 12 Bottles","https://www.bbr.com/products-20108227540-2010-chateau-sansonnet-st-emilion-bordeaux","1015027","20108227540"
"Chateau Sansonnet","2018","Chateau Sansonnet, St Emilion, Bordeaux","350","Case of 12 Bottles","https://www.bbr.com/products-20188227540-2018-chateau-sansonnet-st-emilion-bordeaux","1015027","20188227540"
"Chateau Sansonnet","2020","Chateau Sansonnet, St Emilion, Bordeaux","364","Case of 12 Bottles","https://www.bbr.com/products-20208227540-2020-chateau-sansonnet-st-emilion-bordeaux","1015027","20208227540"
"Chateau Sigalas-Rabaud","1997","Chateau Sigalas Rabaud, Sauternes, Bordeaux","250","Case of 24 Half Bottles","https://www.bbr.com/products-19978122829-1997-chateau-sigalas-rabaud-sauternes-bordeaux","1017601","19978122829"
"Chateau Sigalas-Rabaud","2001","Chateau Sigalas Rabaud, Sauternes, Bordeaux","410","Case of 24 Half Bottles","https://www.bbr.com/products-20018122829-2001-chateau-sigalas-rabaud-sauternes-bordeaux","1017601","20018122829"
"Chateau Sigalas-Rabaud","2009","Chateau Sigalas Rabaud, Sauternes, Bordeaux","374","Case of 12 Half Bottles","https://www.bbr.com/products-20098122829-2009-chateau-sigalas-rabaud-sauternes-bordeaux","1017601","20098122829"
"Chateau Siran","2000","Chateau Siran, Margaux, Bordeaux","590","Case of 12 Bottles","https://www.bbr.com/products-20008123350-2000-chateau-siran-margaux-bordeaux","1015245","20008123350"
"Chateau Siran","2016","Chateau Siran, Margaux, Bordeaux","397","Case of 1 Double Magnums","https://www.bbr.com/products-20168123350-2016-chateau-siran-margaux-bordeaux","1015245","20168123350"
"Chateau Siran","2016","Chateau Siran, Margaux, Bordeaux","156","Case of 3 Magnums","https://www.bbr.com/products-20168123350-2016-chateau-siran-margaux-bordeaux","1015245","20168123350"
"Chateau Smith Haut Lafitte","2012","Chateau Smith Haut Lafitte Blanc, Pessac-Leognan, Bordeaux","500","Case of 6 Bottles","https://www.bbr.com/products-20128122816-2012-chateau-smith-haut-lafitte-blanc-pessac-leognan-bordeaux","1017627","20128122816"
"Chateau Smith Haut Lafitte","2015","Chateau Smith Haut Lafitte Blanc, Pessac-Leognan, Bordeaux","650","Case of 6 Bottles","https://www.bbr.com/products-20158122816-2015-chateau-smith-haut-lafitte-blanc-pessac-leognan-bordeaux","1017627","20158122816"
"Chateau Smith Haut Lafitte","2017","Chateau Smith Haut Lafitte Blanc, Pessac-Leognan, Bordeaux","550","Case of 6 Bottles","https://www.bbr.com/products-20178122816-2017-chateau-smith-haut-lafitte-blanc-pessac-leognan-bordeaux","1017627","20178122816"
"Chateau Smith Haut Lafitte","2005","Chateau Smith Haut Lafitte, Pessac-Leognan, Bordeaux","1600","Case of 12 Bottles","https://www.bbr.com/products-20058011879-2005-chateau-smith-haut-lafitte-pessac-leognan-bordeaux","1015261","20058011879"
"Chateau Smith Haut Lafitte","2009","Chateau Smith Haut Lafitte, Pessac-Leognan, Bordeaux","950","Case of 6 Bottles","https://www.bbr.com/products-20098011879-2009-chateau-smith-haut-lafitte-pessac-leognan-bordeaux","1015261","20098011879"
"Chateau Smith Haut Lafitte","2010","Chateau Smith Haut Lafitte, Pessac-Leognan, Bordeaux","680","Case of 6 Bottles","https://www.bbr.com/products-20108011879-2010-chateau-smith-haut-lafitte-pessac-leognan-bordeaux","1015261","20108011879"
"Chateau Smith Haut Lafitte","2012","Chateau Smith Haut Lafitte, Pessac-Leognan, Bordeaux","390","Case of 6 Bottles","https://www.bbr.com/products-20128011879-2012-chateau-smith-haut-lafitte-pessac-leognan-bordeaux","1015261","20128011879"
"Chateau Smith Haut Lafitte","2012","Chateau Smith Haut Lafitte, Pessac-Leognan, Bordeaux","450","Case of 3 Magnums","https://www.bbr.com/products-20128011879-2012-chateau-smith-haut-lafitte-pessac-leognan-bordeaux","1015261","20128011879"
"Chateau Smith Haut Lafitte","2014","Chateau Smith Haut Lafitte, Pessac-Leognan, Bordeaux","425","Case of 6 Bottles","https://www.bbr.com/products-20148011879-2014-chateau-smith-haut-lafitte-pessac-leognan-bordeaux","1015261","20148011879"
"Chateau Smith Haut Lafitte","2014","Chateau Smith Haut Lafitte, Pessac-Leognan, Bordeaux","790","Case of 12 Bottles","https://www.bbr.com/products-20148011879-2014-chateau-smith-haut-lafitte-pessac-leognan-bordeaux","1015261","20148011879"
"Chateau Smith Haut Lafitte","2015","Chateau Smith Haut Lafitte, Pessac-Leognan, Bordeaux","600","Case of 6 Bottles","https://www.bbr.com/products-20158011879-2015-chateau-smith-haut-lafitte-pessac-leognan-bordeaux","1015261","20158011879"
"Chateau Smith Haut Lafitte","2015","Chateau Smith Haut Lafitte, Pessac-Leognan, Bordeaux","560","Case of 3 Magnums","https://www.bbr.com/products-20158011879-2015-chateau-smith-haut-lafitte-pessac-leognan-bordeaux","1015261","20158011879"
"Chateau Smith Haut Lafitte","2016","Chateau Smith Haut Lafitte, Pessac-Leognan, Bordeaux","650","Case of 6 Bottles","https://www.bbr.com/products-20168011879-2016-chateau-smith-haut-lafitte-pessac-leognan-bordeaux","1015261","20168011879"
"Chateau Smith Haut Lafitte","2016","Chateau Smith Haut Lafitte, Pessac-Leognan, Bordeaux","1015","Case of 12 Bottles","https://www.bbr.com/products-20168011879-2016-chateau-smith-haut-lafitte-pessac-leognan-bordeaux","1015261","20168011879"
"Chateau Smith Haut Lafitte","2016","Chateau Smith Haut Lafitte, Pessac-Leognan, Bordeaux","587","Case of 6 Bottles","https://www.bbr.com/products-20168011879-2016-chateau-smith-haut-lafitte-pessac-leognan-bordeaux","1015261","20168011879"
"Chateau Smith Haut Lafitte","2017","Chateau Smith Haut Lafitte, Pessac-Leognan, Bordeaux","390","Case of 6 Bottles","https://www.bbr.com/products-20178011879-2017-chateau-smith-haut-lafitte-pessac-leognan-bordeaux","1015261","20178011879"
"Chateau Smith Haut Lafitte","2018","Chateau Smith Haut Lafitte, Pessac-Leognan, Bordeaux","495","Case of 6 Bottles","https://www.bbr.com/products-20188011879-2018-chateau-smith-haut-lafitte-pessac-leognan-bordeaux","1015261","20188011879"
"Chateau Smith Haut Lafitte","2018","Chateau Smith Haut Lafitte, Pessac-Leognan, Bordeaux","732","Case of 12 Bottles","https://www.bbr.com/products-20188011879-2018-chateau-smith-haut-lafitte-pessac-leognan-bordeaux","1015261","20188011879"
"Chateau Smith Haut Lafitte","2018","Chateau Smith Haut Lafitte, Pessac-Leognan, Bordeaux","415","Case of 6 Bottles","https://www.bbr.com/products-20188011879-2018-chateau-smith-haut-lafitte-pessac-leognan-bordeaux","1015261","20188011879"
"Chateau Smith Haut Lafitte","2019","Chateau Smith Haut Lafitte, Pessac-Leognan, Bordeaux","430","Case of 6 Bottles","https://www.bbr.com/products-20198011879-2019-chateau-smith-haut-lafitte-pessac-leognan-bordeaux","1015261","20198011879"
"Chateau Smith Haut Lafitte","2019","Chateau Smith Haut Lafitte, Pessac-Leognan, Bordeaux","200","Case of 2 Bottles","https://www.bbr.com/products-20198011879-2019-chateau-smith-haut-lafitte-pessac-leognan-bordeaux","1015261","20198011879"
"Chateau Smith Haut Lafitte","2019","Chateau Smith Haut Lafitte, Pessac-Leognan, Bordeaux","700","Case of 6 Bottles","https://www.bbr.com/products-20198011879-2019-chateau-smith-haut-lafitte-pessac-leognan-bordeaux","1015261","20198011879"
"Chateau Smith Haut Lafitte","2019","Chateau Smith Haut Lafitte, Pessac-Leognan, Bordeaux","420","Case of 1 Double Magnums","https://www.bbr.com/products-20198011879-2019-chateau-smith-haut-lafitte-pessac-leognan-bordeaux","1015261","20198011879"
"Chateau Smith Haut Lafitte","2019","Chateau Smith Haut Lafitte, Pessac-Leognan, Bordeaux","400","Case of 3 Magnums","https://www.bbr.com/products-20198011879-2019-chateau-smith-haut-lafitte-pessac-leognan-bordeaux","1015261","20198011879"
"Chateau Smith Haut Lafitte","2020","Chateau Smith Haut Lafitte, Pessac-Leognan, Bordeaux","485","Case of 6 Bottles","https://www.bbr.com/products-20208011879-2020-chateau-smith-haut-lafitte-pessac-leognan-bordeaux","1015261","20208011879"
"Chateau Smith Haut Lafitte","2020","Chateau Smith Haut Lafitte, Pessac-Leognan, Bordeaux","530","Case of 6 Bottles","https://www.bbr.com/products-20208011879-2020-chateau-smith-haut-lafitte-pessac-leognan-bordeaux","1015261","20208011879"
"Chateau Smith Haut Lafitte","2020","Chateau Smith Haut Lafitte, Pessac-Leognan, Bordeaux","1200","Case of 12 Bottles","https://www.bbr.com/products-20208011879-2020-chateau-smith-haut-lafitte-pessac-leognan-bordeaux","1015261","20208011879"
"Chateau Sociando-Mallet","2009","Chateau Sociando-Mallet, Haut-Medoc, Bordeaux","460","Case of 12 Bottles","https://www.bbr.com/products-20091015274-2009-chateau-sociando-mallet-haut-medoc-bordeaux","1015274","20091015274"
"Chateau Sociando-Mallet","2009","Chateau Sociando-Mallet, Haut-Medoc, Bordeaux","450","Case of 6 Magnums","https://www.bbr.com/products-20091015274-2009-chateau-sociando-mallet-haut-medoc-bordeaux","1015274","20091015274"
"Chateau Sociando-Mallet","2010","Chateau Sociando-Mallet, Haut-Medoc, Bordeaux","340","Case of 12 Bottles","https://www.bbr.com/products-20101015274-2010-chateau-sociando-mallet-haut-medoc-bordeaux","1015274","20101015274"
"Chateau Sociando-Mallet","2011","Chateau Sociando-Mallet, Haut-Medoc, Bordeaux","287","Case of 12 Bottles","https://www.bbr.com/products-20111015274-2011-chateau-sociando-mallet-haut-medoc-bordeaux","1015274","20111015274"
"Chateau Sociando-Mallet","2014","Chateau Sociando-Mallet, Haut-Medoc, Bordeaux","300","Case of 12 Bottles","https://www.bbr.com/products-20141015274-2014-chateau-sociando-mallet-haut-medoc-bordeaux","1015274","20141015274"
"Chateau Sociando-Mallet","2016","Chateau Sociando-Mallet, Haut-Medoc, Bordeaux","200","Case of 6 Bottles","https://www.bbr.com/products-20161015274-2016-chateau-sociando-mallet-haut-medoc-bordeaux","1015274","20161015274"
"Chateau Sociando-Mallet","2016","Chateau Sociando-Mallet, Haut-Medoc, Bordeaux","165","Case of 3 Magnums","https://www.bbr.com/products-20161015274-2016-chateau-sociando-mallet-haut-medoc-bordeaux","1015274","20161015274"
"Chateau Sociando-Mallet","2021","Chateau Sociando-Mallet, Haut-Medoc, Bordeaux","150","Case of 6 Bottles","https://www.bbr.com/products-20211015274-2021-chateau-sociando-mallet-haut-medoc-bordeaux","1015274","20211015274"
"Chateau Suduiraut","2007","Chateau Suduiraut, Sauternes, Bordeaux","350","Case of 12 Bottles","https://www.bbr.com/products-20071017656-2007-chateau-suduiraut-sauternes-bordeaux","1017656","20071017656"
"Chateau Suduiraut","2007","Chateau Suduiraut, Sauternes, Bordeaux","450","Case of 24 Half Bottles","https://www.bbr.com/products-20071017656-2007-chateau-suduiraut-sauternes-bordeaux","1017656","20071017656"
"Chateau Suduiraut","2009","Chateau Suduiraut, Sauternes, Bordeaux","740","Case of 24 Half Bottles","https://www.bbr.com/products-20091017656-2009-chateau-suduiraut-sauternes-bordeaux","1017656","20091017656"
"Chateau Suduiraut","2010","Chateau Suduiraut, Sauternes, Bordeaux","300","Case of 12 Half Bottles","https://www.bbr.com/products-20101017656-2010-chateau-suduiraut-sauternes-bordeaux","1017656","20101017656"
"Chateau Suduiraut","2010","Chateau Suduiraut, Sauternes, Bordeaux","210","Case of 12 Half Bottles","https://www.bbr.com/products-20101017656-2010-chateau-suduiraut-sauternes-bordeaux","1017656","20101017656"
"Chateau Suduiraut","2011","Chateau Suduiraut, Sauternes, Bordeaux","192","Case of 6 Bottles","https://www.bbr.com/products-20111017656-2011-chateau-suduiraut-sauternes-bordeaux","1017656","20111017656"
"Chateau Suduiraut","2011","Chateau Suduiraut, Sauternes, Bordeaux","192","Case of 12 Half Bottles","https://www.bbr.com/products-20111017656-2011-chateau-suduiraut-sauternes-bordeaux","1017656","20111017656"
"Chateau Suduiraut","2013","Chateau Suduiraut, Sauternes, Bordeaux","234","Case of 6 Bottles","https://www.bbr.com/products-20131017656-2013-chateau-suduiraut-sauternes-bordeaux","1017656","20131017656"
"Chateau Suduiraut","2013","Chateau Suduiraut, Sauternes, Bordeaux","500","Case of 24 Half Bottles","https://www.bbr.com/products-20131017656-2013-chateau-suduiraut-sauternes-bordeaux","1017656","20131017656"
"Chateau Suduiraut","2013","Chateau Suduiraut, Sauternes, Bordeaux","195","Case of 12 Half Bottles","https://www.bbr.com/products-20131017656-2013-chateau-suduiraut-sauternes-bordeaux","1017656","20131017656"
"Chateau Suduiraut","2013","Chateau Suduiraut, Sauternes, Bordeaux","300","Case of 3 Magnums","https://www.bbr.com/products-20131017656-2013-chateau-suduiraut-sauternes-bordeaux","1017656","20131017656"
"Chateau Suduiraut","2014","Chateau Suduiraut, Sauternes, Bordeaux","190","Case of 6 Bottles","https://www.bbr.com/products-20141017656-2014-chateau-suduiraut-sauternes-bordeaux","1017656","20141017656"
"Chateau Suduiraut","2015","Chateau Suduiraut, Sauternes, Bordeaux","450","Case of 12 Half Bottles","https://www.bbr.com/products-20151017656-2015-chateau-suduiraut-sauternes-bordeaux","1017656","20151017656"
"Chateau Suduiraut","2022","Chateau Suduiraut, Sauternes, Bordeaux","370","Case of 6 Bottles","https://www.bbr.com/products-20221017656-2022-chateau-suduiraut-sauternes-bordeaux","1017656","20221017656"
"Chateau Senejac","2009","Chateau Senejac, Haut-Medoc, Bordeaux","335","Case of 12 Bottles","https://www.bbr.com/products-20098015053-2009-chateau-senejac-haut-medoc-bordeaux","1015173","20098015053"
"Chateau Senejac","2010","Chateau Senejac, Haut-Medoc, Bordeaux","275","Case of 12 Bottles","https://www.bbr.com/products-20108015053-2010-chateau-senejac-haut-medoc-bordeaux","1015173","20108015053"
"Chateau Seraphine","2019","Chateau Seraphine, Pomerol, Bordeaux","1212","Case of 6 Bottles","https://www.bbr.com/products-20198104432-2019-chateau-seraphine-pomerol-bordeaux","1637292","20198104432"
"Chateau Seraphine","2020","Chateau Seraphine, Pomerol, Bordeaux","896","Case of 6 Bottles","https://www.bbr.com/products-20208104432-2020-chateau-seraphine-pomerol-bordeaux","1637292","20208104432"
"Chateau Seraphine","2021","Chateau Seraphine, Pomerol, Bordeaux","655","Case of 6 Bottles","https://www.bbr.com/products-20218104432-2021-chateau-seraphine-pomerol-bordeaux","1637292","20218104432"
"Chateau Talbot","2000","Chateau Talbot, St Julien, Bordeaux","1140","Case of 12 Bottles","https://www.bbr.com/products-20008011853-2000-chateau-talbot-st-julien-bordeaux","1015362","20008011853"
"Chateau Talbot","2004","Chateau Talbot, St Julien, Bordeaux","700","Case of 12 Bottles","https://www.bbr.com/products-20048011853-2004-chateau-talbot-st-julien-bordeaux","1015362","20048011853"
"Chateau Talbot","2009","Chateau Talbot, St Julien, Bordeaux","655","Case of 12 Bottles","https://www.bbr.com/products-20098011853-2009-chateau-talbot-st-julien-bordeaux","1015362","20098011853"
"Chateau Talbot","2010","Chateau Talbot, St Julien, Bordeaux","449","Case of 6 Bottles","https://www.bbr.com/products-20108011853-2010-chateau-talbot-st-julien-bordeaux","1015362","20108011853"
"Chateau Talbot","2010","Chateau Talbot, St Julien, Bordeaux","735","Case of 12 Bottles","https://www.bbr.com/products-20108011853-2010-chateau-talbot-st-julien-bordeaux","1015362","20108011853"
"Chateau Talbot","2010","Chateau Talbot, St Julien, Bordeaux","750","Case of 6 Magnums","https://www.bbr.com/products-20108011853-2010-chateau-talbot-st-julien-bordeaux","1015362","20108011853"
"Chateau Talbot","2011","Chateau Talbot, St Julien, Bordeaux","270","Case of 6 Bottles","https://www.bbr.com/products-20118011853-2011-chateau-talbot-st-julien-bordeaux","1015362","20118011853"
"Chateau Talbot","2012","Chateau Talbot, St Julien, Bordeaux","270","Case of 6 Bottles","https://www.bbr.com/products-20128011853-2012-chateau-talbot-st-julien-bordeaux","1015362","20128011853"
"Chateau Talbot","2014","Chateau Talbot, St Julien, Bordeaux","250","Case of 6 Bottles","https://www.bbr.com/products-20148011853-2014-chateau-talbot-st-julien-bordeaux","1015362","20148011853"
"Chateau Talbot","2014","Chateau Talbot, St Julien, Bordeaux","252","Case of 3 Magnums","https://www.bbr.com/products-20148011853-2014-chateau-talbot-st-julien-bordeaux","1015362","20148011853"
"Chateau Talbot","2017","Chateau Talbot, St Julien, Bordeaux","250","Case of 6 Bottles","https://www.bbr.com/products-20178011853-2017-chateau-talbot-st-julien-bordeaux","1015362","20178011853"
"Chateau Talbot","2018","Chateau Talbot, St Julien, Bordeaux","600","Case of 12 Bottles","https://www.bbr.com/products-20188011853-2018-chateau-talbot-st-julien-bordeaux","1015362","20188011853"
"Chateau Talbot","2018","Chateau Talbot, St Julien, Bordeaux","290","Case of 6 Bottles","https://www.bbr.com/products-20188011853-2018-chateau-talbot-st-julien-bordeaux","1015362","20188011853"
"Chateau Talbot","2019","Chateau Talbot, St Julien, Bordeaux","245","Case of 6 Bottles","https://www.bbr.com/products-20198011853-2019-chateau-talbot-st-julien-bordeaux","1015362","20198011853"
"Chateau Talbot","2019","Chateau Talbot, St Julien, Bordeaux","464","Case of 12 Bottles","https://www.bbr.com/products-20198011853-2019-chateau-talbot-st-julien-bordeaux","1015362","20198011853"
"Chateau Talbot","2019","Chateau Talbot, St Julien, Bordeaux","250","Case of 3 Magnums","https://www.bbr.com/products-20198011853-2019-chateau-talbot-st-julien-bordeaux","1015362","20198011853"
"Chateau Talbot","2020","Chateau Talbot, St Julien, Bordeaux","400","Case of 12 Bottles","https://www.bbr.com/products-20208011853-2020-chateau-talbot-st-julien-bordeaux","1015362","20208011853"
"Chateau Talbot","2020","Chateau Talbot, St Julien, Bordeaux","240","Case of 6 Bottles","https://www.bbr.com/products-20208011853-2020-chateau-talbot-st-julien-bordeaux","1015362","20208011853"
"Chateau Talbot","2021","Chateau Talbot, St Julien, Bordeaux","235","Case of 6 Bottles","https://www.bbr.com/products-20218011853-2021-chateau-talbot-st-julien-bordeaux","1015362","20218011853"
"Chateau Talbot","2021","Chateau Talbot, St Julien, Bordeaux","195","Case of 3 Magnums","https://www.bbr.com/products-20218011853-2021-chateau-talbot-st-julien-bordeaux","1015362","20218011853"
"Chateau Talbot","2022","Chateau Talbot, St Julien, Bordeaux","220","Case of 6 Bottles","https://www.bbr.com/products-20228011853-2022-chateau-talbot-st-julien-bordeaux","1015362","20228011853"
"Chateau Talbot","2023","Chateau Talbot, St Julien, Bordeaux","230","Case of 3 Magnums","https://www.bbr.com/products-20238011853-2023-chateau-talbot-st-julien-bordeaux","1015362","20238011853"
"Chateau Teyssier","2010","Chateau Teyssier, Montagne-St Emilion, Bordeaux","200","Case of 6 Bottles","https://www.bbr.com/products-20101222649-2010-chateau-teyssier-montagne-st-emilion-bordeaux","1222649","20101222649"
"Chateau Teyssier","2010","Chateau Teyssier, Montagne-St Emilion, Bordeaux","180","Case of 6 Bottles","https://www.bbr.com/products-20101222649-2010-chateau-teyssier-montagne-st-emilion-bordeaux","1222649","20101222649"
"Chateau Tour Saint-Christophe","2015","Chateau Tour Saint Christophe, St Emilion, Bordeaux","300","Case of 12 Bottles","https://www.bbr.com/products-20158204738-2015-chateau-tour-saint-christophe-st-emilion-bordeaux","1380589","20158204738"
"Chateau Tour Saint-Christophe","2016","Chateau Tour Saint Christophe, St Emilion, Bordeaux","160","Case of 6 Bottles","https://www.bbr.com/products-20168204738-2016-chateau-tour-saint-christophe-st-emilion-bordeaux","1380589","20168204738"
"Chateau Tour Saint-Christophe","2018","Chateau Tour Saint Christophe, St Emilion, Bordeaux","275","Case of 12 Bottles","https://www.bbr.com/products-20188204738-2018-chateau-tour-saint-christophe-st-emilion-bordeaux","1380589","20188204738"
"Chateau Tour Saint-Christophe","2018","Chateau Tour Saint Christophe, St Emilion, Bordeaux","235","Case of 6 Bottles","https://www.bbr.com/products-20188204738-2018-chateau-tour-saint-christophe-st-emilion-bordeaux","1380589","20188204738"
"Chateau Tour St. Bonnet","2010","Chateau Tour St Bonnet, Medoc, Bordeaux","190","Case of 12 Bottles","https://www.bbr.com/products-20108123262-2010-chateau-tour-st-bonnet-medoc-bordeaux","1015779","20108123262"
"Chateau Tronquoy-Lalande","2018","Chateau Tronquoy Lalande, St Estephe, Bordeaux","140","Case of 6 Bottles","https://www.bbr.com/products-20188015532-2018-chateau-tronquoy-lalande-st-estephe-bordeaux","1015939","20188015532"
"Chateau Tronquoy-Lalande","2020","Chateau Tronquoy, St Estephe, Bordeaux","350","Case of 6 Bottles","https://www.bbr.com/products-20208015532-2020-chateau-tronquoy-st-estephe-bordeaux","1015939","20208015532"
"Chateau Troplong Mondot","2005","Chateau Troplong Mondot, St Emilion, Bordeaux","1750","Case of 12 Bottles","https://www.bbr.com/products-20058015141-2005-chateau-troplong-mondot-st-emilion-bordeaux","1015942","20058015141"
"Chateau Troplong Mondot","2005","Chateau Troplong Mondot, St Emilion, Bordeaux","2575","Case of 6 Magnums","https://www.bbr.com/products-20058015141-2005-chateau-troplong-mondot-st-emilion-bordeaux","1015942","20058015141"
"Chateau Troplong Mondot","2008","Chateau Troplong Mondot, St Emilion, Bordeaux","750","Case of 12 Bottles","https://www.bbr.com/products-20088015141-2008-chateau-troplong-mondot-st-emilion-bordeaux","1015942","20088015141"
"Chateau Troplong Mondot","2008","Chateau Troplong Mondot, St Emilion, Bordeaux","740","Case of 6 Magnums","https://www.bbr.com/products-20088015141-2008-chateau-troplong-mondot-st-emilion-bordeaux","1015942","20088015141"
"Chateau Troplong Mondot","2010","Chateau Troplong Mondot, St Emilion, Bordeaux","625","Case of 6 Bottles","https://www.bbr.com/products-20108015141-2010-chateau-troplong-mondot-st-emilion-bordeaux","1015942","20108015141"
"Chateau Troplong Mondot","2010","Chateau Troplong Mondot, St Emilion, Bordeaux","1200","Case of 6 Magnums","https://www.bbr.com/products-20108015141-2010-chateau-troplong-mondot-st-emilion-bordeaux","1015942","20108015141"
"Chateau Troplong Mondot","2014","Chateau Troplong Mondot, St Emilion, Bordeaux","475","Case of 6 Bottles","https://www.bbr.com/products-20148015141-2014-chateau-troplong-mondot-st-emilion-bordeaux","1015942","20148015141"
"Chateau Troplong Mondot","2015","Chateau Troplong Mondot, St Emilion, Bordeaux","675","Case of 6 Bottles","https://www.bbr.com/products-20158015141-2015-chateau-troplong-mondot-st-emilion-bordeaux","1015942","20158015141"
"Chateau Troplong Mondot","2017","Chateau Troplong Mondot, St Emilion, Bordeaux","265","Case of 6 Bottles","https://www.bbr.com/products-20178015141-2017-chateau-troplong-mondot-st-emilion-bordeaux","1015942","20178015141"
"Chateau Troplong Mondot","2017","Chateau Troplong Mondot, St Emilion, Bordeaux","295","Case of 1 Double Magnums","https://www.bbr.com/products-20178015141-2017-chateau-troplong-mondot-st-emilion-bordeaux","1015942","20178015141"
"Chateau Troplong Mondot","2017","Chateau Troplong Mondot, St Emilion, Bordeaux","275","Case of 3 Magnums","https://www.bbr.com/products-20178015141-2017-chateau-troplong-mondot-st-emilion-bordeaux","1015942","20178015141"
"Chateau Troplong Mondot","2018","Chateau Troplong Mondot, St Emilion, Bordeaux","425","Case of 6 Bottles","https://www.bbr.com/products-20188015141-2018-chateau-troplong-mondot-st-emilion-bordeaux","1015942","20188015141"
"Chateau Troplong Mondot","2018","Chateau Troplong Mondot, St Emilion, Bordeaux","485","Case of 6 Bottles","https://www.bbr.com/products-20188015141-2018-chateau-troplong-mondot-st-emilion-bordeaux","1015942","20188015141"
"Chateau Troplong Mondot","2018","Chateau Troplong Mondot, St Emilion, Bordeaux","720","Case of 12 Bottles","https://www.bbr.com/products-20188015141-2018-chateau-troplong-mondot-st-emilion-bordeaux","1015942","20188015141"
"Chateau Troplong Mondot","2019","Chateau Troplong Mondot, St Emilion, Bordeaux","350","Case of 6 Bottles","https://www.bbr.com/products-20198015141-2019-chateau-troplong-mondot-st-emilion-bordeaux","1015942","20198015141"
"Chateau Troplong Mondot","2019","Chateau Troplong Mondot, St Emilion, Bordeaux","350","Case of 6 Bottles","https://www.bbr.com/products-20198015141-2019-chateau-troplong-mondot-st-emilion-bordeaux","1015942","20198015141"
"Chateau Troplong Mondot","2019","Chateau Troplong Mondot, St Emilion, Bordeaux","720","Case of 12 Bottles","https://www.bbr.com/products-20198015141-2019-chateau-troplong-mondot-st-emilion-bordeaux","1015942","20198015141"
"Chateau Troplong Mondot","2019","Chateau Troplong Mondot, St Emilion, Bordeaux","442","Case of 12 Half Bottles","https://www.bbr.com/products-20198015141-2019-chateau-troplong-mondot-st-emilion-bordeaux","1015942","20198015141"
"Chateau Troplong Mondot","2019","Chateau Troplong Mondot, St Emilion, Bordeaux","379","Case of 3 Magnums","https://www.bbr.com/products-20198015141-2019-chateau-troplong-mondot-st-emilion-bordeaux","1015942","20198015141"
"Chateau Troplong Mondot","2020","Chateau Troplong Mondot, St Emilion, Bordeaux","340","Case of 6 Bottles","https://www.bbr.com/products-20208015141-2020-chateau-troplong-mondot-st-emilion-bordeaux","1015942","20208015141"
"Chateau Troplong Mondot","2020","Chateau Troplong Mondot, St Emilion, Bordeaux","360","Case of 6 Bottles","https://www.bbr.com/products-20208015141-2020-chateau-troplong-mondot-st-emilion-bordeaux","1015942","20208015141"
"Chateau Troplong Mondot","2020","Chateau Troplong Mondot, St Emilion, Bordeaux","720","Case of 12 Bottles","https://www.bbr.com/products-20208015141-2020-chateau-troplong-mondot-st-emilion-bordeaux","1015942","20208015141"
"Chateau Troplong Mondot","2020","Chateau Troplong Mondot, St Emilion, Bordeaux","475","Case of 12 Half Bottles","https://www.bbr.com/products-20208015141-2020-chateau-troplong-mondot-st-emilion-bordeaux","1015942","20208015141"
"Chateau Troplong Mondot","2020","Chateau Troplong Mondot, St Emilion, Bordeaux","1100","Case of 3 Magnums","https://www.bbr.com/products-20208015141-2020-chateau-troplong-mondot-st-emilion-bordeaux","1015942","20208015141"
"Chateau Troplong Mondot","2021","Chateau Troplong Mondot, St Emilion, Bordeaux","270","Case of 6 Bottles","https://www.bbr.com/products-20218015141-2021-chateau-troplong-mondot-st-emilion-bordeaux","1015942","20218015141"
"Chateau Troplong Mondot","2021","Chateau Troplong Mondot, St Emilion, Bordeaux","440","Case of 3 Magnums","https://www.bbr.com/products-20218015141-2021-chateau-troplong-mondot-st-emilion-bordeaux","1015942","20218015141"
"Chateau Troplong Mondot","2022","Chateau Troplong Mondot, St Emilion, Bordeaux","520","Case of 6 Bottles","https://www.bbr.com/products-20228015141-2022-chateau-troplong-mondot-st-emilion-bordeaux","1015942","20228015141"
"Chateau Troplong Mondot","2022","Chateau Troplong Mondot, St Emilion, Bordeaux","750","Case of 12 Half Bottles","https://www.bbr.com/products-20228015141-2022-chateau-troplong-mondot-st-emilion-bordeaux","1015942","20228015141"
"Chateau Troplong Mondot","2022","Chateau Troplong Mondot, St Emilion, Bordeaux","1300","Case of 3 Magnums","https://www.bbr.com/products-20228015141-2022-chateau-troplong-mondot-st-emilion-bordeaux","1015942","20228015141"
"Chateau Troplong Mondot","2023","Chateau Troplong Mondot, St Emilion, Bordeaux","1000","Case of 6 Bottles","https://www.bbr.com/products-20238015141-2023-chateau-troplong-mondot-st-emilion-bordeaux","1015942","20238015141"
"Chateau Trotanoy","1998","Chateau Trotanoy, Pomerol, Bordeaux","5400","Case of 12 Bottles","https://www.bbr.com/products-19988011491-1998-chateau-trotanoy-pomerol-bordeaux","1015955","19988011491"
"Chateau Trotanoy","2000","Chateau Trotanoy, Pomerol, Bordeaux","1500","Case of 6 Bottles","https://www.bbr.com/products-20008011491-2000-chateau-trotanoy-pomerol-bordeaux","1015955","20008011491"
"Chateau Trotanoy","2009","Chateau Trotanoy, Pomerol, Bordeaux","1787","Case of 6 Bottles","https://www.bbr.com/products-20098011491-2009-chateau-trotanoy-pomerol-bordeaux","1015955","20098011491"
"Chateau Trotanoy","2013","Chateau Trotanoy, Pomerol, Bordeaux","650","Case of 6 Bottles","https://www.bbr.com/products-20138011491-2013-chateau-trotanoy-pomerol-bordeaux","1015955","20138011491"
"Chateau Trotanoy","2014","Chateau Trotanoy, Pomerol, Bordeaux","1000","Case of 6 Bottles","https://www.bbr.com/products-20148011491-2014-chateau-trotanoy-pomerol-bordeaux","1015955","20148011491"
"Chateau Trotanoy","2020","Chateau Trotanoy, Pomerol, Bordeaux","1040","Case of 6 Bottles","https://www.bbr.com/products-20208011491-2020-chateau-trotanoy-pomerol-bordeaux","1015955","20208011491"
"Chateau Trotte Vieille","2000","Chateau Trotte Vieille, St Emilion, Bordeaux","465","Case of 12 Bottles","https://www.bbr.com/products-20001015968-2000-chateau-trotte-vieille-st-emilion-bordeaux","1015968","20001015968"
"Chateau Trotte Vieille","2015","Chateau Trotte Vieille, St Emilion, Bordeaux","280","Case of 6 Bottles","https://www.bbr.com/products-20151015968-2015-chateau-trotte-vieille-st-emilion-bordeaux","1015968","20151015968"
"Chateau Trotte Vieille","2018","Chateau Trotte Vieille, St Emilion, Bordeaux","900","Case of 6 Bottles","https://www.bbr.com/products-20181015968-2018-chateau-trotte-vieille-st-emilion-bordeaux","1015968","20181015968"
"Chateau Trotte Vieille","2019","Chateau Trotte Vieille, St Emilion, Bordeaux","220","Case of 6 Bottles","https://www.bbr.com/products-20191015968-2019-chateau-trotte-vieille-st-emilion-bordeaux","1015968","20191015968"
"Chateau Villa Bel-Air","2003","Chateau Villa Bel-Air, Graves, Bordeaux","210","Case of 12 Bottles","https://www.bbr.com/products-20031016226-2003-chateau-villa-bel-air-graves-bordeaux","1016226","20031016226"
"Chateau Villa Bel-Air","2011","Chateau Villa Bel-Air, Graves, Bordeaux","165","Case of 12 Bottles","https://www.bbr.com/products-20111016226-2011-chateau-villa-bel-air-graves-bordeaux","1016226","20111016226"
"Chateau Villa Bel-Air","2012","Chateau Villa Bel-Air, Graves, Bordeaux","165","Case of 6 Magnums","https://www.bbr.com/products-20121016226-2012-chateau-villa-bel-air-graves-bordeaux","1016226","20121016226"
"Chateau Villa Bel-Air","2020","Chateau Villa Bel-Air, Graves, Bordeaux","170","Case of 12 Bottles","https://www.bbr.com/products-20201016226-2020-chateau-villa-bel-air-graves-bordeaux","1016226","20201016226"
"Chateau Villa Bel-Air","2023","Chateau Villa Bel-Air, Graves, Bordeaux","144","Case of 12 Bottles","https://www.bbr.com/products-20231016226-2023-chateau-villa-bel-air-graves-bordeaux","1016226","20231016226"
"Chateau Villa Bel-Air","2023","Chateau Villa Bel-Air, Graves, Bordeaux","165","Case of 1 Double Magnums","https://www.bbr.com/products-20231016226-2023-chateau-villa-bel-air-graves-bordeaux","1016226","20231016226"
"Chateau Villemaurine","2018","Chateau Villemaurine, St. Emilion, Bordeaux","198","Case of 6 Bottles","https://www.bbr.com/products-20188050508-2018-chateau-villemaurine-st-emilion-bordeaux","1202779","20188050508"
"Chateau Vray Croix de Gay","2020","Chateau Vray Croix de Gay, Pomerol, Bordeaux","200","Case of 6 Bottles","https://www.bbr.com/products-20208123187-2020-chateau-vray-croix-de-gay-pomerol-bordeaux","1016301","20208123187"
"Chateau Vray Croix de Gay","2021","Chateau Vray Croix de Gay, Pomerol, Bordeaux","230","Case of 6 Bottles","https://www.bbr.com/products-20218123187-2021-chateau-vray-croix-de-gay-pomerol-bordeaux","1016301","20218123187"
"Chateau Vray Croix de Gay","2022","Chateau Vray Croix de Gay, Pomerol, Bordeaux","250","Case of 6 Bottles","https://www.bbr.com/products-20228123187-2022-chateau-vray-croix-de-gay-pomerol-bordeaux","1016301","20228123187"
"Chateau Vray Croix de Gay","2022","Chateau Vray Croix de Gay, Pomerol, Bordeaux","220","Case of 3 Magnums","https://www.bbr.com/products-20228123187-2022-chateau-vray-croix-de-gay-pomerol-bordeaux","1016301","20228123187"
"Chateau Yon-Figeac","2000","Chateau Yon-Figeac, St Emilion, Bordeaux","588","Case of 12 Bottles","https://www.bbr.com/products-20008123174-2000-chateau-yon-figeac-st-emilion-bordeaux","1016356","20008123174"
"Chateau d'Armailhac","2004","Chateau d'Armailhac, Pauillac, Bordeaux","695","Case of 12 Bottles","https://www.bbr.com/products-20041006090-2004-chateau-d-armailhac-pauillac-bordeaux","1006090","20041006090"
"Chateau d'Armailhac","2005","Chateau d'Armailhac, Pauillac, Bordeaux","1050","Case of 12 Bottles","https://www.bbr.com/products-20051006090-2005-chateau-d-armailhac-pauillac-bordeaux","1006090","20051006090"
"Chateau d'Armailhac","2009","Chateau d'Armailhac, Pauillac, Bordeaux","650","Case of 12 Bottles","https://www.bbr.com/products-20091006090-2009-chateau-d-armailhac-pauillac-bordeaux","1006090","20091006090"
"Chateau d'Armailhac","2010","Chateau d'Armailhac, Pauillac, Bordeaux","290","Case of 6 Bottles","https://www.bbr.com/products-20101006090-2010-chateau-d-armailhac-pauillac-bordeaux","1006090","20101006090"
"Chateau d'Armailhac","2010","Chateau d'Armailhac, Pauillac, Bordeaux","680","Case of 12 Bottles","https://www.bbr.com/products-20101006090-2010-chateau-d-armailhac-pauillac-bordeaux","1006090","20101006090"
"Chateau d'Armailhac","2014","Chateau d'Armailhac, Pauillac, Bordeaux","245","Case of 6 Bottles","https://www.bbr.com/products-20141006090-2014-chateau-d-armailhac-pauillac-bordeaux","1006090","20141006090"
"Chateau d'Armailhac","2014","Chateau d'Armailhac, Pauillac, Bordeaux","240","Case of 3 Magnums","https://www.bbr.com/products-20141006090-2014-chateau-d-armailhac-pauillac-bordeaux","1006090","20141006090"
"Chateau d'Armailhac","2015","Chateau d'Armailhac, Pauillac, Bordeaux","385","Case of 1 Imperials","https://www.bbr.com/products-20151006090-2015-chateau-d-armailhac-pauillac-bordeaux","1006090","20151006090"
"Chateau d'Armailhac","2016","Chateau d'Armailhac, Pauillac, Bordeaux","300","Case of 6 Bottles","https://www.bbr.com/products-20161006090-2016-chateau-d-armailhac-pauillac-bordeaux","1006090","20161006090"
"Chateau d'Armailhac","2017","Chateau d'Armailhac, Pauillac, Bordeaux","198","Case of 6 Bottles","https://www.bbr.com/products-20171006090-2017-chateau-d-armailhac-pauillac-bordeaux","1006090","20171006090"
"Chateau d'Armailhac","2018","Chateau d'Armailhac, Pauillac, Bordeaux","399","Case of 6 Bottles","https://www.bbr.com/products-20181006090-2018-chateau-d-armailhac-pauillac-bordeaux","1006090","20181006090"
"Chateau d'Armailhac","2018","Chateau d'Armailhac, Pauillac, Bordeaux","200","Case of 6 Bottles","https://www.bbr.com/products-20181006090-2018-chateau-d-armailhac-pauillac-bordeaux","1006090","20181006090"
"Chateau d'Armailhac","2018","Chateau d'Armailhac, Pauillac, Bordeaux","345","Case of 12 Half Bottles","https://www.bbr.com/products-20181006090-2018-chateau-d-armailhac-pauillac-bordeaux","1006090","20181006090"
"Chateau d'Armailhac","2019","Chateau d'Armailhac, Pauillac, Bordeaux","195","Case of 6 Bottles","https://www.bbr.com/products-20191006090-2019-chateau-d-armailhac-pauillac-bordeaux","1006090","20191006090"
"Chateau d'Armailhac","2020","Chateau d'Armailhac, Pauillac, Bordeaux","220","Case of 6 Bottles","https://www.bbr.com/products-20201006090-2020-chateau-d-armailhac-pauillac-bordeaux","1006090","20201006090"
"Chateau d'Armailhac","2020","Chateau d'Armailhac, Pauillac, Bordeaux","180","Case of 6 Bottles","https://www.bbr.com/products-20201006090-2020-chateau-d-armailhac-pauillac-bordeaux","1006090","20201006090"
"Chateau d'Armailhac","2021","Chateau d'Armailhac, Pauillac, Bordeaux","300","Case of 6 Bottles","https://www.bbr.com/products-20211006090-2021-chateau-d-armailhac-pauillac-bordeaux","1006090","20211006090"
"Chateau d'Armailhac","2022","Chateau d'Armailhac, Pauillac, Bordeaux","240","Case of 6 Bottles","https://www.bbr.com/products-20221006090-2022-chateau-d-armailhac-pauillac-bordeaux","1006090","20221006090"
"Chateau d'Armailhac","2023","Chateau d'Armailhac, Pauillac, Bordeaux","240","Case of 6 Bottles","https://www.bbr.com/products-20231006090-2023-chateau-d-armailhac-pauillac-bordeaux","1006090","20231006090"
"Chateau d'Esclans","2023","Chateau d'Esclans, Garrus Rose, Cotes de Provence","525","Case of 6 Bottles","https://www.bbr.com/products-20238116040-2023-chateau-d-esclans-garrus-rose-cotes-de-provence","1119158","20238116040"
"Chateau d'Esclans","2015","Chateau d'Esclans, Les Clans Rose, Cotes de Provence","499","Case of 6 Bottles","https://www.bbr.com/products-20158116053-2015-chateau-d-esclans-les-clans-rose-cotes-de-provence","1119132","20158116053"
"Chateau d'Esclans","2019","Chateau d'Esclans, Rock Angel Rose, Cotes de Provence","95","Case of 6 Bottles","https://www.bbr.com/products-20198107879-2019-chateau-d-esclans-rock-angel-rose-cotes-de-provence","1387445","20198107879"
"Chateau d'Esclans","2022","Chateau d'Esclans, Rock Angel Rose, Cotes de Provence","130","Case of 3 Magnums","https://www.bbr.com/products-20228107879-2022-chateau-d-esclans-rock-angel-rose-cotes-de-provence","1387445","20228107879"
"Chateau d'Esclans","2019","Chateau d'Esclans, Whispering Angel Rose, Cotes de Provence","100","Case of 3 Magnums","https://www.bbr.com/products-20198116037-2019-chateau-d-esclans-whispering-angel-rose-cotes-de-provence","1119161","20198116037"
"Chateau d'Esclans","2021","Chateau d'Esclans, Whispering Angel Rose, Cotes de Provence","80","Case of 6 Bottles","https://www.bbr.com/products-20218116037-2021-chateau-d-esclans-whispering-angel-rose-cotes-de-provence","1119161","20218116037"
"Chateau d'Esclans","2022","Chateau d'Esclans, Whispering Angel Rose, Cotes de Provence","110","Case of 6 Bottles","https://www.bbr.com/products-20228116037-2022-chateau-d-esclans-whispering-angel-rose-cotes-de-provence","1119161","20228116037"
"Chateau d'Issan","2008","Chateau d'Issan, Margaux, Bordeaux","330","Case of 6 Bottles","https://www.bbr.com/products-20088008798-2008-chateau-d-issan-margaux-bordeaux","1011654","20088008798"
"Chateau d'Issan","2009","Chateau d'Issan, Margaux, Bordeaux","400","Case of 6 Bottles","https://www.bbr.com/products-20098008798-2009-chateau-d-issan-margaux-bordeaux","1011654","20098008798"
"Chateau d'Issan","2010","Chateau d'Issan, Margaux, Bordeaux","480","Case of 6 Bottles","https://www.bbr.com/products-20108008798-2010-chateau-d-issan-margaux-bordeaux","1011654","20108008798"
"Chateau d'Issan","2010","Chateau d'Issan, Margaux, Bordeaux","850","Case of 6 Magnums","https://www.bbr.com/products-20108008798-2010-chateau-d-issan-margaux-bordeaux","1011654","20108008798"
"Chateau d'Issan","2011","Chateau d'Issan, Margaux, Bordeaux","220","Case of 6 Bottles","https://www.bbr.com/products-20118008798-2011-chateau-d-issan-margaux-bordeaux","1011654","20118008798"
"Chateau d'Issan","2011","Chateau d'Issan, Margaux, Bordeaux","445","Case of 12 Bottles","https://www.bbr.com/products-20118008798-2011-chateau-d-issan-margaux-bordeaux","1011654","20118008798"
"Chateau d'Issan","2012","Chateau d'Issan, Margaux, Bordeaux","250","Case of 6 Bottles","https://www.bbr.com/products-20128008798-2012-chateau-d-issan-margaux-bordeaux","1011654","20128008798"
"Chateau d'Issan","2012","Chateau d'Issan, Margaux, Bordeaux","400","Case of 12 Bottles","https://www.bbr.com/products-20128008798-2012-chateau-d-issan-margaux-bordeaux","1011654","20128008798"
"Chateau d'Issan","2013","Chateau d'Issan, Margaux, Bordeaux","165","Case of 6 Bottles","https://www.bbr.com/products-20138008798-2013-chateau-d-issan-margaux-bordeaux","1011654","20138008798"
"Chateau d'Issan","2014","Chateau d'Issan, Margaux, Bordeaux","250","Case of 6 Bottles","https://www.bbr.com/products-20148008798-2014-chateau-d-issan-margaux-bordeaux","1011654","20148008798"
"Chateau d'Issan","2015","Chateau d'Issan, Margaux, Bordeaux","250","Case of 6 Bottles","https://www.bbr.com/products-20158008798-2015-chateau-d-issan-margaux-bordeaux","1011654","20158008798"
"Chateau d'Issan","2015","Chateau d'Issan, Margaux, Bordeaux","375","Case of 3 Magnums","https://www.bbr.com/products-20158008798-2015-chateau-d-issan-margaux-bordeaux","1011654","20158008798"
"Chateau d'Issan","2016","Chateau d'Issan, Margaux, Bordeaux","440","Case of 12 Bottles","https://www.bbr.com/products-20168008798-2016-chateau-d-issan-margaux-bordeaux","1011654","20168008798"
"Chateau d'Issan","2016","Chateau d'Issan, Margaux, Bordeaux","230","Case of 6 Bottles","https://www.bbr.com/products-20168008798-2016-chateau-d-issan-margaux-bordeaux","1011654","20168008798"
"Chateau d'Issan","2016","Chateau d'Issan, Margaux, Bordeaux","460","Case of 1 Imperials","https://www.bbr.com/products-20168008798-2016-chateau-d-issan-margaux-bordeaux","1011654","20168008798"
"Chateau d'Issan","2016","Chateau d'Issan, Margaux, Bordeaux","325","Case of 3 Magnums","https://www.bbr.com/products-20168008798-2016-chateau-d-issan-margaux-bordeaux","1011654","20168008798"
"Chateau d'Issan","2017","Chateau d'Issan, Margaux, Bordeaux","295","Case of 6 Bottles","https://www.bbr.com/products-20178008798-2017-chateau-d-issan-margaux-bordeaux","1011654","20178008798"
"Chateau d'Issan","2018","Chateau d'Issan, Margaux, Bordeaux","230","Case of 6 Bottles","https://www.bbr.com/products-20188008798-2018-chateau-d-issan-margaux-bordeaux","1011654","20188008798"
"Chateau d'Issan","2018","Chateau d'Issan, Margaux, Bordeaux","440","Case of 3 Magnums","https://www.bbr.com/products-20188008798-2018-chateau-d-issan-margaux-bordeaux","1011654","20188008798"
"Chateau d'Issan","2019","Chateau d'Issan, Margaux, Bordeaux","200","Case of 6 Bottles","https://www.bbr.com/products-20198008798-2019-chateau-d-issan-margaux-bordeaux","1011654","20198008798"
"Chateau d'Issan","2019","Chateau d'Issan, Margaux, Bordeaux","200","Case of 6 Bottles","https://www.bbr.com/products-20198008798-2019-chateau-d-issan-margaux-bordeaux","1011654","20198008798"
"Chateau d'Issan","2019","Chateau d'Issan, Margaux, Bordeaux","288","Case of 1 Double Magnums","https://www.bbr.com/products-20198008798-2019-chateau-d-issan-margaux-bordeaux","1011654","20198008798"
"Chateau d'Issan","2019","Chateau d'Issan, Margaux, Bordeaux","230","Case of 12 Half Bottles","https://www.bbr.com/products-20198008798-2019-chateau-d-issan-margaux-bordeaux","1011654","20198008798"
"Chateau d'Issan","2019","Chateau d'Issan, Margaux, Bordeaux","225","Case of 3 Magnums","https://www.bbr.com/products-20198008798-2019-chateau-d-issan-margaux-bordeaux","1011654","20198008798"
"Chateau d'Issan","2021","Chateau d'Issan, Margaux, Bordeaux","187","Case of 6 Bottles","https://www.bbr.com/products-20218008798-2021-chateau-d-issan-margaux-bordeaux","1011654","20218008798"
"Chateau d'Issan","2023","Chateau d'Issan, Margaux, Bordeaux","399","Case of 6 Bottles","https://www.bbr.com/products-20238008798-2023-chateau-d-issan-margaux-bordeaux","1011654","20238008798"
"Chateau d'Yquem","1991","Chateau d'Yquem, Sauternes, Bordeaux","1575","Case of 6 Bottles","https://www.bbr.com/products-19918004787-1991-chateau-d-yquem-sauternes-bordeaux","1017757","19918004787"
"Chateau d'Yquem","1996","Chateau d'Yquem, Sauternes, Bordeaux","1650","Case of 6 Bottles","https://www.bbr.com/products-19968004787-1996-chateau-d-yquem-sauternes-bordeaux","1017757","19968004787"
"Chateau d'Yquem","1996","Chateau d'Yquem, Sauternes, Bordeaux","1850","Case of 6 Bottles","https://www.bbr.com/products-19968004787-1996-chateau-d-yquem-sauternes-bordeaux","1017757","19968004787"
"Chateau d'Yquem","1996","Chateau d'Yquem, Sauternes, Bordeaux","1595","Case of 12 Half Bottles","https://www.bbr.com/products-19968004787-1996-chateau-d-yquem-sauternes-bordeaux","1017757","19968004787"
"Chateau d'Yquem","1997","Chateau d'Yquem, Sauternes, Bordeaux","1384","Case of 6 Bottles","https://www.bbr.com/products-19978004787-1997-chateau-d-yquem-sauternes-bordeaux","1017757","19978004787"
"Chateau d'Yquem","1997","Chateau d'Yquem, Sauternes, Bordeaux","2550","Case of 12 Bottles","https://www.bbr.com/products-19978004787-1997-chateau-d-yquem-sauternes-bordeaux","1017757","19978004787"
"Chateau d'Yquem","1997","Chateau d'Yquem, Sauternes, Bordeaux","1250","Case of 12 Half Bottles","https://www.bbr.com/products-19978004787-1997-chateau-d-yquem-sauternes-bordeaux","1017757","19978004787"
"Chateau d'Yquem","1997","Chateau d'Yquem, Sauternes, Bordeaux","1450","Case of 12 Half Bottles","https://www.bbr.com/products-19978004787-1997-chateau-d-yquem-sauternes-bordeaux","1017757","19978004787"
"Chateau d'Yquem","1999","Chateau d'Yquem, Sauternes, Bordeaux","1195","Case of 12 Half Bottles","https://www.bbr.com/products-19998004787-1999-chateau-d-yquem-sauternes-bordeaux","1017757","19998004787"
"Chateau d'Yquem","2001","Chateau d'Yquem, Sauternes, Bordeaux","2500","Case of 6 Bottles","https://www.bbr.com/products-20018004787-2001-chateau-d-yquem-sauternes-bordeaux","1017757","20018004787"
"Chateau d'Yquem","2001","Chateau d'Yquem, Sauternes, Bordeaux","2400","Case of 12 Half Bottles","https://www.bbr.com/products-20018004787-2001-chateau-d-yquem-sauternes-bordeaux","1017757","20018004787"
"Chateau d'Yquem","2001","Chateau d'Yquem, Sauternes, Bordeaux","5900","Case of 1 Imperials","https://www.bbr.com/products-20018004787-2001-chateau-d-yquem-sauternes-bordeaux","1017757","20018004787"
"Chateau d'Yquem","2003","Chateau d'Yquem, Sauternes, Bordeaux","2300","Case of 12 Bottles","https://www.bbr.com/products-20038004787-2003-chateau-d-yquem-sauternes-bordeaux","1017757","20038004787"
"Chateau d'Yquem","2003","Chateau d'Yquem, Sauternes, Bordeaux","5000","Case of 12 Half Bottles","https://www.bbr.com/products-20038004787-2003-chateau-d-yquem-sauternes-bordeaux","1017757","20038004787"
"Chateau d'Yquem","2003","Chateau d'Yquem, Sauternes, Bordeaux","1250","Case of 12 Half Bottles","https://www.bbr.com/products-20038004787-2003-chateau-d-yquem-sauternes-bordeaux","1017757","20038004787"
"Chateau d'Yquem","2004","Chateau d'Yquem, Sauternes, Bordeaux","1999","Case of 12 Half Bottles","https://www.bbr.com/products-20048004787-2004-chateau-d-yquem-sauternes-bordeaux","1017757","20048004787"
"Chateau d'Yquem","2005","Chateau d'Yquem, Sauternes, Bordeaux","1500","Case of 6 Bottles","https://www.bbr.com/products-20058004787-2005-chateau-d-yquem-sauternes-bordeaux","1017757","20058004787"
"Chateau d'Yquem","2006","Chateau d'Yquem, Sauternes, Bordeaux","1600","Case of 6 Bottles","https://www.bbr.com/products-20068004787-2006-chateau-d-yquem-sauternes-bordeaux","1017757","20068004787"
"Chateau d'Yquem","2007","Chateau d'Yquem, Sauternes, Bordeaux","1500","Case of 12 Half Bottles","https://www.bbr.com/products-20078004787-2007-chateau-d-yquem-sauternes-bordeaux","1017757","20078004787"
"Chateau d'Yquem","2008","Chateau d'Yquem, Sauternes, Bordeaux","2699","Case of 12 Bottles","https://www.bbr.com/products-20088004787-2008-chateau-d-yquem-sauternes-bordeaux","1017757","20088004787"
"Chateau d'Yquem","2008","Chateau d'Yquem, Sauternes, Bordeaux","1222","Case of 6 Bottles","https://www.bbr.com/products-20088004787-2008-chateau-d-yquem-sauternes-bordeaux","1017757","20088004787"
"Chateau d'Yquem","2008","Chateau d'Yquem, Sauternes, Bordeaux","1250","Case of 12 Half Bottles","https://www.bbr.com/products-20088004787-2008-chateau-d-yquem-sauternes-bordeaux","1017757","20088004787"
"Chateau d'Yquem","2009","Chateau d'Yquem, Sauternes, Bordeaux","2000","Case of 6 Bottles","https://www.bbr.com/products-20098004787-2009-chateau-d-yquem-sauternes-bordeaux","1017757","20098004787"
"Chateau d'Yquem","2009","Chateau d'Yquem, Sauternes, Bordeaux","1880","Case of 6 Bottles","https://www.bbr.com/products-20098004787-2009-chateau-d-yquem-sauternes-bordeaux","1017757","20098004787"
"Chateau d'Yquem","2009","Chateau d'Yquem, Sauternes, Bordeaux","313","Case of 1 Bottles","https://www.bbr.com/products-20098004787-2009-chateau-d-yquem-sauternes-bordeaux","1017757","20098004787"
"Chateau d'Yquem","2009","Chateau d'Yquem, Sauternes, Bordeaux","940","Case of 3 Bottles","https://www.bbr.com/products-20098004787-2009-chateau-d-yquem-sauternes-bordeaux","1017757","20098004787"
"Chateau d'Yquem","2009","Chateau d'Yquem, Sauternes, Bordeaux","2200","Case of 12 Half Bottles","https://www.bbr.com/products-20098004787-2009-chateau-d-yquem-sauternes-bordeaux","1017757","20098004787"
"Chateau d'Yquem","2009","Chateau d'Yquem, Sauternes, Bordeaux","1880","Case of 12 Half Bottles","https://www.bbr.com/products-20098004787-2009-chateau-d-yquem-sauternes-bordeaux","1017757","20098004787"
"Chateau d'Yquem","2011","Chateau d'Yquem, Sauternes, Bordeaux","1275","Case of 6 Bottles","https://www.bbr.com/products-20118004787-2011-chateau-d-yquem-sauternes-bordeaux","1017757","20118004787"
"Chateau d'Yquem","2011","Chateau d'Yquem, Sauternes, Bordeaux","1499","Case of 6 Bottles","https://www.bbr.com/products-20118004787-2011-chateau-d-yquem-sauternes-bordeaux","1017757","20118004787"
"Chateau d'Yquem","2011","Chateau d'Yquem, Sauternes, Bordeaux","1100","Case of 12 Half Bottles","https://www.bbr.com/products-20118004787-2011-chateau-d-yquem-sauternes-bordeaux","1017757","20118004787"
"Chateau d'Yquem","2011","Chateau d'Yquem, Sauternes, Bordeaux","500","Case of 1 Magnums","https://www.bbr.com/products-20118004787-2011-chateau-d-yquem-sauternes-bordeaux","1017757","20118004787"
"Chateau d'Yquem","2013","Chateau d'Yquem, Sauternes, Bordeaux","1500","Case of 6 Bottles","https://www.bbr.com/products-20138004787-2013-chateau-d-yquem-sauternes-bordeaux","1017757","20138004787"
"Chateau d'Yquem","2013","Chateau d'Yquem, Sauternes, Bordeaux","1500","Case of 12 Half Bottles","https://www.bbr.com/products-20138004787-2013-chateau-d-yquem-sauternes-bordeaux","1017757","20138004787"
"Chateau d'Yquem","2013","Chateau d'Yquem, Sauternes, Bordeaux","525","Case of 1 Magnums","https://www.bbr.com/products-20138004787-2013-chateau-d-yquem-sauternes-bordeaux","1017757","20138004787"
"Chateau d'Yquem","2014","Chateau d'Yquem, Sauternes, Bordeaux","1200","Case of 6 Bottles","https://www.bbr.com/products-20148004787-2014-chateau-d-yquem-sauternes-bordeaux","1017757","20148004787"
"Chateau d'Yquem","2014","Chateau d'Yquem, Sauternes, Bordeaux","2600","Case of 12 Half Bottles","https://www.bbr.com/products-20148004787-2014-chateau-d-yquem-sauternes-bordeaux","1017757","20148004787"
"Chateau d'Yquem","2015","Chateau d'Yquem, Sauternes, Bordeaux","1350","Case of 3 Bottles","https://www.bbr.com/products-20158004787-2015-chateau-d-yquem-sauternes-bordeaux","1017757","20158004787"
"Chateau d'Yquem","2015","Chateau d'Yquem, Sauternes, Bordeaux","1800","Case of 1 Double Magnums","https://www.bbr.com/products-20158004787-2015-chateau-d-yquem-sauternes-bordeaux","1017757","20158004787"
"Chateau d'Yquem","2015","Chateau d'Yquem, Sauternes, Bordeaux","800","Case of 6 Half Bottles","https://www.bbr.com/products-20158004787-2015-chateau-d-yquem-sauternes-bordeaux","1017757","20158004787"
"Chateau d'Yquem","2015","Chateau d'Yquem, Sauternes, Bordeaux","1500","Case of 12 Half Bottles","https://www.bbr.com/products-20158004787-2015-chateau-d-yquem-sauternes-bordeaux","1017757","20158004787"
"Chateau d'Yquem","2016","Chateau d'Yquem, Sauternes, Bordeaux","1100","Case of 6 Half Bottles","https://www.bbr.com/products-20168004787-2016-chateau-d-yquem-sauternes-bordeaux","1017757","20168004787"
"Chateau d'Yquem","2016","Chateau d'Yquem, Sauternes, Bordeaux","745","Case of 6 Half Bottles","https://www.bbr.com/products-20168004787-2016-chateau-d-yquem-sauternes-bordeaux","1017757","20168004787"
"Chateau d'Yquem","2016","Chateau d'Yquem, Sauternes, Bordeaux","850","Case of 6 Half Bottles","https://www.bbr.com/products-20168004787-2016-chateau-d-yquem-sauternes-bordeaux","1017757","20168004787"
"Chateau d'Yquem","2017","Chateau d'Yquem, Sauternes, Bordeaux","1500","Case of 3 Bottles","https://www.bbr.com/products-20178004787-2017-chateau-d-yquem-sauternes-bordeaux","1017757","20178004787"
"Chateau d'Yquem","2017","Chateau d'Yquem, Sauternes, Bordeaux","1399","Case of 12 Half Bottles","https://www.bbr.com/products-20178004787-2017-chateau-d-yquem-sauternes-bordeaux","1017757","20178004787"
"Chateau d'Yquem","2017","Chateau d'Yquem, Sauternes, Bordeaux","795","Case of 6 Half Bottles","https://www.bbr.com/products-20178004787-2017-chateau-d-yquem-sauternes-bordeaux","1017757","20178004787"
"Chateau d'Yquem","2018","Chateau d'Yquem, Sauternes, Bordeaux","1080","Case of 3 Bottles","https://www.bbr.com/products-20188004787-2018-chateau-d-yquem-sauternes-bordeaux","1017757","20188004787"
"Chateau d'Yquem","2018","Chateau d'Yquem, Sauternes, Bordeaux","700","Case of 6 Half Bottles","https://www.bbr.com/products-20188004787-2018-chateau-d-yquem-sauternes-bordeaux","1017757","20188004787"
"Chateau d'Yquem","2019","Chateau d'Yquem, Sauternes, Bordeaux","1600","Case of 6 Bottles","https://www.bbr.com/products-20198004787-2019-chateau-d-yquem-sauternes-bordeaux","1017757","20198004787"
"Chateau d'Yquem","2019","Chateau d'Yquem, Sauternes, Bordeaux","600","Case of 3 Bottles","https://www.bbr.com/products-20198004787-2019-chateau-d-yquem-sauternes-bordeaux","1017757","20198004787"
"Chateau d'Yquem","2019","Chateau d'Yquem, Sauternes, Bordeaux","699","Case of 3 Bottles","https://www.bbr.com/products-20198004787-2019-chateau-d-yquem-sauternes-bordeaux","1017757","20198004787"
"Chateau d'Yquem","2019","Chateau d'Yquem, Sauternes, Bordeaux","689","Case of 6 Half Bottles","https://www.bbr.com/products-20198004787-2019-chateau-d-yquem-sauternes-bordeaux","1017757","20198004787"
"Chateau d'Yquem","2019","Chateau d'Yquem, Sauternes, Bordeaux","1050","Case of 1 Magnums","https://www.bbr.com/products-20198004787-2019-chateau-d-yquem-sauternes-bordeaux","1017757","20198004787"
"Chateau d'Yquem","2020","Chateau d'Yquem, Sauternes, Bordeaux","650","Case of 3 Bottles","https://www.bbr.com/products-20208004787-2020-chateau-d-yquem-sauternes-bordeaux","1017757","20208004787"
"Chateau d'Yquem","2020","Chateau d'Yquem, Sauternes, Bordeaux","650","Case of 6 Half Bottles","https://www.bbr.com/products-20208004787-2020-chateau-d-yquem-sauternes-bordeaux","1017757","20208004787"
"Chateau d'Yquem","2020","Chateau d'Yquem, Sauternes, Bordeaux","450","Case of 1 Magnums","https://www.bbr.com/products-20208004787-2020-chateau-d-yquem-sauternes-bordeaux","1017757","20208004787"
"Chateau d'Yquem","2021","Chateau d'Yquem, Sauternes, Bordeaux","985","Case of 3 Bottles","https://www.bbr.com/products-20218004787-2021-chateau-d-yquem-sauternes-bordeaux","1017757","20218004787"
"Chateau d'Yquem","2021","Chateau d'Yquem, Sauternes, Bordeaux","700","Case of 6 Half Bottles","https://www.bbr.com/products-20218004787-2021-chateau-d-yquem-sauternes-bordeaux","1017757","20218004787"
"Chateau d'Yquem","2022","Chateau d'Yquem, Sauternes, Bordeaux","1300","Case of 3 Bottles","https://www.bbr.com/products-20228004787-2022-chateau-d-yquem-sauternes-bordeaux","1017757","20228004787"
"Chateau de Beaucastel","","Chateau de Beaucastel Oenotheque Mixed Case (3 of each 95,00,07,09)","918","Case of 1 Mixed case (12x75cl)s","https://www.bbr.com/products-10008001874-chateau-de-beaucastel-oenotheque-mixed-case-3-of-each-95-00-07-09","1741533","10008001874"
"Savas SA","2016","Chateau de Bergun, Bordeaux","95","Case of 6 Magnums","https://www.bbr.com/products-20161525375-2016-chateau-de-bergun-bordeaux","1525375","20161525375"
"Chateau de Bonnezeaux","2020","Chateau de Bonnezeaux, La Minee Haute, Chenin Blanc, Vin de France","850","Case of 12 Bottles","https://www.bbr.com/products-20208153599-2020-chateau-de-bonnezeaux-la-minee-haute-chenin-blanc-vin-de-france","2279354","20208153599"
"Chateau de Fargues","1998","Chateau de Fargues, Sauternes, Bordeaux","450","Case of 3 Bottles","https://www.bbr.com/products-19981016907-1998-chateau-de-fargues-sauternes-bordeaux","1016907","19981016907"
"Chateau de Fargues","1998","Chateau de Fargues, Sauternes, Bordeaux","250","Case of 6 Half Bottles","https://www.bbr.com/products-19981016907-1998-chateau-de-fargues-sauternes-bordeaux","1016907","19981016907"
"Chateau de Fargues","2001","Chateau de Fargues, Sauternes, Bordeaux","3450","Case of 12 Bottles","https://www.bbr.com/products-20011016907-2001-chateau-de-fargues-sauternes-bordeaux","1016907","20011016907"
"Chateau de Fargues","2008","Chateau de Fargues, Sauternes, Bordeaux","170","Case of 3 Bottles","https://www.bbr.com/products-20081016907-2008-chateau-de-fargues-sauternes-bordeaux","1016907","20081016907"
"Chateau de Fargues","2008","Chateau de Fargues, Sauternes, Bordeaux","200","Case of 6 Half Bottles","https://www.bbr.com/products-20081016907-2008-chateau-de-fargues-sauternes-bordeaux","1016907","20081016907"
"Chateau de Ferrand","2022","Chateau de Ferrand, St Emilion, Bordeaux","120","Case of 6 Bottles","https://www.bbr.com/products-20228221157-2022-chateau-de-ferrand-st-emilion-bordeaux","1009697","20228221157"
"Chateau de Fieuzal","2022","Chateau de Fieuzal, Pessac-Leognan, Bordeaux","168","Case of 6 Bottles","https://www.bbr.com/products-20228012818-2022-chateau-de-fieuzal-pessac-leognan-bordeaux","1009756","20228012818"
"Chateau de Fonbel","2005","Chateau de Fonbel, St Emilion, Bordeaux","480","Case of 12 Bottles","https://www.bbr.com/products-20051010237-2005-chateau-de-fonbel-st-emilion-bordeaux","1010237","20051010237"
"Chateau de Fonbel","2009","Chateau de Fonbel, St Emilion, Bordeaux","240","Case of 12 Bottles","https://www.bbr.com/products-20091010237-2009-chateau-de-fonbel-st-emilion-bordeaux","1010237","20091010237"
"Chateau de Fonbel","2022","Chateau de Fonbel, St Emilion, Bordeaux","325","Case of 12 Bottles","https://www.bbr.com/products-20221010237-2022-chateau-de-fonbel-st-emilion-bordeaux","1010237","20221010237"
"Chateau de Fonbel","2022","Chateau de Fonbel, St Emilion, Bordeaux","330","Case of 6 Magnums","https://www.bbr.com/products-20221010237-2022-chateau-de-fonbel-st-emilion-bordeaux","1010237","20221010237"
"Chateau de L'Ou","2015","Chateau de L'Ou, Rouge, Secret de Schistes, Cotes Catalanes, Roussillon","195","Case of 6 Bottles","https://www.bbr.com/products-20158201405-2015-chateau-de-l-ou-rouge-secret-de-schistes-cotes-catalanes-roussillon","1609783","20158201405"
"Chateau de Millery","2017","Chateau de Millery, St Emilion, Bordeaux","325","Case of 12 Bottles","https://www.bbr.com/products-20178061760-2017-chateau-de-millery-st-emilion-bordeaux","1388556","20178061760"
"Chateau De Pez","2022","Chateau de Pez, St Estephe, Bordeaux","135","Case of 6 Bottles","https://www.bbr.com/products-20228123666-2022-chateau-de-pez-st-estephe-bordeaux","1014121","20228123666"
"Chateau de Pressac","2019","Chateau de Pressac, St Emilion, Bordeaux","214","Case of 6 Bottles","https://www.bbr.com/products-20198123464-2019-chateau-de-pressac-st-emilion-bordeaux","1014381","20198123464"
"Chateau de Rayne Vigneau","2001","Chateau de Rayne Vigneau, Sauternes, Bordeaux","500","Case of 12 Bottles","https://www.bbr.com/products-20018122832-2001-chateau-de-rayne-vigneau-sauternes-bordeaux","1017454","20018122832"
"Chateau de Rayne Vigneau","2011","Chateau de Rayne Vigneau, Sauternes, Bordeaux","280","Case of 24 Half Bottles","https://www.bbr.com/products-20118122832-2011-chateau-de-rayne-vigneau-sauternes-bordeaux","1017454","20118122832"
"Chateau de Valandraud","1997","Chateau de Valandraud, St Emilion, Bordeaux","700","Case of 6 Bottles","https://www.bbr.com/products-19978123233-1997-chateau-de-valandraud-st-emilion-bordeaux","1015984","19978123233"
"Chateau de Valandraud","2012","Chateau de Valandraud, St Emilion, Bordeaux","460","Case of 6 Bottles","https://www.bbr.com/products-20128123233-2012-chateau-de-valandraud-st-emilion-bordeaux","1015984","20128123233"
"Chateau de Valandraud","2014","Chateau de Valandraud, St Emilion, Bordeaux","907","Case of 6 Bottles","https://www.bbr.com/products-20148123233-2014-chateau-de-valandraud-st-emilion-bordeaux","1015984","20148123233"
"Chateau de Valandraud","2015","Chateau de Valandraud, St Emilion, Bordeaux","900","Case of 12 Bottles","https://www.bbr.com/products-20158123233-2015-chateau-de-valandraud-st-emilion-bordeaux","1015984","20158123233"
"Chateau de Valandraud","2015","Chateau de Valandraud, St Emilion, Bordeaux","535","Case of 6 Bottles","https://www.bbr.com/products-20158123233-2015-chateau-de-valandraud-st-emilion-bordeaux","1015984","20158123233"
"Chateau de Valandraud","2016","Chateau de Valandraud, St Emilion, Bordeaux","750","Case of 6 Bottles","https://www.bbr.com/products-20168123233-2016-chateau-de-valandraud-st-emilion-bordeaux","1015984","20168123233"
"Chateau de Valandraud","2018","Chateau de Valandraud, St Emilion, Bordeaux","470","Case of 6 Bottles","https://www.bbr.com/products-20188123233-2018-chateau-de-valandraud-st-emilion-bordeaux","1015984","20188123233"
"Chateau de Valandraud","2019","Chateau de Valandraud, St Emilion, Bordeaux","360","Case of 6 Bottles","https://www.bbr.com/products-20198123233-2019-chateau-de-valandraud-st-emilion-bordeaux","1015984","20198123233"
"Chateau de Valandraud","2020","Chateau de Valandraud, St Emilion, Bordeaux","330","Case of 6 Bottles","https://www.bbr.com/products-20208123233-2020-chateau-de-valandraud-st-emilion-bordeaux","1015984","20208123233"
"Chateau du Tertre","2024","Chateau du Tertre Blanc, Margaux, Bordeaux","120","Case of 6 Bottles","https://www.bbr.com/products-20248104719-2024-chateau-du-tertre-blanc-margaux-bordeaux","1553594","20248104719"
"Chateau du Tertre","2003","Chateau du Tertre, Margaux, Bordeaux","950","Case of 12 Bottles","https://www.bbr.com/products-20038007339-2003-chateau-du-tertre-margaux-bordeaux","1015391","20038007339"
"Chateau du Tertre","2004","Chateau du Tertre, Margaux, Bordeaux","375","Case of 12 Bottles","https://www.bbr.com/products-20048007339-2004-chateau-du-tertre-margaux-bordeaux","1015391","20048007339"
"Chateau du Tertre","2005","Chateau du Tertre, Margaux, Bordeaux","440","Case of 12 Bottles","https://www.bbr.com/products-20058007339-2005-chateau-du-tertre-margaux-bordeaux","1015391","20058007339"
"Chateau du Tertre","2006","Chateau du Tertre, Margaux, Bordeaux","370","Case of 12 Bottles","https://www.bbr.com/products-20068007339-2006-chateau-du-tertre-margaux-bordeaux","1015391","20068007339"
"Chateau du Tertre","2006","Chateau du Tertre, Margaux, Bordeaux","320","Case of 3 Double Magnums","https://www.bbr.com/products-20068007339-2006-chateau-du-tertre-margaux-bordeaux","1015391","20068007339"
"Chateau du Tertre","2008","Chateau du Tertre, Margaux, Bordeaux","300","Case of 12 Bottles","https://www.bbr.com/products-20088007339-2008-chateau-du-tertre-margaux-bordeaux","1015391","20088007339"
"Chateau du Tertre","2009","Chateau du Tertre, Margaux, Bordeaux","495","Case of 12 Bottles","https://www.bbr.com/products-20098007339-2009-chateau-du-tertre-margaux-bordeaux","1015391","20098007339"
"Chateau du Tertre","2009","Chateau du Tertre, Margaux, Bordeaux","480","Case of 12 Bottles","https://www.bbr.com/products-20098007339-2009-chateau-du-tertre-margaux-bordeaux","1015391","20098007339"
"Chateau du Tertre","2010","Chateau du Tertre, Margaux, Bordeaux","440","Case of 12 Bottles","https://www.bbr.com/products-20108007339-2010-chateau-du-tertre-margaux-bordeaux","1015391","20108007339"
"Chateau du Tertre","2010","Chateau du Tertre, Margaux, Bordeaux","410","Case of 12 Bottles","https://www.bbr.com/products-20108007339-2010-chateau-du-tertre-margaux-bordeaux","1015391","20108007339"
"Chateau du Tertre","2010","Chateau du Tertre, Margaux, Bordeaux","325","Case of 1 Imperials","https://www.bbr.com/products-20108007339-2010-chateau-du-tertre-margaux-bordeaux","1015391","20108007339"
"Chateau du Tertre","2011","Chateau du Tertre, Margaux, Bordeaux","315","Case of 12 Bottles","https://www.bbr.com/products-20118007339-2011-chateau-du-tertre-margaux-bordeaux","1015391","20118007339"
"Chateau du Tertre","2011","Chateau du Tertre, Margaux, Bordeaux","300","Case of 6 Magnums","https://www.bbr.com/products-20118007339-2011-chateau-du-tertre-margaux-bordeaux","1015391","20118007339"
"Chateau du Tertre","2012","Chateau du Tertre, Margaux, Bordeaux","168","Case of 6 Bottles","https://www.bbr.com/products-20128007339-2012-chateau-du-tertre-margaux-bordeaux","1015391","20128007339"
"Chateau du Tertre","2012","Chateau du Tertre, Margaux, Bordeaux","340","Case of 12 Bottles","https://www.bbr.com/products-20128007339-2012-chateau-du-tertre-margaux-bordeaux","1015391","20128007339"
"Chateau du Tertre","2013","Chateau du Tertre, Margaux, Bordeaux","195","Case of 12 Bottles","https://www.bbr.com/products-20138007339-2013-chateau-du-tertre-margaux-bordeaux","1015391","20138007339"
"Chateau du Tertre","2014","Chateau du Tertre, Margaux, Bordeaux","259","Case of 12 Bottles","https://www.bbr.com/products-20148007339-2014-chateau-du-tertre-margaux-bordeaux","1015391","20148007339"
"Chateau du Tertre","2014","Chateau du Tertre, Margaux, Bordeaux","290","Case of 6 Magnums","https://www.bbr.com/products-20148007339-2014-chateau-du-tertre-margaux-bordeaux","1015391","20148007339"
"Chateau du Tertre","2015","Chateau du Tertre, Margaux, Bordeaux","310","Case of 12 Bottles","https://www.bbr.com/products-20158007339-2015-chateau-du-tertre-margaux-bordeaux","1015391","20158007339"
"Chateau du Tertre","2015","Chateau du Tertre, Margaux, Bordeaux","165","Case of 6 Bottles","https://www.bbr.com/products-20158007339-2015-chateau-du-tertre-margaux-bordeaux","1015391","20158007339"
"Chateau du Tertre","2015","Chateau du Tertre, Margaux, Bordeaux","330","Case of 6 Magnums","https://www.bbr.com/products-20158007339-2015-chateau-du-tertre-margaux-bordeaux","1015391","20158007339"
"Chateau du Tertre","2016","Chateau du Tertre, Margaux, Bordeaux","168","Case of 6 Bottles","https://www.bbr.com/products-20168007339-2016-chateau-du-tertre-margaux-bordeaux","1015391","20168007339"
"Chateau du Tertre","2017","Chateau du Tertre, Margaux, Bordeaux","139","Case of 6 Bottles","https://www.bbr.com/products-20178007339-2017-chateau-du-tertre-margaux-bordeaux","1015391","20178007339"
"Chateau du Tertre","2017","Chateau du Tertre, Margaux, Bordeaux","140","Case of 12 Half Bottles","https://www.bbr.com/products-20178007339-2017-chateau-du-tertre-margaux-bordeaux","1015391","20178007339"
"Chateau du Tertre","2018","Chateau du Tertre, Margaux, Bordeaux","144","Case of 6 Bottles","https://www.bbr.com/products-20188007339-2018-chateau-du-tertre-margaux-bordeaux","1015391","20188007339"
"Chateau du Tertre","2019","Chateau du Tertre, Margaux, Bordeaux","170","Case of 6 Bottles","https://www.bbr.com/products-20198007339-2019-chateau-du-tertre-margaux-bordeaux","1015391","20198007339"
"Chateau du Tertre","2020","Chateau du Tertre, Margaux, Bordeaux","140","Case of 6 Bottles","https://www.bbr.com/products-20208007339-2020-chateau-du-tertre-margaux-bordeaux","1015391","20208007339"
"Chateau du Tertre","2022","Chateau du Tertre, Margaux, Bordeaux","375","Case of 6 Bottles","https://www.bbr.com/products-20228007339-2022-chateau-du-tertre-margaux-bordeaux","1015391","20228007339"
"Chateau L'Eglise-Clinet","1995","Chateau l'Eglise-Clinet, Pomerol, Bordeaux","1350","Case of 3 Magnums","https://www.bbr.com/products-19958124487-1995-chateau-l-eglise-clinet-pomerol-bordeaux","1009567","19958124487"
"Chateau L'Eglise-Clinet","1996","Chateau l'Eglise-Clinet, Pomerol, Bordeaux","1752","Case of 12 Bottles","https://www.bbr.com/products-19968124487-1996-chateau-l-eglise-clinet-pomerol-bordeaux","1009567","19968124487"
"Chateau L'Eglise-Clinet","1998","Chateau l'Eglise-Clinet, Pomerol, Bordeaux","4010","Case of 12 Bottles","https://www.bbr.com/products-19988124487-1998-chateau-l-eglise-clinet-pomerol-bordeaux","1009567","19988124487"
"Chateau L'Eglise-Clinet","2004","Chateau l'Eglise-Clinet, Pomerol, Bordeaux","1225","Case of 12 Bottles","https://www.bbr.com/products-20048124487-2004-chateau-l-eglise-clinet-pomerol-bordeaux","1009567","20048124487"
"Chateau L'Eglise-Clinet","2004","Chateau l'Eglise-Clinet, Pomerol, Bordeaux","635","Case of 6 Bottles","https://www.bbr.com/products-20048124487-2004-chateau-l-eglise-clinet-pomerol-bordeaux","1009567","20048124487"
"Chateau L'Eglise-Clinet","2005","Chateau l'Eglise-Clinet, Pomerol, Bordeaux","1825","Case of 6 Bottles","https://www.bbr.com/products-20058124487-2005-chateau-l-eglise-clinet-pomerol-bordeaux","1009567","20058124487"
"Chateau L'Eglise-Clinet","2005","Chateau l'Eglise-Clinet, Pomerol, Bordeaux","3750","Case of 12 Bottles","https://www.bbr.com/products-20058124487-2005-chateau-l-eglise-clinet-pomerol-bordeaux","1009567","20058124487"
"Chateau L'Eglise-Clinet","2006","Chateau l'Eglise-Clinet, Pomerol, Bordeaux","1250","Case of 12 Bottles","https://www.bbr.com/products-20068124487-2006-chateau-l-eglise-clinet-pomerol-bordeaux","1009567","20068124487"
"Chateau L'Eglise-Clinet","2006","Chateau l'Eglise-Clinet, Pomerol, Bordeaux","725","Case of 6 Bottles","https://www.bbr.com/products-20068124487-2006-chateau-l-eglise-clinet-pomerol-bordeaux","1009567","20068124487"
"Chateau L'Eglise-Clinet","2007","Chateau l'Eglise-Clinet, Pomerol, Bordeaux","587","Case of 6 Bottles","https://www.bbr.com/products-20078124487-2007-chateau-l-eglise-clinet-pomerol-bordeaux","1009567","20078124487"
"Chateau L'Eglise-Clinet","2008","Chateau l'Eglise-Clinet, Pomerol, Bordeaux","640","Case of 6 Bottles","https://www.bbr.com/products-20088124487-2008-chateau-l-eglise-clinet-pomerol-bordeaux","1009567","20088124487"
"Chateau L'Eglise-Clinet","2009","Chateau l'Eglise-Clinet, Pomerol, Bordeaux","1750","Case of 6 Bottles","https://www.bbr.com/products-20098124487-2009-chateau-l-eglise-clinet-pomerol-bordeaux","1009567","20098124487"
"Chateau L'Eglise-Clinet","2011","Chateau l'Eglise-Clinet, Pomerol, Bordeaux","490","Case of 6 Bottles","https://www.bbr.com/products-20118124487-2011-chateau-l-eglise-clinet-pomerol-bordeaux","1009567","20118124487"
"Chateau L'Eglise-Clinet","2012","Chateau l'Eglise-Clinet, Pomerol, Bordeaux","875","Case of 6 Bottles","https://www.bbr.com/products-20128124487-2012-chateau-l-eglise-clinet-pomerol-bordeaux","1009567","20128124487"
"Chateau L'Eglise-Clinet","2012","Chateau l'Eglise-Clinet, Pomerol, Bordeaux","850","Case of 6 Bottles","https://www.bbr.com/products-20128124487-2012-chateau-l-eglise-clinet-pomerol-bordeaux","1009567","20128124487"
"Chateau L'Eglise-Clinet","2013","Chateau l'Eglise-Clinet, Pomerol, Bordeaux","575","Case of 6 Bottles","https://www.bbr.com/products-20138124487-2013-chateau-l-eglise-clinet-pomerol-bordeaux","1009567","20138124487"
"Chateau L'Eglise-Clinet","2013","Chateau l'Eglise-Clinet, Pomerol, Bordeaux","688","Case of 6 Bottles","https://www.bbr.com/products-20138124487-2013-chateau-l-eglise-clinet-pomerol-bordeaux","1009567","20138124487"
"Chateau L'Eglise-Clinet","2014","Chateau l'Eglise-Clinet, Pomerol, Bordeaux","780","Case of 6 Bottles","https://www.bbr.com/products-20148124487-2014-chateau-l-eglise-clinet-pomerol-bordeaux","1009567","20148124487"
"Chateau L'Eglise-Clinet","2015","Chateau l'Eglise-Clinet, Pomerol, Bordeaux","740","Case of 6 Bottles","https://www.bbr.com/products-20158124487-2015-chateau-l-eglise-clinet-pomerol-bordeaux","1009567","20158124487"
"Chateau L'Eglise-Clinet","2016","Chateau l'Eglise-Clinet, Pomerol, Bordeaux","1200","Case of 6 Bottles","https://www.bbr.com/products-20168124487-2016-chateau-l-eglise-clinet-pomerol-bordeaux","1009567","20168124487"
"Chateau L'Eglise-Clinet","2018","Chateau l'Eglise-Clinet, Pomerol, Bordeaux","1348","Case of 6 Bottles","https://www.bbr.com/products-20188124487-2018-chateau-l-eglise-clinet-pomerol-bordeaux","1009567","20188124487"
"Chateau L'Eglise-Clinet","2018","Chateau l'Eglise-Clinet, Pomerol, Bordeaux","1347.5","Case of 6 Bottles","https://www.bbr.com/products-20188124487-2018-chateau-l-eglise-clinet-pomerol-bordeaux","1009567","20188124487"
"Chateau L'Eglise-Clinet","2019","Chateau l'Eglise-Clinet, Pomerol, Bordeaux","970","Case of 6 Bottles","https://www.bbr.com/products-20198124487-2019-chateau-l-eglise-clinet-pomerol-bordeaux","1009567","20198124487"
"Chateau L'Eglise-Clinet","2019","Chateau l'Eglise-Clinet, Pomerol, Bordeaux","575","Case of 3 Bottles","https://www.bbr.com/products-20198124487-2019-chateau-l-eglise-clinet-pomerol-bordeaux","1009567","20198124487"
"Chateau L'Eglise-Clinet","2021","Chateau l'Eglise-Clinet, Pomerol, Bordeaux","688","Case of 6 Bottles","https://www.bbr.com/products-20218124487-2021-chateau-l-eglise-clinet-pomerol-bordeaux","1009567","20218124487"
"Chateau L'Eglise-Clinet","2021","Chateau l'Eglise-Clinet, Pomerol, Bordeaux","575","Case of 3 Bottles","https://www.bbr.com/products-20218124487-2021-chateau-l-eglise-clinet-pomerol-bordeaux","1009567","20218124487"
"Chateau L'Eglise-Clinet","2022","Chateau l'Eglise-Clinet, Pomerol, Bordeaux","1788","Case of 6 Bottles","https://www.bbr.com/products-20228124487-2022-chateau-l-eglise-clinet-pomerol-bordeaux","1009567","20228124487"
"Chateau L'Eglise-Clinet","2022","Chateau l'Eglise-Clinet, Pomerol, Bordeaux","660","Case of 3 Bottles","https://www.bbr.com/products-20228124487-2022-chateau-l-eglise-clinet-pomerol-bordeaux","1009567","20228124487"
"Chateau L'Evangile","2005","Chateau l'Evangile, Pomerol, Bordeaux","2750","Case of 6 Magnums","https://www.bbr.com/products-20058016685-2005-chateau-l-evangile-pomerol-bordeaux","1009642","20058016685"
"Chateau L'Evangile","2008","Chateau l'Evangile, Pomerol, Bordeaux","1280","Case of 12 Bottles","https://www.bbr.com/products-20088016685-2008-chateau-l-evangile-pomerol-bordeaux","1009642","20088016685"
"Chateau L'Evangile","2011","Chateau l'Evangile, Pomerol, Bordeaux","550","Case of 6 Bottles","https://www.bbr.com/products-20118016685-2011-chateau-l-evangile-pomerol-bordeaux","1009642","20118016685"
"Chateau L'Evangile","2012","Chateau l'Evangile, Pomerol, Bordeaux","510","Case of 6 Bottles","https://www.bbr.com/products-20128016685-2012-chateau-l-evangile-pomerol-bordeaux","1009642","20128016685"
"Chateau L'Evangile","2018","Chateau l'Evangile, Pomerol, Bordeaux","1202","Case of 6 Bottles","https://www.bbr.com/products-20188016685-2018-chateau-l-evangile-pomerol-bordeaux","1009642","20188016685"
"Chateau L'Evangile","2019","Chateau l'Evangile, Pomerol, Bordeaux","1050","Case of 6 Bottles","https://www.bbr.com/products-20198016685-2019-chateau-l-evangile-pomerol-bordeaux","1009642","20198016685"
"Chateau L'Evangile","2020","Chateau l'Evangile, Pomerol, Bordeaux","799","Case of 6 Bottles","https://www.bbr.com/products-20208016685-2020-chateau-l-evangile-pomerol-bordeaux","1009642","20208016685"
"Chateau L'Evangile","2023","Chateau l'Evangile, Pomerol, Bordeaux","750","Case of 6 Bottles","https://www.bbr.com/products-20238016685-2023-chateau-l-evangile-pomerol-bordeaux","1009642","20238016685"
"Chateau la Clotte","2014","Chateau la Clotte, St Emilion, Bordeaux","340","Case of 12 Bottles","https://www.bbr.com/products-20148124780-2014-chateau-la-clotte-st-emilion-bordeaux","1008603","20148124780"
"Chateau la Clotte","2014","Chateau la Clotte, St Emilion, Bordeaux","380","Case of 12 Bottles","https://www.bbr.com/products-20148124780-2014-chateau-la-clotte-st-emilion-bordeaux","1008603","20148124780"
"Chateau la Clotte","2015","Chateau la Clotte, St Emilion, Bordeaux","510","Case of 12 Bottles","https://www.bbr.com/products-20158124780-2015-chateau-la-clotte-st-emilion-bordeaux","1008603","20158124780"
"Chateau la Clotte","2015","Chateau la Clotte, St Emilion, Bordeaux","600","Case of 12 Bottles","https://www.bbr.com/products-20158124780-2015-chateau-la-clotte-st-emilion-bordeaux","1008603","20158124780"
"Chateau la Clotte","2016","Chateau la Clotte, St Emilion, Bordeaux","260","Case of 6 Bottles","https://www.bbr.com/products-20168124780-2016-chateau-la-clotte-st-emilion-bordeaux","1008603","20168124780"
"Chateau la Clotte","2017","Chateau la Clotte, St Emilion, Bordeaux","238","Case of 6 Bottles","https://www.bbr.com/products-20178124780-2017-chateau-la-clotte-st-emilion-bordeaux","1008603","20178124780"
"Chateau la Clotte","2018","Chateau la Clotte, St Emilion, Bordeaux","368","Case of 6 Bottles","https://www.bbr.com/products-20188124780-2018-chateau-la-clotte-st-emilion-bordeaux","1008603","20188124780"
"Chateau la Clotte","2019","Chateau la Clotte, St Emilion, Bordeaux","268","Case of 6 Bottles","https://www.bbr.com/products-20198124780-2019-chateau-la-clotte-st-emilion-bordeaux","1008603","20198124780"
"Chateau la Clotte","2020","Chateau la Clotte, St Emilion, Bordeaux","186","Case of 6 Bottles","https://www.bbr.com/products-20208124780-2020-chateau-la-clotte-st-emilion-bordeaux","1008603","20208124780"
"Chateau la Clotte","2020","Chateau la Clotte, St Emilion, Bordeaux","190","Case of 6 Bottles","https://www.bbr.com/products-20208124780-2020-chateau-la-clotte-st-emilion-bordeaux","1008603","20208124780"
"Chateau la Clotte","2021","Chateau la Clotte, St Emilion, Bordeaux","265","Case of 6 Bottles","https://www.bbr.com/products-20218124780-2021-chateau-la-clotte-st-emilion-bordeaux","1008603","20218124780"
"Chateau La Conseillante","2001","Chateau la Conseillante, Pomerol, Bordeaux","1800","Case of 12 Bottles","https://www.bbr.com/products-20018006026-2001-chateau-la-conseillante-pomerol-bordeaux","1008746","20018006026"
"Chateau La Conseillante","2003","Chateau la Conseillante, Pomerol, Bordeaux","1185","Case of 12 Bottles","https://www.bbr.com/products-20038006026-2003-chateau-la-conseillante-pomerol-bordeaux","1008746","20038006026"
"Chateau La Conseillante","2004","Chateau la Conseillante, Pomerol, Bordeaux","1425","Case of 12 Bottles","https://www.bbr.com/products-20048006026-2004-chateau-la-conseillante-pomerol-bordeaux","1008746","20048006026"
"Chateau La Conseillante","2004","Chateau la Conseillante, Pomerol, Bordeaux","1380","Case of 6 Magnums","https://www.bbr.com/products-20048006026-2004-chateau-la-conseillante-pomerol-bordeaux","1008746","20048006026"
"Chateau La Conseillante","2006","Chateau la Conseillante, Pomerol, Bordeaux","1450","Case of 12 Bottles","https://www.bbr.com/products-20068006026-2006-chateau-la-conseillante-pomerol-bordeaux","1008746","20068006026"
"Chateau La Conseillante","2006","Chateau la Conseillante, Pomerol, Bordeaux","1388","Case of 6 Magnums","https://www.bbr.com/products-20068006026-2006-chateau-la-conseillante-pomerol-bordeaux","1008746","20068006026"
"Chateau La Conseillante","2007","Chateau la Conseillante, Pomerol, Bordeaux","900","Case of 12 Bottles","https://www.bbr.com/products-20078006026-2007-chateau-la-conseillante-pomerol-bordeaux","1008746","20078006026"
"Chateau La Conseillante","2008","Chateau la Conseillante, Pomerol, Bordeaux","750","Case of 6 Bottles","https://www.bbr.com/products-20088006026-2008-chateau-la-conseillante-pomerol-bordeaux","1008746","20088006026"
"Chateau La Conseillante","2008","Chateau la Conseillante, Pomerol, Bordeaux","1380","Case of 12 Bottles","https://www.bbr.com/products-20088006026-2008-chateau-la-conseillante-pomerol-bordeaux","1008746","20088006026"
"Chateau La Conseillante","2009","Chateau la Conseillante, Pomerol, Bordeaux","990","Case of 6 Bottles","https://www.bbr.com/products-20098006026-2009-chateau-la-conseillante-pomerol-bordeaux","1008746","20098006026"
"Chateau La Conseillante","2009","Chateau la Conseillante, Pomerol, Bordeaux","960","Case of 6 Bottles","https://www.bbr.com/products-20098006026-2009-chateau-la-conseillante-pomerol-bordeaux","1008746","20098006026"
"Chateau La Conseillante","2010","Chateau la Conseillante, Pomerol, Bordeaux","1124","Case of 6 Bottles","https://www.bbr.com/products-20108006026-2010-chateau-la-conseillante-pomerol-bordeaux","1008746","20108006026"
"Chateau La Conseillante","2012","Chateau la Conseillante, Pomerol, Bordeaux","600","Case of 6 Bottles","https://www.bbr.com/products-20128006026-2012-chateau-la-conseillante-pomerol-bordeaux","1008746","20128006026"
"Chateau La Conseillante","2012","Chateau la Conseillante, Pomerol, Bordeaux","680","Case of 6 Bottles","https://www.bbr.com/products-20128006026-2012-chateau-la-conseillante-pomerol-bordeaux","1008746","20128006026"
"Chateau La Conseillante","2012","Chateau la Conseillante, Pomerol, Bordeaux","568","Case of 3 Magnums","https://www.bbr.com/products-20128006026-2012-chateau-la-conseillante-pomerol-bordeaux","1008746","20128006026"
"Chateau La Conseillante","2014","Chateau la Conseillante, Pomerol, Bordeaux","580","Case of 6 Bottles","https://www.bbr.com/products-20148006026-2014-chateau-la-conseillante-pomerol-bordeaux","1008746","20148006026"
"Chateau La Conseillante","2014","Chateau la Conseillante, Pomerol, Bordeaux","610","Case of 6 Bottles","https://www.bbr.com/products-20148006026-2014-chateau-la-conseillante-pomerol-bordeaux","1008746","20148006026"
"Chateau La Conseillante","2015","Chateau la Conseillante, Pomerol, Bordeaux","850","Case of 6 Bottles","https://www.bbr.com/products-20158006026-2015-chateau-la-conseillante-pomerol-bordeaux","1008746","20158006026"
"Chateau La Conseillante","2016","Chateau la Conseillante, Pomerol, Bordeaux","1020","Case of 6 Bottles","https://www.bbr.com/products-20168006026-2016-chateau-la-conseillante-pomerol-bordeaux","1008746","20168006026"
"Chateau La Conseillante","2016","Chateau la Conseillante, Pomerol, Bordeaux","1080","Case of 6 Bottles","https://www.bbr.com/products-20168006026-2016-chateau-la-conseillante-pomerol-bordeaux","1008746","20168006026"
"Chateau La Conseillante","2017","Chateau la Conseillante, Pomerol, Bordeaux","525","Case of 6 Bottles","https://www.bbr.com/products-20178006026-2017-chateau-la-conseillante-pomerol-bordeaux","1008746","20178006026"
"Chateau La Conseillante","2017","Chateau la Conseillante, Pomerol, Bordeaux","1380","Case of 12 Bottles","https://www.bbr.com/products-20178006026-2017-chateau-la-conseillante-pomerol-bordeaux","1008746","20178006026"
"Chateau La Conseillante","2020","Chateau la Conseillante, Pomerol, Bordeaux","865","Case of 6 Bottles","https://www.bbr.com/products-20208006026-2020-chateau-la-conseillante-pomerol-bordeaux","1008746","20208006026"
"Chateau La Conseillante","2021","Chateau la Conseillante, Pomerol, Bordeaux","1400","Case of 6 Bottles","https://www.bbr.com/products-20218006026-2021-chateau-la-conseillante-pomerol-bordeaux","1008746","20218006026"
"Chateau La Conseillante","2021","Chateau la Conseillante, Pomerol, Bordeaux","1600","Case of 3 Magnums","https://www.bbr.com/products-20218006026-2021-chateau-la-conseillante-pomerol-bordeaux","1008746","20218006026"
"Chateau La Conseillante","2022","Chateau la Conseillante, Pomerol, Bordeaux","650","Case of 3 Bottles","https://www.bbr.com/products-20228006026-2022-chateau-la-conseillante-pomerol-bordeaux","1008746","20228006026"
"Chateau La Conseillante","","Chateau la Conseillante, Vertical (2005 to 2010), Six-Magnum Assortment Case","2100","Case of 1 6 Bottle Assortments","https://www.bbr.com/products-10008036991-chateau-la-conseillante-vertical-2005-to-2010-six-magnum-assortment-case","1008746","10008036991"
"Chateau La Couspaude","2000","Chateau la Couspaude, St Emilion, Bordeaux","420","Case of 12 Bottles","https://www.bbr.com/products-20008124706-2000-chateau-la-couspaude-st-emilion-bordeaux","1008906","20008124706"
"Chateau La Garde","2007","Chateau la Garde Blanc, Pessac-Leognan, Bordeaux","98","Case of 12 Bottles","https://www.bbr.com/products-20078122988-2007-chateau-la-garde-blanc-pessac-leognan-bordeaux","1016965","20078122988"
"Chateau La Garde","2017","Chateau la Garde Blanc, Pessac-Leognan, Bordeaux","125","Case of 6 Bottles","https://www.bbr.com/products-20178122988-2017-chateau-la-garde-blanc-pessac-leognan-bordeaux","1016965","20178122988"
"Chateau La Garde","2023","Chateau la Garde, Pessac-Leognan, Bordeaux","229","Case of 12 Bottles","https://www.bbr.com/products-20231010468-2023-chateau-la-garde-pessac-leognan-bordeaux","1010468","20231010468"
"Chateau La Tour Haut-Brion","2004","Chateau la Tour Haut-Brion, Pessac-Leognan, Bordeaux","600","Case of 12 Bottles","https://www.bbr.com/products-20048123288-2004-chateau-la-tour-haut-brion-pessac-leognan-bordeaux","1015636","20048123288"
"Chateau le Boscq","2009","Chateau le Boscq, St Estephe, Bordeaux","265","Case of 12 Bottles","https://www.bbr.com/products-20098125080-2009-chateau-le-boscq-st-estephe-bordeaux","1007172","20098125080"
"Chateau le Boscq","2009","Chateau le Boscq, St Estephe, Bordeaux","259","Case of 12 Bottles","https://www.bbr.com/products-20098125080-2009-chateau-le-boscq-st-estephe-bordeaux","1007172","20098125080"
"Chateau le Boscq","2020","Chateau le Boscq, St Estephe, Bordeaux","160","Case of 6 Bottles","https://www.bbr.com/products-20208125080-2020-chateau-le-boscq-st-estephe-bordeaux","1007172","20208125080"
"Chateau les Carmes Haut-Brion","2010","Chateau les Carmes Haut-Brion, Pessac-Leognan, Bordeaux","485","Case of 6 Bottles","https://www.bbr.com/products-20108013701-2010-chateau-les-carmes-haut-brion-pessac-leognan-bordeaux","1007808","20108013701"
"Chateau les Carmes Haut-Brion","2012","Chateau les Carmes Haut-Brion, Pessac-Leognan, Bordeaux","390","Case of 6 Bottles","https://www.bbr.com/products-20128013701-2012-chateau-les-carmes-haut-brion-pessac-leognan-bordeaux","1007808","20128013701"
"Chateau les Carmes Haut-Brion","2012","Chateau les Carmes Haut-Brion, Pessac-Leognan, Bordeaux","420","Case of 6 Bottles","https://www.bbr.com/products-20128013701-2012-chateau-les-carmes-haut-brion-pessac-leognan-bordeaux","1007808","20128013701"
"Chateau les Carmes Haut-Brion","2014","Chateau les Carmes Haut-Brion, Pessac-Leognan, Bordeaux","380","Case of 6 Bottles","https://www.bbr.com/products-20148013701-2014-chateau-les-carmes-haut-brion-pessac-leognan-bordeaux","1007808","20148013701"
"Chateau les Carmes Haut-Brion","2014","Chateau les Carmes Haut-Brion, Pessac-Leognan, Bordeaux","450","Case of 3 Magnums","https://www.bbr.com/products-20148013701-2014-chateau-les-carmes-haut-brion-pessac-leognan-bordeaux","1007808","20148013701"
"Chateau les Carmes Haut-Brion","2015","Chateau les Carmes Haut-Brion, Pessac-Leognan, Bordeaux","440","Case of 6 Bottles","https://www.bbr.com/products-20158013701-2015-chateau-les-carmes-haut-brion-pessac-leognan-bordeaux","1007808","20158013701"
"Chateau les Carmes Haut-Brion","2015","Chateau les Carmes Haut-Brion, Pessac-Leognan, Bordeaux","438","Case of 6 Bottles","https://www.bbr.com/products-20158013701-2015-chateau-les-carmes-haut-brion-pessac-leognan-bordeaux","1007808","20158013701"
"Chateau les Carmes Haut-Brion","2016","Chateau les Carmes Haut-Brion, Pessac-Leognan, Bordeaux","800","Case of 6 Bottles","https://www.bbr.com/products-20168013701-2016-chateau-les-carmes-haut-brion-pessac-leognan-bordeaux","1007808","20168013701"
"Chateau les Carmes Haut-Brion","2016","Chateau les Carmes Haut-Brion, Pessac-Leognan, Bordeaux","670","Case of 6 Bottles","https://www.bbr.com/products-20168013701-2016-chateau-les-carmes-haut-brion-pessac-leognan-bordeaux","1007808","20168013701"
"Chateau les Carmes Haut-Brion","2017","Chateau les Carmes Haut-Brion, Pessac-Leognan, Bordeaux","300","Case of 6 Bottles","https://www.bbr.com/products-20178013701-2017-chateau-les-carmes-haut-brion-pessac-leognan-bordeaux","1007808","20178013701"
"Chateau les Carmes Haut-Brion","2017","Chateau les Carmes Haut-Brion, Pessac-Leognan, Bordeaux","400","Case of 3 Magnums","https://www.bbr.com/products-20178013701-2017-chateau-les-carmes-haut-brion-pessac-leognan-bordeaux","1007808","20178013701"
"Chateau les Carmes Haut-Brion","2018","Chateau les Carmes Haut-Brion, Pessac-Leognan, Bordeaux","440","Case of 6 Bottles","https://www.bbr.com/products-20188013701-2018-chateau-les-carmes-haut-brion-pessac-leognan-bordeaux","1007808","20188013701"
"Chateau les Carmes Haut-Brion","2018","Chateau les Carmes Haut-Brion, Pessac-Leognan, Bordeaux","290","Case of 3 Bottles","https://www.bbr.com/products-20188013701-2018-chateau-les-carmes-haut-brion-pessac-leognan-bordeaux","1007808","20188013701"
"Chateau les Carmes Haut-Brion","2018","Chateau les Carmes Haut-Brion, Pessac-Leognan, Bordeaux","498","Case of 6 Bottles","https://www.bbr.com/products-20188013701-2018-chateau-les-carmes-haut-brion-pessac-leognan-bordeaux","1007808","20188013701"
"Chateau les Carmes Haut-Brion","2019","Chateau les Carmes Haut-Brion, Pessac-Leognan, Bordeaux","500","Case of 6 Bottles","https://www.bbr.com/products-20198013701-2019-chateau-les-carmes-haut-brion-pessac-leognan-bordeaux","1007808","20198013701"
"Chateau les Carmes Haut-Brion","2019","Chateau les Carmes Haut-Brion, Pessac-Leognan, Bordeaux","478","Case of 6 Bottles","https://www.bbr.com/products-20198013701-2019-chateau-les-carmes-haut-brion-pessac-leognan-bordeaux","1007808","20198013701"
"Chateau les Carmes Haut-Brion","2019","Chateau les Carmes Haut-Brion, Pessac-Leognan, Bordeaux","425","Case of 6 Bottles","https://www.bbr.com/products-20198013701-2019-chateau-les-carmes-haut-brion-pessac-leognan-bordeaux","1007808","20198013701"
"Chateau les Carmes Haut-Brion","2019","Chateau les Carmes Haut-Brion, Pessac-Leognan, Bordeaux","420","Case of 3 Magnums","https://www.bbr.com/products-20198013701-2019-chateau-les-carmes-haut-brion-pessac-leognan-bordeaux","1007808","20198013701"
"Chateau les Carmes Haut-Brion","2020","Chateau les Carmes Haut-Brion, Pessac-Leognan, Bordeaux","400","Case of 3 Bottles","https://www.bbr.com/products-20208013701-2020-chateau-les-carmes-haut-brion-pessac-leognan-bordeaux","1007808","20208013701"
"Chateau les Carmes Haut-Brion","2020","Chateau les Carmes Haut-Brion, Pessac-Leognan, Bordeaux","475","Case of 6 Bottles","https://www.bbr.com/products-20208013701-2020-chateau-les-carmes-haut-brion-pessac-leognan-bordeaux","1007808","20208013701"
"Chateau les Carmes Haut-Brion","2020","Chateau les Carmes Haut-Brion, Pessac-Leognan, Bordeaux","870","Case of 12 Bottles","https://www.bbr.com/products-20208013701-2020-chateau-les-carmes-haut-brion-pessac-leognan-bordeaux","1007808","20208013701"
"Chateau les Carmes Haut-Brion","2020","Chateau les Carmes Haut-Brion, Pessac-Leognan, Bordeaux","1000","Case of 6 Bottles","https://www.bbr.com/products-20208013701-2020-chateau-les-carmes-haut-brion-pessac-leognan-bordeaux","1007808","20208013701"
"Chateau les Carmes Haut-Brion","2020","Chateau les Carmes Haut-Brion, Pessac-Leognan, Bordeaux","500","Case of 6 Bottles","https://www.bbr.com/products-20208013701-2020-chateau-les-carmes-haut-brion-pessac-leognan-bordeaux","1007808","20208013701"
"Chateau les Carmes Haut-Brion","2020","Chateau les Carmes Haut-Brion, Pessac-Leognan, Bordeaux","795","Case of 1 Jeroboam 500cl","https://www.bbr.com/products-20208013701-2020-chateau-les-carmes-haut-brion-pessac-leognan-bordeaux","1007808","20208013701"
"Chateau les Carmes Haut-Brion","2021","Chateau les Carmes Haut-Brion, Pessac-Leognan, Bordeaux","488","Case of 6 Bottles","https://www.bbr.com/products-20218013701-2021-chateau-les-carmes-haut-brion-pessac-leognan-bordeaux","1007808","20218013701"
"Chateau les Carmes Haut-Brion","2021","Chateau les Carmes Haut-Brion, Pessac-Leognan, Bordeaux","160","Case of 3 Bottles","https://www.bbr.com/products-20218013701-2021-chateau-les-carmes-haut-brion-pessac-leognan-bordeaux","1007808","20218013701"
"Chateau les Carmes Haut-Brion","2021","Chateau les Carmes Haut-Brion, Pessac-Leognan, Bordeaux","525","Case of 6 Bottles","https://www.bbr.com/products-20218013701-2021-chateau-les-carmes-haut-brion-pessac-leognan-bordeaux","1007808","20218013701"
"Chateau les Carmes Haut-Brion","2021","Chateau les Carmes Haut-Brion, Pessac-Leognan, Bordeaux","500","Case of 3 Magnums","https://www.bbr.com/products-20218013701-2021-chateau-les-carmes-haut-brion-pessac-leognan-bordeaux","1007808","20218013701"
"Chateau les Carmes Haut-Brion","2022","Chateau les Carmes Haut-Brion, Pessac-Leognan, Bordeaux","670","Case of 6 Bottles","https://www.bbr.com/products-20228013701-2022-chateau-les-carmes-haut-brion-pessac-leognan-bordeaux","1007808","20228013701"
"Chateau les Carmes Haut-Brion","2022","Chateau les Carmes Haut-Brion, Pessac-Leognan, Bordeaux","340","Case of 3 Bottles","https://www.bbr.com/products-20228013701-2022-chateau-les-carmes-haut-brion-pessac-leognan-bordeaux","1007808","20228013701"
"Chateau les Carmes Haut-Brion","2022","Chateau les Carmes Haut-Brion, Pessac-Leognan, Bordeaux","319","Case of 3 Bottles","https://www.bbr.com/products-20228013701-2022-chateau-les-carmes-haut-brion-pessac-leognan-bordeaux","1007808","20228013701"
"Chateau les Carmes Haut-Brion","2022","Chateau les Carmes Haut-Brion, Pessac-Leognan, Bordeaux","360","Case of 3 Bottles","https://www.bbr.com/products-20228013701-2022-chateau-les-carmes-haut-brion-pessac-leognan-bordeaux","1007808","20228013701"
"Chateau les Carmes Haut-Brion","2022","Chateau les Carmes Haut-Brion, Pessac-Leognan, Bordeaux","769","Case of 12 Half Bottles","https://www.bbr.com/products-20228013701-2022-chateau-les-carmes-haut-brion-pessac-leognan-bordeaux","1007808","20228013701"
"Chateau les Carmes Haut-Brion","2022","Chateau les Carmes Haut-Brion, Pessac-Leognan, Bordeaux","880","Case of 3 Magnums","https://www.bbr.com/products-20228013701-2022-chateau-les-carmes-haut-brion-pessac-leognan-bordeaux","1007808","20228013701"
"Chateau les Carmes Haut-Brion","2023","Chateau les Carmes Haut-Brion, Pessac-Leognan, Bordeaux","270","Case of 3 Bottles","https://www.bbr.com/products-20238013701-2023-chateau-les-carmes-haut-brion-pessac-leognan-bordeaux","1007808","20238013701"
"Chateau les Carmes Haut-Brion","2023","Chateau les Carmes Haut-Brion, Pessac-Leognan, Bordeaux","550","Case of 6 Bottles","https://www.bbr.com/products-20238013701-2023-chateau-les-carmes-haut-brion-pessac-leognan-bordeaux","1007808","20238013701"
"Chateau les Carmes Haut-Brion","2023","Chateau les Carmes Haut-Brion, Pessac-Leognan, Bordeaux","550","Case of 3 Magnums","https://www.bbr.com/products-20238013701-2023-chateau-les-carmes-haut-brion-pessac-leognan-bordeaux","1007808","20238013701"
"Chateau La Nerthe","2011","Chateauneuf-du-Pape Blanc, Chateau La Nerthe, Rhone","250","Case of 6 Bottles","https://www.bbr.com/products-20118028961-2011-chateauneuf-du-pape-blanc-chateau-la-nerthe-rhone","1114759","20118028961"
"Chateau La Nerthe","2016","Chateauneuf-du-Pape Blanc, Chateau La Nerthe, Rhone","360","Case of 6 Bottles","https://www.bbr.com/products-20168028961-2016-chateauneuf-du-pape-blanc-chateau-la-nerthe-rhone","1114759","20168028961"
"Chateau de Beaucastel","2014","Chateauneuf-du-Pape Blanc, Chateau de Beaucastel, Rhone","570","Case of 6 Bottles","https://www.bbr.com/products-20148007384-2014-chateauneuf-du-pape-blanc-chateau-de-beaucastel-rhone","1108390","20148007384"
"Chateau de Beaucastel","2016","Chateauneuf-du-Pape Blanc, Chateau de Beaucastel, Rhone","400","Case of 6 Bottles","https://www.bbr.com/products-20168007384-2016-chateauneuf-du-pape-blanc-chateau-de-beaucastel-rhone","1108390","20168007384"
"Chateau de Beaucastel","2019","Chateauneuf-du-Pape Blanc, Chateau de Beaucastel, Rhone","370","Case of 6 Bottles","https://www.bbr.com/products-20198007384-2019-chateauneuf-du-pape-blanc-chateau-de-beaucastel-rhone","1108390","20198007384"
"Chateau La Nerthe","2015","Chateauneuf-du-Pape Blanc, Clos de Beauvenir, Chateau La Nerthe, Rhone","430","Case of 6 Bottles","https://www.bbr.com/products-20158028974-2015-chateauneuf-du-pape-blanc-clos-de-beauvenir-chateau-la-nerthe-rhone","1114762","20158028974"
"Chateau La Nerthe","2017","Chateauneuf-du-Pape Blanc, Clos de Beauvenir, Chateau La Nerthe, Rhone","375","Case of 6 Bottles","https://www.bbr.com/products-20178028974-2017-chateauneuf-du-pape-blanc-clos-de-beauvenir-chateau-la-nerthe-rhone","1114762","20178028974"
"Chateau La Nerthe","2018","Chateauneuf-du-Pape Blanc, Clos de Beauvenir, Chateau La Nerthe, Rhone","324","Case of 6 Bottles","https://www.bbr.com/products-20188028974-2018-chateauneuf-du-pape-blanc-clos-de-beauvenir-chateau-la-nerthe-rhone","1114762","20188028974"
"Chateau La Nerthe","2018","Chateauneuf-du-Pape Blanc, Clos de Beauvenir, Chateau La Nerthe, Rhone","310","Case of 6 Bottles","https://www.bbr.com/products-20188028974-2018-chateauneuf-du-pape-blanc-clos-de-beauvenir-chateau-la-nerthe-rhone","1114762","20188028974"
"Chateau La Nerthe","2021","Chateauneuf-du-Pape Blanc, Clos de Beauvenir, Chateau La Nerthe, Rhone","550","Case of 6 Bottles","https://www.bbr.com/products-20218028974-2021-chateauneuf-du-pape-blanc-clos-de-beauvenir-chateau-la-nerthe-rhone","1114762","20218028974"
"Chateau La Nerthe","2022","Chateauneuf-du-Pape Blanc, Clos de Beauvenir, Chateau La Nerthe, Rhone","550","Case of 6 Bottles","https://www.bbr.com/products-20228028974-2022-chateauneuf-du-pape-blanc-clos-de-beauvenir-chateau-la-nerthe-rhone","1114762","20228028974"
"Paul Avril et Fils","2015","Chateauneuf-du-Pape Blanc, Clos des Papes, Paul Avril & Fils, Rhone","385","Case of 6 Bottles","https://www.bbr.com/products-20151110490-2015-chateauneuf-du-pape-blanc-clos-des-papes-paul-avril-fils-rhone","1110490","20151110490"
"Paul Avril et Fils","2022","Chateauneuf-du-Pape Blanc, Clos des Papes, Paul Avril & Fils, Rhone","345","Case of 6 Bottles","https://www.bbr.com/products-20221110490-2022-chateauneuf-du-pape-blanc-clos-des-papes-paul-avril-fils-rhone","1110490","20221110490"
"Paul Avril et Fils","2020","Chateauneuf-du-Pape Blanc, Clos des Papes, Paul Avril &amp; Fils, Rhone","330","Case of 6 Bottles","https://www.bbr.com/products-20201110490-2020-chateauneuf-du-pape-blanc-clos-des-papes-paul-avril-and-fils-rhone","1110490","20201110490"
"Paul Avril et Fils","2021","Chateauneuf-du-Pape Blanc, Clos des Papes, Paul Avril &amp; Fils, Rhone","375","Case of 6 Bottles","https://www.bbr.com/products-20211110490-2021-chateauneuf-du-pape-blanc-clos-des-papes-paul-avril-and-fils-rhone","1110490","20211110490"
"Domaine des Senechaux","2008","Chateauneuf-du-Pape Blanc, Domaine des Senechaux, Rhone","475","Case of 12 Bottles","https://www.bbr.com/products-20088005944-2008-chateauneuf-du-pape-blanc-domaine-des-senechaux-rhone","1176447","20088005944"
"Rotem and Mounir Saouma","2016","Chateauneuf-du-Pape Blanc, Magis, Rotem &amp; Mounir Saouma, Rhone","390","Case of 6 Bottles","https://www.bbr.com/products-20168036946-2016-chateauneuf-du-pape-blanc-magis-rotem-and-mounir-saouma-rhone","1213872","20168036946"
"Rotem and Mounir Saouma","2017","Chateauneuf-du-Pape Blanc, Magis, Rotem &amp; Mounir Saouma, Rhone","423","Case of 6 Bottles","https://www.bbr.com/products-20178036946-2017-chateauneuf-du-pape-blanc-magis-rotem-and-mounir-saouma-rhone","1213872","20178036946"
"Rotem and Mounir Saouma","2020","Chateauneuf-du-Pape Blanc, Magis, Rotem &amp; Mounir Saouma, Rhone","425","Case of 6 Bottles","https://www.bbr.com/products-20208036946-2020-chateauneuf-du-pape-blanc-magis-rotem-and-mounir-saouma-rhone","1213872","20208036946"
"Domaine de la Janasse","2014","Chateauneuf-du-Pape Blanc, Prestige, Domaine de la Janasse, Rhone","270","Case of 6 Bottles","https://www.bbr.com/products-20148024439-2014-chateauneuf-du-pape-blanc-prestige-domaine-de-la-janasse-rhone","1113938","20148024439"
"Domaine la Barroche","2019","Chateauneuf-du-Pape Blanc, Pure, Domaine La Barroche, Rhone","480","Case of 6 Bottles","https://www.bbr.com/products-20198135795-2019-chateauneuf-du-pape-blanc-pure-domaine-la-barroche-rhone","2015679","20198135795"
"Rotem and Mounir Saouma","2011","Chateauneuf-du-Pape Rouge, Arioso, Rotem &amp; Mounir Saouma, Rhone","667","Case of 6 Bottles","https://www.bbr.com/products-20118206413-2011-chateauneuf-du-pape-rouge-arioso-rotem-and-mounir-saouma-rhone","1313152","20118206413"
"Rotem and Mounir Saouma","2012","Chateauneuf-du-Pape Rouge, Arioso, Rotem &amp; Mounir Saouma, Rhone","727","Case of 6 Bottles","https://www.bbr.com/products-20128206413-2012-chateauneuf-du-pape-rouge-arioso-rotem-and-mounir-saouma-rhone","1313152","20128206413"
"Rotem and Mounir Saouma","2013","Chateauneuf-du-Pape Rouge, Arioso, Rotem &amp; Mounir Saouma, Rhone","705","Case of 6 Bottles","https://www.bbr.com/products-20138206413-2013-chateauneuf-du-pape-rouge-arioso-rotem-and-mounir-saouma-rhone","1313152","20138206413"
"Rotem and Mounir Saouma","2014","Chateauneuf-du-Pape Rouge, Arioso, Rotem &amp; Mounir Saouma, Rhone","705","Case of 6 Bottles","https://www.bbr.com/products-20148206413-2014-chateauneuf-du-pape-rouge-arioso-rotem-and-mounir-saouma-rhone","1313152","20148206413"
"Rotem and Mounir Saouma","2015","Chateauneuf-du-Pape Rouge, Arioso, Rotem &amp; Mounir Saouma, Rhone","740","Case of 6 Bottles","https://www.bbr.com/products-20158206413-2015-chateauneuf-du-pape-rouge-arioso-rotem-and-mounir-saouma-rhone","1313152","20158206413"
"Rotem and Mounir Saouma","2016","Chateauneuf-du-Pape Rouge, Arioso, Rotem &amp; Mounir Saouma, Rhone","760","Case of 6 Bottles","https://www.bbr.com/products-20168206413-2016-chateauneuf-du-pape-rouge-arioso-rotem-and-mounir-saouma-rhone","1313152","20168206413"
"Rotem and Mounir Saouma","2018","Chateauneuf-du-Pape Rouge, Arioso, Rotem &amp; Mounir Saouma, Rhone","790","Case of 6 Bottles","https://www.bbr.com/products-20188206413-2018-chateauneuf-du-pape-rouge-arioso-rotem-and-mounir-saouma-rhone","1313152","20188206413"
"Chateau La Nerthe","2011","Chateauneuf-du-Pape Rouge, Chateau La Nerthe, Rhone","383","Case of 6 Bottles","https://www.bbr.com/products-20111114746-2011-chateauneuf-du-pape-rouge-chateau-la-nerthe-rhone","1114746","20111114746"
"Chateau La Nerthe","2012","Chateauneuf-du-Pape Rouge, Chateau La Nerthe, Rhone","390","Case of 6 Bottles","https://www.bbr.com/products-20121114746-2012-chateauneuf-du-pape-rouge-chateau-la-nerthe-rhone","1114746","20121114746"
"Chateau La Nerthe","2015","Chateauneuf-du-Pape Rouge, Chateau La Nerthe, Rhone","399","Case of 6 Bottles","https://www.bbr.com/products-20151114746-2015-chateauneuf-du-pape-rouge-chateau-la-nerthe-rhone","1114746","20151114746"
"Chateau La Nerthe","2018","Chateauneuf-du-Pape Rouge, Chateau La Nerthe, Rhone","220","Case of 6 Bottles","https://www.bbr.com/products-20181114746-2018-chateauneuf-du-pape-rouge-chateau-la-nerthe-rhone","1114746","20181114746"
"Chateau La Nerthe","2022","Chateauneuf-du-Pape Rouge, Chateau La Nerthe, Rhone","220","Case of 6 Bottles","https://www.bbr.com/products-20221114746-2022-chateauneuf-du-pape-rouge-chateau-la-nerthe-rhone","1114746","20221114746"
"Chateau La Nerthe","2023","Chateauneuf-du-Pape Rouge, Chateau La Nerthe, Rhone","210","Case of 6 Bottles","https://www.bbr.com/products-20231114746-2023-chateauneuf-du-pape-rouge-chateau-la-nerthe-rhone","1114746","20231114746"
"Chateau Rayas","2003","Chateauneuf-du-Pape Rouge, Chateau Rayas, Rhone","1000","Case of 1 Bottles","https://www.bbr.com/products-20031136391-2003-chateauneuf-du-pape-rouge-chateau-rayas-rhone","1136391","20031136391"
"Chateau Rayas","2006","Chateauneuf-du-Pape Rouge, Chateau Rayas, Rhone","1100","Case of 1 Bottles","https://www.bbr.com/products-20061136391-2006-chateauneuf-du-pape-rouge-chateau-rayas-rhone","1136391","20061136391"
"Chateau Rayas","2006","Chateauneuf-du-Pape Rouge, Chateau Rayas, Rhone","1100","Case of 1 Bottles","https://www.bbr.com/products-20061136391-2006-chateauneuf-du-pape-rouge-chateau-rayas-rhone","1136391","20061136391"
"Chateau Rayas","2006","Chateauneuf-du-Pape Rouge, Chateau Rayas, Rhone","6500","Case of 6 Bottles","https://www.bbr.com/products-20061136391-2006-chateauneuf-du-pape-rouge-chateau-rayas-rhone","1136391","20061136391"
"Chateau Rayas","2009","Chateauneuf-du-Pape Rouge, Chateau Rayas, Rhone","1250","Case of 1 Bottles","https://www.bbr.com/products-20091136391-2009-chateauneuf-du-pape-rouge-chateau-rayas-rhone","1136391","20091136391"
"Chateau Rayas","2010","Chateauneuf-du-Pape Rouge, Chateau Rayas, Rhone","2000","Case of 1 Bottles","https://www.bbr.com/products-20101136391-2010-chateauneuf-du-pape-rouge-chateau-rayas-rhone","1136391","20101136391"
"Chateau Rayas","2012","Chateauneuf-du-Pape Rouge, Chateau Rayas, Rhone","8200","Case of 6 Bottles","https://www.bbr.com/products-20121136391-2012-chateauneuf-du-pape-rouge-chateau-rayas-rhone","1136391","20121136391"
"Chateau Rayas","2012","Chateauneuf-du-Pape Rouge, Chateau Rayas, Rhone","15000","Case of 12 Bottles","https://www.bbr.com/products-20121136391-2012-chateauneuf-du-pape-rouge-chateau-rayas-rhone","1136391","20121136391"
"Chateau de Beaucastel","1998","Chateauneuf-du-Pape Rouge, Chateau de Beaucastel, Rhone","795","Case of 12 Bottles","https://www.bbr.com/products-19988007371-1998-chateauneuf-du-pape-rouge-chateau-de-beaucastel-rhone","1108387","19988007371"
"Chateau de Beaucastel","2001","Chateauneuf-du-Pape Rouge, Chateau de Beaucastel, Rhone","495","Case of 6 Bottles","https://www.bbr.com/products-20018007371-2001-chateauneuf-du-pape-rouge-chateau-de-beaucastel-rhone","1108387","20018007371"
"Chateau de Beaucastel","2007","Chateauneuf-du-Pape Rouge, Chateau de Beaucastel, Rhone","435","Case of 6 Bottles","https://www.bbr.com/products-20078007371-2007-chateauneuf-du-pape-rouge-chateau-de-beaucastel-rhone","1108387","20078007371"
"Chateau de Beaucastel","2007","Chateauneuf-du-Pape Rouge, Chateau de Beaucastel, Rhone","430","Case of 6 Bottles","https://www.bbr.com/products-20078007371-2007-chateauneuf-du-pape-rouge-chateau-de-beaucastel-rhone","1108387","20078007371"
"Chateau de Beaucastel","2009","Chateauneuf-du-Pape Rouge, Chateau de Beaucastel, Rhone","400","Case of 6 Bottles","https://www.bbr.com/products-20098007371-2009-chateauneuf-du-pape-rouge-chateau-de-beaucastel-rhone","1108387","20098007371"
"Chateau de Beaucastel","2009","Chateauneuf-du-Pape Rouge, Chateau de Beaucastel, Rhone","549","Case of 6 Bottles","https://www.bbr.com/products-20098007371-2009-chateauneuf-du-pape-rouge-chateau-de-beaucastel-rhone","1108387","20098007371"
"Chateau de Beaucastel","2010","Chateauneuf-du-Pape Rouge, Chateau de Beaucastel, Rhone","400","Case of 6 Bottles","https://www.bbr.com/products-20108007371-2010-chateauneuf-du-pape-rouge-chateau-de-beaucastel-rhone","1108387","20108007371"
"Chateau de Beaucastel","2012","Chateauneuf-du-Pape Rouge, Chateau de Beaucastel, Rhone","270","Case of 6 Bottles","https://www.bbr.com/products-20128007371-2012-chateauneuf-du-pape-rouge-chateau-de-beaucastel-rhone","1108387","20128007371"
"Chateau de Beaucastel","2012","Chateauneuf-du-Pape Rouge, Chateau de Beaucastel, Rhone","305","Case of 6 Bottles","https://www.bbr.com/products-20128007371-2012-chateauneuf-du-pape-rouge-chateau-de-beaucastel-rhone","1108387","20128007371"
"Chateau de Beaucastel","2013","Chateauneuf-du-Pape Rouge, Chateau de Beaucastel, Rhone","240","Case of 6 Bottles","https://www.bbr.com/products-20138007371-2013-chateauneuf-du-pape-rouge-chateau-de-beaucastel-rhone","1108387","20138007371"
"Chateau de Beaucastel","2014","Chateauneuf-du-Pape Rouge, Chateau de Beaucastel, Rhone","250","Case of 6 Bottles","https://www.bbr.com/products-20148007371-2014-chateauneuf-du-pape-rouge-chateau-de-beaucastel-rhone","1108387","20148007371"
"Chateau de Beaucastel","2014","Chateauneuf-du-Pape Rouge, Chateau de Beaucastel, Rhone","525","Case of 6 Magnums","https://www.bbr.com/products-20148007371-2014-chateauneuf-du-pape-rouge-chateau-de-beaucastel-rhone","1108387","20148007371"
"Chateau de Beaucastel","2015","Chateauneuf-du-Pape Rouge, Chateau de Beaucastel, Rhone","312","Case of 6 Bottles","https://www.bbr.com/products-20158007371-2015-chateauneuf-du-pape-rouge-chateau-de-beaucastel-rhone","1108387","20158007371"
"Chateau de Beaucastel","2016","Chateauneuf-du-Pape Rouge, Chateau de Beaucastel, Rhone","400","Case of 6 Bottles","https://www.bbr.com/products-20168007371-2016-chateauneuf-du-pape-rouge-chateau-de-beaucastel-rhone","1108387","20168007371"
"Chateau de Beaucastel","2016","Chateauneuf-du-Pape Rouge, Chateau de Beaucastel, Rhone","720","Case of 6 Magnums","https://www.bbr.com/products-20168007371-2016-chateauneuf-du-pape-rouge-chateau-de-beaucastel-rhone","1108387","20168007371"
"Chateau de Beaucastel","2017","Chateauneuf-du-Pape Rouge, Chateau de Beaucastel, Rhone","285","Case of 6 Bottles","https://www.bbr.com/products-20178007371-2017-chateauneuf-du-pape-rouge-chateau-de-beaucastel-rhone","1108387","20178007371"
"Chateau de Beaucastel","2018","Chateauneuf-du-Pape Rouge, Chateau de Beaucastel, Rhone","265","Case of 6 Bottles","https://www.bbr.com/products-20188007371-2018-chateauneuf-du-pape-rouge-chateau-de-beaucastel-rhone","1108387","20188007371"
"Chateau de Beaucastel","2018","Chateauneuf-du-Pape Rouge, Chateau de Beaucastel, Rhone","280","Case of 6 Bottles","https://www.bbr.com/products-20188007371-2018-chateauneuf-du-pape-rouge-chateau-de-beaucastel-rhone","1108387","20188007371"
"Chateau de Beaucastel","2019","Chateauneuf-du-Pape Rouge, Chateau de Beaucastel, Rhone","275","Case of 6 Bottles","https://www.bbr.com/products-20198007371-2019-chateauneuf-du-pape-rouge-chateau-de-beaucastel-rhone","1108387","20198007371"
"Chateau de Beaucastel","2020","Chateauneuf-du-Pape Rouge, Chateau de Beaucastel, Rhone","280","Case of 6 Bottles","https://www.bbr.com/products-20208007371-2020-chateauneuf-du-pape-rouge-chateau-de-beaucastel-rhone","1108387","20208007371"
"Chateau de Beaucastel","2020","Chateauneuf-du-Pape Rouge, Chateau de Beaucastel, Rhone","525","Case of 6 Magnums","https://www.bbr.com/products-20208007371-2020-chateauneuf-du-pape-rouge-chateau-de-beaucastel-rhone","1108387","20208007371"
"Chateau de Beaucastel","2021","Chateauneuf-du-Pape Rouge, Chateau de Beaucastel, Rhone","250","Case of 6 Bottles","https://www.bbr.com/products-20218007371-2021-chateauneuf-du-pape-rouge-chateau-de-beaucastel-rhone","1108387","20218007371"
"Paul Avril et Fils","2013","Chateauneuf-du-Pape Rouge, Clos des Papes, Paul Avril & Fils, Rhone","475","Case of 12 Bottles","https://www.bbr.com/products-20131110487-2013-chateauneuf-du-pape-rouge-clos-des-papes-paul-avril-fils-rhone","1110487","20131110487"
"Paul Avril et Fils","2013","Chateauneuf-du-Pape Rouge, Clos des Papes, Paul Avril & Fils, Rhone","220","Case of 6 Bottles","https://www.bbr.com/products-20131110487-2013-chateauneuf-du-pape-rouge-clos-des-papes-paul-avril-fils-rhone","1110487","20131110487"
"Paul Avril et Fils","2013","Chateauneuf-du-Pape Rouge, Clos des Papes, Paul Avril & Fils, Rhone","258","Case of 6 Bottles","https://www.bbr.com/products-20131110487-2013-chateauneuf-du-pape-rouge-clos-des-papes-paul-avril-fils-rhone","1110487","20131110487"
"Paul Avril et Fils","2013","Chateauneuf-du-Pape Rouge, Clos des Papes, Paul Avril & Fils, Rhone","225","Case of 3 Magnums","https://www.bbr.com/products-20131110487-2013-chateauneuf-du-pape-rouge-clos-des-papes-paul-avril-fils-rhone","1110487","20131110487"
"Paul Avril et Fils","2015","Chateauneuf-du-Pape Rouge, Clos des Papes, Paul Avril & Fils, Rhone","340","Case of 6 Bottles","https://www.bbr.com/products-20151110487-2015-chateauneuf-du-pape-rouge-clos-des-papes-paul-avril-fils-rhone","1110487","20151110487"
"Paul Avril et Fils","2015","Chateauneuf-du-Pape Rouge, Clos des Papes, Paul Avril & Fils, Rhone","318","Case of 6 Bottles","https://www.bbr.com/products-20151110487-2015-chateauneuf-du-pape-rouge-clos-des-papes-paul-avril-fils-rhone","1110487","20151110487"
"Paul Avril et Fils","2015","Chateauneuf-du-Pape Rouge, Clos des Papes, Paul Avril & Fils, Rhone","325","Case of 3 Magnums","https://www.bbr.com/products-20151110487-2015-chateauneuf-du-pape-rouge-clos-des-papes-paul-avril-fils-rhone","1110487","20151110487"
"Paul Avril et Fils","2017","Chateauneuf-du-Pape Rouge, Clos des Papes, Paul Avril & Fils, Rhone","270","Case of 6 Bottles","https://www.bbr.com/products-20171110487-2017-chateauneuf-du-pape-rouge-clos-des-papes-paul-avril-fils-rhone","1110487","20171110487"
"Paul Avril et Fils","2017","Chateauneuf-du-Pape Rouge, Clos des Papes, Paul Avril & Fils, Rhone","270","Case of 3 Magnums","https://www.bbr.com/products-20171110487-2017-chateauneuf-du-pape-rouge-clos-des-papes-paul-avril-fils-rhone","1110487","20171110487"
"Paul Avril et Fils","2017","Chateauneuf-du-Pape Rouge, Clos des Papes, Paul Avril & Fils, Rhone","300","Case of 3 Magnums","https://www.bbr.com/products-20171110487-2017-chateauneuf-du-pape-rouge-clos-des-papes-paul-avril-fils-rhone","1110487","20171110487"
"Paul Avril et Fils","2001","Chateauneuf-du-Pape Rouge, Clos des Papes, Paul Avril &amp; Fils, Rhone","825","Case of 12 Bottles","https://www.bbr.com/products-20011110487-2001-chateauneuf-du-pape-rouge-clos-des-papes-paul-avril-and-fils-rhone","1110487","20011110487"
"Paul Avril et Fils","2003","Chateauneuf-du-Pape Rouge, Clos des Papes, Paul Avril &amp; Fils, Rhone","925","Case of 12 Bottles","https://www.bbr.com/products-20031110487-2003-chateauneuf-du-pape-rouge-clos-des-papes-paul-avril-and-fils-rhone","1110487","20031110487"
"Paul Avril et Fils","2004","Chateauneuf-du-Pape Rouge, Clos des Papes, Paul Avril &amp; Fils, Rhone","787","Case of 12 Bottles","https://www.bbr.com/products-20041110487-2004-chateauneuf-du-pape-rouge-clos-des-papes-paul-avril-and-fils-rhone","1110487","20041110487"
"Paul Avril et Fils","2005","Chateauneuf-du-Pape Rouge, Clos des Papes, Paul Avril &amp; Fils, Rhone","685","Case of 6 Bottles","https://www.bbr.com/products-20051110487-2005-chateauneuf-du-pape-rouge-clos-des-papes-paul-avril-and-fils-rhone","1110487","20051110487"
"Paul Avril et Fils","2005","Chateauneuf-du-Pape Rouge, Clos des Papes, Paul Avril &amp; Fils, Rhone","925","Case of 12 Bottles","https://www.bbr.com/products-20051110487-2005-chateauneuf-du-pape-rouge-clos-des-papes-paul-avril-and-fils-rhone","1110487","20051110487"
"Paul Avril et Fils","2006","Chateauneuf-du-Pape Rouge, Clos des Papes, Paul Avril &amp; Fils, Rhone","449","Case of 6 Bottles","https://www.bbr.com/products-20061110487-2006-chateauneuf-du-pape-rouge-clos-des-papes-paul-avril-and-fils-rhone","1110487","20061110487"
"Paul Avril et Fils","2006","Chateauneuf-du-Pape Rouge, Clos des Papes, Paul Avril &amp; Fils, Rhone","828","Case of 12 Bottles","https://www.bbr.com/products-20061110487-2006-chateauneuf-du-pape-rouge-clos-des-papes-paul-avril-and-fils-rhone","1110487","20061110487"
"Paul Avril et Fils","2006","Chateauneuf-du-Pape Rouge, Clos des Papes, Paul Avril &amp; Fils, Rhone","850","Case of 6 Magnums","https://www.bbr.com/products-20061110487-2006-chateauneuf-du-pape-rouge-clos-des-papes-paul-avril-and-fils-rhone","1110487","20061110487"
"Paul Avril et Fils","2007","Chateauneuf-du-Pape Rouge, Clos des Papes, Paul Avril &amp; Fils, Rhone","2300","Case of 12 Bottles","https://www.bbr.com/products-20071110487-2007-chateauneuf-du-pape-rouge-clos-des-papes-paul-avril-and-fils-rhone","1110487","20071110487"
"Paul Avril et Fils","2007","Chateauneuf-du-Pape Rouge, Clos des Papes, Paul Avril &amp; Fils, Rhone","979","Case of 6 Bottles","https://www.bbr.com/products-20071110487-2007-chateauneuf-du-pape-rouge-clos-des-papes-paul-avril-and-fils-rhone","1110487","20071110487"
"Paul Avril et Fils","2008","Chateauneuf-du-Pape Rouge, Clos des Papes, Paul Avril &amp; Fils, Rhone","800","Case of 6 Magnums","https://www.bbr.com/products-20081110487-2008-chateauneuf-du-pape-rouge-clos-des-papes-paul-avril-and-fils-rhone","1110487","20081110487"
"Paul Avril et Fils","2009","Chateauneuf-du-Pape Rouge, Clos des Papes, Paul Avril &amp; Fils, Rhone","435","Case of 6 Bottles","https://www.bbr.com/products-20091110487-2009-chateauneuf-du-pape-rouge-clos-des-papes-paul-avril-and-fils-rhone","1110487","20091110487"
"Paul Avril et Fils","2009","Chateauneuf-du-Pape Rouge, Clos des Papes, Paul Avril &amp; Fils, Rhone","549","Case of 6 Bottles","https://www.bbr.com/products-20091110487-2009-chateauneuf-du-pape-rouge-clos-des-papes-paul-avril-and-fils-rhone","1110487","20091110487"
"Paul Avril et Fils","2010","Chateauneuf-du-Pape Rouge, Clos des Papes, Paul Avril &amp; Fils, Rhone","770","Case of 6 Bottles","https://www.bbr.com/products-20101110487-2010-chateauneuf-du-pape-rouge-clos-des-papes-paul-avril-and-fils-rhone","1110487","20101110487"
"Paul Avril et Fils","2010","Chateauneuf-du-Pape Rouge, Clos des Papes, Paul Avril &amp; Fils, Rhone","1800","Case of 6 Magnums","https://www.bbr.com/products-20101110487-2010-chateauneuf-du-pape-rouge-clos-des-papes-paul-avril-and-fils-rhone","1110487","20101110487"
"Paul Avril et Fils","2011","Chateauneuf-du-Pape Rouge, Clos des Papes, Paul Avril &amp; Fils, Rhone","250","Case of 6 Bottles","https://www.bbr.com/products-20111110487-2011-chateauneuf-du-pape-rouge-clos-des-papes-paul-avril-and-fils-rhone","1110487","20111110487"
"Paul Avril et Fils","2012","Chateauneuf-du-Pape Rouge, Clos des Papes, Paul Avril &amp; Fils, Rhone","258","Case of 6 Bottles","https://www.bbr.com/products-20121110487-2012-chateauneuf-du-pape-rouge-clos-des-papes-paul-avril-and-fils-rhone","1110487","20121110487"
"Paul Avril et Fils","2012","Chateauneuf-du-Pape Rouge, Clos des Papes, Paul Avril &amp; Fils, Rhone","593","Case of 12 Bottles","https://www.bbr.com/products-20121110487-2012-chateauneuf-du-pape-rouge-clos-des-papes-paul-avril-and-fils-rhone","1110487","20121110487"
"Paul Avril et Fils","2014","Chateauneuf-du-Pape Rouge, Clos des Papes, Paul Avril &amp; Fils, Rhone","250","Case of 6 Bottles","https://www.bbr.com/products-20141110487-2014-chateauneuf-du-pape-rouge-clos-des-papes-paul-avril-and-fils-rhone","1110487","20141110487"
"Paul Avril et Fils","2014","Chateauneuf-du-Pape Rouge, Clos des Papes, Paul Avril &amp; Fils, Rhone","165","Case of 1 Double Magnums","https://www.bbr.com/products-20141110487-2014-chateauneuf-du-pape-rouge-clos-des-papes-paul-avril-and-fils-rhone","1110487","20141110487"
"Paul Avril et Fils","2016","Chateauneuf-du-Pape Rouge, Clos des Papes, Paul Avril &amp; Fils, Rhone","915","Case of 12 Bottles","https://www.bbr.com/products-20161110487-2016-chateauneuf-du-pape-rouge-clos-des-papes-paul-avril-and-fils-rhone","1110487","20161110487"
"Paul Avril et Fils","2016","Chateauneuf-du-Pape Rouge, Clos des Papes, Paul Avril &amp; Fils, Rhone","925","Case of 12 Bottles","https://www.bbr.com/products-20161110487-2016-chateauneuf-du-pape-rouge-clos-des-papes-paul-avril-and-fils-rhone","1110487","20161110487"
"Paul Avril et Fils","2016","Chateauneuf-du-Pape Rouge, Clos des Papes, Paul Avril &amp; Fils, Rhone","390","Case of 6 Bottles","https://www.bbr.com/products-20161110487-2016-chateauneuf-du-pape-rouge-clos-des-papes-paul-avril-and-fils-rhone","1110487","20161110487"
"Paul Avril et Fils","2018","Chateauneuf-du-Pape Rouge, Clos des Papes, Paul Avril &amp; Fils, Rhone","250","Case of 6 Bottles","https://www.bbr.com/products-20181110487-2018-chateauneuf-du-pape-rouge-clos-des-papes-paul-avril-and-fils-rhone","1110487","20181110487"
"Paul Avril et Fils","2019","Chateauneuf-du-Pape Rouge, Clos des Papes, Paul Avril &amp; Fils, Rhone","309","Case of 6 Bottles","https://www.bbr.com/products-20191110487-2019-chateauneuf-du-pape-rouge-clos-des-papes-paul-avril-and-fils-rhone","1110487","20191110487"
"Paul Avril et Fils","2019","Chateauneuf-du-Pape Rouge, Clos des Papes, Paul Avril &amp; Fils, Rhone","450","Case of 3 Magnums","https://www.bbr.com/products-20191110487-2019-chateauneuf-du-pape-rouge-clos-des-papes-paul-avril-and-fils-rhone","1110487","20191110487"
"Paul Avril et Fils","2020","Chateauneuf-du-Pape Rouge, Clos des Papes, Paul Avril &amp; Fils, Rhone","315","Case of 6 Bottles","https://www.bbr.com/products-20201110487-2020-chateauneuf-du-pape-rouge-clos-des-papes-paul-avril-and-fils-rhone","1110487","20201110487"
"Paul Avril et Fils","2021","Chateauneuf-du-Pape Rouge, Clos des Papes, Paul Avril &amp; Fils, Rhone","400","Case of 6 Bottles","https://www.bbr.com/products-20211110487-2021-chateauneuf-du-pape-rouge-clos-des-papes-paul-avril-and-fils-rhone","1110487","20211110487"
"Paul Avril et Fils","2022","Chateauneuf-du-Pape Rouge, Clos des Papes, Paul Avril &amp; Fils, Rhone","320","Case of 6 Bottles","https://www.bbr.com/products-20221110487-2022-chateauneuf-du-pape-rouge-clos-des-papes-paul-avril-and-fils-rhone","1110487","20221110487"
"Paul Avril et Fils","2022","Chateauneuf-du-Pape Rouge, Clos des Papes, Paul Avril &amp; Fils, Rhone","900","Case of 3 Magnums","https://www.bbr.com/products-20221110487-2022-chateauneuf-du-pape-rouge-clos-des-papes-paul-avril-and-fils-rhone","1110487","20221110487"
"Paul Avril et Fils","2023","Chateauneuf-du-Pape Rouge, Clos des Papes, Paul Avril &amp; Fils, Rhone","380","Case of 6 Bottles","https://www.bbr.com/products-20231110487-2023-chateauneuf-du-pape-rouge-clos-des-papes-paul-avril-and-fils-rhone","1110487","20231110487"
"Domaine Saint Prefert","2014","Chateauneuf-du-Pape Rouge, Collection Charles Giraud, Domaine Saint Prefert, Rhone","155","Case of 6 Bottles","https://www.bbr.com/products-20141319138-2014-chateauneuf-du-pape-rouge-collection-charles-giraud-domaine-saint-prefert-rhone","1319138","20141319138"
"Domaine de Pegau","2010","Chateauneuf-du-Pape Rouge, Cuvee Reservee, Domaine du Pegau, Rhone","863","Case of 12 Bottles","https://www.bbr.com/products-20108007775-2010-chateauneuf-du-pape-rouge-cuvee-reservee-domaine-du-pegau-rhone","1115118","20108007775"
"Domaine de Pegau","2010","Chateauneuf-du-Pape Rouge, Cuvee Reservee, Domaine du Pegau, Rhone","800","Case of 12 Bottles","https://www.bbr.com/products-20108007775-2010-chateauneuf-du-pape-rouge-cuvee-reservee-domaine-du-pegau-rhone","1115118","20108007775"
"Domaine de Pegau","2010","Chateauneuf-du-Pape Rouge, Cuvee Reservee, Domaine du Pegau, Rhone","320","Case of 6 Bottles","https://www.bbr.com/products-20108007775-2010-chateauneuf-du-pape-rouge-cuvee-reservee-domaine-du-pegau-rhone","1115118","20108007775"
"Domaine de Pegau","2012","Chateauneuf-du-Pape Rouge, Cuvee Reservee, Domaine du Pegau, Rhone","480","Case of 6 Bottles","https://www.bbr.com/products-20128007775-2012-chateauneuf-du-pape-rouge-cuvee-reservee-domaine-du-pegau-rhone","1115118","20128007775"
"Domaine de Pegau","2015","Chateauneuf-du-Pape Rouge, Cuvee Reservee, Domaine du Pegau, Rhone","540","Case of 12 Bottles","https://www.bbr.com/products-20158007775-2015-chateauneuf-du-pape-rouge-cuvee-reservee-domaine-du-pegau-rhone","1115118","20158007775"
"Domaine de Pegau","2016","Chateauneuf-du-Pape Rouge, Cuvee Reservee, Domaine du Pegau, Rhone","420","Case of 12 Bottles","https://www.bbr.com/products-20168007775-2016-chateauneuf-du-pape-rouge-cuvee-reservee-domaine-du-pegau-rhone","1115118","20168007775"
"Domaine de Pegau","2016","Chateauneuf-du-Pape Rouge, Cuvee Reservee, Domaine du Pegau, Rhone","445","Case of 12 Bottles","https://www.bbr.com/products-20168007775-2016-chateauneuf-du-pape-rouge-cuvee-reservee-domaine-du-pegau-rhone","1115118","20168007775"
"Domaine Charvin","2019","Chateauneuf-du-Pape Rouge, Domaine Charvin, Rhone","280","Case of 6 Bottles","https://www.bbr.com/products-20198213156-2019-chateauneuf-du-pape-rouge-domaine-charvin-rhone","1109892","20198213156"
"Domaine Charvin","2021","Chateauneuf-du-Pape Rouge, Domaine Charvin, Rhone","400","Case of 12 Bottles","https://www.bbr.com/products-20218213156-2021-chateauneuf-du-pape-rouge-domaine-charvin-rhone","1109892","20218213156"
"Domaine Grand Veneur","2010","Chateauneuf-du-Pape Rouge, Domaine Grand Veneur, Rhone","410","Case of 12 Bottles","https://www.bbr.com/products-20108212957-2010-chateauneuf-du-pape-rouge-domaine-grand-veneur-rhone","1112973","20108212957"
"Domaine Raymond Usseglio","2010","Chateauneuf-du-Pape Rouge, Domaine Raymond Usseglio & Fils, Rhone","498","Case of 12 Bottles","https://www.bbr.com/products-20101117691-2010-chateauneuf-du-pape-rouge-domaine-raymond-usseglio-fils-rhone","1117691","20101117691"
"Domaine Raymond Usseglio","2019","Chateauneuf-du-Pape Rouge, Domaine Raymond Usseglio & Fils, Rhone","268","Case of 6 Bottles","https://www.bbr.com/products-20191117691-2019-chateauneuf-du-pape-rouge-domaine-raymond-usseglio-fils-rhone","1117691","20191117691"
"Domaine Raymond Usseglio","2016","Chateauneuf-du-Pape Rouge, Domaine Raymond Usseglio &amp; Fils, Rhone","160","Case of 6 Bottles","https://www.bbr.com/products-20161117691-2016-chateauneuf-du-pape-rouge-domaine-raymond-usseglio-and-fils-rhone","1117691","20161117691"
"Domaine Raymond Usseglio","2020","Chateauneuf-du-Pape Rouge, Domaine Raymond Usseglio &amp; Fils, Rhone","160","Case of 6 Bottles","https://www.bbr.com/products-20201117691-2020-chateauneuf-du-pape-rouge-domaine-raymond-usseglio-and-fils-rhone","1117691","20201117691"
"Domaine de la Charbonniere","2008","Chateauneuf-du-Pape Rouge, Domaine de la Charbonniere, Rhone","774","Case of 12 Bottles","https://www.bbr.com/products-20088027980-2008-chateauneuf-du-pape-rouge-domaine-de-la-charbonniere-rhone","1109821","20088027980"
"Domaine de la Janasse","2012","Chateauneuf-du-Pape Rouge, Domaine de la Janasse, Rhone","145","Case of 6 Bottles","https://www.bbr.com/products-20128007023-2012-chateauneuf-du-pape-rouge-domaine-de-la-janasse-rhone","1113925","20128007023"
"Domaine de la Janasse","2016","Chateauneuf-du-Pape Rouge, Domaine de la Janasse, Rhone","150","Case of 6 Bottles","https://www.bbr.com/products-20168007023-2016-chateauneuf-du-pape-rouge-domaine-de-la-janasse-rhone","1113925","20168007023"
"Domaine de la Janasse","2017","Chateauneuf-du-Pape Rouge, Domaine de la Janasse, Rhone","295","Case of 12 Bottles","https://www.bbr.com/products-20178007023-2017-chateauneuf-du-pape-rouge-domaine-de-la-janasse-rhone","1113925","20178007023"
"Domaine de la Janasse","2022","Chateauneuf-du-Pape Rouge, Domaine de la Janasse, Rhone","244","Case of 6 Bottles","https://www.bbr.com/products-20228007023-2022-chateauneuf-du-pape-rouge-domaine-de-la-janasse-rhone","1113925","20228007023"
"Domaine Des Saumades","2006","Chateauneuf-du-Pape Rouge, Domaine des Saumades, Rhone","804","Case of 12 Bottles","https://www.bbr.com/products-20068005322-2006-chateauneuf-du-pape-rouge-domaine-des-saumades-rhone","1176434","20068005322"
"Domaine Des Saumades","2016","Chateauneuf-du-Pape Rouge, Domaine des Saumades, Rhone","540","Case of 12 Bottles","https://www.bbr.com/products-20168005322-2016-chateauneuf-du-pape-rouge-domaine-des-saumades-rhone","1176434","20168005322"
"Domaine Des Saumades","2018","Chateauneuf-du-Pape Rouge, Domaine des Saumades, Rhone","600","Case of 12 Bottles","https://www.bbr.com/products-20188005322-2018-chateauneuf-du-pape-rouge-domaine-des-saumades-rhone","1176434","20188005322"
"Domaine Des Saumades","2019","Chateauneuf-du-Pape Rouge, Domaine des Saumades, Rhone","240","Case of 6 Bottles","https://www.bbr.com/products-20198005322-2019-chateauneuf-du-pape-rouge-domaine-des-saumades-rhone","1176434","20198005322"
"Domaine Des Saumades","2020","Chateauneuf-du-Pape Rouge, Domaine des Saumades, Rhone","185","Case of 6 Bottles","https://www.bbr.com/products-20208005322-2020-chateauneuf-du-pape-rouge-domaine-des-saumades-rhone","1176434","20208005322"
"Domaine Des Saumades","2022","Chateauneuf-du-Pape Rouge, Domaine des Saumades, Rhone","115","Case of 6 Bottles","https://www.bbr.com/products-20228005322-2022-chateauneuf-du-pape-rouge-domaine-des-saumades-rhone","1176434","20228005322"
"Domaine des Senechaux","2007","Chateauneuf-du-Pape Rouge, Domaine des Senechaux, Rhone","340","Case of 12 Bottles","https://www.bbr.com/products-20078005957-2007-chateauneuf-du-pape-rouge-domaine-des-senechaux-rhone","1116362","20078005957"
"Domaine des Senechaux","2010","Chateauneuf-du-Pape Rouge, Domaine des Senechaux, Rhone","220","Case of 6 Bottles","https://www.bbr.com/products-20108005957-2010-chateauneuf-du-pape-rouge-domaine-des-senechaux-rhone","1116362","20108005957"
"Domaine des Senechaux","2014","Chateauneuf-du-Pape Rouge, Domaine des Senechaux, Rhone","780","Case of 12 Bottles","https://www.bbr.com/products-20148005957-2014-chateauneuf-du-pape-rouge-domaine-des-senechaux-rhone","1116362","20148005957"
"Domaine des Senechaux","2021","Chateauneuf-du-Pape Rouge, Domaine des Senechaux, Rhone","210","Case of 6 Bottles","https://www.bbr.com/products-20218005957-2021-chateauneuf-du-pape-rouge-domaine-des-senechaux-rhone","1116362","20218005957"
"Vieux Telegraphe","2004","Chateauneuf-du-Pape Rouge, La Crau, Domaine du Vieux Telegraphe, Rhone","450","Case of 12 Bottles","https://www.bbr.com/products-20041118076-2004-chateauneuf-du-pape-rouge-la-crau-domaine-du-vieux-telegraphe-rhone","1118076","20041118076"
"Vieux Telegraphe","2005","Chateauneuf-du-Pape Rouge, La Crau, Domaine du Vieux Telegraphe, Rhone","700","Case of 6 Magnums","https://www.bbr.com/products-20051118076-2005-chateauneuf-du-pape-rouge-la-crau-domaine-du-vieux-telegraphe-rhone","1118076","20051118076"
"Vieux Telegraphe","2007","Chateauneuf-du-Pape Rouge, La Crau, Domaine du Vieux Telegraphe, Rhone","449","Case of 6 Bottles","https://www.bbr.com/products-20071118076-2007-chateauneuf-du-pape-rouge-la-crau-domaine-du-vieux-telegraphe-rhone","1118076","20071118076"
"Vieux Telegraphe","2010","Chateauneuf-du-Pape Rouge, La Crau, Domaine du Vieux Telegraphe, Rhone","450","Case of 6 Bottles","https://www.bbr.com/products-20101118076-2010-chateauneuf-du-pape-rouge-la-crau-domaine-du-vieux-telegraphe-rhone","1118076","20101118076"
"Vieux Telegraphe","2010","Chateauneuf-du-Pape Rouge, La Crau, Domaine du Vieux Telegraphe, Rhone","750","Case of 6 Bottles","https://www.bbr.com/products-20101118076-2010-chateauneuf-du-pape-rouge-la-crau-domaine-du-vieux-telegraphe-rhone","1118076","20101118076"
"Vieux Telegraphe","2010","Chateauneuf-du-Pape Rouge, La Crau, Domaine du Vieux Telegraphe, Rhone","490","Case of 3 Magnums","https://www.bbr.com/products-20101118076-2010-chateauneuf-du-pape-rouge-la-crau-domaine-du-vieux-telegraphe-rhone","1118076","20101118076"
"Vieux Telegraphe","2011","Chateauneuf-du-Pape Rouge, La Crau, Domaine du Vieux Telegraphe, Rhone","269","Case of 3 Magnums","https://www.bbr.com/products-20111118076-2011-chateauneuf-du-pape-rouge-la-crau-domaine-du-vieux-telegraphe-rhone","1118076","20111118076"
"Vieux Telegraphe","2012","Chateauneuf-du-Pape Rouge, La Crau, Domaine du Vieux Telegraphe, Rhone","645","Case of 6 Bottles","https://www.bbr.com/products-20121118076-2012-chateauneuf-du-pape-rouge-la-crau-domaine-du-vieux-telegraphe-rhone","1118076","20121118076"
"Vieux Telegraphe","2012","Chateauneuf-du-Pape Rouge, La Crau, Domaine du Vieux Telegraphe, Rhone","240","Case of 3 Magnums","https://www.bbr.com/products-20121118076-2012-chateauneuf-du-pape-rouge-la-crau-domaine-du-vieux-telegraphe-rhone","1118076","20121118076"
"Vieux Telegraphe","2015","Chateauneuf-du-Pape Rouge, La Crau, Domaine du Vieux Telegraphe, Rhone","270","Case of 6 Bottles","https://www.bbr.com/products-20151118076-2015-chateauneuf-du-pape-rouge-la-crau-domaine-du-vieux-telegraphe-rhone","1118076","20151118076"
"Vieux Telegraphe","2016","Chateauneuf-du-Pape Rouge, La Crau, Domaine du Vieux Telegraphe, Rhone","320","Case of 6 Bottles","https://www.bbr.com/products-20161118076-2016-chateauneuf-du-pape-rouge-la-crau-domaine-du-vieux-telegraphe-rhone","1118076","20161118076"
"Vieux Telegraphe","2016","Chateauneuf-du-Pape Rouge, La Crau, Domaine du Vieux Telegraphe, Rhone","330","Case of 3 Magnums","https://www.bbr.com/products-20161118076-2016-chateauneuf-du-pape-rouge-la-crau-domaine-du-vieux-telegraphe-rhone","1118076","20161118076"
"Vieux Telegraphe","2017","Chateauneuf-du-Pape Rouge, La Crau, Domaine du Vieux Telegraphe, Rhone","240","Case of 6 Bottles","https://www.bbr.com/products-20171118076-2017-chateauneuf-du-pape-rouge-la-crau-domaine-du-vieux-telegraphe-rhone","1118076","20171118076"
"Vieux Telegraphe","2018","Chateauneuf-du-Pape Rouge, La Crau, Domaine du Vieux Telegraphe, Rhone","280","Case of 6 Bottles","https://www.bbr.com/products-20181118076-2018-chateauneuf-du-pape-rouge-la-crau-domaine-du-vieux-telegraphe-rhone","1118076","20181118076"
"Vieux Telegraphe","2018","Chateauneuf-du-Pape Rouge, La Crau, Domaine du Vieux Telegraphe, Rhone","245","Case of 6 Bottles","https://www.bbr.com/products-20181118076-2018-chateauneuf-du-pape-rouge-la-crau-domaine-du-vieux-telegraphe-rhone","1118076","20181118076"
"Vieux Telegraphe","2018","Chateauneuf-du-Pape Rouge, La Crau, Domaine du Vieux Telegraphe, Rhone","240","Case of 6 Bottles","https://www.bbr.com/products-20181118076-2018-chateauneuf-du-pape-rouge-la-crau-domaine-du-vieux-telegraphe-rhone","1118076","20181118076"
"Vieux Telegraphe","2019","Chateauneuf-du-Pape Rouge, La Crau, Domaine du Vieux Telegraphe, Rhone","270","Case of 6 Bottles","https://www.bbr.com/products-20191118076-2019-chateauneuf-du-pape-rouge-la-crau-domaine-du-vieux-telegraphe-rhone","1118076","20191118076"
"Vieux Telegraphe","2019","Chateauneuf-du-Pape Rouge, La Crau, Domaine du Vieux Telegraphe, Rhone","269","Case of 6 Bottles","https://www.bbr.com/products-20191118076-2019-chateauneuf-du-pape-rouge-la-crau-domaine-du-vieux-telegraphe-rhone","1118076","20191118076"
"Vieux Telegraphe","2020","Chateauneuf-du-Pape Rouge, La Crau, Domaine du Vieux Telegraphe, Rhone","360","Case of 6 Bottles","https://www.bbr.com/products-20201118076-2020-chateauneuf-du-pape-rouge-la-crau-domaine-du-vieux-telegraphe-rhone","1118076","20201118076"
"Vieux Telegraphe","2020","Chateauneuf-du-Pape Rouge, La Crau, Domaine du Vieux Telegraphe, Rhone","235","Case of 3 Magnums","https://www.bbr.com/products-20201118076-2020-chateauneuf-du-pape-rouge-la-crau-domaine-du-vieux-telegraphe-rhone","1118076","20201118076"
"Vieux Telegraphe","2021","Chateauneuf-du-Pape Rouge, La Crau, Domaine du Vieux Telegraphe, Rhone","282","Case of 6 Bottles","https://www.bbr.com/products-20211118076-2021-chateauneuf-du-pape-rouge-la-crau-domaine-du-vieux-telegraphe-rhone","1118076","20211118076"
"Xavier Vignon","","Chateauneuf-du-Pape Rouge, La Reserve VII IX X, Xavier Vignon, Rhone","220","Case of 6 Bottles","https://www.bbr.com/products-10008079107-chateauneuf-du-pape-rouge-la-reserve-vii-ix-x-xavier-vignon-rhone","1546415","10008079107"
"La Famille Perrin","2014","Chateauneuf-du-Pape Rouge, Les Chapouins, Famille Perrin, Rhone","364","Case of 6 Bottles","https://www.bbr.com/products-20148046260-2014-chateauneuf-du-pape-rouge-les-chapouins-famille-perrin-rhone","1536700","20148046260"
"Domaine Pierre Usseglio","2016","Chateauneuf-du-Pape Rouge, Not For You!, Pierre Usseglio, Rhone","235","Case of 1 Bottles","https://www.bbr.com/products-20168103464-2016-chateauneuf-du-pape-rouge-not-for-you-pierre-usseglio-rhone","1117675","20168103464"
"Domaine Pierre Usseglio","2019","Chateauneuf-du-Pape Rouge, Not For You!, Pierre Usseglio, Rhone","1066","Case of 6 Bottles","https://www.bbr.com/products-20198103464-2019-chateauneuf-du-pape-rouge-not-for-you-pierre-usseglio-rhone","1117675","20198103464"
"Rotem and Mounir Saouma","2012","Chateauneuf-du-Pape Rouge, Omnia, Rotem &amp; Mounir Saouma, Rhone","200","Case of 6 Bottles","https://www.bbr.com/products-20128209238-2012-chateauneuf-du-pape-rouge-omnia-rotem-and-mounir-saouma-rhone","1213869","20128209238"
"Rotem and Mounir Saouma","2013","Chateauneuf-du-Pape Rouge, Omnia, Rotem &amp; Mounir Saouma, Rhone","360","Case of 6 Bottles","https://www.bbr.com/products-20138209238-2013-chateauneuf-du-pape-rouge-omnia-rotem-and-mounir-saouma-rhone","1213869","20138209238"
"Rotem and Mounir Saouma","2014","Chateauneuf-du-Pape Rouge, Omnia, Rotem &amp; Mounir Saouma, Rhone","378","Case of 6 Bottles","https://www.bbr.com/products-20148209238-2014-chateauneuf-du-pape-rouge-omnia-rotem-and-mounir-saouma-rhone","1213869","20148209238"
"Rotem and Mounir Saouma","2014","Chateauneuf-du-Pape Rouge, Omnia, Rotem &amp; Mounir Saouma, Rhone","383","Case of 6 Bottles","https://www.bbr.com/products-20148209238-2014-chateauneuf-du-pape-rouge-omnia-rotem-and-mounir-saouma-rhone","1213869","20148209238"
"Rotem and Mounir Saouma","2015","Chateauneuf-du-Pape Rouge, Omnia, Rotem &amp; Mounir Saouma, Rhone","406","Case of 6 Bottles","https://www.bbr.com/products-20158209238-2015-chateauneuf-du-pape-rouge-omnia-rotem-and-mounir-saouma-rhone","1213869","20158209238"
"Rotem and Mounir Saouma","2016","Chateauneuf-du-Pape Rouge, Omnia, Rotem &amp; Mounir Saouma, Rhone","384","Case of 6 Bottles","https://www.bbr.com/products-20168209238-2016-chateauneuf-du-pape-rouge-omnia-rotem-and-mounir-saouma-rhone","1213869","20168209238"
"Rotem and Mounir Saouma","2017","Chateauneuf-du-Pape Rouge, Omnia, Rotem &amp; Mounir Saouma, Rhone","384","Case of 6 Bottles","https://www.bbr.com/products-20178209238-2017-chateauneuf-du-pape-rouge-omnia-rotem-and-mounir-saouma-rhone","1213869","20178209238"
"Rotem and Mounir Saouma","2018","Chateauneuf-du-Pape Rouge, Omnia, Rotem &amp; Mounir Saouma, Rhone","378","Case of 6 Bottles","https://www.bbr.com/products-20188209238-2018-chateauneuf-du-pape-rouge-omnia-rotem-and-mounir-saouma-rhone","1213869","20188209238"
"Rotem and Mounir Saouma","2019","Chateauneuf-du-Pape Rouge, Omnia, Rotem &amp; Mounir Saouma, Rhone","365","Case of 6 Bottles","https://www.bbr.com/products-20198209238-2019-chateauneuf-du-pape-rouge-omnia-rotem-and-mounir-saouma-rhone","1213869","20198209238"
"Rotem and Mounir Saouma","2020","Chateauneuf-du-Pape Rouge, Omnia, Rotem &amp; Mounir Saouma, Rhone","365","Case of 6 Bottles","https://www.bbr.com/products-20208209238-2020-chateauneuf-du-pape-rouge-omnia-rotem-and-mounir-saouma-rhone","1213869","20208209238"
"Domaine la Barroche","2018","Chateauneuf-du-Pape Rouge, Pure, Domaine La Barroche, Rhone","520","Case of 6 Bottles","https://www.bbr.com/products-20188213244-2018-chateauneuf-du-pape-rouge-pure-domaine-la-barroche-rhone","1108329","20188213244"
"Domaine Pierre Usseglio","2001","Chateauneuf-du-Pape Rouge, Reserve des Deux Freres, Pierre Usseglio, Rhone","675","Case of 6 Bottles","https://www.bbr.com/products-20018116138-2001-chateauneuf-du-pape-rouge-reserve-des-deux-freres-pierre-usseglio-rhone","1117659","20018116138"
"Domaine Pierre Usseglio","2010","Chateauneuf-du-Pape Rouge, Reserve des Deux Freres, Pierre Usseglio, Rhone","450","Case of 6 Bottles","https://www.bbr.com/products-20108116138-2010-chateauneuf-du-pape-rouge-reserve-des-deux-freres-pierre-usseglio-rhone","1117659","20108116138"
"Domaine Pierre Usseglio","2016","Chateauneuf-du-Pape Rouge, Reserve des Deux Freres, Pierre Usseglio, Rhone","690","Case of 6 Bottles","https://www.bbr.com/products-20168116138-2016-chateauneuf-du-pape-rouge-reserve-des-deux-freres-pierre-usseglio-rhone","1117659","20168116138"
"Domaine Pierre Usseglio","2020","Chateauneuf-du-Pape Rouge, Reserve des Deux Freres, Pierre Usseglio, Rhone","235","Case of 3 Bottles","https://www.bbr.com/products-20208116138-2020-chateauneuf-du-pape-rouge-reserve-des-deux-freres-pierre-usseglio-rhone","1117659","20208116138"
"Domaine la Cabotte","2020","Chateauneuf-du-Pape Rouge, Vieilles Vignes, Domaine la Cabotte, Rhone","280","Case of 6 Bottles","https://www.bbr.com/products-20208151566-2020-chateauneuf-du-pape-rouge-vieilles-vignes-domaine-la-cabotte-rhone","1145399","20208151566"
"Lucien Le Moine","2013","Chateauneuf-du-Pape, Arioso, Lucien le Moine","712","Case of 6 Bottles","https://www.bbr.com/products-20138202486-2013-chateauneuf-du-pape-arioso-lucien-le-moine","1531851","20138202486"
"Maison Chapoutier","2000","Chateauneuf-du-Pape, Barbe Rac, M. Chapoutier, Rhone","285","Case of 3 Magnums","https://www.bbr.com/products-20008007111-2000-chateauneuf-du-pape-barbe-rac-m-chapoutier-rhone","1109498","20008007111"
"Maison Chapoutier","2007","Chateauneuf-du-Pape, Barbe Rac, M. Chapoutier, Rhone","620","Case of 6 Bottles","https://www.bbr.com/products-20078007111-2007-chateauneuf-du-pape-barbe-rac-m-chapoutier-rhone","1109498","20078007111"
"Maison Chapoutier","2012","Chateauneuf-du-Pape, Barbe Rac, M. Chapoutier, Rhone","500","Case of 6 Bottles","https://www.bbr.com/products-20128007111-2012-chateauneuf-du-pape-barbe-rac-m-chapoutier-rhone","1109498","20128007111"
"Maison Chapoutier","2020","Chateauneuf-du-Pape, Barbe Rac, M. Chapoutier, Rhone","360","Case of 6 Bottles","https://www.bbr.com/products-20208007111-2020-chateauneuf-du-pape-barbe-rac-m-chapoutier-rhone","1109498","20208007111"
"Domaine de la Janasse","2010","Chateauneuf-du-Pape, Chaupin, Domaine de la Janasse, Rhone","575","Case of 6 Bottles","https://www.bbr.com/products-20108007036-2010-chateauneuf-du-pape-chaupin-domaine-de-la-janasse-rhone","1113954","20108007036"
"Domaine de la Janasse","2012","Chateauneuf-du-Pape, Chaupin, Domaine de la Janasse, Rhone","400","Case of 12 Bottles","https://www.bbr.com/products-20128007036-2012-chateauneuf-du-pape-chaupin-domaine-de-la-janasse-rhone","1113954","20128007036"
"Domaine de la Janasse","2013","Chateauneuf-du-Pape, Chaupin, Domaine de la Janasse, Rhone","200","Case of 6 Bottles","https://www.bbr.com/products-20138007036-2013-chateauneuf-du-pape-chaupin-domaine-de-la-janasse-rhone","1113954","20138007036"
"Domaine de la Janasse","2014","Chateauneuf-du-Pape, Chaupin, Domaine de la Janasse, Rhone","180","Case of 6 Bottles","https://www.bbr.com/products-20148007036-2014-chateauneuf-du-pape-chaupin-domaine-de-la-janasse-rhone","1113954","20148007036"
"Domaine de la Janasse","2015","Chateauneuf-du-Pape, Chaupin, Domaine de la Janasse, Rhone","195","Case of 6 Bottles","https://www.bbr.com/products-20158007036-2015-chateauneuf-du-pape-chaupin-domaine-de-la-janasse-rhone","1113954","20158007036"
"Domaine de la Janasse","2016","Chateauneuf-du-Pape, Chaupin, Domaine de la Janasse, Rhone","224","Case of 6 Bottles","https://www.bbr.com/products-20168007036-2016-chateauneuf-du-pape-chaupin-domaine-de-la-janasse-rhone","1113954","20168007036"
"Domaine de la Janasse","2017","Chateauneuf-du-Pape, Chaupin, Domaine de la Janasse, Rhone","208","Case of 6 Bottles","https://www.bbr.com/products-20178007036-2017-chateauneuf-du-pape-chaupin-domaine-de-la-janasse-rhone","1113954","20178007036"
"Domaine de la Janasse","2019","Chateauneuf-du-Pape, Chaupin, Domaine de la Janasse, Rhone","199","Case of 6 Bottles","https://www.bbr.com/products-20198007036-2019-chateauneuf-du-pape-chaupin-domaine-de-la-janasse-rhone","1113954","20198007036"
"Domaine de la Janasse","2019","Chateauneuf-du-Pape, Chaupin, Domaine de la Janasse, Rhone","200","Case of 6 Bottles","https://www.bbr.com/products-20198007036-2019-chateauneuf-du-pape-chaupin-domaine-de-la-janasse-rhone","1113954","20198007036"
"Domaine de la Janasse","2020","Chateauneuf-du-Pape, Chaupin, Domaine de la Janasse, Rhone","250","Case of 6 Bottles","https://www.bbr.com/products-20208007036-2020-chateauneuf-du-pape-chaupin-domaine-de-la-janasse-rhone","1113954","20208007036"
"Domaine de la Janasse","2022","Chateauneuf-du-Pape, Chaupin, Domaine de la Janasse, Rhone","240","Case of 6 Bottles","https://www.bbr.com/products-20228007036-2022-chateauneuf-du-pape-chaupin-domaine-de-la-janasse-rhone","1113954","20228007036"
"Domaine Saint Prefert","2012","Chateauneuf-du-Pape, Colombis, Domaine Saint Prefert, Isabel Ferrando, Rhone","440","Case of 6 Bottles","https://www.bbr.com/products-20128136978-2012-chateauneuf-du-pape-colombis-domaine-saint-prefert-isabel-ferrando-rhone","1311754","20128136978"
"Domaine Saint Prefert","2012","Chateauneuf-du-Pape, Colombis, Domaine Saint Prefert, Isabel Ferrando, Rhone","440","Case of 3 Magnums","https://www.bbr.com/products-20128136978-2012-chateauneuf-du-pape-colombis-domaine-saint-prefert-isabel-ferrando-rhone","1311754","20128136978"
"Domaine Saint Prefert","2013","Chateauneuf-du-Pape, Colombis, Domaine Saint Prefert, Isabel Ferrando, Rhone","350","Case of 6 Bottles","https://www.bbr.com/products-20138136978-2013-chateauneuf-du-pape-colombis-domaine-saint-prefert-isabel-ferrando-rhone","1311754","20138136978"
"Domaine Saint Prefert","2015","Chateauneuf-du-Pape, Colombis, Domaine Saint Prefert, Isabel Ferrando, Rhone","300","Case of 6 Bottles","https://www.bbr.com/products-20158136978-2015-chateauneuf-du-pape-colombis-domaine-saint-prefert-isabel-ferrando-rhone","1311754","20158136978"
"Maison Chapoutier","2022","Chateauneuf-du-Pape, Croix de Bois, M. Chapoutier, Rhone","275","Case of 6 Bottles","https://www.bbr.com/products-20228007166-2022-chateauneuf-du-pape-croix-de-bois-m-chapoutier-rhone","1109528","20228007166"
"Xavier Vignon","2007","Chateauneuf-du-Pape, Cuvee Anonyme X, Xavier Vignon, Rhone","500","Case of 12 Bottles","https://www.bbr.com/products-20078203089-2007-chateauneuf-du-pape-cuvee-anonyme-x-xavier-vignon-rhone","1495827","20078203089"
"Xavier Vignon","2009","Chateauneuf-du-Pape, Cuvee Anonyme X, Xavier Vignon, Rhone","500","Case of 12 Bottles","https://www.bbr.com/products-20098203089-2009-chateauneuf-du-pape-cuvee-anonyme-x-xavier-vignon-rhone","1495827","20098203089"
"Xavier Vignon","2010","Chateauneuf-du-Pape, Cuvee Anonyme X, Xavier Vignon, Rhone","210","Case of 6 Bottles","https://www.bbr.com/products-20108203089-2010-chateauneuf-du-pape-cuvee-anonyme-x-xavier-vignon-rhone","1495827","20108203089"
"Xavier Vignon","2010","Chateauneuf-du-Pape, Cuvee Anonyme X, Xavier Vignon, Rhone","450","Case of 12 Bottles","https://www.bbr.com/products-20108203089-2010-chateauneuf-du-pape-cuvee-anonyme-x-xavier-vignon-rhone","1495827","20108203089"
"Domaine de Pegau","2007","Chateauneuf-du-Pape, Cuvee Da Capo, Domaine du Pegau, Rhone","3400","Case of 12 Bottles","https://www.bbr.com/products-20078116268-2007-chateauneuf-du-pape-cuvee-da-capo-domaine-du-pegau-rhone","1115062","20078116268"
"Domaine de Pegau","2007","Chateauneuf-du-Pape, Cuvee Da Capo, Domaine du Pegau, Rhone","1670","Case of 3 Magnums","https://www.bbr.com/products-20078116268-2007-chateauneuf-du-pape-cuvee-da-capo-domaine-du-pegau-rhone","1115062","20078116268"
"Domaine de Pegau","2010","Chateauneuf-du-Pape, Cuvee Da Capo, Domaine du Pegau, Rhone","4750","Case of 12 Bottles","https://www.bbr.com/products-20108116268-2010-chateauneuf-du-pape-cuvee-da-capo-domaine-du-pegau-rhone","1115062","20108116268"
"Domaine de Pegau","2015","Chateauneuf-du-Pape, Cuvee Da Capo, Domaine du Pegau, Rhone","1500","Case of 3 Magnums","https://www.bbr.com/products-20158116268-2015-chateauneuf-du-pape-cuvee-da-capo-domaine-du-pegau-rhone","1115062","20158116268"
"Domaine de Pegau","2016","Chateauneuf-du-Pape, Cuvee Da Capo, Domaine du Pegau, Rhone","1050","Case of 6 Bottles","https://www.bbr.com/products-20168116268-2016-chateauneuf-du-pape-cuvee-da-capo-domaine-du-pegau-rhone","1115062","20168116268"
"Domaine de Pegau","2016","Chateauneuf-du-Pape, Cuvee Da Capo, Domaine du Pegau, Rhone","1050","Case of 6 Bottles","https://www.bbr.com/products-20168116268-2016-chateauneuf-du-pape-cuvee-da-capo-domaine-du-pegau-rhone","1115062","20168116268"
"Domaine Raymond Usseglio","2007","Chateauneuf-du-Pape, Cuvee Imperiale, Domaine Raymond Usseglio & Fils, Rhone","500","Case of 12 Bottles","https://www.bbr.com/products-20078015255-2007-chateauneuf-du-pape-cuvee-imperiale-domaine-raymond-usseglio-fils-rhone","1174283","20078015255"
"Domaine Raymond Usseglio","2010","Chateauneuf-du-Pape, Cuvee Imperiale, Domaine Raymond Usseglio & Fils, Rhone","925","Case of 12 Bottles","https://www.bbr.com/products-20108015255-2010-chateauneuf-du-pape-cuvee-imperiale-domaine-raymond-usseglio-fils-rhone","1174283","20108015255"
"Domaine Raymond Usseglio","2010","Chateauneuf-du-Pape, Cuvee Imperiale, Domaine Raymond Usseglio & Fils, Rhone","510","Case of 6 Bottles","https://www.bbr.com/products-20108015255-2010-chateauneuf-du-pape-cuvee-imperiale-domaine-raymond-usseglio-fils-rhone","1174283","20108015255"
"Domaine Raymond Usseglio","2013","Chateauneuf-du-Pape, Cuvee Imperiale, Domaine Raymond Usseglio & Fils, Rhone","200","Case of 6 Bottles","https://www.bbr.com/products-20138015255-2013-chateauneuf-du-pape-cuvee-imperiale-domaine-raymond-usseglio-fils-rhone","1174283","20138015255"
"Domaine Raymond Usseglio","2015","Chateauneuf-du-Pape, Cuvee Imperiale, Domaine Raymond Usseglio & Fils, Rhone","165","Case of 6 Bottles","https://www.bbr.com/products-20158015255-2015-chateauneuf-du-pape-cuvee-imperiale-domaine-raymond-usseglio-fils-rhone","1174283","20158015255"
"Domaine Raymond Usseglio","2019","Chateauneuf-du-Pape, Cuvee Imperiale, Domaine Raymond Usseglio & Fils, Rhone","350","Case of 12 Bottles","https://www.bbr.com/products-20198015255-2019-chateauneuf-du-pape-cuvee-imperiale-domaine-raymond-usseglio-fils-rhone","1174283","20198015255"
"Domaine Raymond Usseglio","2019","Chateauneuf-du-Pape, Cuvee Imperiale, Domaine Raymond Usseglio & Fils, Rhone","240","Case of 6 Bottles","https://www.bbr.com/products-20198015255-2019-chateauneuf-du-pape-cuvee-imperiale-domaine-raymond-usseglio-fils-rhone","1174283","20198015255"
"Domaine Raymond Usseglio","2016","Chateauneuf-du-Pape, Cuvee Imperiale, Domaine Raymond Usseglio &amp; Fils, Rhone","179","Case of 6 Bottles","https://www.bbr.com/products-20168015255-2016-chateauneuf-du-pape-cuvee-imperiale-domaine-raymond-usseglio-and-fils-rhone","1174283","20168015255"
"Domaine Raymond Usseglio","2016","Chateauneuf-du-Pape, Cuvee Imperiale, Domaine Raymond Usseglio &amp; Fils, Rhone","169","Case of 6 Bottles","https://www.bbr.com/products-20168015255-2016-chateauneuf-du-pape-cuvee-imperiale-domaine-raymond-usseglio-and-fils-rhone","1174283","20168015255"
"Domaine Raymond Usseglio","2016","Chateauneuf-du-Pape, Cuvee Imperiale, Domaine Raymond Usseglio &amp; Fils, Rhone","245","Case of 3 Magnums","https://www.bbr.com/products-20168015255-2016-chateauneuf-du-pape-cuvee-imperiale-domaine-raymond-usseglio-and-fils-rhone","1174283","20168015255"
"Domaine Raymond Usseglio","2017","Chateauneuf-du-Pape, Cuvee Imperiale, Domaine Raymond Usseglio &amp; Fils, Rhone","269","Case of 6 Bottles","https://www.bbr.com/products-20178015255-2017-chateauneuf-du-pape-cuvee-imperiale-domaine-raymond-usseglio-and-fils-rhone","1174283","20178015255"
"Domaine Raymond Usseglio","2020","Chateauneuf-du-Pape, Cuvee Imperiale, Domaine Raymond Usseglio &amp; Fils, Rhone","229","Case of 6 Bottles","https://www.bbr.com/products-20208015255-2020-chateauneuf-du-pape-cuvee-imperiale-domaine-raymond-usseglio-and-fils-rhone","1174283","20208015255"
"Domaine Raymond Usseglio","2022","Chateauneuf-du-Pape, Cuvee Imperiale, Domaine Raymond Usseglio &amp; Fils, Rhone","300","Case of 6 Bottles","https://www.bbr.com/products-20228015255-2022-chateauneuf-du-pape-cuvee-imperiale-domaine-raymond-usseglio-and-fils-rhone","1174283","20228015255"
"Domaine Henri Bonneau","2011","Chateauneuf-du-Pape, Cuvee Marie Beurrier, Henri Bonneau, Rhone","2547","Case of 12 Bottles","https://www.bbr.com/products-20111108853-2011-chateauneuf-du-pape-cuvee-marie-beurrier-henri-bonneau-rhone","1108853","20111108853"
"Domaine Saint Prefert","2015","Chateauneuf-du-Pape, Cuvee Speciale Vieilles Clairettes, Domaine Saint Prefert, Rhone","430","Case of 3 Magnums","https://www.bbr.com/products-20151378854-2015-chateauneuf-du-pape-cuvee-speciale-vieilles-clairettes-domaine-saint-prefert-rhone","1378854","20151378854"
"Domaine Tardieu Laurent","2018","Chateauneuf-du-Pape, Cuvee Speciale, Domaine Tardieu-Laurent, Rhone","235","Case of 6 Bottles","https://www.bbr.com/products-20188400185-2018-chateauneuf-du-pape-cuvee-speciale-domaine-tardieu-laurent-rhone","","20188400185"
"Domaine Tardieu Laurent","2001","Chateauneuf-du-Pape, Cuvee Speciale, Tardieu-Laurent, Rhone","740","Case of 12 Bottles","https://www.bbr.com/products-20018212843-2001-chateauneuf-du-pape-cuvee-speciale-tardieu-laurent-rhone","1117109","20018212843"
"Domaine Pierre Usseglio","2010","Chateauneuf-du-Pape, Cuvee de Mon Aieul, Domaine Pierre Usseglio &amp; Fils, Rhone","635","Case of 12 Bottles","https://www.bbr.com/products-20108116125-2010-chateauneuf-du-pape-cuvee-de-mon-aieul-domaine-pierre-usseglio-and-fils-rhone","1117662","20108116125"
"Domaine Pierre Usseglio","2012","Chateauneuf-du-Pape, Cuvee de Mon Aieul, Domaine Pierre Usseglio &amp; Fils, Rhone","398","Case of 6 Bottles","https://www.bbr.com/products-20128116125-2012-chateauneuf-du-pape-cuvee-de-mon-aieul-domaine-pierre-usseglio-and-fils-rhone","1117662","20128116125"
"Domaine Pierre Usseglio","2012","Chateauneuf-du-Pape, Cuvee de Mon Aieul, Domaine Pierre Usseglio &amp; Fils, Rhone","398","Case of 3 Magnums","https://www.bbr.com/products-20128116125-2012-chateauneuf-du-pape-cuvee-de-mon-aieul-domaine-pierre-usseglio-and-fils-rhone","1117662","20128116125"
"Domaine Pierre Usseglio","2016","Chateauneuf-du-Pape, Cuvee de Mon Aieul, Domaine Pierre Usseglio &amp; Fils, Rhone","400","Case of 6 Bottles","https://www.bbr.com/products-20168116125-2016-chateauneuf-du-pape-cuvee-de-mon-aieul-domaine-pierre-usseglio-and-fils-rhone","1117662","20168116125"
"Domaine Pierre Usseglio","2019","Chateauneuf-du-Pape, Cuvee de Mon Aieul, Domaine Pierre Usseglio &amp; Fils, Rhone","333","Case of 6 Bottles","https://www.bbr.com/products-20198116125-2019-chateauneuf-du-pape-cuvee-de-mon-aieul-domaine-pierre-usseglio-and-fils-rhone","1117662","20198116125"
"Chateau La Nerthe","2010","Chateauneuf-du-Pape, Cuvee des Cadettes, Chateau la Nerthe, Rhone","550","Case of 6 Bottles","https://www.bbr.com/products-20108028987-2010-chateauneuf-du-pape-cuvee-des-cadettes-chateau-la-nerthe-rhone","1114775","20108028987"
"Chateau La Nerthe","2010","Chateauneuf-du-Pape, Cuvee des Cadettes, Chateau la Nerthe, Rhone","510","Case of 6 Bottles","https://www.bbr.com/products-20108028987-2010-chateauneuf-du-pape-cuvee-des-cadettes-chateau-la-nerthe-rhone","1114775","20108028987"
"Chateau La Nerthe","2010","Chateauneuf-du-Pape, Cuvee des Cadettes, Chateau la Nerthe, Rhone","450","Case of 3 Magnums","https://www.bbr.com/products-20108028987-2010-chateauneuf-du-pape-cuvee-des-cadettes-chateau-la-nerthe-rhone","1114775","20108028987"
"Chateau La Nerthe","2012","Chateauneuf-du-Pape, Cuvee des Cadettes, Chateau la Nerthe, Rhone","450","Case of 3 Magnums","https://www.bbr.com/products-20128028987-2012-chateauneuf-du-pape-cuvee-des-cadettes-chateau-la-nerthe-rhone","1114775","20128028987"
"Chateau La Nerthe","2015","Chateauneuf-du-Pape, Cuvee des Cadettes, Chateau la Nerthe, Rhone","354","Case of 6 Bottles","https://www.bbr.com/products-20158028987-2015-chateauneuf-du-pape-cuvee-des-cadettes-chateau-la-nerthe-rhone","1114775","20158028987"
"Chateau La Nerthe","2016","Chateauneuf-du-Pape, Cuvee des Cadettes, Chateau la Nerthe, Rhone","410","Case of 6 Bottles","https://www.bbr.com/products-20168028987-2016-chateauneuf-du-pape-cuvee-des-cadettes-chateau-la-nerthe-rhone","1114775","20168028987"
"Chateau La Nerthe","2018","Chateauneuf-du-Pape, Cuvee des Cadettes, Chateau la Nerthe, Rhone","298","Case of 6 Bottles","https://www.bbr.com/products-20188028987-2018-chateauneuf-du-pape-cuvee-des-cadettes-chateau-la-nerthe-rhone","1114775","20188028987"
"Chateau La Nerthe","2019","Chateauneuf-du-Pape, Cuvee des Cadettes, Chateau la Nerthe, Rhone","420","Case of 6 Bottles","https://www.bbr.com/products-20198028987-2019-chateauneuf-du-pape-cuvee-des-cadettes-chateau-la-nerthe-rhone","1114775","20198028987"
"Chateau La Nerthe","2020","Chateauneuf-du-Pape, Cuvee des Cadettes, Chateau la Nerthe, Rhone","398","Case of 6 Bottles","https://www.bbr.com/products-20208028987-2020-chateauneuf-du-pape-cuvee-des-cadettes-chateau-la-nerthe-rhone","1114775","20208028987"
"Chateau La Nerthe","2022","Chateauneuf-du-Pape, Cuvee des Cadettes, Chateau la Nerthe, Rhone","450","Case of 6 Bottles","https://www.bbr.com/products-20228028987-2022-chateauneuf-du-pape-cuvee-des-cadettes-chateau-la-nerthe-rhone","1114775","20228028987"
"Clos Saint Jean","2012","Chateauneuf-du-Pape, Deus-ex Machina, Clos Saint Jean, Rhone","495","Case of 6 Bottles","https://www.bbr.com/products-20128212351-2012-chateauneuf-du-pape-deus-ex-machina-clos-saint-jean-rhone","1126295","20128212351"
"Domaine Pierre Usseglio","2011","Chateauneuf-du-Pape, Domaine Pierre Usseglio & Fils, Rhone","250","Case of 6 Bottles","https://www.bbr.com/products-20118116141-2011-chateauneuf-du-pape-domaine-pierre-usseglio-fils-rhone","1117620","20118116141"
"Domaine Tardieu Laurent","2005","Chateauneuf-du-Pape, Domaine Tardieu-Laurent","575","Case of 12 Bottles","https://www.bbr.com/products-20058212869-2005-chateauneuf-du-pape-domaine-tardieu-laurent","1117079","20058212869"
"Domaine de Marcoux","2013","Chateauneuf-du-Pape, Domaine de Marcoux, Rhone","200","Case of 6 Bottles","https://www.bbr.com/products-20138009421-2013-chateauneuf-du-pape-domaine-de-marcoux-rhone","1114267","20138009421"
"Domaine de Marcoux","2015","Chateauneuf-du-Pape, Domaine de Marcoux, Rhone","300","Case of 6 Bottles","https://www.bbr.com/products-20158009421-2015-chateauneuf-du-pape-domaine-de-marcoux-rhone","1114267","20158009421"
"Domaine de Marcoux","2016","Chateauneuf-du-Pape, Domaine de Marcoux, Rhone","195","Case of 6 Bottles","https://www.bbr.com/products-20168009421-2016-chateauneuf-du-pape-domaine-de-marcoux-rhone","1114267","20168009421"
"Domaine de Marcoux","2017","Chateauneuf-du-Pape, Domaine de Marcoux, Rhone","235","Case of 6 Bottles","https://www.bbr.com/products-20178009421-2017-chateauneuf-du-pape-domaine-de-marcoux-rhone","1114267","20178009421"
"Domaine de Marcoux","2018","Chateauneuf-du-Pape, Domaine de Marcoux, Rhone","195","Case of 6 Bottles","https://www.bbr.com/products-20188009421-2018-chateauneuf-du-pape-domaine-de-marcoux-rhone","1114267","20188009421"
"Domaine de Marcoux","2020","Chateauneuf-du-Pape, Domaine de Marcoux, Rhone","340","Case of 6 Bottles","https://www.bbr.com/products-20208009421-2020-chateauneuf-du-pape-domaine-de-marcoux-rhone","1114267","20208009421"
"Domaine de Marcoux","2021","Chateauneuf-du-Pape, Domaine de Marcoux, Rhone","295","Case of 6 Bottles","https://www.bbr.com/products-20218009421-2021-chateauneuf-du-pape-domaine-de-marcoux-rhone","1114267","20218009421"
"Domaine de Marcoux","2022","Chateauneuf-du-Pape, Domaine de Marcoux, Rhone","215","Case of 6 Bottles","https://www.bbr.com/products-20228009421-2022-chateauneuf-du-pape-domaine-de-marcoux-rhone","1114267","20228009421"
"Domaine de Marcoux","2023","Chateauneuf-du-Pape, Domaine de Marcoux, Rhone","300","Case of 6 Bottles","https://www.bbr.com/products-20238009421-2023-chateauneuf-du-pape-domaine-de-marcoux-rhone","1114267","20238009421"
"Domaine la Barroche","2016","Chateauneuf-du-Pape, Fiancee, Domaine la Barroche, Rhone","260","Case of 6 Bottles","https://www.bbr.com/products-20168177861-2016-chateauneuf-du-pape-fiancee-domaine-la-barroche-rhone","1108316","20168177861"
"Bosquet des Papes","2015","Chateauneuf-du-Pape, Glorie de Mon Grand-Pere, Bosquet des Papes","480","Case of 12 Bottles","https://www.bbr.com/products-20158207739-2015-chateauneuf-du-pape-glorie-de-mon-grand-pere-bosquet-des-papes","1250233","20158207739"
"Domaine Henri Bonneau","2007","Chateauneuf-du-Pape, Henri Bonneau, Rhone","2690","Case of 12 Bottles","https://www.bbr.com/products-20071470587-2007-chateauneuf-du-pape-henri-bonneau-rhone","1470587","20071470587"
"Domaine Henri Bonneau","2010","Chateauneuf-du-Pape, Henri Bonneau, Rhone","1790","Case of 12 Bottles","https://www.bbr.com/products-20101470587-2010-chateauneuf-du-pape-henri-bonneau-rhone","1470587","20101470587"
"Chateau de Beaucastel","2003","Chateauneuf-du-Pape, Hommage a Jacques Perrin, Chateau de Beaucastel, Rhone","500","Case of 1 Magnums","https://www.bbr.com/products-20038006778-2003-chateauneuf-du-pape-hommage-a-jacques-perrin-chateau-de-beaucastel-rhone","1108404","20038006778"
"Chateau de Beaucastel","2010","Chateauneuf-du-Pape, Hommage a Jacques Perrin, Chateau de Beaucastel, Rhone","630","Case of 3 Bottles","https://www.bbr.com/products-20108006778-2010-chateauneuf-du-pape-hommage-a-jacques-perrin-chateau-de-beaucastel-rhone","1108404","20108006778"
"Chateau de Beaucastel","2010","Chateauneuf-du-Pape, Hommage a Jacques Perrin, Chateau de Beaucastel, Rhone","850","Case of 1 Magnums","https://www.bbr.com/products-20108006778-2010-chateauneuf-du-pape-hommage-a-jacques-perrin-chateau-de-beaucastel-rhone","1108404","20108006778"
"Chateau de Beaucastel","2012","Chateauneuf-du-Pape, Hommage a Jacques Perrin, Chateau de Beaucastel, Rhone","525","Case of 3 Bottles","https://www.bbr.com/products-20128006778-2012-chateauneuf-du-pape-hommage-a-jacques-perrin-chateau-de-beaucastel-rhone","1108404","20128006778"
"Chateau de Beaucastel","2013","Chateauneuf-du-Pape, Hommage a Jacques Perrin, Chateau de Beaucastel, Rhone","575","Case of 3 Bottles","https://www.bbr.com/products-20138006778-2013-chateauneuf-du-pape-hommage-a-jacques-perrin-chateau-de-beaucastel-rhone","1108404","20138006778"
"Chateau de Beaucastel","2013","Chateauneuf-du-Pape, Hommage a Jacques Perrin, Chateau de Beaucastel, Rhone","450","Case of 3 Bottles","https://www.bbr.com/products-20138006778-2013-chateauneuf-du-pape-hommage-a-jacques-perrin-chateau-de-beaucastel-rhone","1108404","20138006778"
"Chateau de Beaucastel","2013","Chateauneuf-du-Pape, Hommage a Jacques Perrin, Chateau de Beaucastel, Rhone","500","Case of 3 Bottles","https://www.bbr.com/products-20138006778-2013-chateauneuf-du-pape-hommage-a-jacques-perrin-chateau-de-beaucastel-rhone","1108404","20138006778"
"Chateau de Beaucastel","2013","Chateauneuf-du-Pape, Hommage a Jacques Perrin, Chateau de Beaucastel, Rhone","450","Case of 1 Magnums","https://www.bbr.com/products-20138006778-2013-chateauneuf-du-pape-hommage-a-jacques-perrin-chateau-de-beaucastel-rhone","1108404","20138006778"
"Chateau de Beaucastel","2014","Chateauneuf-du-Pape, Hommage a Jacques Perrin, Chateau de Beaucastel, Rhone","460","Case of 3 Bottles","https://www.bbr.com/products-20148006778-2014-chateauneuf-du-pape-hommage-a-jacques-perrin-chateau-de-beaucastel-rhone","1108404","20148006778"
"Chateau de Beaucastel","2015","Chateauneuf-du-Pape, Hommage a Jacques Perrin, Chateau de Beaucastel, Rhone","795","Case of 3 Bottles","https://www.bbr.com/products-20158006778-2015-chateauneuf-du-pape-hommage-a-jacques-perrin-chateau-de-beaucastel-rhone","1108404","20158006778"
"Chateau de Beaucastel","2015","Chateauneuf-du-Pape, Hommage a Jacques Perrin, Chateau de Beaucastel, Rhone","899","Case of 3 Bottles","https://www.bbr.com/products-20158006778-2015-chateauneuf-du-pape-hommage-a-jacques-perrin-chateau-de-beaucastel-rhone","1108404","20158006778"
"Chateau de Beaucastel","2016","Chateauneuf-du-Pape, Hommage a Jacques Perrin, Chateau de Beaucastel, Rhone","625","Case of 3 Bottles","https://www.bbr.com/products-20168006778-2016-chateauneuf-du-pape-hommage-a-jacques-perrin-chateau-de-beaucastel-rhone","1108404","20168006778"
"Chateau de Beaucastel","2016","Chateauneuf-du-Pape, Hommage a Jacques Perrin, Chateau de Beaucastel, Rhone","606","Case of 3 Bottles","https://www.bbr.com/products-20168006778-2016-chateauneuf-du-pape-hommage-a-jacques-perrin-chateau-de-beaucastel-rhone","1108404","20168006778"
"Chateau de Beaucastel","2016","Chateauneuf-du-Pape, Hommage a Jacques Perrin, Chateau de Beaucastel, Rhone","1300","Case of 1 Magnums","https://www.bbr.com/products-20168006778-2016-chateauneuf-du-pape-hommage-a-jacques-perrin-chateau-de-beaucastel-rhone","1108404","20168006778"
"Chateau de Beaucastel","2017","Chateauneuf-du-Pape, Hommage a Jacques Perrin, Chateau de Beaucastel, Rhone","448","Case of 3 Bottles","https://www.bbr.com/products-20178006778-2017-chateauneuf-du-pape-hommage-a-jacques-perrin-chateau-de-beaucastel-rhone","1108404","20178006778"
"Chateau de Beaucastel","2018","Chateauneuf-du-Pape, Hommage a Jacques Perrin, Chateau de Beaucastel, Rhone","550","Case of 3 Bottles","https://www.bbr.com/products-20188006778-2018-chateauneuf-du-pape-hommage-a-jacques-perrin-chateau-de-beaucastel-rhone","1108404","20188006778"
"Chateau de Beaucastel","2018","Chateauneuf-du-Pape, Hommage a Jacques Perrin, Chateau de Beaucastel, Rhone","1650","Case of 3 Bottles","https://www.bbr.com/products-20188006778-2018-chateauneuf-du-pape-hommage-a-jacques-perrin-chateau-de-beaucastel-rhone","1108404","20188006778"
"Chateau de Beaucastel","2019","Chateauneuf-du-Pape, Hommage a Jacques Perrin, Chateau de Beaucastel, Rhone","550","Case of 3 Bottles","https://www.bbr.com/products-20198006778-2019-chateauneuf-du-pape-hommage-a-jacques-perrin-chateau-de-beaucastel-rhone","1108404","20198006778"
"Chateau de Beaucastel","2020","Chateauneuf-du-Pape, Hommage a Jacques Perrin, Chateau de Beaucastel, Rhone","750","Case of 3 Bottles","https://www.bbr.com/products-20208006778-2020-chateauneuf-du-pape-hommage-a-jacques-perrin-chateau-de-beaucastel-rhone","1108404","20208006778"
"Chateau de Beaucastel","2011","Chateauneuf-du-Pape, Hommage a Jacques Perrin, Chateau de Beaucastel,Rhone","474","Case of 3 Bottles","https://www.bbr.com/products-20118006778-2011-chateauneuf-du-pape-hommage-a-jacques-perrin-chateau-de-beaucastel-rhone","1108404","20118006778"
"Chateau de Beaucastel","2011","Chateauneuf-du-Pape, Hommage a Jacques Perrin, Chateau de Beaucastel,Rhone","688","Case of 3 Bottles","https://www.bbr.com/products-20118006778-2011-chateauneuf-du-pape-hommage-a-jacques-perrin-chateau-de-beaucastel-rhone","1108404","20118006778"
"Chateau de Beaucastel","2011","Chateauneuf-du-Pape, Hommage a Jacques Perrin, Chateau de Beaucastel,Rhone","525","Case of 3 Bottles","https://www.bbr.com/products-20118006778-2011-chateauneuf-du-pape-hommage-a-jacques-perrin-chateau-de-beaucastel-rhone","1108404","20118006778"
"Clos Saint Jean","2010","Chateauneuf-du-Pape, La Combe des Fous, Clos Saint Jean, Rhone","600","Case of 6 Bottles","https://www.bbr.com/products-20108026752-2010-chateauneuf-du-pape-la-combe-des-fous-clos-saint-jean-rhone","1126309","20108026752"
"Chapelle St. Theodoric","2016","Chateauneuf-du-Pape, La Guigasse, Chapelle St. Theodoric, Rhone","360","Case of 6 Bottles","https://www.bbr.com/products-20168172866-2016-chateauneuf-du-pape-la-guigasse-chapelle-st-theodoric-rhone","1330555","20168172866"
"Chapelle St. Theodoric","2018","Chateauneuf-du-Pape, La Guigasse, Chapelle St. Theodoric, Rhone","225","Case of 3 Bottles","https://www.bbr.com/products-20188172866-2018-chateauneuf-du-pape-la-guigasse-chapelle-st-theodoric-rhone","1330555","20188172866"
"Chapelle St. Theodoric","2020","Chateauneuf-du-Pape, La Guigasse, Chapelle St. Theodoric, Rhone","380","Case of 6 Bottles","https://www.bbr.com/products-20208172866-2020-chateauneuf-du-pape-la-guigasse-chapelle-st-theodoric-rhone","1330555","20208172866"
"Domaine Raymond Usseglio","2020","Chateauneuf-du-Pape, La Part des Anges, Domaine Raymond Usseglio &amp; Fils, Rhone","230","Case of 6 Bottles","https://www.bbr.com/products-20208031677-2020-chateauneuf-du-pape-la-part-des-anges-domaine-raymond-usseglio-and-fils-rhone","1310454","20208031677"
"Domaine de la Mordoree","2012","Chateauneuf-du-Pape, La Reine des Bois, Domaine de la Mordoree, Rhone","220","Case of 6 Bottles","https://www.bbr.com/products-20121114632-2012-chateauneuf-du-pape-la-reine-des-bois-domaine-de-la-mordoree-rhone","1114632","20121114632"
"Domaine de la Mordoree","2022","Chateauneuf-du-Pape, La Reine des Bois, Domaine de la Mordoree, Rhone","290","Case of 6 Bottles","https://www.bbr.com/products-20221114632-2022-chateauneuf-du-pape-la-reine-des-bois-domaine-de-la-mordoree-rhone","1114632","20221114632"
"Clos du Caillou","2020","Chateauneuf-du-Pape, La Reserve, Le Clos du Caillou, Rhone","575","Case of 6 Bottles","https://www.bbr.com/products-20208157539-2020-chateauneuf-du-pape-la-reserve-le-clos-du-caillou-rhone","1110285","20208157539"
"Chapelle St. Theodoric","2017","Chateauneuf-du-Pape, Le Grand Pin, Chapelle St. Theodoric, Rhone","240","Case of 3 Bottles","https://www.bbr.com/products-20178156457-2017-chateauneuf-du-pape-le-grand-pin-chapelle-st-theodoric-rhone","1308107","20178156457"
"Chapelle St. Theodoric","2018","Chateauneuf-du-Pape, Le Grand Pin, Chapelle St. Theodoric, Rhone","290","Case of 3 Bottles","https://www.bbr.com/products-20188156457-2018-chateauneuf-du-pape-le-grand-pin-chapelle-st-theodoric-rhone","1308107","20188156457"
"Chapelle St. Theodoric","2019","Chateauneuf-du-Pape, Le Grand Pin, Chapelle St. Theodoric, Rhone","550","Case of 6 Bottles","https://www.bbr.com/products-20198156457-2019-chateauneuf-du-pape-le-grand-pin-chapelle-st-theodoric-rhone","1308107","20198156457"
"Domaine Roger Sabon","2010","Chateauneuf-du-Pape, Le Secret des Sabon, Roger Sabon, Rhone","950","Case of 6 Bottles","https://www.bbr.com/products-20101170487-2010-chateauneuf-du-pape-le-secret-des-sabon-roger-sabon-rhone","1170487","20101170487"
"Domaine Roger Sabon","2011","Chateauneuf-du-Pape, Le Secret des Sabon, Roger Sabon, Rhone","575","Case of 6 Bottles","https://www.bbr.com/products-20111170487-2011-chateauneuf-du-pape-le-secret-des-sabon-roger-sabon-rhone","1170487","20111170487"
"Domaine Roger Sabon","2012","Chateauneuf-du-Pape, Le Secret des Sabon, Roger Sabon, Rhone","500","Case of 6 Bottles","https://www.bbr.com/products-20121170487-2012-chateauneuf-du-pape-le-secret-des-sabon-roger-sabon-rhone","1170487","20121170487"
"Le Vieux Donjon","2009","Chateauneuf-du-Pape, Le Vieux Donjon, Rhone","884","Case of 12 Bottles","https://www.bbr.com/products-20098109147-2009-chateauneuf-du-pape-le-vieux-donjon-rhone","1330601","20098109147"
"Domaine Giraud","2010","Chateauneuf-du-Pape, Les Gallimardes, Domaine Giraud, Rhone","390","Case of 6 Bottles","https://www.bbr.com/products-20108213026-2010-chateauneuf-du-pape-les-gallimardes-domaine-giraud-rhone","1112713","20108213026"
"Domaine de la Vieille Julienne","2019","Chateauneuf-du-Pape, Les Hauts-Lieux, Domaine de la Vieille Julienne, Rhone","380","Case of 6 Bottles","https://www.bbr.com/products-20198111944-2019-chateauneuf-du-pape-les-hauts-lieux-domaine-de-la-vieille-julienne-rhone","1238877","20198111944"
"Domaine de la Vieille Julienne","2017","Chateauneuf-du-Pape, Les Hauts-Lieux, Domaine de la Vieille Julienne, Rhone","200","Case of 6 Bottles","https://www.bbr.com/products-20178111944-2017-chateauneuf-du-pape-les-hauts-lieux-domaine-de-la-vieille-julienne-rhone","1238877","20178111944"
"Domaine de la Vieille Julienne","2018","Chateauneuf-du-Pape, Les Trois Sources, Domaine de la Vieille Julienne,","270","Case of 6 Bottles","https://www.bbr.com/products-20188206237-2018-chateauneuf-du-pape-les-trois-sources-domaine-de-la-vieille-julienne","1315606","20188206237"
"Domaine de la Vieille Julienne","2019","Chateauneuf-du-Pape, Les Trois Sources, Domaine de la Vieille Julienne,","230","Case of 6 Bottles","https://www.bbr.com/products-20198206237-2019-chateauneuf-du-pape-les-trois-sources-domaine-de-la-vieille-julienne","1315606","20198206237"
"Domaine de la Vieille Julienne","2016","Chateauneuf-du-Pape, Les Trois Sources, Domaine de la Vieille Julienne, Rhone","220","Case of 6 Bottles","https://www.bbr.com/products-20168206237-2016-chateauneuf-du-pape-les-trois-sources-domaine-de-la-vieille-julienne-rhone","1315606","20168206237"
"Domaine de la Vieille Julienne","2016","Chateauneuf-du-Pape, Les Trois Sources, Domaine de la Vieille Julienne, Rhone","250","Case of 6 Bottles","https://www.bbr.com/products-20168206237-2016-chateauneuf-du-pape-les-trois-sources-domaine-de-la-vieille-julienne-rhone","1315606","20168206237"
"Pierre-Henri Morel","2015","Chateauneuf-du-Pape, Lieu-Dit Pignan, Pierre-Henri Morel, Rhone","210","Case of 6 Bottles","https://www.bbr.com/products-20158204161-2015-chateauneuf-du-pape-lieu-dit-pignan-pierre-henri-morel-rhone","1410356","20158204161"
"Georges Lelektsoglou","2020","Chateauneuf-du-Pape, Lieu-dit Pignan, Georges Lelektsoglou, Rhone","590","Case of 6 Bottles","https://www.bbr.com/products-20208149424-2020-chateauneuf-du-pape-lieu-dit-pignan-georges-lelektsoglou-rhone","2154587","20208149424"
"Domaine de la Charbonniere","2016","Chateauneuf-du-Pape, Mourre des Perdrix, Domaine de la Charbonniere, Rhone","170","Case of 3 Magnums","https://www.bbr.com/products-20168027964-2016-chateauneuf-du-pape-mourre-des-perdrix-domaine-de-la-charbonniere-rhone","1109850","20168027964"
"Vignobles Brunier","2019","Chateauneuf-du-Pape, Piedlong, Famille Brunier, Rhone","204","Case of 6 Bottles","https://www.bbr.com/products-20198136949-2019-chateauneuf-du-pape-piedlong-famille-brunier-rhone","1313426","20198136949"
"Vignobles Brunier","2023","Chateauneuf-du-Pape, Piedlong, Famille Brunier, Rhone","195","Case of 6 Bottles","https://www.bbr.com/products-20238136949-2023-chateauneuf-du-pape-piedlong-famille-brunier-rhone","1313426","20238136949"
"Vignobles Brunier","2015","Chateauneuf-du-Pape, Piedlong, Vignobles Brunier","300","Case of 6 Bottles","https://www.bbr.com/products-20158136949-2015-chateauneuf-du-pape-piedlong-vignobles-brunier","1313426","20158136949"
"Vignobles Brunier","2016","Chateauneuf-du-Pape, Piedlong, Vignobles Brunier","140","Case of 6 Bottles","https://www.bbr.com/products-20168136949-2016-chateauneuf-du-pape-piedlong-vignobles-brunier","1313426","20168136949"
"Vignobles Brunier","2017","Chateauneuf-du-Pape, Piedlong, Vignobles Brunier","400","Case of 12 Bottles","https://www.bbr.com/products-20178136949-2017-chateauneuf-du-pape-piedlong-vignobles-brunier","1313426","20178136949"
"Domaine Roger Sabon","2007","Chateauneuf-du-Pape, Prestige, Roger Sabon, Rhone","420","Case of 12 Bottles","https://www.bbr.com/products-20078024253-2007-chateauneuf-du-pape-prestige-roger-sabon-rhone","1116128","20078024253"
"Domaine Roger Sabon","2010","Chateauneuf-du-Pape, Prestige, Roger Sabon, Rhone","245","Case of 6 Bottles","https://www.bbr.com/products-20108024253-2010-chateauneuf-du-pape-prestige-roger-sabon-rhone","1116128","20108024253"
"Domaine Roger Sabon","2011","Chateauneuf-du-Pape, Prestige, Roger Sabon, Rhone","160","Case of 6 Bottles","https://www.bbr.com/products-20118024253-2011-chateauneuf-du-pape-prestige-roger-sabon-rhone","1116128","20118024253"
"Domaine Roger Sabon","2012","Chateauneuf-du-Pape, Prestige, Roger Sabon, Rhone","165","Case of 6 Bottles","https://www.bbr.com/products-20128024253-2012-chateauneuf-du-pape-prestige-roger-sabon-rhone","1116128","20128024253"
"Domaine Roger Sabon","2012","Chateauneuf-du-Pape, Prestige, Roger Sabon, Rhone","162","Case of 3 Magnums","https://www.bbr.com/products-20128024253-2012-chateauneuf-du-pape-prestige-roger-sabon-rhone","1116128","20128024253"
"Domaine Raymond Usseglio","2015","Chateauneuf-du-Pape, Pure Roussane, Domaine Raymond Usseglio & Fils, Rhone","260","Case of 6 Bottles","https://www.bbr.com/products-20158031680-2015-chateauneuf-du-pape-pure-roussane-domaine-raymond-usseglio-fils-rhone","1325180","20158031680"
"Domaine Raymond Usseglio","2022","Chateauneuf-du-Pape, Pure Roussane, Domaine Raymond Usseglio & Fils, Rhone","275","Case of 6 Bottles","https://www.bbr.com/products-20228031680-2022-chateauneuf-du-pape-pure-roussane-domaine-raymond-usseglio-fils-rhone","1325180","20228031680"
"Domaine Raymond Usseglio","2020","Chateauneuf-du-Pape, Pure Roussane, Domaine Raymond Usseglio &amp; Fils, Rhone","420","Case of 12 Bottles","https://www.bbr.com/products-20208031680-2020-chateauneuf-du-pape-pure-roussane-domaine-raymond-usseglio-and-fils-rhone","1325180","20208031680"
"Domaine Raymond Usseglio","2021","Chateauneuf-du-Pape, Pure Roussane, Domaine Raymond Usseglio &amp; Fils, Rhone","315","Case of 6 Bottles","https://www.bbr.com/products-20218031680-2021-chateauneuf-du-pape-pure-roussane-domaine-raymond-usseglio-and-fils-rhone","1325180","20218031680"
"Domaine la Barroche","2007","Chateauneuf-du-Pape, Pure, Domaine La Barroche","700","Case of 6 Bottles","https://www.bbr.com/products-20078213244-2007-chateauneuf-du-pape-pure-domaine-la-barroche","1108329","20078213244"
"Domaine de Ferrand","2010","Chateauneuf-du-Pape, Rouge, Domaine de Ferrand","380","Case of 12 Bottles","https://www.bbr.com/products-20108213068-2010-chateauneuf-du-pape-rouge-domaine-de-ferrand","1111787","20108213068"
"Chateau de Beaucastel","2006","Chateauneuf-du-Pape, Roussanne, Vieilles Vignes, Chateau de Beaucastel, Rhone","700","Case of 6 Bottles","https://www.bbr.com/products-20061314885-2006-chateauneuf-du-pape-roussanne-vieilles-vignes-chateau-de-beaucastel-rhone","1314885","20061314885"
"Chateau de Beaucastel","2009","Chateauneuf-du-Pape, Roussanne, Vieilles Vignes, Chateau de Beaucastel, Rhone","1300","Case of 6 Bottles","https://www.bbr.com/products-20091314885-2009-chateauneuf-du-pape-roussanne-vieilles-vignes-chateau-de-beaucastel-rhone","1314885","20091314885"
"Chateau de Beaucastel","2010","Chateauneuf-du-Pape, Roussanne, Vieilles Vignes, Chateau de Beaucastel, Rhone","700","Case of 6 Bottles","https://www.bbr.com/products-20101314885-2010-chateauneuf-du-pape-roussanne-vieilles-vignes-chateau-de-beaucastel-rhone","1314885","20101314885"
"Chateau de Beaucastel","2010","Chateauneuf-du-Pape, Roussanne, Vieilles Vignes, Chateau de Beaucastel, Rhone","750","Case of 6 Bottles","https://www.bbr.com/products-20101314885-2010-chateauneuf-du-pape-roussanne-vieilles-vignes-chateau-de-beaucastel-rhone","1314885","20101314885"
"Chateau de Beaucastel","2011","Chateauneuf-du-Pape, Roussanne, Vieilles Vignes, Chateau de Beaucastel, Rhone","1000","Case of 6 Bottles","https://www.bbr.com/products-20111314885-2011-chateauneuf-du-pape-roussanne-vieilles-vignes-chateau-de-beaucastel-rhone","1314885","20111314885"
"Chateau de Beaucastel","2013","Chateauneuf-du-Pape, Roussanne, Vieilles Vignes, Chateau de Beaucastel, Rhone","680","Case of 6 Bottles","https://www.bbr.com/products-20131314885-2013-chateauneuf-du-pape-roussanne-vieilles-vignes-chateau-de-beaucastel-rhone","1314885","20131314885"
"Chateau de Beaucastel","2015","Chateauneuf-du-Pape, Roussanne, Vieilles Vignes, Chateau de Beaucastel, Rhone","300","Case of 3 Bottles","https://www.bbr.com/products-20151314885-2015-chateauneuf-du-pape-roussanne-vieilles-vignes-chateau-de-beaucastel-rhone","1314885","20151314885"
"Chateau de Beaucastel","2016","Chateauneuf-du-Pape, Roussanne, Vieilles Vignes, Chateau de Beaucastel, Rhone","345","Case of 3 Bottles","https://www.bbr.com/products-20161314885-2016-chateauneuf-du-pape-roussanne-vieilles-vignes-chateau-de-beaucastel-rhone","1314885","20161314885"
"Chateau de Beaucastel","2018","Chateauneuf-du-Pape, Roussanne, Vieilles Vignes, Chateau de Beaucastel, Rhone","395","Case of 3 Bottles","https://www.bbr.com/products-20181314885-2018-chateauneuf-du-pape-roussanne-vieilles-vignes-chateau-de-beaucastel-rhone","1314885","20181314885"
"Chateau de Beaucastel","2019","Chateauneuf-du-Pape, Roussanne, Vieilles Vignes, Chateau de Beaucastel, Rhone","340","Case of 3 Bottles","https://www.bbr.com/products-20191314885-2019-chateauneuf-du-pape-roussanne-vieilles-vignes-chateau-de-beaucastel-rhone","1314885","20191314885"
"Chateau de Beaucastel","2020","Chateauneuf-du-Pape, Roussanne, Vieilles Vignes, Chateau de Beaucastel, Rhone","310","Case of 3 Bottles","https://www.bbr.com/products-20201314885-2020-chateauneuf-du-pape-roussanne-vieilles-vignes-chateau-de-beaucastel-rhone","1314885","20201314885"
"Chateau de Beaucastel","2021","Chateauneuf-du-Pape, Roussanne, Vieilles Vignes, Chateau de Beaucastel, Rhone","340","Case of 3 Bottles","https://www.bbr.com/products-20211314885-2021-chateauneuf-du-pape-roussanne-vieilles-vignes-chateau-de-beaucastel-rhone","1314885","20211314885"
"Chateau de Beaucastel","2022","Chateauneuf-du-Pape, Roussanne, Vieilles Vignes, Chateau de Beaucastel, Rhone","445","Case of 3 Bottles","https://www.bbr.com/products-20221314885-2022-chateauneuf-du-pape-roussanne-vieilles-vignes-chateau-de-beaucastel-rhone","1314885","20221314885"
"Chateau de Beaucastel","2023","Chateauneuf-du-Pape, Roussanne, Vieilles Vignes, Chateau de Beaucastel, Rhone","435","Case of 3 Bottles","https://www.bbr.com/products-20231314885-2023-chateauneuf-du-pape-roussanne-vieilles-vignes-chateau-de-beaucastel-rhone","1314885","20231314885"
"Domaine Saint Prefert","2011","Chateauneuf-du-Pape, Reserve Auguste Favier, Domaine Saint Prefert, Rhone","270","Case of 6 Bottles","https://www.bbr.com/products-20111116199-2011-chateauneuf-du-pape-reserve-auguste-favier-domaine-saint-prefert-rhone","1116199","20111116199"
"Domaine Saint Prefert","2012","Chateauneuf-du-Pape, Reserve Auguste Favier, Domaine Saint Prefert, Rhone","245","Case of 6 Bottles","https://www.bbr.com/products-20121116199-2012-chateauneuf-du-pape-reserve-auguste-favier-domaine-saint-prefert-rhone","1116199","20121116199"
"Domaine Saint Prefert","2015","Chateauneuf-du-Pape, Reserve Auguste Favier, Domaine Saint Prefert, Rhone","275","Case of 6 Bottles","https://www.bbr.com/products-20151116199-2015-chateauneuf-du-pape-reserve-auguste-favier-domaine-saint-prefert-rhone","1116199","20151116199"
"Domaine Henri Bonneau","2005","Chateauneuf-du-Pape, Reserve des Celestins, Henri Bonneau, Rhone","8400","Case of 12 Bottles","https://www.bbr.com/products-20058107130-2005-chateauneuf-du-pape-reserve-des-celestins-henri-bonneau-rhone","1426252","20058107130"
"Domaine Henri Bonneau","2007","Chateauneuf-du-Pape, Reserve des Celestins, Henri Bonneau, Rhone","6651","Case of 12 Bottles","https://www.bbr.com/products-20078107130-2007-chateauneuf-du-pape-reserve-des-celestins-henri-bonneau-rhone","1426252","20078107130"
"Domaine Henri Bonneau","2007","Chateauneuf-du-Pape, Reserve des Celestins, Henri Bonneau, Rhone","4500","Case of 12 Bottles","https://www.bbr.com/products-20078107130-2007-chateauneuf-du-pape-reserve-des-celestins-henri-bonneau-rhone","1426252","20078107130"
"Domaine Henri Bonneau","2009","Chateauneuf-du-Pape, Reserve des Celestins, Henri Bonneau, Rhone","3500","Case of 12 Bottles","https://www.bbr.com/products-20098107130-2009-chateauneuf-du-pape-reserve-des-celestins-henri-bonneau-rhone","1426252","20098107130"
"Domaine Henri Bonneau","2010","Chateauneuf-du-Pape, Reserve des Celestins, Henri Bonneau, Rhone","6100","Case of 12 Bottles","https://www.bbr.com/products-20108107130-2010-chateauneuf-du-pape-reserve-des-celestins-henri-bonneau-rhone","1426252","20108107130"
"Domaine Henri Bonneau","2010","Chateauneuf-du-Pape, Reserve des Celestins, Henri Bonneau, Rhone","3100","Case of 3 Magnums","https://www.bbr.com/products-20108107130-2010-chateauneuf-du-pape-reserve-des-celestins-henri-bonneau-rhone","1426252","20108107130"
"Domaine Henri Bonneau","2011","Chateauneuf-du-Pape, Reserve des Celestins, Henri Bonneau, Rhone","3300","Case of 12 Bottles","https://www.bbr.com/products-20118107130-2011-chateauneuf-du-pape-reserve-des-celestins-henri-bonneau-rhone","1426252","20118107130"
"Domaine Henri Bonneau","2012","Chateauneuf-du-Pape, Reserve des Celestins, Henri Bonneau, Rhone","1420","Case of 3 Magnums","https://www.bbr.com/products-20128107130-2012-chateauneuf-du-pape-reserve-des-celestins-henri-bonneau-rhone","1426252","20128107130"
"Domaine Henri Bonneau","2012","Chateauneuf-du-Pape, Reserve des Celestins, Henri Bonneau, Rhone","1520","Case of 3 Magnums","https://www.bbr.com/products-20128107130-2012-chateauneuf-du-pape-reserve-des-celestins-henri-bonneau-rhone","1426252","20128107130"
"Domaine de la Vieille Julienne","2010","Chateauneuf-du-Pape, Reserve, Domaine de la Vieille Julienne, Rhone","925","Case of 6 Bottles","https://www.bbr.com/products-20108212742-2010-chateauneuf-du-pape-reserve-domaine-de-la-vieille-julienne-rhone","1118034","20108212742"
"Domaine de la Vieille Julienne","2015","Chateauneuf-du-Pape, Reserve, Domaine de la Vieille Julienne, Rhone","996","Case of 6 Bottles","https://www.bbr.com/products-20158212742-2015-chateauneuf-du-pape-reserve-domaine-de-la-vieille-julienne-rhone","1118034","20158212742"
"Domaine de la Vieille Julienne","2016","Chateauneuf-du-Pape, Reserve, Domaine de la Vieille Julienne, Rhone","1045","Case of 6 Bottles","https://www.bbr.com/products-20168212742-2016-chateauneuf-du-pape-reserve-domaine-de-la-vieille-julienne-rhone","1118034","20168212742"
"Domaine Tardieu Laurent","2010","Chateauneuf-du-Pape, Vieilles Vignes, Domaine Tardieu-Laurent","580","Case of 12 Bottles","https://www.bbr.com/products-20108212830-2010-chateauneuf-du-pape-vieilles-vignes-domaine-tardieu-laurent","1117112","20108212830"
"Domaine de Cristia","2017","Chateauneuf-du-Pape, Vieilles Vignes, Domaine de Cristia, Rhone","288","Case of 6 Bottles","https://www.bbr.com/products-20178156444-2017-chateauneuf-du-pape-vieilles-vignes-domaine-de-cristia-rhone","1111107","20178156444"
"Domaine de Marcoux","2012","Chateauneuf-du-Pape, Vieilles Vignes, Domaine de Marcoux, Rhone","495","Case of 6 Bottles","https://www.bbr.com/products-20128009434-2012-chateauneuf-du-pape-vieilles-vignes-domaine-de-marcoux-rhone","1114300","20128009434"
"Domaine de Marcoux","2015","Chateauneuf-du-Pape, Vieilles Vignes, Domaine de Marcoux, Rhone","498","Case of 6 Bottles","https://www.bbr.com/products-20158009434-2015-chateauneuf-du-pape-vieilles-vignes-domaine-de-marcoux-rhone","1114300","20158009434"
"Domaine de Marcoux","2016","Chateauneuf-du-Pape, Vieilles Vignes, Domaine de Marcoux, Rhone","700","Case of 6 Bottles","https://www.bbr.com/products-20168009434-2016-chateauneuf-du-pape-vieilles-vignes-domaine-de-marcoux-rhone","1114300","20168009434"
"Domaine de Marcoux","2016","Chateauneuf-du-Pape, Vieilles Vignes, Domaine de Marcoux, Rhone","590","Case of 3 Magnums","https://www.bbr.com/products-20168009434-2016-chateauneuf-du-pape-vieilles-vignes-domaine-de-marcoux-rhone","1114300","20168009434"
"Domaine de Marcoux","2017","Chateauneuf-du-Pape, Vieilles Vignes, Domaine de Marcoux, Rhone","315","Case of 6 Bottles","https://www.bbr.com/products-20178009434-2017-chateauneuf-du-pape-vieilles-vignes-domaine-de-marcoux-rhone","1114300","20178009434"
"Domaine de la Charbonniere","2005","Chateauneuf-du-Pape, Vieilles Vignes, Domaine de la Charbonniere, Rhone","400","Case of 12 Bottles","https://www.bbr.com/products-20058027951-2005-chateauneuf-du-pape-vieilles-vignes-domaine-de-la-charbonniere-rhone","1109863","20058027951"
"Domaine de la Janasse","2005","Chateauneuf-du-Pape, Vieilles Vignes, Domaine de la Janasse, Rhone","2160","Case of 12 Bottles","https://www.bbr.com/products-20058024426-2005-chateauneuf-du-pape-vieilles-vignes-domaine-de-la-janasse-rhone","1113970","20058024426"
"Domaine de la Janasse","2011","Chateauneuf-du-Pape, Vieilles Vignes, Domaine de la Janasse, Rhone","480","Case of 12 Bottles","https://www.bbr.com/products-20118024426-2011-chateauneuf-du-pape-vieilles-vignes-domaine-de-la-janasse-rhone","1113970","20118024426"
"Domaine de la Janasse","2012","Chateauneuf-du-Pape, Vieilles Vignes, Domaine de la Janasse, Rhone","285","Case of 6 Bottles","https://www.bbr.com/products-20128024426-2012-chateauneuf-du-pape-vieilles-vignes-domaine-de-la-janasse-rhone","1113970","20128024426"
"Domaine de la Janasse","2012","Chateauneuf-du-Pape, Vieilles Vignes, Domaine de la Janasse, Rhone","560","Case of 6 Magnums","https://www.bbr.com/products-20128024426-2012-chateauneuf-du-pape-vieilles-vignes-domaine-de-la-janasse-rhone","1113970","20128024426"
"Domaine de la Janasse","2013","Chateauneuf-du-Pape, Vieilles Vignes, Domaine de la Janasse, Rhone","190","Case of 6 Bottles","https://www.bbr.com/products-20138024426-2013-chateauneuf-du-pape-vieilles-vignes-domaine-de-la-janasse-rhone","1113970","20138024426"
"Domaine de la Janasse","2014","Chateauneuf-du-Pape, Vieilles Vignes, Domaine de la Janasse, Rhone","283","Case of 6 Bottles","https://www.bbr.com/products-20148024426-2014-chateauneuf-du-pape-vieilles-vignes-domaine-de-la-janasse-rhone","1113970","20148024426"
"Domaine de la Janasse","2014","Chateauneuf-du-Pape, Vieilles Vignes, Domaine de la Janasse, Rhone","440","Case of 12 Bottles","https://www.bbr.com/products-20148024426-2014-chateauneuf-du-pape-vieilles-vignes-domaine-de-la-janasse-rhone","1113970","20148024426"
"Domaine de la Janasse","2015","Chateauneuf-du-Pape, Vieilles Vignes, Domaine de la Janasse, Rhone","290","Case of 6 Bottles","https://www.bbr.com/products-20158024426-2015-chateauneuf-du-pape-vieilles-vignes-domaine-de-la-janasse-rhone","1113970","20158024426"
"Domaine de la Janasse","2015","Chateauneuf-du-Pape, Vieilles Vignes, Domaine de la Janasse, Rhone","695","Case of 12 Bottles","https://www.bbr.com/products-20158024426-2015-chateauneuf-du-pape-vieilles-vignes-domaine-de-la-janasse-rhone","1113970","20158024426"
"Domaine de la Janasse","2016","Chateauneuf-du-Pape, Vieilles Vignes, Domaine de la Janasse, Rhone","245","Case of 6 Bottles","https://www.bbr.com/products-20168024426-2016-chateauneuf-du-pape-vieilles-vignes-domaine-de-la-janasse-rhone","1113970","20168024426"
"Domaine de la Janasse","2017","Chateauneuf-du-Pape, Vieilles Vignes, Domaine de la Janasse, Rhone","245","Case of 6 Bottles","https://www.bbr.com/products-20178024426-2017-chateauneuf-du-pape-vieilles-vignes-domaine-de-la-janasse-rhone","1113970","20178024426"
"Domaine de la Janasse","2018","Chateauneuf-du-Pape, Vieilles Vignes, Domaine de la Janasse, Rhone","268","Case of 6 Bottles","https://www.bbr.com/products-20188024426-2018-chateauneuf-du-pape-vieilles-vignes-domaine-de-la-janasse-rhone","1113970","20188024426"
"Domaine de la Janasse","2019","Chateauneuf-du-Pape, Vieilles Vignes, Domaine de la Janasse, Rhone","285","Case of 6 Bottles","https://www.bbr.com/products-20198024426-2019-chateauneuf-du-pape-vieilles-vignes-domaine-de-la-janasse-rhone","1113970","20198024426"
"Domaine de la Janasse","2020","Chateauneuf-du-Pape, Vieilles Vignes, Domaine de la Janasse, Rhone","250","Case of 6 Bottles","https://www.bbr.com/products-20208024426-2020-chateauneuf-du-pape-vieilles-vignes-domaine-de-la-janasse-rhone","1113970","20208024426"
"Domaine de la Janasse","2021","Chateauneuf-du-Pape, Vieilles Vignes, Domaine de la Janasse, Rhone","288","Case of 6 Bottles","https://www.bbr.com/products-20218024426-2021-chateauneuf-du-pape-vieilles-vignes-domaine-de-la-janasse-rhone","1113970","20218024426"
"Domaine de la Janasse","2016","Chateauneuf-du-Pape, XXL, Domaine de la Janasse, Rhone","1800","Case of 6 Bottles","https://www.bbr.com/products-20168024442-2016-chateauneuf-du-pape-xxl-domaine-de-la-janasse-rhone","1113967","20168024442"
"Domaine de la Janasse","2019","Chateauneuf-du-Pape, XXL, Domaine de la Janasse, Rhone","1555","Case of 6 Bottles","https://www.bbr.com/products-20198024442-2019-chateauneuf-du-pape-xxl-domaine-de-la-janasse-rhone","1113967","20198024442"
"Circe Wines","2022","Circe, Hillcrest Road Chardonnay, Mornington Peninsula, Victoria, Australia","360","Case of 6 Bottles","https://www.bbr.com/products-20228304311-2022-circe-hillcrest-road-chardonnay-mornington-peninsula-victoria-australia","1545072","20228304311"
"Circe Wines","2020","Circe, Hillcrest Road Pinot Noir, Mornington Peninsula, Australia","360","Case of 6 Bottles","https://www.bbr.com/products-20201361007-2020-circe-hillcrest-road-pinot-noir-mornington-peninsula-australia","1361007","20201361007"
"Bodegas Roda","2011","Cirsion, Bodegas Roda, Rioja, Spain","445","Case of 3 Bottles","https://www.bbr.com/products-20118115971-2011-cirsion-bodegas-roda-rioja-spain","1121014","20118115971"
"Bodegas Roda","2016","Cirsion, Bodegas Roda, Rioja, Spain","500","Case of 3 Bottles","https://www.bbr.com/products-20168115971-2016-cirsion-bodegas-roda-rioja-spain","1121014","20168115971"
"Clarendon Hills","2009","Clarendon Hills, Astralis Shiraz, McLaren Vale, Australia","895","Case of 6 Bottles","https://www.bbr.com/products-20091001532-2009-clarendon-hills-astralis-shiraz-mclaren-vale-australia","1001532","20091001532"
"Clarendon Hills","2010","Clarendon Hills, Astralis Shiraz, McLaren Vale, Australia","750","Case of 6 Bottles","https://www.bbr.com/products-20101001532-2010-clarendon-hills-astralis-shiraz-mclaren-vale-australia","1001532","20101001532"
"Clarendon Hills","2012","Clarendon Hills, Astralis Shiraz, McLaren Vale, Australia","850","Case of 6 Bottles","https://www.bbr.com/products-20121001532-2012-clarendon-hills-astralis-shiraz-mclaren-vale-australia","1001532","20121001532"
"Clarendon Hills","2011","Clarendon Hills, Astralis, Syrah, McLaren Vale, Australia","905","Case of 6 Bottles","https://www.bbr.com/products-20111001532-2011-clarendon-hills-astralis-syrah-mclaren-vale-australia","1001532","20111001532"
"Clarendon Hills","2008","Clarendon Hills, Romas Grenache, McLaren Vale, Australia","365","Case of 6 Bottles","https://www.bbr.com/products-20088227579-2008-clarendon-hills-romas-grenache-mclaren-vale-australia","1001718","20088227579"
"Clavis Orea","2016","Clavis Orea, St-Emilion, Bordeaux","295","Case of 6 Bottles","https://www.bbr.com/products-20168174596-2016-clavis-orea-st-emilion-bordeaux","1860135","20168174596"
"Gil Family Estates","2021","Clio, Bodegas el Nido, Jumilla, Spain","350","Case of 6 Bottles","https://www.bbr.com/products-20218329648-2021-clio-bodegas-el-nido-jumilla-spain","1225259","20218329648"
"Clonakilla","2016","Clonakilla, Shiraz Viognier, Canberra District, Australia","440","Case of 6 Bottles","https://www.bbr.com/products-20168114785-2016-clonakilla-shiraz-viognier-canberra-district-australia","1136896","20168114785"
"Clonakilla","2017","Clonakilla, Shiraz Viognier, Canberra District, Australia","330","Case of 6 Bottles","https://www.bbr.com/products-20178114785-2017-clonakilla-shiraz-viognier-canberra-district-australia","1136896","20178114785"
"Clonakilla","2018","Clonakilla, Shiraz Viognier, Canberra District, Australia","400","Case of 6 Bottles","https://www.bbr.com/products-20188114785-2018-clonakilla-shiraz-viognier-canberra-district-australia","1136896","20188114785"
"Clonakilla","2019","Clonakilla, Shiraz Viognier, Canberra District, Australia","465","Case of 6 Bottles","https://www.bbr.com/products-20198114785-2019-clonakilla-shiraz-viognier-canberra-district-australia","1136896","20198114785"
"Clonakilla","2021","Clonakilla, Shiraz Viognier, Canberra District, Australia","420","Case of 6 Bottles","https://www.bbr.com/products-20218114785-2021-clonakilla-shiraz-viognier-canberra-district-australia","1136896","20218114785"
"Clonakilla","2023","Clonakilla, Shiraz Viognier, Canberra District, Australia","505","Case of 6 Bottles","https://www.bbr.com/products-20238114785-2023-clonakilla-shiraz-viognier-canberra-district-australia","1136896","20238114785"
"Casa Lapostolle","2010","Clos Apalta, Apalta, Chile","475","Case of 6 Bottles","https://www.bbr.com/products-20108118738-2010-clos-apalta-apalta-chile","1083161","20108118738"
"Casa Lapostolle","2014","Clos Apalta, Apalta, Chile","355","Case of 6 Bottles","https://www.bbr.com/products-20148118738-2014-clos-apalta-apalta-chile","1083161","20148118738"
"Casa Lapostolle","2015","Clos Apalta, Apalta, Chile","380","Case of 6 Bottles","https://www.bbr.com/products-20158118738-2015-clos-apalta-apalta-chile","1083161","20158118738"
"Casa Lapostolle","2017","Clos Apalta, Apalta, Chile","380","Case of 6 Bottles","https://www.bbr.com/products-20178118738-2017-clos-apalta-apalta-chile","1083161","20178118738"
"Casa Lapostolle","2018","Clos Apalta, Apalta, Chile","420","Case of 6 Bottles","https://www.bbr.com/products-20188118738-2018-clos-apalta-apalta-chile","1083161","20188118738"
"Casa Lapostolle","2019","Clos Apalta, Apalta, Chile","390","Case of 6 Bottles","https://www.bbr.com/products-20198118738-2019-clos-apalta-apalta-chile","1083161","20198118738"
"Casa Lapostolle","2019","Clos Apalta, Apalta, Chile","370","Case of 6 Bottles","https://www.bbr.com/products-20198118738-2019-clos-apalta-apalta-chile","1083161","20198118738"
"Casa Lapostolle","2020","Clos Apalta, Apalta, Chile","400","Case of 6 Bottles","https://www.bbr.com/products-20208118738-2020-clos-apalta-apalta-chile","1083161","20208118738"
"Casa Lapostolle","2021","Clos Apalta, Apalta, Chile","465","Case of 6 Bottles","https://www.bbr.com/products-20218118738-2021-clos-apalta-apalta-chile","1083161","20218118738"
"Casa Lapostolle","2022","Clos Apalta, Apalta, Chile","390","Case of 6 Bottles","https://www.bbr.com/products-20228118738-2022-clos-apalta-apalta-chile","1083161","20228118738"
"Casa Lapostolle","2015","Clos Apalta, Le Petit Clos, Apalta, Chile","188","Case of 6 Bottles","https://www.bbr.com/products-20158041858-2015-clos-apalta-le-petit-clos-apalta-chile","1715581","20158041858"
"Casa Lapostolle","2016","Clos Apalta, Le Petit Clos, Apalta, Chile","160","Case of 6 Bottles","https://www.bbr.com/products-20168041858-2016-clos-apalta-le-petit-clos-apalta-chile","1715581","20168041858"
"Casa Lapostolle","2017","Clos Apalta, Le Petit Clos, Apalta, Chile","160","Case of 6 Bottles","https://www.bbr.com/products-20178041858-2017-clos-apalta-le-petit-clos-apalta-chile","1715581","20178041858"
"Casa Lapostolle","2018","Clos Apalta, Le Petit Clos, Apalta, Chile","420","Case of 6 Bottles","https://www.bbr.com/products-20188041858-2018-clos-apalta-le-petit-clos-apalta-chile","1715581","20188041858"
"Casa Lapostolle","2019","Clos Apalta, Le Petit Clos, Apalta, Chile","170","Case of 6 Bottles","https://www.bbr.com/products-20198041858-2019-clos-apalta-le-petit-clos-apalta-chile","1715581","20198041858"
"Casa Lapostolle","2020","Clos Apalta, Le Petit Clos, Apalta, Chile","185","Case of 6 Bottles","https://www.bbr.com/products-20208041858-2020-clos-apalta-le-petit-clos-apalta-chile","1715581","20208041858"
"Casa Lapostolle","","Clos Apalta, Three-Bottle Mixed Case","330","Case of 1 s","https://www.bbr.com/products-10008063504-clos-apalta-three-bottle-mixed-case","","10008063504"
"Domaine de la Vougeraie","2011","Clos Blanc de Vougeot, 1er Cru, Domaine de la Vougeraie, Burgundy","560","Case of 6 Bottles","https://www.bbr.com/products-20118005263-2011-clos-blanc-de-vougeot-1er-cru-domaine-de-la-vougeraie-burgundy","1081617","20118005263"
"Domaine de la Vougeraie","2012","Clos Blanc de Vougeot, 1er Cru, Domaine de la Vougeraie, Burgundy","550","Case of 3 Magnums","https://www.bbr.com/products-20128005263-2012-clos-blanc-de-vougeot-1er-cru-domaine-de-la-vougeraie-burgundy","1081617","20128005263"
"Domaine de la Vougeraie","2013","Clos Blanc de Vougeot, 1er Cru, Domaine de la Vougeraie, Burgundy","540","Case of 6 Bottles","https://www.bbr.com/products-20138005263-2013-clos-blanc-de-vougeot-1er-cru-domaine-de-la-vougeraie-burgundy","1081617","20138005263"
"Domaine de la Vougeraie","2014","Clos Blanc de Vougeot, 1er Cru, Domaine de la Vougeraie, Burgundy","650","Case of 6 Bottles","https://www.bbr.com/products-20148005263-2014-clos-blanc-de-vougeot-1er-cru-domaine-de-la-vougeraie-burgundy","1081617","20148005263"
"Domaine de la Vougeraie","2015","Clos Blanc de Vougeot, 1er Cru, Domaine de la Vougeraie, Burgundy","525","Case of 6 Bottles","https://www.bbr.com/products-20158005263-2015-clos-blanc-de-vougeot-1er-cru-domaine-de-la-vougeraie-burgundy","1081617","20158005263"
"Domaine de la Vougeraie","2016","Clos Blanc de Vougeot, 1er Cru, Domaine de la Vougeraie, Burgundy","800","Case of 6 Bottles","https://www.bbr.com/products-20168005263-2016-clos-blanc-de-vougeot-1er-cru-domaine-de-la-vougeraie-burgundy","1081617","20168005263"
"Domaine de la Vougeraie","2016","Clos Blanc de Vougeot, 1er Cru, Domaine de la Vougeraie, Burgundy","750","Case of 6 Bottles","https://www.bbr.com/products-20168005263-2016-clos-blanc-de-vougeot-1er-cru-domaine-de-la-vougeraie-burgundy","1081617","20168005263"
"Domaine de la Vougeraie","2017","Clos Blanc de Vougeot, 1er Cru, Domaine de la Vougeraie, Burgundy","465","Case of 6 Bottles","https://www.bbr.com/products-20178005263-2017-clos-blanc-de-vougeot-1er-cru-domaine-de-la-vougeraie-burgundy","1081617","20178005263"
"Domaine de la Vougeraie","2018","Clos Blanc de Vougeot, 1er Cru, Domaine de la Vougeraie, Burgundy","600","Case of 6 Bottles","https://www.bbr.com/products-20188005263-2018-clos-blanc-de-vougeot-1er-cru-domaine-de-la-vougeraie-burgundy","1081617","20188005263"
"Domaine de la Vougeraie","2018","Clos Blanc de Vougeot, 1er Cru, Domaine de la Vougeraie, Burgundy","500","Case of 3 Magnums","https://www.bbr.com/products-20188005263-2018-clos-blanc-de-vougeot-1er-cru-domaine-de-la-vougeraie-burgundy","1081617","20188005263"
"Domaine de la Vougeraie","2019","Clos Blanc de Vougeot, 1er Cru, Domaine de la Vougeraie, Burgundy","440","Case of 6 Bottles","https://www.bbr.com/products-20198005263-2019-clos-blanc-de-vougeot-1er-cru-domaine-de-la-vougeraie-burgundy","1081617","20198005263"
"Domaine de la Vougeraie","2019","Clos Blanc de Vougeot, 1er Cru, Domaine de la Vougeraie, Burgundy","600","Case of 3 Magnums","https://www.bbr.com/products-20198005263-2019-clos-blanc-de-vougeot-1er-cru-domaine-de-la-vougeraie-burgundy","1081617","20198005263"
"Domaine de la Vougeraie","2020","Clos Blanc de Vougeot, 1er Cru, Domaine de la Vougeraie, Burgundy","560","Case of 6 Bottles","https://www.bbr.com/products-20208005263-2020-clos-blanc-de-vougeot-1er-cru-domaine-de-la-vougeraie-burgundy","1081617","20208005263"
"Domaine de la Vougeraie","2020","Clos Blanc de Vougeot, 1er Cru, Domaine de la Vougeraie, Burgundy","960","Case of 3 Magnums","https://www.bbr.com/products-20208005263-2020-clos-blanc-de-vougeot-1er-cru-domaine-de-la-vougeraie-burgundy","1081617","20208005263"
"Domaine de la Vougeraie","2021","Clos Blanc de Vougeot, 1er Cru, Domaine de la Vougeraie, Burgundy","550","Case of 6 Bottles","https://www.bbr.com/products-20218005263-2021-clos-blanc-de-vougeot-1er-cru-domaine-de-la-vougeraie-burgundy","1081617","20218005263"
"Domaine de la Vougeraie","2021","Clos Blanc de Vougeot, 1er Cru, Domaine de la Vougeraie, Burgundy","840","Case of 3 Magnums","https://www.bbr.com/products-20218005263-2021-clos-blanc-de-vougeot-1er-cru-domaine-de-la-vougeraie-burgundy","1081617","20218005263"
"Domaine de la Vougeraie","2022","Clos Blanc de Vougeot, 1er Cru, Domaine de la Vougeraie, Burgundy","650","Case of 6 Bottles","https://www.bbr.com/products-20228005263-2022-clos-blanc-de-vougeot-1er-cru-domaine-de-la-vougeraie-burgundy","1081617","20228005263"
"Domaine de la Vougeraie","2023","Clos Blanc de Vougeot, 1er Cru, Domaine de la Vougeraie, Burgundy","640","Case of 6 Bottles","https://www.bbr.com/products-20238005263-2023-clos-blanc-de-vougeot-1er-cru-domaine-de-la-vougeraie-burgundy","1081617","20238005263"
"Clos Cantenac","2020","Clos Cantenac, St Emilion, Bordeaux","190","Case of 6 Bottles","https://www.bbr.com/products-20208115489-2020-clos-cantenac-st-emilion-bordeaux","1123829","20208115489"
"Clos Cantenac","2021","Clos Cantenac, St Emilion, Bordeaux","185","Case of 6 Bottles","https://www.bbr.com/products-20218115489-2021-clos-cantenac-st-emilion-bordeaux","1123829","20218115489"
"Chateau Clos Fourtet","2005","Clos Fourtet, St Emilion, Bordeaux","1500","Case of 12 Bottles","https://www.bbr.com/products-20058124852-2005-clos-fourtet-st-emilion-bordeaux","1008339","20058124852"
"Chateau Clos Fourtet","2008","Clos Fourtet, St Emilion, Bordeaux","1100","Case of 12 Bottles","https://www.bbr.com/products-20088124852-2008-clos-fourtet-st-emilion-bordeaux","1008339","20088124852"
"Chateau Clos Fourtet","2009","Clos Fourtet, St Emilion, Bordeaux","788","Case of 6 Bottles","https://www.bbr.com/products-20098124852-2009-clos-fourtet-st-emilion-bordeaux","1008339","20098124852"
"Chateau Clos Fourtet","2010","Clos Fourtet, St Emilion, Bordeaux","700","Case of 6 Bottles","https://www.bbr.com/products-20108124852-2010-clos-fourtet-st-emilion-bordeaux","1008339","20108124852"
"Chateau Clos Fourtet","2012","Clos Fourtet, St Emilion, Bordeaux","380","Case of 6 Bottles","https://www.bbr.com/products-20128124852-2012-clos-fourtet-st-emilion-bordeaux","1008339","20128124852"
"Chateau Clos Fourtet","2015","Clos Fourtet, St Emilion, Bordeaux","500","Case of 3 Magnums","https://www.bbr.com/products-20158124852-2015-clos-fourtet-st-emilion-bordeaux","1008339","20158124852"
"Chateau Clos Fourtet","2016","Clos Fourtet, St Emilion, Bordeaux","536","Case of 6 Bottles","https://www.bbr.com/products-20168124852-2016-clos-fourtet-st-emilion-bordeaux","1008339","20168124852"
"Chateau Clos Fourtet","2016","Clos Fourtet, St Emilion, Bordeaux","475","Case of 6 Bottles","https://www.bbr.com/products-20168124852-2016-clos-fourtet-st-emilion-bordeaux","1008339","20168124852"
"Chateau Clos Fourtet","2016","Clos Fourtet, St Emilion, Bordeaux","1072","Case of 12 Bottles","https://www.bbr.com/products-20168124852-2016-clos-fourtet-st-emilion-bordeaux","1008339","20168124852"
"Chateau Clos Fourtet","2016","Clos Fourtet, St Emilion, Bordeaux","551","Case of 6 Bottles","https://www.bbr.com/products-20168124852-2016-clos-fourtet-st-emilion-bordeaux","1008339","20168124852"
"Chateau Clos Fourtet","2016","Clos Fourtet, St Emilion, Bordeaux","480","Case of 3 Magnums","https://www.bbr.com/products-20168124852-2016-clos-fourtet-st-emilion-bordeaux","1008339","20168124852"
"Chateau Clos Fourtet","2017","Clos Fourtet, St Emilion, Bordeaux","320","Case of 6 Bottles","https://www.bbr.com/products-20178124852-2017-clos-fourtet-st-emilion-bordeaux","1008339","20178124852"
"Chateau Clos Fourtet","2018","Clos Fourtet, St Emilion, Bordeaux","430","Case of 6 Bottles","https://www.bbr.com/products-20188124852-2018-clos-fourtet-st-emilion-bordeaux","1008339","20188124852"
"Chateau Clos Fourtet","2019","Clos Fourtet, St Emilion, Bordeaux","380","Case of 6 Bottles","https://www.bbr.com/products-20198124852-2019-clos-fourtet-st-emilion-bordeaux","1008339","20198124852"
"Chateau Clos Fourtet","2019","Clos Fourtet, St Emilion, Bordeaux","370","Case of 6 Bottles","https://www.bbr.com/products-20198124852-2019-clos-fourtet-st-emilion-bordeaux","1008339","20198124852"
"Chateau Clos Fourtet","2019","Clos Fourtet, St Emilion, Bordeaux","488","Case of 6 Bottles","https://www.bbr.com/products-20198124852-2019-clos-fourtet-st-emilion-bordeaux","1008339","20198124852"
"Chateau Clos Fourtet","2020","Clos Fourtet, St Emilion, Bordeaux","350","Case of 6 Bottles","https://www.bbr.com/products-20208124852-2020-clos-fourtet-st-emilion-bordeaux","1008339","20208124852"
"Chateau Clos Fourtet","2020","Clos Fourtet, St Emilion, Bordeaux","345","Case of 3 Magnums","https://www.bbr.com/products-20208124852-2020-clos-fourtet-st-emilion-bordeaux","1008339","20208124852"
"Clos Erasmus, Clos I Terrasses","2017","Clos I Terrasses, Clos Erasmus, Priorat, Catalunya, Spain","520","Case of 3 Bottles","https://www.bbr.com/products-20178027430-2017-clos-i-terrasses-clos-erasmus-priorat-catalunya-spain","1333035","20178027430"
"Clos Erasmus, Clos I Terrasses","2018","Clos I Terrasses, Clos Erasmus, Priorat, Catalunya, Spain","550","Case of 3 Bottles","https://www.bbr.com/products-20188027430-2018-clos-i-terrasses-clos-erasmus-priorat-catalunya-spain","1333035","20188027430"
"Domaine Francois Lumpp","2021","Clos Jus, 1er Cru, Domaine Francois Lumpp, Burgundy","240","Case of 6 Bottles","https://www.bbr.com/products-20218174958-2021-clos-jus-1er-cru-domaine-francois-lumpp-burgundy","1225956","20218174958"
"Rene Barbier","2013","Clos Mogador, Rene Barbier, Priorat, Spain","382","Case of 6 Bottles","https://www.bbr.com/products-20138116011-2013-clos-mogador-rene-barbier-priorat-spain","1119839","20138116011"
"Rene Barbier","2019","Clos Mogador, Rene Barbier, Priorat, Spain","840","Case of 6 Bottles","https://www.bbr.com/products-20198116011-2019-clos-mogador-rene-barbier-priorat-spain","1119839","20198116011"
"Rene Barbier","2022","Clos Mogador, Rene Barbier, Priorat, Spain","320","Case of 6 Bottles","https://www.bbr.com/products-20228116011-2022-clos-mogador-rene-barbier-priorat-spain","1119839","20228116011"
"Celler Sangenis i Vaque","1999","Clos Monlleo, Celler Sangenis i Vaque, Priorat, Spain","240","Case of 6 Bottles","https://www.bbr.com/products-19998002507-1999-clos-monlleo-celler-sangenis-i-vaque-priorat-spain","1172218","19998002507"
"Celler Sangenis i Vaque","2007","Clos Monlleo, Celler Sangenis i Vaque, Priorat, Spain","235","Case of 6 Bottles","https://www.bbr.com/products-20078002507-2007-clos-monlleo-celler-sangenis-i-vaque-priorat-spain","1172218","20078002507"
"Chateau Clos Rene","2010","Clos Rene, Pomerol, Bordeaux","425","Case of 12 Bottles","https://www.bbr.com/products-20108124810-2010-clos-rene-pomerol-bordeaux","1008472","20108124810"
"Clos Rougeard","2019","Clos Rougeard, Horizontal (Clos, Bourg, Poyeux), Three-Bottle Assortment Case","645","Case of 1 s","https://www.bbr.com/products-20198302333-2019-clos-rougeard-horizontal-clos-bourg-poyeux-three-bottle-assortment-case","","20198302333"
"Domaine Bertagna","2005","Clos Saint Denis, Grand Cru, Domaine Bertagna, Burgundy","1600","Case of 12 Bottles","https://www.bbr.com/products-20058015200-2005-clos-saint-denis-grand-cru-domaine-bertagna-burgundy","1019852","20058015200"
"Domaine Bertagna","2014","Clos Saint Denis, Grand Cru, Domaine Bertagna, Burgundy","710","Case of 6 Bottles","https://www.bbr.com/products-20148015200-2014-clos-saint-denis-grand-cru-domaine-bertagna-burgundy","1019852","20148015200"
"Domaine Bertagna","2015","Clos Saint Denis, Grand Cru, Domaine Bertagna, Burgundy","705","Case of 6 Bottles","https://www.bbr.com/products-20158015200-2015-clos-saint-denis-grand-cru-domaine-bertagna-burgundy","1019852","20158015200"
"Domaine Bertagna","2016","Clos Saint Denis, Grand Cru, Domaine Bertagna, Burgundy","705","Case of 6 Bottles","https://www.bbr.com/products-20168015200-2016-clos-saint-denis-grand-cru-domaine-bertagna-burgundy","1019852","20168015200"
"Domaine Bertagna","2017","Clos Saint Denis, Grand Cru, Domaine Bertagna, Burgundy","734","Case of 6 Bottles","https://www.bbr.com/products-20178015200-2017-clos-saint-denis-grand-cru-domaine-bertagna-burgundy","1019852","20178015200"
"Domaine Castagnier","2013","Clos Saint Denis, Grand Cru, Domaine Castagnier, Burgundy","535","Case of 6 Bottles","https://www.bbr.com/products-20138023647-2013-clos-saint-denis-grand-cru-domaine-castagnier-burgundy","1023507","20138023647"
"Domaine Castagnier","2014","Clos Saint Denis, Grand Cru, Domaine Castagnier, Burgundy","450","Case of 6 Bottles","https://www.bbr.com/products-20148023647-2014-clos-saint-denis-grand-cru-domaine-castagnier-burgundy","1023507","20148023647"
"Domaine Castagnier","2016","Clos Saint Denis, Grand Cru, Domaine Castagnier, Burgundy","600","Case of 6 Bottles","https://www.bbr.com/products-20168023647-2016-clos-saint-denis-grand-cru-domaine-castagnier-burgundy","1023507","20168023647"
"Domaine Castagnier","2017","Clos Saint Denis, Grand Cru, Domaine Castagnier, Burgundy","595","Case of 6 Bottles","https://www.bbr.com/products-20178023647-2017-clos-saint-denis-grand-cru-domaine-castagnier-burgundy","1023507","20178023647"
"Domaine Castagnier","2018","Clos Saint Denis, Grand Cru, Domaine Castagnier, Burgundy","750","Case of 6 Bottles","https://www.bbr.com/products-20188023647-2018-clos-saint-denis-grand-cru-domaine-castagnier-burgundy","1023507","20188023647"
"Domaine Castagnier","2019","Clos Saint Denis, Grand Cru, Domaine Castagnier, Burgundy","828","Case of 6 Bottles","https://www.bbr.com/products-20198023647-2019-clos-saint-denis-grand-cru-domaine-castagnier-burgundy","1023507","20198023647"
"Domaine Castagnier","2020","Clos Saint Denis, Grand Cru, Domaine Castagnier, Burgundy","757","Case of 6 Bottles","https://www.bbr.com/products-20208023647-2020-clos-saint-denis-grand-cru-domaine-castagnier-burgundy","1023507","20208023647"
"Domaine Castagnier","2021","Clos Saint Denis, Grand Cru, Domaine Castagnier, Burgundy","1000","Case of 6 Bottles","https://www.bbr.com/products-20218023647-2021-clos-saint-denis-grand-cru-domaine-castagnier-burgundy","1023507","20218023647"
"Domaine Castagnier","2022","Clos Saint Denis, Grand Cru, Domaine Castagnier, Burgundy","525","Case of 3 Bottles","https://www.bbr.com/products-20228023647-2022-clos-saint-denis-grand-cru-domaine-castagnier-burgundy","1023507","20228023647"
"Domaine Ponsot","2013","Clos Saint-Denis, Cuvee Vieilles Vignes, Grand Cru, Domaine Ponsot, Burgundy","1575","Case of 3 Bottles","https://www.bbr.com/products-20138064110-2013-clos-saint-denis-cuvee-vieilles-vignes-grand-cru-domaine-ponsot-burgundy","1282245","20138064110"
"Benjamin Leroux","2010","Clos Saint-Denis, Grand Cru, Benjamin Leroux, Burgundy","1200","Case of 6 Bottles","https://www.bbr.com/products-20101043493-2010-clos-saint-denis-grand-cru-benjamin-leroux-burgundy","1043493","20101043493"
"Benjamin Leroux","2011","Clos Saint-Denis, Grand Cru, Benjamin Leroux, Burgundy","840","Case of 6 Bottles","https://www.bbr.com/products-20111043493-2011-clos-saint-denis-grand-cru-benjamin-leroux-burgundy","1043493","20111043493"
"Benjamin Leroux","2012","Clos Saint-Denis, Grand Cru, Benjamin Leroux, Burgundy","850","Case of 6 Bottles","https://www.bbr.com/products-20121043493-2012-clos-saint-denis-grand-cru-benjamin-leroux-burgundy","1043493","20121043493"
"Benjamin Leroux","2013","Clos Saint-Denis, Grand Cru, Benjamin Leroux, Burgundy","798","Case of 6 Bottles","https://www.bbr.com/products-20131043493-2013-clos-saint-denis-grand-cru-benjamin-leroux-burgundy","1043493","20131043493"
"Benjamin Leroux","2013","Clos Saint-Denis, Grand Cru, Benjamin Leroux, Burgundy","850","Case of 6 Bottles","https://www.bbr.com/products-20131043493-2013-clos-saint-denis-grand-cru-benjamin-leroux-burgundy","1043493","20131043493"
"Benjamin Leroux","2013","Clos Saint-Denis, Grand Cru, Benjamin Leroux, Burgundy","888","Case of 6 Bottles","https://www.bbr.com/products-20131043493-2013-clos-saint-denis-grand-cru-benjamin-leroux-burgundy","1043493","20131043493"
"Benjamin Leroux","2014","Clos Saint-Denis, Grand Cru, Benjamin Leroux, Burgundy","710","Case of 3 Bottles","https://www.bbr.com/products-20141043493-2014-clos-saint-denis-grand-cru-benjamin-leroux-burgundy","1043493","20141043493"
"Benjamin Leroux","2015","Clos Saint-Denis, Grand Cru, Benjamin Leroux, Burgundy","1975","Case of 6 Bottles","https://www.bbr.com/products-20151043493-2015-clos-saint-denis-grand-cru-benjamin-leroux-burgundy","1043493","20151043493"
"Benjamin Leroux","2016","Clos Saint-Denis, Grand Cru, Benjamin Leroux, Burgundy","845","Case of 3 Bottles","https://www.bbr.com/products-20161043493-2016-clos-saint-denis-grand-cru-benjamin-leroux-burgundy","1043493","20161043493"
"Benjamin Leroux","2017","Clos Saint-Denis, Grand Cru, Benjamin Leroux, Burgundy","450","Case of 3 Bottles","https://www.bbr.com/products-20171043493-2017-clos-saint-denis-grand-cru-benjamin-leroux-burgundy","1043493","20171043493"
"Benjamin Leroux","2018","Clos Saint-Denis, Grand Cru, Benjamin Leroux, Burgundy","795","Case of 3 Bottles","https://www.bbr.com/products-20181043493-2018-clos-saint-denis-grand-cru-benjamin-leroux-burgundy","1043493","20181043493"
"Benjamin Leroux","2019","Clos Saint-Denis, Grand Cru, Benjamin Leroux, Burgundy","545","Case of 3 Bottles","https://www.bbr.com/products-20191043493-2019-clos-saint-denis-grand-cru-benjamin-leroux-burgundy","1043493","20191043493"
"Benjamin Leroux","2020","Clos Saint-Denis, Grand Cru, Benjamin Leroux, Burgundy","789","Case of 3 Bottles","https://www.bbr.com/products-20201043493-2020-clos-saint-denis-grand-cru-benjamin-leroux-burgundy","1043493","20201043493"
"Benjamin Leroux","2021","Clos Saint-Denis, Grand Cru, Benjamin Leroux, Burgundy","725","Case of 3 Bottles","https://www.bbr.com/products-20211043493-2021-clos-saint-denis-grand-cru-benjamin-leroux-burgundy","1043493","20211043493"
"Domaine Arlaud","2014","Clos Saint-Denis, Grand Cru, Domaine Arlaud, Burgundy","1600","Case of 6 Bottles","https://www.bbr.com/products-20148220336-2014-clos-saint-denis-grand-cru-domaine-arlaud-burgundy","1018477","20148220336"
"Domaine Coquard Loison Fleurot","2014","Clos Saint-Denis, Grand Cru, Domaine Coquard Loison-Fleurot, Burgundy","1790","Case of 6 Bottles","https://www.bbr.com/products-20148038995-2014-clos-saint-denis-grand-cru-domaine-coquard-loison-fleurot-burgundy","1339949","20148038995"
"Domaine Coquard Loison Fleurot","2016","Clos Saint-Denis, Grand Cru, Domaine Coquard Loison-Fleurot, Burgundy","1950","Case of 6 Bottles","https://www.bbr.com/products-20168038995-2016-clos-saint-denis-grand-cru-domaine-coquard-loison-fleurot-burgundy","1339949","20168038995"
"Domaine Coquard Loison Fleurot","2017","Clos Saint-Denis, Grand Cru, Domaine Coquard Loison-Fleurot, Burgundy","1815","Case of 6 Bottles","https://www.bbr.com/products-20178038995-2017-clos-saint-denis-grand-cru-domaine-coquard-loison-fleurot-burgundy","1339949","20178038995"
"Dujac","2010","Clos Saint-Denis, Grand Cru, Domaine Dujac, Burgundy","9500","Case of 12 Bottles","https://www.bbr.com/products-20101030569-2010-clos-saint-denis-grand-cru-domaine-dujac-burgundy","1030569","20101030569"
"Dujac","2013","Clos Saint-Denis, Grand Cru, Domaine Dujac, Burgundy","4250","Case of 6 Bottles","https://www.bbr.com/products-20131030569-2013-clos-saint-denis-grand-cru-domaine-dujac-burgundy","1030569","20131030569"
"Dujac","2020","Clos Saint-Denis, Grand Cru, Domaine Dujac, Burgundy","5500","Case of 3 Magnums","https://www.bbr.com/products-20201030569-2020-clos-saint-denis-grand-cru-domaine-dujac-burgundy","1030569","20201030569"
"Louis Jadot","2013","Clos Saint-Denis, Grand Cru, Domaine Gagey, Louis Jadot, Burgundy","950","Case of 6 Bottles","https://www.bbr.com/products-20138022129-2013-clos-saint-denis-grand-cru-domaine-gagey-louis-jadot-burgundy","1279249","20138022129"
"Louis Jadot","2014","Clos Saint-Denis, Grand Cru, Domaine Gagey, Louis Jadot, Burgundy","1150","Case of 6 Bottles","https://www.bbr.com/products-20148022129-2014-clos-saint-denis-grand-cru-domaine-gagey-louis-jadot-burgundy","1279249","20148022129"
"Louis Jadot","2017","Clos Saint-Denis, Grand Cru, Domaine Gagey, Louis Jadot, Burgundy","930","Case of 6 Bottles","https://www.bbr.com/products-20178022129-2017-clos-saint-denis-grand-cru-domaine-gagey-louis-jadot-burgundy","1279249","20178022129"
"Louis Jadot","2018","Clos Saint-Denis, Grand Cru, Domaine Gagey, Louis Jadot, Burgundy","999","Case of 6 Bottles","https://www.bbr.com/products-20188022129-2018-clos-saint-denis-grand-cru-domaine-gagey-louis-jadot-burgundy","1279249","20188022129"
"Louis Jadot","2021","Clos Saint-Denis, Grand Cru, Domaine Gagey, Louis Jadot, Burgundy","1245","Case of 3 Bottles","https://www.bbr.com/products-20218022129-2021-clos-saint-denis-grand-cru-domaine-gagey-louis-jadot-burgundy","1279249","20218022129"
"Louis Jadot","2022","Clos Saint-Denis, Grand Cru, Domaine Gagey, Louis Jadot, Burgundy","1200","Case of 3 Bottles","https://www.bbr.com/products-20228022129-2022-clos-saint-denis-grand-cru-domaine-gagey-louis-jadot-burgundy","1279249","20228022129"
"Domaine Michel Magnien","2013","Clos Saint-Denis, Grand Cru, Domaine Michel Magnien","875","Case of 6 Bottles","https://www.bbr.com/products-20138218441-2013-clos-saint-denis-grand-cru-domaine-michel-magnien","1045947","20138218441"
"Maison Joseph Drouhin","2014","Clos Saint-Denis, Grand Cru, Joseph Drouhin, Burgundy","903","Case of 6 Bottles","https://www.bbr.com/products-20148019152-2014-clos-saint-denis-grand-cru-joseph-drouhin-burgundy","1029017","20148019152"
"Maison Joseph Drouhin","2015","Clos Saint-Denis, Grand Cru, Joseph Drouhin, Burgundy","880","Case of 6 Bottles","https://www.bbr.com/products-20158019152-2015-clos-saint-denis-grand-cru-joseph-drouhin-burgundy","1029017","20158019152"
"Maison Joseph Drouhin","2016","Clos Saint-Denis, Grand Cru, Joseph Drouhin, Burgundy","1132","Case of 6 Bottles","https://www.bbr.com/products-20168019152-2016-clos-saint-denis-grand-cru-joseph-drouhin-burgundy","1029017","20168019152"
"Domaine Joseph Faiveley","2011","Clos Saint-Denis, Grand Cru, Joseph Faiveley, Burgundy","700","Case of 6 Bottles","https://www.bbr.com/products-20118021021-2011-clos-saint-denis-grand-cru-joseph-faiveley-burgundy","1031335","20118021021"
"Domaine Joseph Faiveley","2013","Clos Saint-Denis, Grand Cru, Joseph Faiveley, Burgundy","835","Case of 6 Bottles","https://www.bbr.com/products-20138021021-2013-clos-saint-denis-grand-cru-joseph-faiveley-burgundy","1031335","20138021021"
"Domaine Joseph Faiveley","2014","Clos Saint-Denis, Grand Cru, Joseph Faiveley, Burgundy","790","Case of 6 Bottles","https://www.bbr.com/products-20148021021-2014-clos-saint-denis-grand-cru-joseph-faiveley-burgundy","1031335","20148021021"
"Louis Jadot","2010","Clos Saint-Denis, Grand Cru, Louis Jadot, Burgundy","1750","Case of 6 Bottles","https://www.bbr.com/products-20108022116-2010-clos-saint-denis-grand-cru-louis-jadot-burgundy","1038073","20108022116"
"Lucien Le Moine","2015","Clos Saint-Denis, Grand Cru, Lucien Le Moine, Burgundy","1730","Case of 6 Bottles","https://www.bbr.com/products-20158218760-2015-clos-saint-denis-grand-cru-lucien-le-moine-burgundy","1042542","20158218760"
"Lucien Le Moine","2016","Clos Saint-Denis, Grand Cru, Lucien Le Moine, Burgundy","1550","Case of 6 Bottles","https://www.bbr.com/products-20168218760-2016-clos-saint-denis-grand-cru-lucien-le-moine-burgundy","1042542","20168218760"
"Lucien Le Moine","2017","Clos Saint-Denis, Grand Cru, Lucien Le Moine, Burgundy","1520","Case of 6 Bottles","https://www.bbr.com/products-20178218760-2017-clos-saint-denis-grand-cru-lucien-le-moine-burgundy","1042542","20178218760"
"Lucien Le Moine","2018","Clos Saint-Denis, Grand Cru, Lucien Le Moine, Burgundy","1345","Case of 6 Bottles","https://www.bbr.com/products-20188218760-2018-clos-saint-denis-grand-cru-lucien-le-moine-burgundy","1042542","20188218760"
"Lucien Le Moine","2019","Clos Saint-Denis, Grand Cru, Lucien Le Moine, Burgundy","1642","Case of 6 Bottles","https://www.bbr.com/products-20198218760-2019-clos-saint-denis-grand-cru-lucien-le-moine-burgundy","1042542","20198218760"
"Chateau Clos St Martin","2005","Clos St Martin, St Emilion, Bordeaux","1195","Case of 12 Bottles","https://www.bbr.com/products-20058124793-2005-clos-st-martin-st-emilion-bordeaux","1008502","20058124793"
"Chateau Clos St Martin","2021","Clos St Martin, St Emilion, Bordeaux","290","Case of 6 Bottles","https://www.bbr.com/products-20218124793-2021-clos-st-martin-st-emilion-bordeaux","1008502","20218124793"
"Charles Van Canneyt","2019","Clos Vougeot, Grand Cru, Charles Van Canneyt, Burgundy","535","Case of 6 Bottles","https://www.bbr.com/products-20198307963-2019-clos-vougeot-grand-cru-charles-van-canneyt-burgundy","2117487","20198307963"
"David Duband","2014","Clos Vougeot, Grand Cru, David Duband, Burgundy","1918","Case of 12 Bottles","https://www.bbr.com/products-20148207205-2014-clos-vougeot-grand-cru-david-duband-burgundy","1277274","20148207205"
"David Duband","2014","Clos Vougeot, Grand Cru, David Duband, Burgundy","959","Case of 6 Bottles","https://www.bbr.com/products-20148207205-2014-clos-vougeot-grand-cru-david-duband-burgundy","1277274","20148207205"
"David Duband","2015","Clos Vougeot, Grand Cru, David Duband, Burgundy","1054","Case of 6 Bottles","https://www.bbr.com/products-20158207205-2015-clos-vougeot-grand-cru-david-duband-burgundy","1277274","20158207205"
"David Duband","2016","Clos Vougeot, Grand Cru, David Duband, Burgundy","1072","Case of 6 Bottles","https://www.bbr.com/products-20168207205-2016-clos-vougeot-grand-cru-david-duband-burgundy","1277274","20168207205"
"David Duband","2018","Clos Vougeot, Grand Cru, David Duband, Burgundy","970","Case of 6 Bottles","https://www.bbr.com/products-20188207205-2018-clos-vougeot-grand-cru-david-duband-burgundy","1277274","20188207205"
"David Duband","2019","Clos Vougeot, Grand Cru, David Duband, Burgundy","959","Case of 6 Bottles","https://www.bbr.com/products-20198207205-2019-clos-vougeot-grand-cru-david-duband-burgundy","1277274","20198207205"
"David Duband","2020","Clos Vougeot, Grand Cru, David Duband, Burgundy","993","Case of 6 Bottles","https://www.bbr.com/products-20208207205-2020-clos-vougeot-grand-cru-david-duband-burgundy","1277274","20208207205"
"Bouchard Pere & Fils","2018","Clos Vougeot, Grand Cru, Domaine Bouchard Pere &amp; Fils, Burgundy","840","Case of 6 Bottles","https://www.bbr.com/products-20188019976-2018-clos-vougeot-grand-cru-domaine-bouchard-pere-and-fils-burgundy","1021688","20188019976"
"Domaine Coquard Loison Fleurot","2014","Clos Vougeot, Grand Cru, Domaine Coquard Loison-Fleurot, Burgundy","725","Case of 6 Bottles","https://www.bbr.com/products-20148203702-2014-clos-vougeot-grand-cru-domaine-coquard-loison-fleurot-burgundy","1438570","20148203702"
"Domaine Coquard Loison Fleurot","2018","Clos Vougeot, Grand Cru, Domaine Coquard Loison-Fleurot, Burgundy","990","Case of 6 Bottles","https://www.bbr.com/products-20188203702-2018-clos-vougeot-grand-cru-domaine-coquard-loison-fleurot-burgundy","1438570","20188203702"
"Domaine Coquard Loison Fleurot","2019","Clos Vougeot, Grand Cru, Domaine Coquard Loison-Fleurot, Burgundy","1300","Case of 6 Bottles","https://www.bbr.com/products-20198203702-2019-clos-vougeot-grand-cru-domaine-coquard-loison-fleurot-burgundy","1438570","20198203702"
"Domaine Guyon","2013","Clos Vougeot, Grand Cru, Domaine Guyon, Burgundy","1100","Case of 6 Bottles","https://www.bbr.com/products-20131369380-2013-clos-vougeot-grand-cru-domaine-guyon-burgundy","1369380","20131369380"
"Domaine Guyon","2014","Clos Vougeot, Grand Cru, Domaine Guyon, Burgundy","1805","Case of 6 Bottles","https://www.bbr.com/products-20141369380-2014-clos-vougeot-grand-cru-domaine-guyon-burgundy","1369380","20141369380"
"Domaine Guyon","2015","Clos Vougeot, Grand Cru, Domaine Guyon, Burgundy","970","Case of 6 Bottles","https://www.bbr.com/products-20151369380-2015-clos-vougeot-grand-cru-domaine-guyon-burgundy","1369380","20151369380"
"Domaine Guyon","2017","Clos Vougeot, Grand Cru, Domaine Guyon, Burgundy","1000","Case of 6 Bottles","https://www.bbr.com/products-20171369380-2017-clos-vougeot-grand-cru-domaine-guyon-burgundy","1369380","20171369380"
"Domaine Guyon","2018","Clos Vougeot, Grand Cru, Domaine Guyon, Burgundy","1158","Case of 6 Bottles","https://www.bbr.com/products-20181369380-2018-clos-vougeot-grand-cru-domaine-guyon-burgundy","1369380","20181369380"
"Domaine Guyon","2019","Clos Vougeot, Grand Cru, Domaine Guyon, Burgundy","780","Case of 3 Bottles","https://www.bbr.com/products-20191369380-2019-clos-vougeot-grand-cru-domaine-guyon-burgundy","1369380","20191369380"
"Domaine Guyon","2020","Clos Vougeot, Grand Cru, Domaine Guyon, Burgundy","1150","Case of 3 Bottles","https://www.bbr.com/products-20201369380-2020-clos-vougeot-grand-cru-domaine-guyon-burgundy","1369380","20201369380"
"Domaine Guyon","2021","Clos Vougeot, Grand Cru, Domaine Guyon, Burgundy","1260","Case of 3 Bottles","https://www.bbr.com/products-20211369380-2021-clos-vougeot-grand-cru-domaine-guyon-burgundy","1369380","20211369380"
"Domaine Guyon","2022","Clos Vougeot, Grand Cru, Domaine Guyon, Burgundy","1138","Case of 3 Bottles","https://www.bbr.com/products-20221369380-2022-clos-vougeot-grand-cru-domaine-guyon-burgundy","1369380","20221369380"
"Jacques Prieur","2013","Clos Vougeot, Grand Cru, Domaine Jacques Prieur, Burgundy","790","Case of 6 Bottles","https://www.bbr.com/products-20138218119-2013-clos-vougeot-grand-cru-domaine-jacques-prieur-burgundy","1053225","20138218119"
"Jacques Prieur","2016","Clos Vougeot, Grand Cru, Domaine Jacques Prieur, Burgundy","815","Case of 6 Bottles","https://www.bbr.com/products-20168218119-2016-clos-vougeot-grand-cru-domaine-jacques-prieur-burgundy","1053225","20168218119"
"Jacques Prieur","2018","Clos Vougeot, Grand Cru, Domaine Jacques Prieur, Burgundy","800","Case of 6 Bottles","https://www.bbr.com/products-20188218119-2018-clos-vougeot-grand-cru-domaine-jacques-prieur-burgundy","1053225","20188218119"
"Louis Jadot","2013","Clos Vougeot, Grand Cru, Domaine Louis Jadot, Burgundy","380","Case of 6 Bottles","https://www.bbr.com/products-20138022103-2013-clos-vougeot-grand-cru-domaine-louis-jadot-burgundy","1038086","20138022103"
"Louis Jadot","2014","Clos Vougeot, Grand Cru, Domaine Louis Jadot, Burgundy","490","Case of 6 Bottles","https://www.bbr.com/products-20148022103-2014-clos-vougeot-grand-cru-domaine-louis-jadot-burgundy","1038086","20148022103"
"Louis Jadot","2014","Clos Vougeot, Grand Cru, Domaine Louis Jadot, Burgundy","490","Case of 6 Bottles","https://www.bbr.com/products-20148022103-2014-clos-vougeot-grand-cru-domaine-louis-jadot-burgundy","1038086","20148022103"
"Louis Jadot","2015","Clos Vougeot, Grand Cru, Domaine Louis Jadot, Burgundy","420","Case of 6 Bottles","https://www.bbr.com/products-20158022103-2015-clos-vougeot-grand-cru-domaine-louis-jadot-burgundy","1038086","20158022103"
"Louis Jadot","2016","Clos Vougeot, Grand Cru, Domaine Louis Jadot, Burgundy","480","Case of 6 Bottles","https://www.bbr.com/products-20168022103-2016-clos-vougeot-grand-cru-domaine-louis-jadot-burgundy","1038086","20168022103"
"Louis Jadot","2018","Clos Vougeot, Grand Cru, Domaine Louis Jadot, Burgundy","410","Case of 6 Bottles","https://www.bbr.com/products-20188022103-2018-clos-vougeot-grand-cru-domaine-louis-jadot-burgundy","1038086","20188022103"
"Domaine Mugneret-Gibourg","2008","Clos Vougeot, Grand Cru, Domaine Mugneret-Gibourg, Burgundy","5750","Case of 6 Bottles","https://www.bbr.com/products-20088120766-2008-clos-vougeot-grand-cru-domaine-mugneret-gibourg-burgundy","1049437","20088120766"
"Domaine Thibault Liger-Belair","2007","Clos Vougeot, Grand Cru, Domaine Thibault Liger-Belair, Burgundy","850","Case of 6 Bottles","https://www.bbr.com/products-20078022510-2007-clos-vougeot-grand-cru-domaine-thibault-liger-belair-burgundy","1044852","20078022510"
"Domaine Thibault Liger-Belair","2012","Clos Vougeot, Grand Cru, Domaine Thibault Liger-Belair, Burgundy","720","Case of 6 Bottles","https://www.bbr.com/products-20128022510-2012-clos-vougeot-grand-cru-domaine-thibault-liger-belair-burgundy","1044852","20128022510"
"Domaine Thibault Liger-Belair","2013","Clos Vougeot, Grand Cru, Domaine Thibault Liger-Belair, Burgundy","1112","Case of 6 Bottles","https://www.bbr.com/products-20138022510-2013-clos-vougeot-grand-cru-domaine-thibault-liger-belair-burgundy","1044852","20138022510"
"Domaine Thibault Liger-Belair","2014","Clos Vougeot, Grand Cru, Domaine Thibault Liger-Belair, Burgundy","600","Case of 6 Bottles","https://www.bbr.com/products-20148022510-2014-clos-vougeot-grand-cru-domaine-thibault-liger-belair-burgundy","1044852","20148022510"
"Domaine Thibault Liger-Belair","2015","Clos Vougeot, Grand Cru, Domaine Thibault Liger-Belair, Burgundy","888","Case of 6 Bottles","https://www.bbr.com/products-20158022510-2015-clos-vougeot-grand-cru-domaine-thibault-liger-belair-burgundy","1044852","20158022510"
"Domaine Thibault Liger-Belair","2016","Clos Vougeot, Grand Cru, Domaine Thibault Liger-Belair, Burgundy","800","Case of 6 Bottles","https://www.bbr.com/products-20168022510-2016-clos-vougeot-grand-cru-domaine-thibault-liger-belair-burgundy","1044852","20168022510"
"Domaine Thibault Liger-Belair","2017","Clos Vougeot, Grand Cru, Domaine Thibault Liger-Belair, Burgundy","875","Case of 6 Bottles","https://www.bbr.com/products-20178022510-2017-clos-vougeot-grand-cru-domaine-thibault-liger-belair-burgundy","1044852","20178022510"
"Domaine Thibault Liger-Belair","2018","Clos Vougeot, Grand Cru, Domaine Thibault Liger-Belair, Burgundy","780","Case of 6 Bottles","https://www.bbr.com/products-20188022510-2018-clos-vougeot-grand-cru-domaine-thibault-liger-belair-burgundy","1044852","20188022510"
"Domaine Thibault Liger-Belair","2020","Clos Vougeot, Grand Cru, Domaine Thibault Liger-Belair, Burgundy","1100","Case of 6 Bottles","https://www.bbr.com/products-20208022510-2020-clos-vougeot-grand-cru-domaine-thibault-liger-belair-burgundy","1044852","20208022510"
"Domaine Geantet-Pansiot","2016","Clos Vougeot, Grand Cru, Geantet-Pansiot, Burgundy","1692","Case of 12 Bottles","https://www.bbr.com/products-20168203454-2016-clos-vougeot-grand-cru-geantet-pansiot-burgundy","1449833","20168203454"
"Domaine Geantet-Pansiot","2017","Clos Vougeot, Grand Cru, Geantet-Pansiot, Burgundy","1715","Case of 12 Bottles","https://www.bbr.com/products-20178203454-2017-clos-vougeot-grand-cru-geantet-pansiot-burgundy","1449833","20178203454"
"Domaine Geantet-Pansiot","2018","Clos Vougeot, Grand Cru, Geantet-Pansiot, Burgundy","1861","Case of 12 Bottles","https://www.bbr.com/products-20188203454-2018-clos-vougeot-grand-cru-geantet-pansiot-burgundy","1449833","20188203454"
"Domaine Geantet-Pansiot","2018","Clos Vougeot, Grand Cru, Geantet-Pansiot, Burgundy","930","Case of 6 Bottles","https://www.bbr.com/products-20188203454-2018-clos-vougeot-grand-cru-geantet-pansiot-burgundy","1449833","20188203454"
"Domaine Geantet-Pansiot","2020","Clos Vougeot, Grand Cru, Geantet-Pansiot, Burgundy","846","Case of 6 Bottles","https://www.bbr.com/products-20208203454-2020-clos-vougeot-grand-cru-geantet-pansiot-burgundy","1449833","20208203454"
"Henri Boillot","2005","Clos Vougeot, Grand Cru, Henri Boillot, Burgundy","1700","Case of 12 Bottles","https://www.bbr.com/products-20058014607-2005-clos-vougeot-grand-cru-henri-boillot-burgundy","1020694","20058014607"
"Henri Boillot","2014","Clos Vougeot, Grand Cru, Henri Boillot, Burgundy","846","Case of 6 Bottles","https://www.bbr.com/products-20148014607-2014-clos-vougeot-grand-cru-henri-boillot-burgundy","1020694","20148014607"
"Louis Latour","2021","Clos Vougeot, Grand Cru, Louis Latour, Burgundy","648","Case of 6 Bottles","https://www.bbr.com/products-20218315485-2021-clos-vougeot-grand-cru-louis-latour-burgundy","1040779","20218315485"
"Olivier Bernstein","2008","Clos Vougeot, Grand Cru, Olivier Bernstein, Burgundy","2150","Case of 6 Bottles","https://www.bbr.com/products-20081019751-2008-clos-vougeot-grand-cru-olivier-bernstein-burgundy","1019751","20081019751"
"Olivier Bernstein","2009","Clos Vougeot, Grand Cru, Olivier Bernstein, Burgundy","1580","Case of 6 Bottles","https://www.bbr.com/products-20091019751-2009-clos-vougeot-grand-cru-olivier-bernstein-burgundy","1019751","20091019751"
"Olivier Bernstein","2010","Clos Vougeot, Grand Cru, Olivier Bernstein, Burgundy","1500","Case of 6 Bottles","https://www.bbr.com/products-20101019751-2010-clos-vougeot-grand-cru-olivier-bernstein-burgundy","1019751","20101019751"
"Olivier Bernstein","2010","Clos Vougeot, Grand Cru, Olivier Bernstein, Burgundy","1660","Case of 6 Bottles","https://www.bbr.com/products-20101019751-2010-clos-vougeot-grand-cru-olivier-bernstein-burgundy","1019751","20101019751"
"Olivier Bernstein","2011","Clos Vougeot, Grand Cru, Olivier Bernstein, Burgundy","1800","Case of 6 Bottles","https://www.bbr.com/products-20111019751-2011-clos-vougeot-grand-cru-olivier-bernstein-burgundy","1019751","20111019751"
"Olivier Bernstein","2011","Clos Vougeot, Grand Cru, Olivier Bernstein, Burgundy","1800","Case of 6 Bottles","https://www.bbr.com/products-20111019751-2011-clos-vougeot-grand-cru-olivier-bernstein-burgundy","1019751","20111019751"
"Olivier Bernstein","2012","Clos Vougeot, Grand Cru, Olivier Bernstein, Burgundy","850","Case of 6 Bottles","https://www.bbr.com/products-20121019751-2012-clos-vougeot-grand-cru-olivier-bernstein-burgundy","1019751","20121019751"
"Olivier Bernstein","2013","Clos Vougeot, Grand Cru, Olivier Bernstein, Burgundy","1400","Case of 6 Bottles","https://www.bbr.com/products-20131019751-2013-clos-vougeot-grand-cru-olivier-bernstein-burgundy","1019751","20131019751"
"Olivier Bernstein","2014","Clos Vougeot, Grand Cru, Olivier Bernstein, Burgundy","840","Case of 6 Bottles","https://www.bbr.com/products-20141019751-2014-clos-vougeot-grand-cru-olivier-bernstein-burgundy","1019751","20141019751"
"Olivier Bernstein","2015","Clos Vougeot, Grand Cru, Olivier Bernstein, Burgundy","1450","Case of 6 Bottles","https://www.bbr.com/products-20151019751-2015-clos-vougeot-grand-cru-olivier-bernstein-burgundy","1019751","20151019751"
"Olivier Bernstein","2016","Clos Vougeot, Grand Cru, Olivier Bernstein, Burgundy","1195","Case of 6 Bottles","https://www.bbr.com/products-20161019751-2016-clos-vougeot-grand-cru-olivier-bernstein-burgundy","1019751","20161019751"
"Olivier Bernstein","2016","Clos Vougeot, Grand Cru, Olivier Bernstein, Burgundy","1260","Case of 6 Bottles","https://www.bbr.com/products-20161019751-2016-clos-vougeot-grand-cru-olivier-bernstein-burgundy","1019751","20161019751"
"Olivier Bernstein","2022","Clos Vougeot, Grand Cru, Olivier Bernstein, Burgundy","1750","Case of 3 Bottles","https://www.bbr.com/products-20221019751-2022-clos-vougeot-grand-cru-olivier-bernstein-burgundy","1019751","20221019751"
"Remoissenet Pere et Fils","2013","Clos Vougeot, Grand Cru, Remoissenet Pere & Fils, Burgundy","2085","Case of 12 Bottles","https://www.bbr.com/products-20138208332-2013-clos-vougeot-grand-cru-remoissenet-pere-fils-burgundy","1230725","20138208332"
"Remoissenet Pere et Fils","2017","Clos Vougeot, Grand Cru, Remoissenet Pere & Fils, Burgundy","950","Case of 6 Bottles","https://www.bbr.com/products-20178208332-2017-clos-vougeot-grand-cru-remoissenet-pere-fils-burgundy","1230725","20178208332"
"Domaine Michel Gros","2014","Clos Vougeot, Grand Maupertuis, Grand Cru, Domaine Michel Gros, Burgundy","925","Case of 6 Bottles","https://www.bbr.com/products-20148121633-2014-clos-vougeot-grand-maupertuis-grand-cru-domaine-michel-gros-burgundy","1036473","20148121633"
"Benjamin Leroux","2011","Clos Vougeot, Petit Maupertuis, Grand Cru, Benjamin Leroux, Burgundy","675","Case of 6 Bottles","https://www.bbr.com/products-20111171064-2011-clos-vougeot-petit-maupertuis-grand-cru-benjamin-leroux-burgundy","1171064","20111171064"
"Benjamin Leroux","2014","Clos Vougeot, Petit Maupertuis, Grand Cru, Benjamin Leroux, Burgundy","360","Case of 3 Bottles","https://www.bbr.com/products-20141171064-2014-clos-vougeot-petit-maupertuis-grand-cru-benjamin-leroux-burgundy","1171064","20141171064"
"Benjamin Leroux","2017","Clos Vougeot, Petit Maupertuis, Grand Cru, Benjamin Leroux, Burgundy","480","Case of 3 Bottles","https://www.bbr.com/products-20171171064-2017-clos-vougeot-petit-maupertuis-grand-cru-benjamin-leroux-burgundy","1171064","20171171064"
"Benjamin Leroux","2018","Clos Vougeot, Petit Maupertuis, Grand Cru, Benjamin Leroux, Burgundy","450","Case of 3 Bottles","https://www.bbr.com/products-20181171064-2018-clos-vougeot-petit-maupertuis-grand-cru-benjamin-leroux-burgundy","1171064","20181171064"
"Benjamin Leroux","2021","Clos Vougeot, Petit Maupertuis, Grand Cru, Benjamin Leroux, Burgundy","450","Case of 3 Bottles","https://www.bbr.com/products-20211171064-2021-clos-vougeot-petit-maupertuis-grand-cru-benjamin-leroux-burgundy","1171064","20211171064"
"Domaine Ponsot","2010","Clos Vougeot, Vieilles Vignes, Grand Cru, Domaine Ponsot, Burgundy","1550","Case of 6 Bottles","https://www.bbr.com/products-20108120421-2010-clos-vougeot-vieilles-vignes-grand-cru-domaine-ponsot-burgundy","1051553","20108120421"
"Domaine Ponsot","2010","Clos Vougeot, Vieilles Vignes, Grand Cru, Domaine Ponsot, Burgundy","1750","Case of 6 Bottles","https://www.bbr.com/products-20108120421-2010-clos-vougeot-vieilles-vignes-grand-cru-domaine-ponsot-burgundy","1051553","20108120421"
"Domaine Ponsot","2012","Clos Vougeot, Vieilles Vignes, Grand Cru, Domaine Ponsot, Burgundy","2055","Case of 6 Bottles","https://www.bbr.com/products-20128120421-2012-clos-vougeot-vieilles-vignes-grand-cru-domaine-ponsot-burgundy","1051553","20128120421"
"Domaine Clos de Tart","2003","Clos de Tart, Grand Cru, Clos de Tart, Burgundy","2950","Case of 6 Bottles","https://www.bbr.com/products-20038036601-2003-clos-de-tart-grand-cru-clos-de-tart-burgundy","1047648","20038036601"
"Domaine Clos de Tart","2008","Clos de Tart, Grand Cru, Clos de Tart, Burgundy","2300","Case of 6 Bottles","https://www.bbr.com/products-20088036601-2008-clos-de-tart-grand-cru-clos-de-tart-burgundy","1047648","20088036601"
"Domaine Clos de Tart","2012","Clos de Tart, Grand Cru, Clos de Tart, Burgundy","2120","Case of 6 Bottles","https://www.bbr.com/products-20128036601-2012-clos-de-tart-grand-cru-clos-de-tart-burgundy","1047648","20128036601"
"Domaine Clos de Tart","2013","Clos de Tart, Grand Cru, Clos de Tart, Burgundy","2068","Case of 6 Bottles","https://www.bbr.com/products-20138036601-2013-clos-de-tart-grand-cru-clos-de-tart-burgundy","1047648","20138036601"
"Domaine Clos de Tart","2014","Clos de Tart, Grand Cru, Clos de Tart, Burgundy","2688","Case of 6 Bottles","https://www.bbr.com/products-20148036601-2014-clos-de-tart-grand-cru-clos-de-tart-burgundy","1047648","20148036601"
"Domaine Clos de Tart","2014","Clos de Tart, Grand Cru, Clos de Tart, Burgundy","2300","Case of 6 Bottles","https://www.bbr.com/products-20148036601-2014-clos-de-tart-grand-cru-clos-de-tart-burgundy","1047648","20148036601"
"Domaine Clos de Tart","2015","Clos de Tart, Grand Cru, Clos de Tart, Burgundy","2220","Case of 6 Bottles","https://www.bbr.com/products-20158036601-2015-clos-de-tart-grand-cru-clos-de-tart-burgundy","1047648","20158036601"
"Domaine Clos de Tart","2017","Clos de Tart, Grand Cru, Clos de Tart, Burgundy","2745","Case of 6 Bottles","https://www.bbr.com/products-20178036601-2017-clos-de-tart-grand-cru-clos-de-tart-burgundy","1047648","20178036601"
"Domaine Clos de Tart","2017","Clos de Tart, Grand Cru, Clos de Tart, Burgundy","2680","Case of 6 Bottles","https://www.bbr.com/products-20178036601-2017-clos-de-tart-grand-cru-clos-de-tart-burgundy","1047648","20178036601"
"Domaine Clos de Tart","2018","Clos de Tart, Grand Cru, Clos de Tart, Burgundy","3400","Case of 6 Bottles","https://www.bbr.com/products-20188036601-2018-clos-de-tart-grand-cru-clos-de-tart-burgundy","1047648","20188036601"
"Domaine Clos de Tart","2019","Clos de Tart, Grand Cru, Clos de Tart, Burgundy","5368","Case of 6 Bottles","https://www.bbr.com/products-20198036601-2019-clos-de-tart-grand-cru-clos-de-tart-burgundy","1047648","20198036601"
"Domaine Clos de Tart","2021","Clos de Tart, Grand Cru, Clos de Tart, Burgundy","3645","Case of 6 Bottles","https://www.bbr.com/products-20218036601-2021-clos-de-tart-grand-cru-clos-de-tart-burgundy","1047648","20218036601"
"Domaine Clos de Tart","2022","Clos de Tart, Grand Cru, Clos de Tart, Burgundy","3200","Case of 3 Magnums","https://www.bbr.com/products-20228036601-2022-clos-de-tart-grand-cru-clos-de-tart-burgundy","1047648","20228036601"
"Domaine Charles Noellat","2015","Clos de Vouegot, Grand Cru, Charles Noellat, Burgundy","655","Case of 6 Bottles","https://www.bbr.com/products-20158301118-2015-clos-de-vouegot-grand-cru-charles-noellat-burgundy","1049828","20158301118"
"Laurent Ponsot SAS","2019","Clos de Vougeot, Cuvee du Cedre, Grand Cru, Laurent Ponsot, Burgundy","1400","Case of 6 Bottles","https://www.bbr.com/products-20198242965-2019-clos-de-vougeot-cuvee-du-cedre-grand-cru-laurent-ponsot-burgundy","1646216","20198242965"
"Benjamin Leroux","2010","Clos de Vougeot, Grand Cru, Benjamin Leroux, Burgundy","950","Case of 6 Bottles","https://www.bbr.com/products-20101194573-2010-clos-de-vougeot-grand-cru-benjamin-leroux-burgundy","1194573","20101194573"
"Maison Camille Giroud","2016","Clos de Vougeot, Grand Cru, Camille Giroud, Burgundy","795","Case of 6 Bottles","https://www.bbr.com/products-20168023823-2016-clos-de-vougeot-grand-cru-camille-giroud-burgundy","1034701","20168023823"
"Maison Camille Giroud","2017","Clos de Vougeot, Grand Cru, Camille Giroud, Burgundy","1395","Case of 6 Bottles","https://www.bbr.com/products-20178023823-2017-clos-de-vougeot-grand-cru-camille-giroud-burgundy","1034701","20178023823"
"Maison Camille Giroud","2018","Clos de Vougeot, Grand Cru, Camille Giroud, Burgundy","999","Case of 6 Bottles","https://www.bbr.com/products-20188023823-2018-clos-de-vougeot-grand-cru-camille-giroud-burgundy","1034701","20188023823"
"Maison Camille Giroud","2020","Clos de Vougeot, Grand Cru, Camille Giroud, Burgundy","945","Case of 6 Bottles","https://www.bbr.com/products-20208023823-2020-clos-de-vougeot-grand-cru-camille-giroud-burgundy","1034701","20208023823"
"Domaine Arnoux-Lachaux","2015","Clos de Vougeot, Grand Cru, Domaine Arnoux-Lachaux, Burgundy","1250","Case of 3 Bottles","https://www.bbr.com/products-20158227508-2015-clos-de-vougeot-grand-cru-domaine-arnoux-lachaux-burgundy","1018709","20158227508"
"Domaine Arnoux-Lachaux","2017","Clos de Vougeot, Grand Cru, Domaine Arnoux-Lachaux, Burgundy","1950","Case of 6 Bottles","https://www.bbr.com/products-20178227508-2017-clos-de-vougeot-grand-cru-domaine-arnoux-lachaux-burgundy","1018709","20178227508"
"Domaine Bertagna","2014","Clos de Vougeot, Grand Cru, Domaine Bertagna, Burgundy","720","Case of 6 Bottles","https://www.bbr.com/products-20148018605-2014-clos-de-vougeot-grand-cru-domaine-bertagna-burgundy","1019865","20148018605"
"Domaine Bertagna","2015","Clos de Vougeot, Grand Cru, Domaine Bertagna, Burgundy","727","Case of 6 Bottles","https://www.bbr.com/products-20158018605-2015-clos-de-vougeot-grand-cru-domaine-bertagna-burgundy","1019865","20158018605"
"Domaine Bertagna","2016","Clos de Vougeot, Grand Cru, Domaine Bertagna, Burgundy","729","Case of 6 Bottles","https://www.bbr.com/products-20168018605-2016-clos-de-vougeot-grand-cru-domaine-bertagna-burgundy","1019865","20168018605"
"Domaine Bertagna","2017","Clos de Vougeot, Grand Cru, Domaine Bertagna, Burgundy","740","Case of 6 Bottles","https://www.bbr.com/products-20178018605-2017-clos-de-vougeot-grand-cru-domaine-bertagna-burgundy","1019865","20178018605"
"Domaine Castagnier","2013","Clos de Vougeot, Grand Cru, Domaine Castagnier, Burgundy","496","Case of 6 Bottles","https://www.bbr.com/products-20138023634-2013-clos-de-vougeot-grand-cru-domaine-castagnier-burgundy","1023510","20138023634"
"Domaine Castagnier","2014","Clos de Vougeot, Grand Cru, Domaine Castagnier, Burgundy","450","Case of 6 Bottles","https://www.bbr.com/products-20148023634-2014-clos-de-vougeot-grand-cru-domaine-castagnier-burgundy","1023510","20148023634"
"Domaine Castagnier","2015","Clos de Vougeot, Grand Cru, Domaine Castagnier, Burgundy","640","Case of 6 Bottles","https://www.bbr.com/products-20158023634-2015-clos-de-vougeot-grand-cru-domaine-castagnier-burgundy","1023510","20158023634"
"Domaine Castagnier","2016","Clos de Vougeot, Grand Cru, Domaine Castagnier, Burgundy","550","Case of 6 Bottles","https://www.bbr.com/products-20168023634-2016-clos-de-vougeot-grand-cru-domaine-castagnier-burgundy","1023510","20168023634"
"Domaine Castagnier","2017","Clos de Vougeot, Grand Cru, Domaine Castagnier, Burgundy","525","Case of 6 Bottles","https://www.bbr.com/products-20178023634-2017-clos-de-vougeot-grand-cru-domaine-castagnier-burgundy","1023510","20178023634"
"Domaine Castagnier","2018","Clos de Vougeot, Grand Cru, Domaine Castagnier, Burgundy","525","Case of 6 Bottles","https://www.bbr.com/products-20188023634-2018-clos-de-vougeot-grand-cru-domaine-castagnier-burgundy","1023510","20188023634"
"Domaine Castagnier","2019","Clos de Vougeot, Grand Cru, Domaine Castagnier, Burgundy","650","Case of 6 Bottles","https://www.bbr.com/products-20198023634-2019-clos-de-vougeot-grand-cru-domaine-castagnier-burgundy","1023510","20198023634"
"Domaine Castagnier","2021","Clos de Vougeot, Grand Cru, Domaine Castagnier, Burgundy","1000","Case of 6 Bottles","https://www.bbr.com/products-20218023634-2021-clos-de-vougeot-grand-cru-domaine-castagnier-burgundy","1023510","20218023634"
"Domaine Castagnier","2022","Clos de Vougeot, Grand Cru, Domaine Castagnier, Burgundy","595","Case of 3 Bottles","https://www.bbr.com/products-20228023634-2022-clos-de-vougeot-grand-cru-domaine-castagnier-burgundy","1023510","20228023634"
"Drouhin-Laroze","2009","Clos de Vougeot, Grand Cru, Domaine Drouhin-Laroze, Burgundy","795","Case of 6 Bottles","https://www.bbr.com/products-20091029538-2009-clos-de-vougeot-grand-cru-domaine-drouhin-laroze-burgundy","1029538","20091029538"
"Drouhin-Laroze","2011","Clos de Vougeot, Grand Cru, Domaine Drouhin-Laroze, Burgundy","400","Case of 6 Bottles","https://www.bbr.com/products-20111029538-2011-clos-de-vougeot-grand-cru-domaine-drouhin-laroze-burgundy","1029538","20111029538"
"Drouhin-Laroze","2015","Clos de Vougeot, Grand Cru, Domaine Drouhin-Laroze, Burgundy","1240","Case of 12 Bottles","https://www.bbr.com/products-20151029538-2015-clos-de-vougeot-grand-cru-domaine-drouhin-laroze-burgundy","1029538","20151029538"
"Drouhin-Laroze","2016","Clos de Vougeot, Grand Cru, Domaine Drouhin-Laroze, Burgundy","1230","Case of 12 Bottles","https://www.bbr.com/products-20161029538-2016-clos-de-vougeot-grand-cru-domaine-drouhin-laroze-burgundy","1029538","20161029538"
"Drouhin-Laroze","2017","Clos de Vougeot, Grand Cru, Domaine Drouhin-Laroze, Burgundy","525","Case of 6 Bottles","https://www.bbr.com/products-20171029538-2017-clos-de-vougeot-grand-cru-domaine-drouhin-laroze-burgundy","1029538","20171029538"
"Drouhin-Laroze","2018","Clos de Vougeot, Grand Cru, Domaine Drouhin-Laroze, Burgundy","615","Case of 6 Bottles","https://www.bbr.com/products-20181029538-2018-clos-de-vougeot-grand-cru-domaine-drouhin-laroze-burgundy","1029538","20181029538"
"Domaine Joseph Faiveley","2011","Clos de Vougeot, Grand Cru, Domaine Faiveley, Burgundy","897","Case of 6 Bottles","https://www.bbr.com/products-20118021018-2011-clos-de-vougeot-grand-cru-domaine-faiveley-burgundy","1031348","20118021018"
"Domaine Joseph Faiveley","2013","Clos de Vougeot, Grand Cru, Domaine Faiveley, Burgundy","700","Case of 6 Bottles","https://www.bbr.com/products-20138021018-2013-clos-de-vougeot-grand-cru-domaine-faiveley-burgundy","1031348","20138021018"
"Domaine Joseph Faiveley","2015","Clos de Vougeot, Grand Cru, Domaine Faiveley, Burgundy","905","Case of 6 Bottles","https://www.bbr.com/products-20158021018-2015-clos-de-vougeot-grand-cru-domaine-faiveley-burgundy","1031348","20158021018"
"Domaine Joseph Faiveley","2016","Clos de Vougeot, Grand Cru, Domaine Faiveley, Burgundy","820","Case of 6 Bottles","https://www.bbr.com/products-20168021018-2016-clos-de-vougeot-grand-cru-domaine-faiveley-burgundy","1031348","20168021018"
"Domaine Joseph Faiveley","2018","Clos de Vougeot, Grand Cru, Domaine Faiveley, Burgundy","680","Case of 6 Bottles","https://www.bbr.com/products-20188021018-2018-clos-de-vougeot-grand-cru-domaine-faiveley-burgundy","1031348","20188021018"
"Domaine Joseph Faiveley","2019","Clos de Vougeot, Grand Cru, Domaine Faiveley, Burgundy","945","Case of 6 Bottles","https://www.bbr.com/products-20198021018-2019-clos-de-vougeot-grand-cru-domaine-faiveley-burgundy","1031348","20198021018"
"Domaine Lamarche","2010","Clos de Vougeot, Grand Cru, Domaine Francois Lamarche, Burgundy","790","Case of 6 Bottles","https://www.bbr.com/products-20101040157-2010-clos-de-vougeot-grand-cru-domaine-francois-lamarche-burgundy","1040157","20101040157"
"Domaine Lamarche","2013","Clos de Vougeot, Grand Cru, Domaine Francois Lamarche, Burgundy","590","Case of 6 Bottles","https://www.bbr.com/products-20131040157-2013-clos-de-vougeot-grand-cru-domaine-francois-lamarche-burgundy","1040157","20131040157"
"Domaine Lamarche","2014","Clos de Vougeot, Grand Cru, Domaine Francois Lamarche, Burgundy","645","Case of 6 Bottles","https://www.bbr.com/products-20141040157-2014-clos-de-vougeot-grand-cru-domaine-francois-lamarche-burgundy","1040157","20141040157"
"Domaine Lamarche","2015","Clos de Vougeot, Grand Cru, Domaine Francois Lamarche, Burgundy","650","Case of 6 Bottles","https://www.bbr.com/products-20151040157-2015-clos-de-vougeot-grand-cru-domaine-francois-lamarche-burgundy","1040157","20151040157"
"Domaine Lamarche","2017","Clos de Vougeot, Grand Cru, Domaine Francois Lamarche, Burgundy","568","Case of 6 Bottles","https://www.bbr.com/products-20171040157-2017-clos-de-vougeot-grand-cru-domaine-francois-lamarche-burgundy","1040157","20171040157"
"Gros Frere et Soeur","2019","Clos de Vougeot, Grand Cru, Domaine Gros Frere & Soeur, Burgundy","1190","Case of 6 Bottles","https://www.bbr.com/products-20198117092-2019-clos-de-vougeot-grand-cru-domaine-gros-frere-soeur-burgundy","1036327","20198117092"
"Gros Frere et Soeur","2023","Clos de Vougeot, Grand Cru, Domaine Gros Frere &amp; Soeur, Burgundy","1120","Case of 6 Bottles","https://www.bbr.com/products-20238117092-2023-clos-de-vougeot-grand-cru-domaine-gros-frere-and-soeur-burgundy","1036327","20238117092"
"Domaine Henri Rebourseau","2019","Clos de Vougeot, Grand Cru, Domaine Henri Rebourseau, Burgundy","425","Case of 3 Bottles","https://www.bbr.com/products-20198119054-2019-clos-de-vougeot-grand-cru-domaine-henri-rebourseau-burgundy","1054365","20198119054"
"Domaine Henri Rebourseau","2020","Clos de Vougeot, Grand Cru, Domaine Henri Rebourseau, Burgundy","465","Case of 3 Bottles","https://www.bbr.com/products-20208119054-2020-clos-de-vougeot-grand-cru-domaine-henri-rebourseau-burgundy","1054365","20208119054"
"Domaine Henri Rebourseau","2021","Clos de Vougeot, Grand Cru, Domaine Henri Rebourseau, Burgundy","450","Case of 3 Bottles","https://www.bbr.com/products-20218119054-2021-clos-de-vougeot-grand-cru-domaine-henri-rebourseau-burgundy","1054365","20218119054"
"Domaine Hudelot-Noellat","2008","Clos de Vougeot, Grand Cru, Domaine Hudelot-Noellat, Burgundy","1400","Case of 6 Bottles","https://www.bbr.com/products-20088121558-2008-clos-de-vougeot-grand-cru-domaine-hudelot-noellat-burgundy","1037337","20088121558"
"Domaine Hudelot-Noellat","2015","Clos de Vougeot, Grand Cru, Domaine Hudelot-Noellat, Burgundy","1450","Case of 6 Bottles","https://www.bbr.com/products-20158121558-2015-clos-de-vougeot-grand-cru-domaine-hudelot-noellat-burgundy","1037337","20158121558"
"Domaine Hudelot-Noellat","2017","Clos de Vougeot, Grand Cru, Domaine Hudelot-Noellat, Burgundy","1200","Case of 3 Magnums","https://www.bbr.com/products-20178121558-2017-clos-de-vougeot-grand-cru-domaine-hudelot-noellat-burgundy","1037337","20178121558"
"Domaine Hudelot-Noellat","2019","Clos de Vougeot, Grand Cru, Domaine Hudelot-Noellat, Burgundy","750","Case of 3 Bottles","https://www.bbr.com/products-20198121558-2019-clos-de-vougeot-grand-cru-domaine-hudelot-noellat-burgundy","1037337","20198121558"
"Domaine Hudelot-Noellat","2019","Clos de Vougeot, Grand Cru, Domaine Hudelot-Noellat, Burgundy","650","Case of 3 Bottles","https://www.bbr.com/products-20198121558-2019-clos-de-vougeot-grand-cru-domaine-hudelot-noellat-burgundy","1037337","20198121558"
"Domaine J. Confuron","2011","Clos de Vougeot, Grand Cru, Domaine J. Confuron, Burgundy","875","Case of 6 Bottles","https://www.bbr.com/products-20118219712-2011-clos-de-vougeot-grand-cru-domaine-j-confuron-burgundy","1027329","20118219712"
"Domaine Jean Grivot","1999","Clos de Vougeot, Grand Cru, Domaine Jean Grivot, Burgundy","2100","Case of 12 Bottles","https://www.bbr.com/products-19991035580-1999-clos-de-vougeot-grand-cru-domaine-jean-grivot-burgundy","1035580","19991035580"
"Domaine Jean Grivot","1999","Clos de Vougeot, Grand Cru, Domaine Jean Grivot, Burgundy","1875","Case of 12 Bottles","https://www.bbr.com/products-19991035580-1999-clos-de-vougeot-grand-cru-domaine-jean-grivot-burgundy","1035580","19991035580"
"Domaine Jean Grivot","2002","Clos de Vougeot, Grand Cru, Domaine Jean Grivot, Burgundy","4000","Case of 12 Bottles","https://www.bbr.com/products-20021035580-2002-clos-de-vougeot-grand-cru-domaine-jean-grivot-burgundy","1035580","20021035580"
"Domaine Jean Grivot","2003","Clos de Vougeot, Grand Cru, Domaine Jean Grivot, Burgundy","2350","Case of 12 Bottles","https://www.bbr.com/products-20031035580-2003-clos-de-vougeot-grand-cru-domaine-jean-grivot-burgundy","1035580","20031035580"
"Domaine Jean Grivot","2008","Clos de Vougeot, Grand Cru, Domaine Jean Grivot, Burgundy","725","Case of 6 Bottles","https://www.bbr.com/products-20081035580-2008-clos-de-vougeot-grand-cru-domaine-jean-grivot-burgundy","1035580","20081035580"
"Domaine Jean Grivot","2009","Clos de Vougeot, Grand Cru, Domaine Jean Grivot, Burgundy","1900","Case of 12 Bottles","https://www.bbr.com/products-20091035580-2009-clos-de-vougeot-grand-cru-domaine-jean-grivot-burgundy","1035580","20091035580"
"Domaine Jean Grivot","2009","Clos de Vougeot, Grand Cru, Domaine Jean Grivot, Burgundy","930","Case of 6 Bottles","https://www.bbr.com/products-20091035580-2009-clos-de-vougeot-grand-cru-domaine-jean-grivot-burgundy","1035580","20091035580"
"Domaine Jean Grivot","2010","Clos de Vougeot, Grand Cru, Domaine Jean Grivot, Burgundy","1198","Case of 6 Bottles","https://www.bbr.com/products-20101035580-2010-clos-de-vougeot-grand-cru-domaine-jean-grivot-burgundy","1035580","20101035580"
"Domaine Jean Grivot","2010","Clos de Vougeot, Grand Cru, Domaine Jean Grivot, Burgundy","1250","Case of 6 Bottles","https://www.bbr.com/products-20101035580-2010-clos-de-vougeot-grand-cru-domaine-jean-grivot-burgundy","1035580","20101035580"
"Domaine Jean Grivot","2010","Clos de Vougeot, Grand Cru, Domaine Jean Grivot, Burgundy","1500","Case of 3 Magnums","https://www.bbr.com/products-20101035580-2010-clos-de-vougeot-grand-cru-domaine-jean-grivot-burgundy","1035580","20101035580"
"Domaine Jean Grivot","2011","Clos de Vougeot, Grand Cru, Domaine Jean Grivot, Burgundy","790","Case of 6 Bottles","https://www.bbr.com/products-20111035580-2011-clos-de-vougeot-grand-cru-domaine-jean-grivot-burgundy","1035580","20111035580"
"Domaine Jean Grivot","2011","Clos de Vougeot, Grand Cru, Domaine Jean Grivot, Burgundy","770","Case of 6 Bottles","https://www.bbr.com/products-20111035580-2011-clos-de-vougeot-grand-cru-domaine-jean-grivot-burgundy","1035580","20111035580"
"Domaine Jean Grivot","2013","Clos de Vougeot, Grand Cru, Domaine Jean Grivot, Burgundy","850","Case of 6 Bottles","https://www.bbr.com/products-20131035580-2013-clos-de-vougeot-grand-cru-domaine-jean-grivot-burgundy","1035580","20131035580"
"Domaine Jean Grivot","2013","Clos de Vougeot, Grand Cru, Domaine Jean Grivot, Burgundy","862","Case of 6 Bottles","https://www.bbr.com/products-20131035580-2013-clos-de-vougeot-grand-cru-domaine-jean-grivot-burgundy","1035580","20131035580"
"Domaine Jean Grivot","2014","Clos de Vougeot, Grand Cru, Domaine Jean Grivot, Burgundy","775","Case of 6 Bottles","https://www.bbr.com/products-20141035580-2014-clos-de-vougeot-grand-cru-domaine-jean-grivot-burgundy","1035580","20141035580"
"Domaine Jean Grivot","2014","Clos de Vougeot, Grand Cru, Domaine Jean Grivot, Burgundy","899","Case of 6 Bottles","https://www.bbr.com/products-20141035580-2014-clos-de-vougeot-grand-cru-domaine-jean-grivot-burgundy","1035580","20141035580"
"Domaine Jean Grivot","2016","Clos de Vougeot, Grand Cru, Domaine Jean Grivot, Burgundy","1100","Case of 6 Bottles","https://www.bbr.com/products-20161035580-2016-clos-de-vougeot-grand-cru-domaine-jean-grivot-burgundy","1035580","20161035580"
"Domaine Jean Grivot","2017","Clos de Vougeot, Grand Cru, Domaine Jean Grivot, Burgundy","680","Case of 6 Bottles","https://www.bbr.com/products-20171035580-2017-clos-de-vougeot-grand-cru-domaine-jean-grivot-burgundy","1035580","20171035580"
"Domaine Jean Grivot","2017","Clos de Vougeot, Grand Cru, Domaine Jean Grivot, Burgundy","715","Case of 6 Bottles","https://www.bbr.com/products-20171035580-2017-clos-de-vougeot-grand-cru-domaine-jean-grivot-burgundy","1035580","20171035580"
"Domaine Jean Grivot","2018","Clos de Vougeot, Grand Cru, Domaine Jean Grivot, Burgundy","900","Case of 6 Bottles","https://www.bbr.com/products-20181035580-2018-clos-de-vougeot-grand-cru-domaine-jean-grivot-burgundy","1035580","20181035580"
"Domaine Jean Grivot","2019","Clos de Vougeot, Grand Cru, Domaine Jean Grivot, Burgundy","885","Case of 3 Bottles","https://www.bbr.com/products-20191035580-2019-clos-de-vougeot-grand-cru-domaine-jean-grivot-burgundy","1035580","20191035580"
"Domaine Jean Grivot","2021","Clos de Vougeot, Grand Cru, Domaine Jean Grivot, Burgundy","700","Case of 3 Bottles","https://www.bbr.com/products-20211035580-2021-clos-de-vougeot-grand-cru-domaine-jean-grivot-burgundy","1035580","20211035580"
"Domaine Jean Grivot","2021","Clos de Vougeot, Grand Cru, Domaine Jean Grivot, Burgundy","845","Case of 3 Bottles","https://www.bbr.com/products-20211035580-2021-clos-de-vougeot-grand-cru-domaine-jean-grivot-burgundy","1035580","20211035580"
"Domaine Jean Grivot","2023","Clos de Vougeot, Grand Cru, Domaine Jean Grivot, Burgundy","740","Case of 3 Bottles","https://www.bbr.com/products-20231035580-2023-clos-de-vougeot-grand-cru-domaine-jean-grivot-burgundy","1035580","20231035580"
"Domaine Jean-Marc Millot","2023","Clos de Vougeot, Grand Cru, Domaine Jean-Marc Millot, Burgundy","1200","Case of 6 Bottles","https://www.bbr.com/products-20238105598-2023-clos-de-vougeot-grand-cru-domaine-jean-marc-millot-burgundy","1047244","20238105598"
"Domaine Leroy","2013","Clos de Vougeot, Grand Cru, Domaine Leroy, Burgundy","13800","Case of 3 Bottles","https://www.bbr.com/products-20138121297-2013-clos-de-vougeot-grand-cru-domaine-leroy-burgundy","1043927","20138121297"
"Domaine Michele et Patrice Rion","2017","Clos de Vougeot, Grand Cru, Domaine M&amp;P Rion","600","Case of 6 Bottles","https://www.bbr.com/products-20178025625-2017-clos-de-vougeot-grand-cru-domaine-m-and-p-rion","1055128","20178025625"
"Domaine Mongeard-Mugneret","2017","Clos de Vougeot, Grand Cru, Domaine Mongeard-Mugneret, Burgundy","1072","Case of 6 Bottles","https://www.bbr.com/products-20178218379-2017-clos-de-vougeot-grand-cru-domaine-mongeard-mugneret-burgundy","1047736","20178218379"
"Meo-Camuzet","2016","Clos de Vougeot, Grand Cru, Domaine Meo-Camuzet, Burgundy","1795","Case of 6 Bottles","https://www.bbr.com/products-20161046696-2016-clos-de-vougeot-grand-cru-domaine-meo-camuzet-burgundy","1046696","20161046696"
"Meo-Camuzet","2018","Clos de Vougeot, Grand Cru, Domaine Meo-Camuzet, Burgundy","1297","Case of 6 Bottles","https://www.bbr.com/products-20181046696-2018-clos-de-vougeot-grand-cru-domaine-meo-camuzet-burgundy","1046696","20181046696"
"Meo-Camuzet","2018","Clos de Vougeot, Grand Cru, Domaine Meo-Camuzet, Burgundy","1750","Case of 3 Magnums","https://www.bbr.com/products-20181046696-2018-clos-de-vougeot-grand-cru-domaine-meo-camuzet-burgundy","1046696","20181046696"
"Meo-Camuzet","2019","Clos de Vougeot, Grand Cru, Domaine Meo-Camuzet, Burgundy","1050","Case of 3 Bottles","https://www.bbr.com/products-20191046696-2019-clos-de-vougeot-grand-cru-domaine-meo-camuzet-burgundy","1046696","20191046696"
"Meo-Camuzet","2019","Clos de Vougeot, Grand Cru, Domaine Meo-Camuzet, Burgundy","1490","Case of 6 Bottles","https://www.bbr.com/products-20191046696-2019-clos-de-vougeot-grand-cru-domaine-meo-camuzet-burgundy","1046696","20191046696"
"Meo-Camuzet","2020","Clos de Vougeot, Grand Cru, Domaine Meo-Camuzet, Burgundy","798","Case of 3 Bottles","https://www.bbr.com/products-20201046696-2020-clos-de-vougeot-grand-cru-domaine-meo-camuzet-burgundy","1046696","20201046696"
"Meo-Camuzet","2020","Clos de Vougeot, Grand Cru, Domaine Meo-Camuzet, Burgundy","1550","Case of 6 Bottles","https://www.bbr.com/products-20201046696-2020-clos-de-vougeot-grand-cru-domaine-meo-camuzet-burgundy","1046696","20201046696"
"Meo-Camuzet","2020","Clos de Vougeot, Grand Cru, Domaine Meo-Camuzet, Burgundy","799","Case of 3 Bottles","https://www.bbr.com/products-20201046696-2020-clos-de-vougeot-grand-cru-domaine-meo-camuzet-burgundy","1046696","20201046696"
"Meo-Camuzet","2021","Clos de Vougeot, Grand Cru, Domaine Meo-Camuzet, Burgundy","600","Case of 3 Bottles","https://www.bbr.com/products-20211046696-2021-clos-de-vougeot-grand-cru-domaine-meo-camuzet-burgundy","1046696","20211046696"
"Meo-Camuzet","2022","Clos de Vougeot, Grand Cru, Domaine Meo-Camuzet, Burgundy","675","Case of 3 Bottles","https://www.bbr.com/products-20221046696-2022-clos-de-vougeot-grand-cru-domaine-meo-camuzet-burgundy","1046696","20221046696"
"Philippe Charlopin","2013","Clos de Vougeot, Grand Cru, Domaine Philippe Charlopin, Burgundy","846","Case of 6 Bottles","https://www.bbr.com/products-20138054652-2013-clos-de-vougeot-grand-cru-domaine-philippe-charlopin-burgundy","1024692","20138054652"
"Philippe Charlopin","2015","Clos de Vougeot, Grand Cru, Domaine Philippe Charlopin, Burgundy","1026","Case of 6 Bottles","https://www.bbr.com/products-20158054652-2015-clos-de-vougeot-grand-cru-domaine-philippe-charlopin-burgundy","1024692","20158054652"
"Philippe Charlopin","2018","Clos de Vougeot, Grand Cru, Domaine Philippe Charlopin, Burgundy","987","Case of 6 Bottles","https://www.bbr.com/products-20188054652-2018-clos-de-vougeot-grand-cru-domaine-philippe-charlopin-burgundy","1024692","20188054652"
"Philippe Charlopin","2019","Clos de Vougeot, Grand Cru, Domaine Philippe Charlopin, Burgundy","1020","Case of 6 Bottles","https://www.bbr.com/products-20198054652-2019-clos-de-vougeot-grand-cru-domaine-philippe-charlopin-burgundy","1024692","20198054652"
"Philippe Charlopin","2020","Clos de Vougeot, Grand Cru, Domaine Philippe Charlopin, Burgundy","1130","Case of 6 Bottles","https://www.bbr.com/products-20208054652-2020-clos-de-vougeot-grand-cru-domaine-philippe-charlopin-burgundy","1024692","20208054652"
"Tortochot","2014","Clos de Vougeot, Grand Cru, Domaine Tortochot, Burgundy","550","Case of 6 Bottles","https://www.bbr.com/products-20148217532-2014-clos-de-vougeot-grand-cru-domaine-tortochot-burgundy","1058493","20148217532"
"Tortochot","2016","Clos de Vougeot, Grand Cru, Domaine Tortochot, Burgundy","1455","Case of 12 Bottles","https://www.bbr.com/products-20168217532-2016-clos-de-vougeot-grand-cru-domaine-tortochot-burgundy","1058493","20168217532"
"Tortochot","2019","Clos de Vougeot, Grand Cru, Domaine Tortochot, Burgundy","900","Case of 6 Bottles","https://www.bbr.com/products-20198217532-2019-clos-de-vougeot-grand-cru-domaine-tortochot-burgundy","1058493","20198217532"
"Domaine de Montille","2014","Clos de Vougeot, Grand Cru, Domaine de Montille, Burgundy","565","Case of 6 Bottles","https://www.bbr.com/products-20148018243-2014-clos-de-vougeot-grand-cru-domaine-de-montille-burgundy","1048036","20148018243"
"Domaine de Montille","2016","Clos de Vougeot, Grand Cru, Domaine de Montille, Burgundy","775","Case of 6 Bottles","https://www.bbr.com/products-20168018243-2016-clos-de-vougeot-grand-cru-domaine-de-montille-burgundy","1048036","20168018243"
"Domaine de Montille","2017","Clos de Vougeot, Grand Cru, Domaine de Montille, Burgundy","1827","Case of 12 Bottles","https://www.bbr.com/products-20178018243-2017-clos-de-vougeot-grand-cru-domaine-de-montille-burgundy","1048036","20178018243"
"Domaine de Montille","2018","Clos de Vougeot, Grand Cru, Domaine de Montille, Burgundy","990","Case of 6 Bottles","https://www.bbr.com/products-20188018243-2018-clos-de-vougeot-grand-cru-domaine-de-montille-burgundy","1048036","20188018243"
"Domaine de Montille","2020","Clos de Vougeot, Grand Cru, Domaine de Montille, Burgundy","950","Case of 1 Jeroboam 300cl","https://www.bbr.com/products-20208018243-2020-clos-de-vougeot-grand-cru-domaine-de-montille-burgundy","1048036","20208018243"
"Domaine de la Vougeraie","2005","Clos de Vougeot, Grand Cru, Domaine de la Vougeraie, Burgundy","825","Case of 6 Bottles","https://www.bbr.com/products-20058005276-2005-clos-de-vougeot-grand-cru-domaine-de-la-vougeraie-burgundy","1059360","20058005276"
"Domaine de la Vougeraie","2008","Clos de Vougeot, Grand Cru, Domaine de la Vougeraie, Burgundy","515","Case of 6 Bottles","https://www.bbr.com/products-20088005276-2008-clos-de-vougeot-grand-cru-domaine-de-la-vougeraie-burgundy","1059360","20088005276"
"Domaine de la Vougeraie","2009","Clos de Vougeot, Grand Cru, Domaine de la Vougeraie, Burgundy","640","Case of 6 Bottles","https://www.bbr.com/products-20098005276-2009-clos-de-vougeot-grand-cru-domaine-de-la-vougeraie-burgundy","1059360","20098005276"
"Domaine de la Vougeraie","2009","Clos de Vougeot, Grand Cru, Domaine de la Vougeraie, Burgundy","640","Case of 6 Bottles","https://www.bbr.com/products-20098005276-2009-clos-de-vougeot-grand-cru-domaine-de-la-vougeraie-burgundy","1059360","20098005276"
"Domaine de la Vougeraie","2010","Clos de Vougeot, Grand Cru, Domaine de la Vougeraie, Burgundy","900","Case of 6 Bottles","https://www.bbr.com/products-20108005276-2010-clos-de-vougeot-grand-cru-domaine-de-la-vougeraie-burgundy","1059360","20108005276"
"Domaine de la Vougeraie","2011","Clos de Vougeot, Grand Cru, Domaine de la Vougeraie, Burgundy","515","Case of 6 Bottles","https://www.bbr.com/products-20118005276-2011-clos-de-vougeot-grand-cru-domaine-de-la-vougeraie-burgundy","1059360","20118005276"
"Domaine de la Vougeraie","2012","Clos de Vougeot, Grand Cru, Domaine de la Vougeraie, Burgundy","705","Case of 6 Bottles","https://www.bbr.com/products-20128005276-2012-clos-de-vougeot-grand-cru-domaine-de-la-vougeraie-burgundy","1059360","20128005276"
"Domaine de la Vougeraie","2012","Clos de Vougeot, Grand Cru, Domaine de la Vougeraie, Burgundy","540","Case of 6 Bottles","https://www.bbr.com/products-20128005276-2012-clos-de-vougeot-grand-cru-domaine-de-la-vougeraie-burgundy","1059360","20128005276"
"Domaine de la Vougeraie","2012","Clos de Vougeot, Grand Cru, Domaine de la Vougeraie, Burgundy","705","Case of 6 Bottles","https://www.bbr.com/products-20128005276-2012-clos-de-vougeot-grand-cru-domaine-de-la-vougeraie-burgundy","1059360","20128005276"
"Domaine de la Vougeraie","2013","Clos de Vougeot, Grand Cru, Domaine de la Vougeraie, Burgundy","600","Case of 6 Bottles","https://www.bbr.com/products-20138005276-2013-clos-de-vougeot-grand-cru-domaine-de-la-vougeraie-burgundy","1059360","20138005276"
"Domaine de la Vougeraie","2013","Clos de Vougeot, Grand Cru, Domaine de la Vougeraie, Burgundy","645","Case of 3 Magnums","https://www.bbr.com/products-20138005276-2013-clos-de-vougeot-grand-cru-domaine-de-la-vougeraie-burgundy","1059360","20138005276"
"Domaine de la Vougeraie","2014","Clos de Vougeot, Grand Cru, Domaine de la Vougeraie, Burgundy","520","Case of 6 Bottles","https://www.bbr.com/products-20148005276-2014-clos-de-vougeot-grand-cru-domaine-de-la-vougeraie-burgundy","1059360","20148005276"
"Domaine de la Vougeraie","2014","Clos de Vougeot, Grand Cru, Domaine de la Vougeraie, Burgundy","528","Case of 3 Magnums","https://www.bbr.com/products-20148005276-2014-clos-de-vougeot-grand-cru-domaine-de-la-vougeraie-burgundy","1059360","20148005276"
"Domaine de la Vougeraie","2015","Clos de Vougeot, Grand Cru, Domaine de la Vougeraie, Burgundy","630","Case of 6 Bottles","https://www.bbr.com/products-20158005276-2015-clos-de-vougeot-grand-cru-domaine-de-la-vougeraie-burgundy","1059360","20158005276"
"Domaine de la Vougeraie","2015","Clos de Vougeot, Grand Cru, Domaine de la Vougeraie, Burgundy","625","Case of 6 Bottles","https://www.bbr.com/products-20158005276-2015-clos-de-vougeot-grand-cru-domaine-de-la-vougeraie-burgundy","1059360","20158005276"
"Domaine de la Vougeraie","2016","Clos de Vougeot, Grand Cru, Domaine de la Vougeraie, Burgundy","650","Case of 6 Bottles","https://www.bbr.com/products-20168005276-2016-clos-de-vougeot-grand-cru-domaine-de-la-vougeraie-burgundy","1059360","20168005276"
"Domaine de la Vougeraie","2016","Clos de Vougeot, Grand Cru, Domaine de la Vougeraie, Burgundy","900","Case of 3 Magnums","https://www.bbr.com/products-20168005276-2016-clos-de-vougeot-grand-cru-domaine-de-la-vougeraie-burgundy","1059360","20168005276"
"Domaine de la Vougeraie","2017","Clos de Vougeot, Grand Cru, Domaine de la Vougeraie, Burgundy","530","Case of 6 Bottles","https://www.bbr.com/products-20178005276-2017-clos-de-vougeot-grand-cru-domaine-de-la-vougeraie-burgundy","1059360","20178005276"
"Domaine de la Vougeraie","2018","Clos de Vougeot, Grand Cru, Domaine de la Vougeraie, Burgundy","570","Case of 6 Bottles","https://www.bbr.com/products-20188005276-2018-clos-de-vougeot-grand-cru-domaine-de-la-vougeraie-burgundy","1059360","20188005276"
"Domaine de la Vougeraie","2019","Clos de Vougeot, Grand Cru, Domaine de la Vougeraie, Burgundy","725","Case of 6 Bottles","https://www.bbr.com/products-20198005276-2019-clos-de-vougeot-grand-cru-domaine-de-la-vougeraie-burgundy","1059360","20198005276"
"Domaine de la Vougeraie","2019","Clos de Vougeot, Grand Cru, Domaine de la Vougeraie, Burgundy","660","Case of 3 Magnums","https://www.bbr.com/products-20198005276-2019-clos-de-vougeot-grand-cru-domaine-de-la-vougeraie-burgundy","1059360","20198005276"
"Domaine de la Vougeraie","2020","Clos de Vougeot, Grand Cru, Domaine de la Vougeraie, Burgundy","1000","Case of 6 Bottles","https://www.bbr.com/products-20208005276-2020-clos-de-vougeot-grand-cru-domaine-de-la-vougeraie-burgundy","1059360","20208005276"
"Domaine de la Vougeraie","2020","Clos de Vougeot, Grand Cru, Domaine de la Vougeraie, Burgundy","214","Case of 1 Magnums","https://www.bbr.com/products-20208005276-2020-clos-de-vougeot-grand-cru-domaine-de-la-vougeraie-burgundy","1059360","20208005276"
"Domaine de la Vougeraie","2021","Clos de Vougeot, Grand Cru, Domaine de la Vougeraie, Burgundy","1100","Case of 6 Bottles","https://www.bbr.com/products-20218005276-2021-clos-de-vougeot-grand-cru-domaine-de-la-vougeraie-burgundy","1059360","20218005276"
"Domaine de la Vougeraie","2021","Clos de Vougeot, Grand Cru, Domaine de la Vougeraie, Burgundy","380","Case of 1 Magnums","https://www.bbr.com/products-20218005276-2021-clos-de-vougeot-grand-cru-domaine-de-la-vougeraie-burgundy","1059360","20218005276"
"Domaine de la Vougeraie","2022","Clos de Vougeot, Grand Cru, Domaine de la Vougeraie, Burgundy","848","Case of 6 Bottles","https://www.bbr.com/products-20228005276-2022-clos-de-vougeot-grand-cru-domaine-de-la-vougeraie-burgundy","1059360","20228005276"
"Domaine de la Vougeraie","2022","Clos de Vougeot, Grand Cru, Domaine de la Vougeraie, Burgundy","345","Case of 1 Magnums","https://www.bbr.com/products-20228005276-2022-clos-de-vougeot-grand-cru-domaine-de-la-vougeraie-burgundy","1059360","20228005276"
"Domaine de la Vougeraie","2023","Clos de Vougeot, Grand Cru, Domaine de la Vougeraie, Burgundy","650","Case of 3 Bottles","https://www.bbr.com/products-20238005276-2023-clos-de-vougeot-grand-cru-domaine-de-la-vougeraie-burgundy","1059360","20238005276"
"Domaine de la Vougeraie","2023","Clos de Vougeot, Grand Cru, Domaine de la Vougeraie, Burgundy","292","Case of 1 Magnums","https://www.bbr.com/products-20238005276-2023-clos-de-vougeot-grand-cru-domaine-de-la-vougeraie-burgundy","1059360","20238005276"
"Domaine des Varoilles","2015","Clos de Vougeot, Grand Cru, Domaine des Varoilles, Burgundy","677","Case of 6 Bottles","https://www.bbr.com/products-20158201724-2015-clos-de-vougeot-grand-cru-domaine-des-varoilles-burgundy","1550388","20158201724"
"Domaine des Varoilles","2016","Clos de Vougeot, Grand Cru, Domaine des Varoilles, Burgundy","677","Case of 6 Bottles","https://www.bbr.com/products-20168201724-2016-clos-de-vougeot-grand-cru-domaine-des-varoilles-burgundy","1550388","20168201724"
"Albert Bichot","2019","Clos de Vougeot, Grand Cru, Domaine du Clos Frantin, Albert Bichot, Burgundy","995","Case of 6 Bottles","https://www.bbr.com/products-20198206569-2019-clos-de-vougeot-grand-cru-domaine-du-clos-frantin-albert-bichot-burgundy","1311578","20198206569"
"Hubert Lignier","2020","Clos de Vougeot, Grand Cru, Hubert Lignier, Burgundy","695","Case of 3 Bottles","https://www.bbr.com/products-20208307761-2020-clos-de-vougeot-grand-cru-hubert-lignier-burgundy","1890130","20208307761"
"Hubert Lignier","2021","Clos de Vougeot, Grand Cru, Hubert Lignier, Burgundy","777","Case of 3 Bottles","https://www.bbr.com/products-20218307761-2021-clos-de-vougeot-grand-cru-hubert-lignier-burgundy","1890130","20218307761"
"Domaine Fourrier","2014","Clos de Vougeot, Grand Cru, Jean Marie Fourrier","1213","Case of 6 Bottles","https://www.bbr.com/products-20148226413-2014-clos-de-vougeot-grand-cru-jean-marie-fourrier","1335882","20148226413"
"Maison Joseph Drouhin","2013","Clos de Vougeot, Grand Cru, Joseph Drouhin, Burgundy","1698","Case of 12 Bottles","https://www.bbr.com/products-20138019123-2013-clos-de-vougeot-grand-cru-joseph-drouhin-burgundy","1029020","20138019123"
"Maison Joseph Drouhin","2014","Clos de Vougeot, Grand Cru, Joseph Drouhin, Burgundy","931","Case of 6 Bottles","https://www.bbr.com/products-20148019123-2014-clos-de-vougeot-grand-cru-joseph-drouhin-burgundy","1029020","20148019123"
"Maison Joseph Drouhin","2015","Clos de Vougeot, Grand Cru, Joseph Drouhin, Burgundy","765","Case of 6 Bottles","https://www.bbr.com/products-20158019123-2015-clos-de-vougeot-grand-cru-joseph-drouhin-burgundy","1029020","20158019123"
"Maison Joseph Drouhin","2015","Clos de Vougeot, Grand Cru, Joseph Drouhin, Burgundy","987","Case of 6 Bottles","https://www.bbr.com/products-20158019123-2015-clos-de-vougeot-grand-cru-joseph-drouhin-burgundy","1029020","20158019123"
"Maison Joseph Drouhin","2016","Clos de Vougeot, Grand Cru, Joseph Drouhin, Burgundy","2500","Case of 6 Bottles","https://www.bbr.com/products-20168019123-2016-clos-de-vougeot-grand-cru-joseph-drouhin-burgundy","1029020","20168019123"
"Maison Joseph Drouhin","2016","Clos de Vougeot, Grand Cru, Joseph Drouhin, Burgundy","1685","Case of 12 Bottles","https://www.bbr.com/products-20168019123-2016-clos-de-vougeot-grand-cru-joseph-drouhin-burgundy","1029020","20168019123"
"Maison Joseph Drouhin","2017","Clos de Vougeot, Grand Cru, Joseph Drouhin, Burgundy","725","Case of 6 Bottles","https://www.bbr.com/products-20178019123-2017-clos-de-vougeot-grand-cru-joseph-drouhin-burgundy","1029020","20178019123"
"Maison Joseph Drouhin","2018","Clos de Vougeot, Grand Cru, Joseph Drouhin, Burgundy","985","Case of 6 Bottles","https://www.bbr.com/products-20188019123-2018-clos-de-vougeot-grand-cru-joseph-drouhin-burgundy","1029020","20188019123"
"Maison Joseph Drouhin","2019","Clos de Vougeot, Grand Cru, Joseph Drouhin, Burgundy","699","Case of 6 Bottles","https://www.bbr.com/products-20198019123-2019-clos-de-vougeot-grand-cru-joseph-drouhin-burgundy","1029020","20198019123"
"Lucien Le Moine","2014","Clos de Vougeot, Grand Cru, Lucien Le Moine, Burgundy","1269","Case of 6 Bottles","https://www.bbr.com/products-20148218744-2014-clos-de-vougeot-grand-cru-lucien-le-moine-burgundy","1042555","20148218744"
"Lucien Le Moine","2016","Clos de Vougeot, Grand Cru, Lucien Le Moine, Burgundy","1382","Case of 6 Bottles","https://www.bbr.com/products-20168218744-2016-clos-de-vougeot-grand-cru-lucien-le-moine-burgundy","1042555","20168218744"
"Lucien Le Moine","2020","Clos de Vougeot, Grand Cru, Lucien Le Moine, Burgundy","1597","Case of 6 Bottles","https://www.bbr.com/products-20208218744-2020-clos-de-vougeot-grand-cru-lucien-le-moine-burgundy","1042555","20208218744"
"Maison Roche de Bellene","2011","Clos de Vougeot, Grand Cru, Maison Roche de Bellene, Burgundy","1444","Case of 12 Bottles","https://www.bbr.com/products-20118020226-2011-clos-de-vougeot-grand-cru-maison-roche-de-bellene-burgundy","1055391","20118020226"
"Maxime Cheurlin Noellat","2018","Clos de Vougeot, Grand Cru, Maxime Cheurlin Noellat, Burgundy","1995","Case of 6 Bottles","https://www.bbr.com/products-20188128023-2018-clos-de-vougeot-grand-cru-maxime-cheurlin-noellat-burgundy","1860597","20188128023"
"Maison Nicolas Potel","2005","Clos de Vougeot, Grand Cru, Nicolas Potel, Burgundy","1050","Case of 6 Bottles","https://www.bbr.com/products-20058140678-2005-clos-de-vougeot-grand-cru-nicolas-potel-burgundy","1052039","20058140678"
"Domaine Lamarche","2019","Clos de Vougeot, Grand Cru, Nicole Lamarche, Burgundy","660","Case of 6 Bottles","https://www.bbr.com/products-20191040157-2019-clos-de-vougeot-grand-cru-nicole-lamarche-burgundy","1040157","20191040157"
"Domaine Lamarche","2021","Clos de Vougeot, Grand Cru, Nicole Lamarche, Burgundy","345","Case of 3 Bottles","https://www.bbr.com/products-20211040157-2021-clos-de-vougeot-grand-cru-nicole-lamarche-burgundy","1040157","20211040157"
"Philippe Pacalet","2017","Clos de Vougeot, Grand Cru, Philippe Pacalet, Burgundy","3520","Case of 12 Bottles","https://www.bbr.com/products-20178051824-2017-clos-de-vougeot-grand-cru-philippe-pacalet-burgundy","1385180","20178051824"
"Philippe Pacalet","2018","Clos de Vougeot, Grand Cru, Philippe Pacalet, Burgundy","3384","Case of 12 Bottles","https://www.bbr.com/products-20188051824-2018-clos-de-vougeot-grand-cru-philippe-pacalet-burgundy","1385180","20188051824"
"Philippe Pacalet","2019","Clos de Vougeot, Grand Cru, Philippe Pacalet, Burgundy","3666","Case of 12 Bottles","https://www.bbr.com/products-20198051824-2019-clos-de-vougeot-grand-cru-philippe-pacalet-burgundy","1385180","20198051824"
"Pierre Girardin","2020","Clos de Vougeot, Grand Cru, Pierre Girardin, Burgundy","1880","Case of 6 Bottles","https://www.bbr.com/products-20208164302-2020-clos-de-vougeot-grand-cru-pierre-girardin-burgundy","1870143","20208164302"
"Sylvain Loichet","2009","Clos de Vougeot, Grand Cru, Sylvain Loichet, Burgundy","445","Case of 6 Bottles","https://www.bbr.com/products-20098007469-2009-clos-de-vougeot-grand-cru-sylvain-loichet-burgundy","1045413","20098007469"
"Sylvain Loichet","2009","Clos de Vougeot, Grand Cru, Sylvain Loichet, Burgundy","450","Case of 6 Bottles","https://www.bbr.com/products-20098007469-2009-clos-de-vougeot-grand-cru-sylvain-loichet-burgundy","1045413","20098007469"
"Sylvain Loichet","2009","Clos de Vougeot, Grand Cru, Sylvain Loichet, Burgundy","440","Case of 6 Bottles","https://www.bbr.com/products-20098007469-2009-clos-de-vougeot-grand-cru-sylvain-loichet-burgundy","1045413","20098007469"
"Sylvain Loichet","2010","Clos de Vougeot, Grand Cru, Sylvain Loichet, Burgundy","565","Case of 6 Bottles","https://www.bbr.com/products-20108007469-2010-clos-de-vougeot-grand-cru-sylvain-loichet-burgundy","1045413","20108007469"
"Sylvain Loichet","2011","Clos de Vougeot, Grand Cru, Sylvain Loichet, Burgundy","420","Case of 6 Bottles","https://www.bbr.com/products-20118007469-2011-clos-de-vougeot-grand-cru-sylvain-loichet-burgundy","1045413","20118007469"
"Domaine Clerget","2020","Clos de Vougeot, Grand Maupertui, Grand Cru, Domaine Y. Clerget, Burgundy","560","Case of 3 Bottles","https://www.bbr.com/products-20208219901-2020-clos-de-vougeot-grand-maupertui-grand-cru-domaine-y-clerget-burgundy","1025888","20208219901"
"Meo-Camuzet","2017","Clos de Vougeot, Pres le Cellier, Grand Cru, Domaine Meo-Camuzet, Burgundy","1495","Case of 6 Bottles","https://www.bbr.com/products-20178016180-2017-clos-de-vougeot-pres-le-cellier-grand-cru-domaine-meo-camuzet-burgundy","1142444","20178016180"
"Meo-Camuzet","2017","Clos de Vougeot, Pres le Cellier, Grand Cru, Domaine Meo-Camuzet, Burgundy","1400","Case of 6 Bottles","https://www.bbr.com/products-20178016180-2017-clos-de-vougeot-pres-le-cellier-grand-cru-domaine-meo-camuzet-burgundy","1142444","20178016180"
"Meo-Camuzet","2023","Clos de Vougeot, Pres le Cellier, Grand Cru, Domaine Meo-Camuzet, Burgundy","699","Case of 3 Bottles","https://www.bbr.com/products-20238016180-2023-clos-de-vougeot-pres-le-cellier-grand-cru-domaine-meo-camuzet-burgundy","1142444","20238016180"
"Domaine Henri Rebourseau","2019","Clos de Vougeot, Vieille Vigne, Grand Cru, Domaine Henri Rebourseau, Burgundy","460","Case of 3 Bottles","https://www.bbr.com/products-20198119067-2019-clos-de-vougeot-vieille-vigne-grand-cru-domaine-henri-rebourseau-burgundy","1054365","20198119067"
"Domaine Henri Rebourseau","2020","Clos de Vougeot, Vieille Vigne, Grand Cru, Domaine Henri Rebourseau, Burgundy","1975","Case of 3 Bottles","https://www.bbr.com/products-20208119067-2020-clos-de-vougeot-vieille-vigne-grand-cru-domaine-henri-rebourseau-burgundy","1054365","20208119067"
"Domaine Henri Rebourseau","2020","Clos de Vougeot, Vieille Vigne, Grand Cru, Domaine Henri Rebourseau, Burgundy","650","Case of 1 Jeroboam 300cl","https://www.bbr.com/products-20208119067-2020-clos-de-vougeot-vieille-vigne-grand-cru-domaine-henri-rebourseau-burgundy","1054365","20208119067"
"Domaine Henri Rebourseau","2020","Clos de Vougeot, Vieille Vigne, Grand Cru, Domaine Henri Rebourseau, Burgundy","395","Case of 1 Magnums","https://www.bbr.com/products-20208119067-2020-clos-de-vougeot-vieille-vigne-grand-cru-domaine-henri-rebourseau-burgundy","1054365","20208119067"
"Domaine Henri Rebourseau","2021","Clos de Vougeot, Vieille Vigne, Grand Cru, Domaine Henri Rebourseau, Burgundy","2400","Case of 3 Bottles","https://www.bbr.com/products-20218119067-2021-clos-de-vougeot-vieille-vigne-grand-cru-domaine-henri-rebourseau-burgundy","1054365","20218119067"
"Domaine Henri Rebourseau","2021","Clos de Vougeot, Vieille Vigne, Grand Cru, Domaine Henri Rebourseau, Burgundy","350","Case of 1 Magnums","https://www.bbr.com/products-20218119067-2021-clos-de-vougeot-vieille-vigne-grand-cru-domaine-henri-rebourseau-burgundy","1054365","20218119067"
"Clos de l'Oratoire","2010","Clos de l'Oratoire, St Emilion, Bordeaux","375","Case of 12 Bottles","https://www.bbr.com/products-20108124823-2010-clos-de-l-oratoire-st-emilion-bordeaux","1008384","20108124823"
"Clos de l'Oratoire","2015","Clos de l'Oratoire, St Emilion, Bordeaux","270","Case of 6 Bottles","https://www.bbr.com/products-20158124823-2015-clos-de-l-oratoire-st-emilion-bordeaux","1008384","20158124823"
"Clos de l'Oratoire","2019","Clos de l'Oratoire, St Emilion, Bordeaux","365","Case of 6 Bottles","https://www.bbr.com/products-20198124823-2019-clos-de-l-oratoire-st-emilion-bordeaux","1008384","20198124823"
"Clos de l'Oratoire","2022","Clos de l'Oratoire, St Emilion, Bordeaux","405","Case of 6 Bottles","https://www.bbr.com/products-20228124823-2022-clos-de-l-oratoire-st-emilion-bordeaux","1008384","20228124823"
"Philippe & Vincent Lecheneaut","2002","Clos de la Roche Dom. Philippe & Vincent Lecheneaut","2350","Case of 6 Bottles","https://www.bbr.com/products-20028208361-2002-clos-de-la-roche-dom-philippe-vincent-lecheneaut","1228843","20028208361"
"Domaine Ponsot","1999","Clos de la Roche, Cuvee Vieilles Vignes, Grand Cru, Domaine Ponsot, Burgundy","2187","Case of 3 Bottles","https://www.bbr.com/products-19998120450-1999-clos-de-la-roche-cuvee-vieilles-vignes-grand-cru-domaine-ponsot-burgundy","1051508","19998120450"
"Domaine Ponsot","1999","Clos de la Roche, Cuvee Vieilles Vignes, Grand Cru, Domaine Ponsot, Burgundy","5790","Case of 12 Bottles","https://www.bbr.com/products-19998120450-1999-clos-de-la-roche-cuvee-vieilles-vignes-grand-cru-domaine-ponsot-burgundy","1051508","19998120450"
"Domaine Ponsot","2002","Clos de la Roche, Cuvee Vieilles Vignes, Grand Cru, Domaine Ponsot, Burgundy","4950","Case of 12 Bottles","https://www.bbr.com/products-20028120450-2002-clos-de-la-roche-cuvee-vieilles-vignes-grand-cru-domaine-ponsot-burgundy","1051508","20028120450"
"Domaine Ponsot","2006","Clos de la Roche, Cuvee Vieilles Vignes, Grand Cru, Domaine Ponsot, Burgundy","1800","Case of 6 Bottles","https://www.bbr.com/products-20068120450-2006-clos-de-la-roche-cuvee-vieilles-vignes-grand-cru-domaine-ponsot-burgundy","1051508","20068120450"
"Domaine Ponsot","2009","Clos de la Roche, Cuvee Vieilles Vignes, Grand Cru, Domaine Ponsot, Burgundy","2600","Case of 3 Magnums","https://www.bbr.com/products-20098120450-2009-clos-de-la-roche-cuvee-vieilles-vignes-grand-cru-domaine-ponsot-burgundy","1051508","20098120450"
"Domaine Ponsot","2010","Clos de la Roche, Cuvee Vieilles Vignes, Grand Cru, Domaine Ponsot, Burgundy","1990","Case of 6 Bottles","https://www.bbr.com/products-20108120450-2010-clos-de-la-roche-cuvee-vieilles-vignes-grand-cru-domaine-ponsot-burgundy","1051508","20108120450"
"Domaine Ponsot","2011","Clos de la Roche, Cuvee Vieilles Vignes, Grand Cru, Domaine Ponsot, Burgundy","1550","Case of 3 Magnums","https://www.bbr.com/products-20118120450-2011-clos-de-la-roche-cuvee-vieilles-vignes-grand-cru-domaine-ponsot-burgundy","1051508","20118120450"
"Domaine Ponsot","2014","Clos de la Roche, Cuvee Vieilles Vignes, Grand Cru, Domaine Ponsot, Burgundy","1680","Case of 3 Magnums","https://www.bbr.com/products-20148120450-2014-clos-de-la-roche-cuvee-vieilles-vignes-grand-cru-domaine-ponsot-burgundy","1051508","20148120450"
"Domaine Ponsot","2015","Clos de la Roche, Cuvee Vieilles Vignes, Grand Cru, Domaine Ponsot, Burgundy","4000","Case of 6 Bottles","https://www.bbr.com/products-20158120450-2015-clos-de-la-roche-cuvee-vieilles-vignes-grand-cru-domaine-ponsot-burgundy","1051508","20158120450"
"Domaine Ponsot","2015","Clos de la Roche, Cuvee Vieilles Vignes, Grand Cru, Domaine Ponsot, Burgundy","3000","Case of 3 Magnums","https://www.bbr.com/products-20158120450-2015-clos-de-la-roche-cuvee-vieilles-vignes-grand-cru-domaine-ponsot-burgundy","1051508","20158120450"
"Domaine Ponsot","2016","Clos de la Roche, Cuvee Vieilles Vignes, Grand Cru, Domaine Ponsot, Burgundy","1945","Case of 6 Bottles","https://www.bbr.com/products-20168120450-2016-clos-de-la-roche-cuvee-vieilles-vignes-grand-cru-domaine-ponsot-burgundy","1051508","20168120450"
"Domaine Ponsot","2016","Clos de la Roche, Cuvee Vieilles Vignes, Grand Cru, Domaine Ponsot, Burgundy","3000","Case of 6 Bottles","https://www.bbr.com/products-20168120450-2016-clos-de-la-roche-cuvee-vieilles-vignes-grand-cru-domaine-ponsot-burgundy","1051508","20168120450"
"Domaine Ponsot","2016","Clos de la Roche, Cuvee Vieilles Vignes, Grand Cru, Domaine Ponsot, Burgundy","2000","Case of 6 Bottles","https://www.bbr.com/products-20168120450-2016-clos-de-la-roche-cuvee-vieilles-vignes-grand-cru-domaine-ponsot-burgundy","1051508","20168120450"
"Domaine Ponsot","2018","Clos de la Roche, Cuvee Vieilles Vignes, Grand Cru, Domaine Ponsot, Burgundy","1500","Case of 6 Bottles","https://www.bbr.com/products-20188120450-2018-clos-de-la-roche-cuvee-vieilles-vignes-grand-cru-domaine-ponsot-burgundy","1051508","20188120450"
"Domaine Ponsot","2018","Clos de la Roche, Cuvee Vieilles Vignes, Grand Cru, Domaine Ponsot, Burgundy","1650","Case of 3 Magnums","https://www.bbr.com/products-20188120450-2018-clos-de-la-roche-cuvee-vieilles-vignes-grand-cru-domaine-ponsot-burgundy","1051508","20188120450"
"Domaine Ponsot","2019","Clos de la Roche, Cuvee Vieilles Vignes, Grand Cru, Domaine Ponsot, Burgundy","1800","Case of 6 Bottles","https://www.bbr.com/products-20198120450-2019-clos-de-la-roche-cuvee-vieilles-vignes-grand-cru-domaine-ponsot-burgundy","1051508","20198120450"
"Albert Bichot","2016","Clos de la Roche, Grand Cru, Albert Bichot, Burgundy","750","Case of 6 Bottles","https://www.bbr.com/products-20168209791-2016-clos-de-la-roche-grand-cru-albert-bichot-burgundy","1197561","20168209791"
"Albert Bichot","2018","Clos de la Roche, Grand Cru, Albert Bichot, Burgundy","560","Case of 6 Bottles","https://www.bbr.com/products-20188209791-2018-clos-de-la-roche-grand-cru-albert-bichot-burgundy","1197561","20188209791"
"Benjamin Leroux","2011","Clos de la Roche, Grand Cru, Benjamin Leroux, Burgundy","1050","Case of 6 Bottles","https://www.bbr.com/products-20111152452-2011-clos-de-la-roche-grand-cru-benjamin-leroux-burgundy","1152452","20111152452"
"Benjamin Leroux","2013","Clos de la Roche, Grand Cru, Benjamin Leroux, Burgundy","295","Case of 1 Magnums","https://www.bbr.com/products-20131152452-2013-clos-de-la-roche-grand-cru-benjamin-leroux-burgundy","1152452","20131152452"
"Benjamin Leroux","2014","Clos de la Roche, Grand Cru, Benjamin Leroux, Burgundy","1480","Case of 3 Magnums","https://www.bbr.com/products-20141152452-2014-clos-de-la-roche-grand-cru-benjamin-leroux-burgundy","1152452","20141152452"
"Benjamin Leroux","2014","Clos de la Roche, Grand Cru, Benjamin Leroux, Burgundy","425","Case of 1 Magnums","https://www.bbr.com/products-20141152452-2014-clos-de-la-roche-grand-cru-benjamin-leroux-burgundy","1152452","20141152452"
"Benjamin Leroux","2015","Clos de la Roche, Grand Cru, Benjamin Leroux, Burgundy","440","Case of 1 Magnums","https://www.bbr.com/products-20151152452-2015-clos-de-la-roche-grand-cru-benjamin-leroux-burgundy","1152452","20151152452"
"Benjamin Leroux","2016","Clos de la Roche, Grand Cru, Benjamin Leroux, Burgundy","333","Case of 1 Magnums","https://www.bbr.com/products-20161152452-2016-clos-de-la-roche-grand-cru-benjamin-leroux-burgundy","1152452","20161152452"
"Benjamin Leroux","2017","Clos de la Roche, Grand Cru, Benjamin Leroux, Burgundy","415","Case of 1 Magnums","https://www.bbr.com/products-20171152452-2017-clos-de-la-roche-grand-cru-benjamin-leroux-burgundy","1152452","20171152452"
"Benjamin Leroux","2017","Clos de la Roche, Grand Cru, Benjamin Leroux, Burgundy","350","Case of 1 Magnums","https://www.bbr.com/products-20171152452-2017-clos-de-la-roche-grand-cru-benjamin-leroux-burgundy","1152452","20171152452"
"Benjamin Leroux","2018","Clos de la Roche, Grand Cru, Benjamin Leroux, Burgundy","520","Case of 1 Magnums","https://www.bbr.com/products-20181152452-2018-clos-de-la-roche-grand-cru-benjamin-leroux-burgundy","1152452","20181152452"
"Benjamin Leroux","2019","Clos de la Roche, Grand Cru, Benjamin Leroux, Burgundy","450","Case of 1 Magnums","https://www.bbr.com/products-20191152452-2019-clos-de-la-roche-grand-cru-benjamin-leroux-burgundy","1152452","20191152452"
"Benjamin Leroux","2020","Clos de la Roche, Grand Cru, Benjamin Leroux, Burgundy","495","Case of 1 Magnums","https://www.bbr.com/products-20201152452-2020-clos-de-la-roche-grand-cru-benjamin-leroux-burgundy","1152452","20201152452"
"Maison Camille Giroud","2014","Clos de la Roche, Grand Cru, Camille Giroud, Burgundy","780","Case of 6 Bottles","https://www.bbr.com/products-20148023810-2014-clos-de-la-roche-grand-cru-camille-giroud-burgundy","1182183","20148023810"
"Maison Camille Giroud","2018","Clos de la Roche, Grand Cru, Camille Giroud, Burgundy","1088","Case of 6 Bottles","https://www.bbr.com/products-20188023810-2018-clos-de-la-roche-grand-cru-camille-giroud-burgundy","1182183","20188023810"
"Maison Camille Giroud","2019","Clos de la Roche, Grand Cru, Camille Giroud, Burgundy","1725","Case of 6 Bottles","https://www.bbr.com/products-20198023810-2019-clos-de-la-roche-grand-cru-camille-giroud-burgundy","1182183","20198023810"
"Maison Camille Giroud","2020","Clos de la Roche, Grand Cru, Camille Giroud, Burgundy","1350","Case of 6 Bottles","https://www.bbr.com/products-20208023810-2020-clos-de-la-roche-grand-cru-camille-giroud-burgundy","1182183","20208023810"
"Domaine Charles Noellat","2019","Clos de la Roche, Grand Cru, Charles Noellat, Burgundy","1250","Case of 6 Bottles","https://www.bbr.com/products-20198172420-2019-clos-de-la-roche-grand-cru-charles-noellat-burgundy","2854227","20198172420"
"David Duband","2014","Clos de la Roche, Grand Cru, David Duband, Burgundy","1072","Case of 6 Bottles","https://www.bbr.com/products-20148219480-2014-clos-de-la-roche-grand-cru-david-duband-burgundy","1029655","20148219480"
"David Duband","2015","Clos de la Roche, Grand Cru, David Duband, Burgundy","1110","Case of 6 Bottles","https://www.bbr.com/products-20158219480-2015-clos-de-la-roche-grand-cru-david-duband-burgundy","1029655","20158219480"
"David Duband","2021","Clos de la Roche, Grand Cru, David Duband, Burgundy","649","Case of 3 Bottles","https://www.bbr.com/products-20218219480-2021-clos-de-la-roche-grand-cru-david-duband-burgundy","1029655","20218219480"
"Domaine Amiot & Fils","2020","Clos de la Roche, Grand Cru, Domaine Amiot &amp; Fils, Burgundy","840","Case of 6 Bottles","https://www.bbr.com/products-20208152000-2020-clos-de-la-roche-grand-cru-domaine-amiot-and-fils-burgundy","2222581","20208152000"
"Domaine Armand Rousseau","2010","Clos de la Roche, Grand Cru, Domaine Armand Rousseau, Burgundy","16800","Case of 12 Bottles","https://www.bbr.com/products-20101057050-2010-clos-de-la-roche-grand-cru-domaine-armand-rousseau-burgundy","1057050","20101057050"
"Domaine Armand Rousseau","2013","Clos de la Roche, Grand Cru, Domaine Armand Rousseau, Burgundy","4790","Case of 6 Bottles","https://www.bbr.com/products-20131057050-2013-clos-de-la-roche-grand-cru-domaine-armand-rousseau-burgundy","1057050","20131057050"
"Domaine Armand Rousseau","2014","Clos de la Roche, Grand Cru, Domaine Armand Rousseau, Burgundy","4485","Case of 6 Bottles","https://www.bbr.com/products-20141057050-2014-clos-de-la-roche-grand-cru-domaine-armand-rousseau-burgundy","1057050","20141057050"
"Domaine Armand Rousseau","2020","Clos de la Roche, Grand Cru, Domaine Armand Rousseau, Burgundy","2345","Case of 3 Bottles","https://www.bbr.com/products-20201057050-2020-clos-de-la-roche-grand-cru-domaine-armand-rousseau-burgundy","1057050","20201057050"
"Domaine Castagnier","2013","Clos de la Roche, Grand Cru, Domaine Castagnier, Burgundy","440","Case of 6 Bottles","https://www.bbr.com/products-20138014766-2013-clos-de-la-roche-grand-cru-domaine-castagnier-burgundy","1023493","20138014766"
"Domaine Castagnier","2014","Clos de la Roche, Grand Cru, Domaine Castagnier, Burgundy","455","Case of 6 Bottles","https://www.bbr.com/products-20148014766-2014-clos-de-la-roche-grand-cru-domaine-castagnier-burgundy","1023493","20148014766"
"Domaine Castagnier","2015","Clos de la Roche, Grand Cru, Domaine Castagnier, Burgundy","750","Case of 6 Bottles","https://www.bbr.com/products-20158014766-2015-clos-de-la-roche-grand-cru-domaine-castagnier-burgundy","1023493","20158014766"
"Domaine Castagnier","2016","Clos de la Roche, Grand Cru, Domaine Castagnier, Burgundy","780","Case of 6 Bottles","https://www.bbr.com/products-20168014766-2016-clos-de-la-roche-grand-cru-domaine-castagnier-burgundy","1023493","20168014766"
"Domaine Castagnier","2017","Clos de la Roche, Grand Cru, Domaine Castagnier, Burgundy","520","Case of 6 Bottles","https://www.bbr.com/products-20178014766-2017-clos-de-la-roche-grand-cru-domaine-castagnier-burgundy","1023493","20178014766"
"Domaine Castagnier","2018","Clos de la Roche, Grand Cru, Domaine Castagnier, Burgundy","695","Case of 6 Bottles","https://www.bbr.com/products-20188014766-2018-clos-de-la-roche-grand-cru-domaine-castagnier-burgundy","1023493","20188014766"
"Domaine Castagnier","2019","Clos de la Roche, Grand Cru, Domaine Castagnier, Burgundy","720","Case of 6 Bottles","https://www.bbr.com/products-20198014766-2019-clos-de-la-roche-grand-cru-domaine-castagnier-burgundy","1023493","20198014766"
"Domaine Castagnier","2020","Clos de la Roche, Grand Cru, Domaine Castagnier, Burgundy","900","Case of 6 Bottles","https://www.bbr.com/products-20208014766-2020-clos-de-la-roche-grand-cru-domaine-castagnier-burgundy","1023493","20208014766"
"Domaine Castagnier","2021","Clos de la Roche, Grand Cru, Domaine Castagnier, Burgundy","950","Case of 6 Bottles","https://www.bbr.com/products-20218014766-2021-clos-de-la-roche-grand-cru-domaine-castagnier-burgundy","1023493","20218014766"
"Domaine Chantal Remy","2019","Clos de la Roche, Grand Cru, Domaine Chantal Remy, Burgundy","910","Case of 6 Bottles","https://www.bbr.com/products-20198017969-2019-clos-de-la-roche-grand-cru-domaine-chantal-remy-burgundy","1274521","20198017969"
"Domaine Chantal Remy","2020","Clos de la Roche, Grand Cru, Domaine Chantal Remy, Burgundy","920","Case of 6 Bottles","https://www.bbr.com/products-20208017969-2020-clos-de-la-roche-grand-cru-domaine-chantal-remy-burgundy","1274521","20208017969"
"Domaine Chantal Remy","2021","Clos de la Roche, Grand Cru, Domaine Chantal Remy, Burgundy","890","Case of 6 Bottles","https://www.bbr.com/products-20218017969-2021-clos-de-la-roche-grand-cru-domaine-chantal-remy-burgundy","1274521","20218017969"
"Domaine Chantal Remy","2022","Clos de la Roche, Grand Cru, Domaine Chantal Remy, Burgundy","690","Case of 6 Bottles","https://www.bbr.com/products-20228017969-2022-clos-de-la-roche-grand-cru-domaine-chantal-remy-burgundy","1274521","20228017969"
"Domaine Coquard Loison Fleurot","2015","Clos de la Roche, Grand Cru, Domaine Coquard Loison-Fleurot, Burgundy","1200","Case of 6 Bottles","https://www.bbr.com/products-20158038982-2015-clos-de-la-roche-grand-cru-domaine-coquard-loison-fleurot-burgundy","1339910","20158038982"
"Domaine Coquard Loison Fleurot","2016","Clos de la Roche, Grand Cru, Domaine Coquard Loison-Fleurot, Burgundy","1050","Case of 6 Bottles","https://www.bbr.com/products-20168038982-2016-clos-de-la-roche-grand-cru-domaine-coquard-loison-fleurot-burgundy","1339910","20168038982"
"Domaine Coquard Loison Fleurot","2017","Clos de la Roche, Grand Cru, Domaine Coquard Loison-Fleurot, Burgundy","950","Case of 6 Bottles","https://www.bbr.com/products-20178038982-2017-clos-de-la-roche-grand-cru-domaine-coquard-loison-fleurot-burgundy","1339910","20178038982"
"Domaine Coquard Loison Fleurot","2017","Clos de la Roche, Grand Cru, Domaine Coquard Loison-Fleurot, Burgundy","960","Case of 6 Bottles","https://www.bbr.com/products-20178038982-2017-clos-de-la-roche-grand-cru-domaine-coquard-loison-fleurot-burgundy","1339910","20178038982"
"Domaine Coquard Loison Fleurot","2018","Clos de la Roche, Grand Cru, Domaine Coquard Loison-Fleurot, Burgundy","1100","Case of 6 Bottles","https://www.bbr.com/products-20188038982-2018-clos-de-la-roche-grand-cru-domaine-coquard-loison-fleurot-burgundy","1339910","20188038982"
"Domaine Coquard Loison Fleurot","2020","Clos de la Roche, Grand Cru, Domaine Coquard Loison-Fleurot, Burgundy","1425","Case of 6 Bottles","https://www.bbr.com/products-20208038982-2020-clos-de-la-roche-grand-cru-domaine-coquard-loison-fleurot-burgundy","1339910","20208038982"
"Domaine Coquard Loison Fleurot","2022","Clos de la Roche, Grand Cru, Domaine Coquard Loison-Fleurot, Burgundy","1350","Case of 6 Bottles","https://www.bbr.com/products-20228038982-2022-clos-de-la-roche-grand-cru-domaine-coquard-loison-fleurot-burgundy","1339910","20228038982"
"Domaine Coquard Loison Fleurot","2022","Clos de la Roche, Grand Cru, Domaine Coquard Loison-Fleurot, Burgundy","1550","Case of 3 Magnums","https://www.bbr.com/products-20228038982-2022-clos-de-la-roche-grand-cru-domaine-coquard-loison-fleurot-burgundy","1339910","20228038982"
"Dujac","2010","Clos de la Roche, Grand Cru, Domaine Dujac, Burgundy","8700","Case of 6 Bottles","https://www.bbr.com/products-20101030543-2010-clos-de-la-roche-grand-cru-domaine-dujac-burgundy","1030543","20101030543"
"Dujac","2011","Clos de la Roche, Grand Cru, Domaine Dujac, Burgundy","2888","Case of 3 Magnums","https://www.bbr.com/products-20111030543-2011-clos-de-la-roche-grand-cru-domaine-dujac-burgundy","1030543","20111030543"
"Dujac","2014","Clos de la Roche, Grand Cru, Domaine Dujac, Burgundy","3000","Case of 6 Bottles","https://www.bbr.com/products-20141030543-2014-clos-de-la-roche-grand-cru-domaine-dujac-burgundy","1030543","20141030543"
"Dujac","2015","Clos de la Roche, Grand Cru, Domaine Dujac, Burgundy","4200","Case of 6 Bottles","https://www.bbr.com/products-20151030543-2015-clos-de-la-roche-grand-cru-domaine-dujac-burgundy","1030543","20151030543"
"Dujac","2016","Clos de la Roche, Grand Cru, Domaine Dujac, Burgundy","3380","Case of 6 Bottles","https://www.bbr.com/products-20161030543-2016-clos-de-la-roche-grand-cru-domaine-dujac-burgundy","1030543","20161030543"
"Dujac","2018","Clos de la Roche, Grand Cru, Domaine Dujac, Burgundy","1650","Case of 3 Bottles","https://www.bbr.com/products-20181030543-2018-clos-de-la-roche-grand-cru-domaine-dujac-burgundy","1030543","20181030543"
"Dujac","2018","Clos de la Roche, Grand Cru, Domaine Dujac, Burgundy","7000","Case of 6 Bottles","https://www.bbr.com/products-20181030543-2018-clos-de-la-roche-grand-cru-domaine-dujac-burgundy","1030543","20181030543"
"Dujac","2020","Clos de la Roche, Grand Cru, Domaine Dujac, Burgundy","2000","Case of 3 Bottles","https://www.bbr.com/products-20201030543-2020-clos-de-la-roche-grand-cru-domaine-dujac-burgundy","1030543","20201030543"
"Dujac","2020","Clos de la Roche, Grand Cru, Domaine Dujac, Burgundy","1495","Case of 3 Bottles","https://www.bbr.com/products-20201030543-2020-clos-de-la-roche-grand-cru-domaine-dujac-burgundy","1030543","20201030543"
"Dujac","2021","Clos de la Roche, Grand Cru, Domaine Dujac, Burgundy","850","Case of 1 Magnums","https://www.bbr.com/products-20211030543-2021-clos-de-la-roche-grand-cru-domaine-dujac-burgundy","1030543","20211030543"
"Dujac","2022","Clos de la Roche, Grand Cru, Domaine Dujac, Burgundy","2350","Case of 3 Bottles","https://www.bbr.com/products-20221030543-2022-clos-de-la-roche-grand-cru-domaine-dujac-burgundy","1030543","20221030543"
"Dujac","2022","Clos de la Roche, Grand Cru, Domaine Dujac, Burgundy","1680","Case of 1 Magnums","https://www.bbr.com/products-20221030543-2022-clos-de-la-roche-grand-cru-domaine-dujac-burgundy","1030543","20221030543"
"Dujac","2023","Clos de la Roche, Grand Cru, Domaine Dujac, Burgundy","2050","Case of 3 Bottles","https://www.bbr.com/products-20231030543-2023-clos-de-la-roche-grand-cru-domaine-dujac-burgundy","1030543","20231030543"
"Domaine Georges Lignier","2019","Clos de la Roche, Grand Cru, Domaine Georges Lignier & Fils, Burgundy","540","Case of 6 Bottles","https://www.bbr.com/products-20198120968-2019-clos-de-la-roche-grand-cru-domaine-georges-lignier-fils-burgundy","1045136","20198120968"
"Hubert Lignier","2002","Clos de la Roche, Grand Cru, Domaine Hubert Lignier, Burgundy","1200","Case of 1 Bottles","https://www.bbr.com/products-20028120913-2002-clos-de-la-roche-grand-cru-domaine-hubert-lignier-burgundy","1045266","20028120913"
"Hubert Lignier","2015","Clos de la Roche, Grand Cru, Domaine Hubert Lignier, Burgundy","2100","Case of 6 Bottles","https://www.bbr.com/products-20158120913-2015-clos-de-la-roche-grand-cru-domaine-hubert-lignier-burgundy","1045266","20158120913"
"Hubert Lignier","2018","Clos de la Roche, Grand Cru, Domaine Hubert Lignier, Burgundy","1918","Case of 6 Bottles","https://www.bbr.com/products-20188120913-2018-clos-de-la-roche-grand-cru-domaine-hubert-lignier-burgundy","1045266","20188120913"
"Hubert Lignier","2020","Clos de la Roche, Grand Cru, Domaine Hubert Lignier, Burgundy","1196","Case of 3 Bottles","https://www.bbr.com/products-20208120913-2020-clos-de-la-roche-grand-cru-domaine-hubert-lignier-burgundy","1045266","20208120913"
"Hubert Lignier","2021","Clos de la Roche, Grand Cru, Domaine Hubert Lignier, Burgundy","2500","Case of 3 Magnums","https://www.bbr.com/products-20218120913-2021-clos-de-la-roche-grand-cru-domaine-hubert-lignier-burgundy","1045266","20218120913"
"Domaine Michel Magnien","2008","Clos de la Roche, Grand Cru, Domaine Michel Magnien, Burgundy","1004","Case of 6 Bottles","https://www.bbr.com/products-20088218454-2008-clos-de-la-roche-grand-cru-domaine-michel-magnien-burgundy","1045934","20088218454"
"Domaine Michel Magnien","2013","Clos de la Roche, Grand Cru, Domaine Michel Magnien, Burgundy","915","Case of 6 Bottles","https://www.bbr.com/products-20138218454-2013-clos-de-la-roche-grand-cru-domaine-michel-magnien-burgundy","1045934","20138218454"
"Domaine Michel Magnien","2015","Clos de la Roche, Grand Cru, Domaine Michel Magnien, Burgundy","1156","Case of 6 Bottles","https://www.bbr.com/products-20158218454-2015-clos-de-la-roche-grand-cru-domaine-michel-magnien-burgundy","1045934","20158218454"
"Domaine Pierre Amiot & Fils","2018","Clos de la Roche, Grand Cru, Domaine Pierre Amiot & Fils, Burgundy","829","Case of 6 Bottles","https://www.bbr.com/products-20188126726-2018-clos-de-la-roche-grand-cru-domaine-pierre-amiot-fils-burgundy","1018044","20188126726"
"Domaine Pierre Amiot & Fils","2019","Clos de la Roche, Grand Cru, Domaine Pierre Amiot & Fils, Burgundy","790","Case of 6 Bottles","https://www.bbr.com/products-20198126726-2019-clos-de-la-roche-grand-cru-domaine-pierre-amiot-fils-burgundy","1018044","20198126726"
"Domaine Laurent","2015","Clos de la Roche, Grand Cru, Dominique Laurent, Burgundy","1225","Case of 6 Bottles","https://www.bbr.com/products-20158163057-2015-clos-de-la-roche-grand-cru-dominique-laurent-burgundy","1041561","20158163057"
"Maison Joseph Drouhin","2005","Clos de la Roche, Grand Cru, Joseph Drouhin, Burgundy","3200","Case of 12 Bottles","https://www.bbr.com/products-20058019051-2005-clos-de-la-roche-grand-cru-joseph-drouhin-burgundy","1029004","20058019051"
"Maison Joseph Drouhin","2012","Clos de la Roche, Grand Cru, Joseph Drouhin, Burgundy","2358","Case of 12 Bottles","https://www.bbr.com/products-20128019051-2012-clos-de-la-roche-grand-cru-joseph-drouhin-burgundy","1029004","20128019051"
"Maison Joseph Drouhin","2015","Clos de la Roche, Grand Cru, Joseph Drouhin, Burgundy","1072","Case of 6 Bottles","https://www.bbr.com/products-20158019051-2015-clos-de-la-roche-grand-cru-joseph-drouhin-burgundy","1029004","20158019051"
"Maison Joseph Drouhin","2016","Clos de la Roche, Grand Cru, Joseph Drouhin, Burgundy","710","Case of 6 Bottles","https://www.bbr.com/products-20168019051-2016-clos-de-la-roche-grand-cru-joseph-drouhin-burgundy","1029004","20168019051"
"Maison Joseph Drouhin","2016","Clos de la Roche, Grand Cru, Joseph Drouhin, Burgundy","1692","Case of 12 Bottles","https://www.bbr.com/products-20168019051-2016-clos-de-la-roche-grand-cru-joseph-drouhin-burgundy","1029004","20168019051"
"Maison Joseph Drouhin","2017","Clos de la Roche, Grand Cru, Joseph Drouhin, Burgundy","987","Case of 6 Bottles","https://www.bbr.com/products-20178019051-2017-clos-de-la-roche-grand-cru-joseph-drouhin-burgundy","1029004","20178019051"
"Maison Joseph Drouhin","2017","Clos de la Roche, Grand Cru, Joseph Drouhin, Burgundy","846","Case of 3 Magnums","https://www.bbr.com/products-20178019051-2017-clos-de-la-roche-grand-cru-joseph-drouhin-burgundy","1029004","20178019051"
"Maison Joseph Drouhin","2018","Clos de la Roche, Grand Cru, Joseph Drouhin, Burgundy","936","Case of 6 Bottles","https://www.bbr.com/products-20188019051-2018-clos-de-la-roche-grand-cru-joseph-drouhin-burgundy","1029004","20188019051"
"Domaine Joseph Faiveley","2013","Clos de la Roche, Grand Cru, Joseph Faiveley, Burgundy","1010","Case of 6 Bottles","https://www.bbr.com/products-20138021005-2013-clos-de-la-roche-grand-cru-joseph-faiveley-burgundy","1031322","20138021005"
"Domaine Joseph Faiveley","2014","Clos de la Roche, Grand Cru, Joseph Faiveley, Burgundy","890","Case of 6 Bottles","https://www.bbr.com/products-20148021005-2014-clos-de-la-roche-grand-cru-joseph-faiveley-burgundy","1031322","20148021005"
"Domaine de la Pousse D'Or","2011","Clos de la Roche, Grand Cru, La Pousse d'Or, Burgundy","942","Case of 6 Bottles","https://www.bbr.com/products-20118113818-2011-clos-de-la-roche-grand-cru-la-pousse-d-or-burgundy","1156492","20118113818"
"Domaine de la Pousse D'Or","2014","Clos de la Roche, Grand Cru, La Pousse d'Or, Burgundy","1100","Case of 6 Bottles","https://www.bbr.com/products-20148113818-2014-clos-de-la-roche-grand-cru-la-pousse-d-or-burgundy","1156492","20148113818"
"Domaine de la Pousse D'Or","2014","Clos de la Roche, Grand Cru, La Pousse d'Or, Burgundy","1100","Case of 6 Bottles","https://www.bbr.com/products-20148113818-2014-clos-de-la-roche-grand-cru-la-pousse-d-or-burgundy","1156492","20148113818"
"Domaine de la Pousse D'Or","2018","Clos de la Roche, Grand Cru, La Pousse d'Or, Burgundy","1410","Case of 6 Bottles","https://www.bbr.com/products-20188113818-2018-clos-de-la-roche-grand-cru-la-pousse-d-or-burgundy","1156492","20188113818"
"Domaine de la Pousse D'Or","2019","Clos de la Roche, Grand Cru, La Pousse d'Or, Burgundy","1506","Case of 6 Bottles","https://www.bbr.com/products-20198113818-2019-clos-de-la-roche-grand-cru-la-pousse-d-or-burgundy","1156492","20198113818"
"Domaine Lignier-Michelot","2012","Clos de la Roche, Grand Cru, Lignier-Michelot, Burgundy","990","Case of 6 Bottles","https://www.bbr.com/products-20128029753-2012-clos-de-la-roche-grand-cru-lignier-michelot-burgundy","1124174","20128029753"
"Domaine Lignier-Michelot","2014","Clos de la Roche, Grand Cru, Lignier-Michelot, Burgundy","1918","Case of 12 Bottles","https://www.bbr.com/products-20148029753-2014-clos-de-la-roche-grand-cru-lignier-michelot-burgundy","1124174","20148029753"
"Domaine Lignier-Michelot","2018","Clos de la Roche, Grand Cru, Lignier-Michelot, Burgundy","1125","Case of 6 Bottles","https://www.bbr.com/products-20188029753-2018-clos-de-la-roche-grand-cru-lignier-michelot-burgundy","1124174","20188029753"
"Domaine Lignier-Michelot","2021","Clos de la Roche, Grand Cru, Lignier-Michelot, Burgundy","1200","Case of 6 Bottles","https://www.bbr.com/products-20218029753-2021-clos-de-la-roche-grand-cru-lignier-michelot-burgundy","1124174","20218029753"
"Domaine Lignier-Michelot","2022","Clos de la Roche, Grand Cru, Lignier-Michelot, Burgundy","1380","Case of 6 Bottles","https://www.bbr.com/products-20228029753-2022-clos-de-la-roche-grand-cru-lignier-michelot-burgundy","1124174","20228029753"
"Louis Jadot","2007","Clos de la Roche, Grand Cru, Louis Jadot, Burgundy","860","Case of 6 Bottles","https://www.bbr.com/products-20078022099-2007-clos-de-la-roche-grand-cru-louis-jadot-burgundy","1038060","20078022099"
"Louis Jadot","2009","Clos de la Roche, Grand Cru, Louis Jadot, Burgundy","950","Case of 6 Bottles","https://www.bbr.com/products-20098022099-2009-clos-de-la-roche-grand-cru-louis-jadot-burgundy","1038060","20098022099"
"Louis Jadot","2011","Clos de la Roche, Grand Cru, Louis Jadot, Burgundy","750","Case of 6 Bottles","https://www.bbr.com/products-20118022099-2011-clos-de-la-roche-grand-cru-louis-jadot-burgundy","1038060","20118022099"
"Louis Jadot","2013","Clos de la Roche, Grand Cru, Louis Jadot, Burgundy","790","Case of 6 Bottles","https://www.bbr.com/products-20138022099-2013-clos-de-la-roche-grand-cru-louis-jadot-burgundy","1038060","20138022099"
"Louis Jadot","2014","Clos de la Roche, Grand Cru, Louis Jadot, Burgundy","769","Case of 6 Bottles","https://www.bbr.com/products-20148022099-2014-clos-de-la-roche-grand-cru-louis-jadot-burgundy","1038060","20148022099"
"Louis Jadot","2016","Clos de la Roche, Grand Cru, Louis Jadot, Burgundy","800","Case of 6 Bottles","https://www.bbr.com/products-20168022099-2016-clos-de-la-roche-grand-cru-louis-jadot-burgundy","1038060","20168022099"
"Lucien Le Moine","2016","Clos de la Roche, Grand Cru, Lucien le Moine, Burgundy","1636","Case of 6 Bottles","https://www.bbr.com/products-20168218773-2016-clos-de-la-roche-grand-cru-lucien-le-moine-burgundy","1042539","20168218773"
"Lucien Le Moine","2017","Clos de la Roche, Grand Cru, Lucien le Moine, Burgundy","1467","Case of 6 Bottles","https://www.bbr.com/products-20178218773-2017-clos-de-la-roche-grand-cru-lucien-le-moine-burgundy","1042539","20178218773"
"Lucien Le Moine","2020","Clos de la Roche, Grand Cru, Lucien le Moine, Burgundy","1574","Case of 6 Bottles","https://www.bbr.com/products-20208218773-2020-clos-de-la-roche-grand-cru-lucien-le-moine-burgundy","1042539","20208218773"
"Maison Roche de Bellene","2009","Clos de la Roche, Grand Cru, Maison Roche de Bellene, Burgundy","470","Case of 6 Bottles","https://www.bbr.com/products-20091124321-2009-clos-de-la-roche-grand-cru-maison-roche-de-bellene-burgundy","1124321","20091124321"
"Maison Nicolas Potel","2006","Clos de la Roche, Grand Cru, Nicolas Potel, Burgundy","777","Case of 6 Bottles","https://www.bbr.com/products-20068140694-2006-clos-de-la-roche-grand-cru-nicolas-potel-burgundy","1052013","20068140694"
"Olivier Bernstein","2009","Clos de la Roche, Grand Cru, Olivier Bernstein, Burgundy","2100","Case of 6 Bottles","https://www.bbr.com/products-20091019748-2009-clos-de-la-roche-grand-cru-olivier-bernstein-burgundy","1019748","20091019748"
"Olivier Bernstein","2010","Clos de la Roche, Grand Cru, Olivier Bernstein, Burgundy","1950","Case of 6 Bottles","https://www.bbr.com/products-20101019748-2010-clos-de-la-roche-grand-cru-olivier-bernstein-burgundy","1019748","20101019748"
"Olivier Bernstein","2011","Clos de la Roche, Grand Cru, Olivier Bernstein, Burgundy","1444","Case of 6 Bottles","https://www.bbr.com/products-20111019748-2011-clos-de-la-roche-grand-cru-olivier-bernstein-burgundy","1019748","20111019748"
"Olivier Bernstein","2011","Clos de la Roche, Grand Cru, Olivier Bernstein, Burgundy","1380","Case of 6 Bottles","https://www.bbr.com/products-20111019748-2011-clos-de-la-roche-grand-cru-olivier-bernstein-burgundy","1019748","20111019748"
"Olivier Bernstein","2013","Clos de la Roche, Grand Cru, Olivier Bernstein, Burgundy","1240","Case of 6 Bottles","https://www.bbr.com/products-20131019748-2013-clos-de-la-roche-grand-cru-olivier-bernstein-burgundy","1019748","20131019748"
"Olivier Bernstein","2015","Clos de la Roche, Grand Cru, Olivier Bernstein, Burgundy","1750","Case of 6 Bottles","https://www.bbr.com/products-20151019748-2015-clos-de-la-roche-grand-cru-olivier-bernstein-burgundy","1019748","20151019748"
"Olivier Bernstein","2016","Clos de la Roche, Grand Cru, Olivier Bernstein, Burgundy","2095","Case of 6 Bottles","https://www.bbr.com/products-20161019748-2016-clos-de-la-roche-grand-cru-olivier-bernstein-burgundy","1019748","20161019748"
"Olivier Bernstein","2017","Clos de la Roche, Grand Cru, Olivier Bernstein, Burgundy","2600","Case of 6 Bottles","https://www.bbr.com/products-20171019748-2017-clos-de-la-roche-grand-cru-olivier-bernstein-burgundy","1019748","20171019748"
"Olivier Bernstein","2019","Clos de la Roche, Grand Cru, Olivier Bernstein, Burgundy","995","Case of 3 Bottles","https://www.bbr.com/products-20191019748-2019-clos-de-la-roche-grand-cru-olivier-bernstein-burgundy","1019748","20191019748"
"Olivier Bernstein","2021","Clos de la Roche, Grand Cru, Olivier Bernstein, Burgundy","1100","Case of 3 Bottles","https://www.bbr.com/products-20211019748-2021-clos-de-la-roche-grand-cru-olivier-bernstein-burgundy","1019748","20211019748"
"Olivier Bernstein","2022","Clos de la Roche, Grand Cru, Olivier Bernstein, Burgundy","2050","Case of 3 Bottles","https://www.bbr.com/products-20221019748-2022-clos-de-la-roche-grand-cru-olivier-bernstein-burgundy","1019748","20221019748"
"Olivier Bernstein","2023","Clos de la Roche, Grand Cru, Olivier Bernstein, Burgundy","2150","Case of 3 Bottles","https://www.bbr.com/products-20231019748-2023-clos-de-la-roche-grand-cru-olivier-bernstein-burgundy","1019748","20231019748"
"Domaine Jean Taupenot-Merme","2017","Clos des Lambrays, Grand Cru, Domaine Taupenot-Merme, Burgundy","2280","Case of 3 Bottles","https://www.bbr.com/products-20178030625-2017-clos-des-lambrays-grand-cru-domaine-taupenot-merme-burgundy","1057991","20178030625"
"Domaine Jean Taupenot-Merme","2021","Clos des Lambrays, Grand Cru, Domaine Taupenot-Merme, Burgundy","2400","Case of 3 Bottles","https://www.bbr.com/products-20218030625-2021-clos-des-lambrays-grand-cru-domaine-taupenot-merme-burgundy","1057991","20218030625"
"Domaine des Lambrays","1999","Clos des Lambrays, Grand Cru, Domaine des Lambrays, Burgundy","3200","Case of 6 Magnums","https://www.bbr.com/products-19998023184-1999-clos-des-lambrays-grand-cru-domaine-des-lambrays-burgundy","1040290","19998023184"
"Domaine des Lambrays","2006","Clos des Lambrays, Grand Cru, Domaine des Lambrays, Burgundy","3300","Case of 12 Bottles","https://www.bbr.com/products-20068023184-2006-clos-des-lambrays-grand-cru-domaine-des-lambrays-burgundy","1040290","20068023184"
"Domaine des Lambrays","2007","Clos des Lambrays, Grand Cru, Domaine des Lambrays, Burgundy","2600","Case of 12 Bottles","https://www.bbr.com/products-20078023184-2007-clos-des-lambrays-grand-cru-domaine-des-lambrays-burgundy","1040290","20078023184"
"Domaine des Lambrays","2011","Clos des Lambrays, Grand Cru, Domaine des Lambrays, Burgundy","1200","Case of 6 Bottles","https://www.bbr.com/products-20118023184-2011-clos-des-lambrays-grand-cru-domaine-des-lambrays-burgundy","1040290","20118023184"
"Domaine des Lambrays","2013","Clos des Lambrays, Grand Cru, Domaine des Lambrays, Burgundy","1220","Case of 6 Bottles","https://www.bbr.com/products-20138023184-2013-clos-des-lambrays-grand-cru-domaine-des-lambrays-burgundy","1040290","20138023184"
"Domaine des Lambrays","2014","Clos des Lambrays, Grand Cru, Domaine des Lambrays, Burgundy","2475","Case of 12 Bottles","https://www.bbr.com/products-20148023184-2014-clos-des-lambrays-grand-cru-domaine-des-lambrays-burgundy","1040290","20148023184"
"Domaine des Lambrays","2015","Clos des Lambrays, Grand Cru, Domaine des Lambrays, Burgundy","2855","Case of 6 Bottles","https://www.bbr.com/products-20158023184-2015-clos-des-lambrays-grand-cru-domaine-des-lambrays-burgundy","1040290","20158023184"
"Domaine des Lambrays","2015","Clos des Lambrays, Grand Cru, Domaine des Lambrays, Burgundy","1600","Case of 6 Bottles","https://www.bbr.com/products-20158023184-2015-clos-des-lambrays-grand-cru-domaine-des-lambrays-burgundy","1040290","20158023184"
"Domaine des Lambrays","2016","Clos des Lambrays, Grand Cru, Domaine des Lambrays, Burgundy","2400","Case of 3 Magnums","https://www.bbr.com/products-20168023184-2016-clos-des-lambrays-grand-cru-domaine-des-lambrays-burgundy","1040290","20168023184"
"Domaine des Lambrays","2017","Clos des Lambrays, Grand Cru, Domaine des Lambrays, Burgundy","1050","Case of 6 Bottles","https://www.bbr.com/products-20178023184-2017-clos-des-lambrays-grand-cru-domaine-des-lambrays-burgundy","1040290","20178023184"
"Domaine des Lambrays","2017","Clos des Lambrays, Grand Cru, Domaine des Lambrays, Burgundy","1085","Case of 6 Bottles","https://www.bbr.com/products-20178023184-2017-clos-des-lambrays-grand-cru-domaine-des-lambrays-burgundy","1040290","20178023184"
"Domaine des Lambrays","2017","Clos des Lambrays, Grand Cru, Domaine des Lambrays, Burgundy","1580","Case of 1 Double Magnums","https://www.bbr.com/products-20178023184-2017-clos-des-lambrays-grand-cru-domaine-des-lambrays-burgundy","1040290","20178023184"
"Domaine des Lambrays","2018","Clos des Lambrays, Grand Cru, Domaine des Lambrays, Burgundy","1958","Case of 6 Bottles","https://www.bbr.com/products-20188023184-2018-clos-des-lambrays-grand-cru-domaine-des-lambrays-burgundy","1040290","20188023184"
"Domaine des Lambrays","2018","Clos des Lambrays, Grand Cru, Domaine des Lambrays, Burgundy","1666","Case of 3 Magnums","https://www.bbr.com/products-20188023184-2018-clos-des-lambrays-grand-cru-domaine-des-lambrays-burgundy","1040290","20188023184"
"Domaine des Lambrays","2019","Clos des Lambrays, Grand Cru, Domaine des Lambrays, Burgundy","1469","Case of 3 Bottles","https://www.bbr.com/products-20198023184-2019-clos-des-lambrays-grand-cru-domaine-des-lambrays-burgundy","1040290","20198023184"
"Domaine des Lambrays","2020","Clos des Lambrays, Grand Cru, Domaine des Lambrays, Burgundy","1000","Case of 3 Bottles","https://www.bbr.com/products-20208023184-2020-clos-des-lambrays-grand-cru-domaine-des-lambrays-burgundy","1040290","20208023184"
"Domaine des Lambrays","2021","Clos des Lambrays, Grand Cru, Domaine des Lambrays, Burgundy","1000","Case of 3 Bottles","https://www.bbr.com/products-20218023184-2021-clos-des-lambrays-grand-cru-domaine-des-lambrays-burgundy","1040290","20218023184"
"Domaine des Lambrays","2021","Clos des Lambrays, Grand Cru, Domaine des Lambrays, Burgundy","1800","Case of 3 Bottles","https://www.bbr.com/products-20218023184-2021-clos-des-lambrays-grand-cru-domaine-des-lambrays-burgundy","1040290","20218023184"
"Clos du Clocher","2022","Clos du Clocher, Pomerol, Bordeaux","330","Case of 6 Bottles","https://www.bbr.com/products-20228221317-2022-clos-du-clocher-pomerol-bordeaux","1008300","20228221317"
"Chateau Leoville Las Cases","2016","Clos du Marquis, Multiformat Case (4x75cl, 2x150cl, 1x300cl)","600","Case of 1 Mixed Cases","https://www.bbr.com/products-20168037549-2016-clos-du-marquis-multiformat-case-4x75cl-2x150cl-1x300cl","1008414","20168037549"
"Chateau Leoville Las Cases","2006","Clos du Marquis, St Julien, Bordeaux","480","Case of 12 Bottles","https://www.bbr.com/products-20068007935-2006-clos-du-marquis-st-julien-bordeaux","1008414","20068007935"
"Chateau Leoville Las Cases","2010","Clos du Marquis, St Julien, Bordeaux","600","Case of 12 Bottles","https://www.bbr.com/products-20108007935-2010-clos-du-marquis-st-julien-bordeaux","1008414","20108007935"
"Chateau Leoville Las Cases","2010","Clos du Marquis, St Julien, Bordeaux","590","Case of 6 Magnums","https://www.bbr.com/products-20108007935-2010-clos-du-marquis-st-julien-bordeaux","1008414","20108007935"
"Chateau Leoville Las Cases","2015","Clos du Marquis, St Julien, Bordeaux","295","Case of 6 Bottles","https://www.bbr.com/products-20158007935-2015-clos-du-marquis-st-julien-bordeaux","1008414","20158007935"
"Chateau Leoville Las Cases","2016","Clos du Marquis, St Julien, Bordeaux","234","Case of 6 Bottles","https://www.bbr.com/products-20168007935-2016-clos-du-marquis-st-julien-bordeaux","1008414","20168007935"
"Chateau Leoville Las Cases","2016","Clos du Marquis, St Julien, Bordeaux","280","Case of 6 Bottles","https://www.bbr.com/products-20168007935-2016-clos-du-marquis-st-julien-bordeaux","1008414","20168007935"
"Chateau Leoville Las Cases","2016","Clos du Marquis, St Julien, Bordeaux","425","Case of 12 Bottles","https://www.bbr.com/products-20168007935-2016-clos-du-marquis-st-julien-bordeaux","1008414","20168007935"
"Chateau Leoville Las Cases","2016","Clos du Marquis, St Julien, Bordeaux","225","Case of 3 Magnums","https://www.bbr.com/products-20168007935-2016-clos-du-marquis-st-julien-bordeaux","1008414","20168007935"
"Chateau Leoville Las Cases","2017","Clos du Marquis, St Julien, Bordeaux","230","Case of 6 Bottles","https://www.bbr.com/products-20178007935-2017-clos-du-marquis-st-julien-bordeaux","1008414","20178007935"
"Chateau Leoville Las Cases","2018","Clos du Marquis, St Julien, Bordeaux","190","Case of 6 Bottles","https://www.bbr.com/products-20188007935-2018-clos-du-marquis-st-julien-bordeaux","1008414","20188007935"
"Chateau Leoville Las Cases","2018","Clos du Marquis, St Julien, Bordeaux","200","Case of 1 Double Magnums","https://www.bbr.com/products-20188007935-2018-clos-du-marquis-st-julien-bordeaux","1008414","20188007935"
"Chateau Leoville Las Cases","2018","Clos du Marquis, St Julien, Bordeaux","210","Case of 3 Magnums","https://www.bbr.com/products-20188007935-2018-clos-du-marquis-st-julien-bordeaux","1008414","20188007935"
"Chateau Leoville Las Cases","2019","Clos du Marquis, St Julien, Bordeaux","300","Case of 6 Bottles","https://www.bbr.com/products-20198007935-2019-clos-du-marquis-st-julien-bordeaux","1008414","20198007935"
"Chateau Leoville Las Cases","2020","Clos du Marquis, St Julien, Bordeaux","200","Case of 6 Bottles","https://www.bbr.com/products-20208007935-2020-clos-du-marquis-st-julien-bordeaux","1008414","20208007935"
"Chateau Leoville Las Cases","2021","Clos du Marquis, St Julien, Bordeaux","200","Case of 6 Bottles","https://www.bbr.com/products-20218007935-2021-clos-du-marquis-st-julien-bordeaux","1008414","20218007935"
"Chateau Leoville Las Cases","2021","Clos du Marquis, St Julien, Bordeaux","195","Case of 12 Half Bottles","https://www.bbr.com/products-20218007935-2021-clos-du-marquis-st-julien-bordeaux","1008414","20218007935"
"Chateau Clos l'Eglise","1998","Clos l'Eglise, Pomerol, Bordeaux","620","Case of 6 Bottles","https://www.bbr.com/products-19988124836-1998-clos-l-eglise-pomerol-bordeaux","1008371","19988124836"
"Chateau Clos l'Eglise","2008","Clos l'Eglise, Pomerol, Bordeaux","430","Case of 6 Bottles","https://www.bbr.com/products-20088124836-2008-clos-l-eglise-pomerol-bordeaux","1008371","20088124836"
"Domaine Georges Lignier","2016","Clos-Saint-Denis, Grand Cru, Domaine Georges Lignier & Fils, Burgundy","720","Case of 3 Magnums","https://www.bbr.com/products-20168038940-2016-clos-saint-denis-grand-cru-domaine-georges-lignier-fils-burgundy","1045149","20168038940"
"Philippe Charlopin","2018","Clos-Saint-Denis, Grand Cru, Domaine Philippe Charlopin, Burgundy","1043","Case of 6 Bottles","https://www.bbr.com/products-20188121662-2018-clos-saint-denis-grand-cru-domaine-philippe-charlopin-burgundy","1024689","20188121662"
"Philippe Charlopin","2019","Clos-Saint-Denis, Grand Cru, Domaine Philippe Charlopin, Burgundy","1128","Case of 6 Bottles","https://www.bbr.com/products-20198121662-2019-clos-saint-denis-grand-cru-domaine-philippe-charlopin-burgundy","1024689","20198121662"
"Stephane Magnien","2014","Clos-Saint-Denis, Grand Cru, Domaine Stephane Magnien, Burgundy","699","Case of 6 Bottles","https://www.bbr.com/products-20148040125-2014-clos-saint-denis-grand-cru-domaine-stephane-magnien-burgundy","1223835","20148040125"
"Stephane Magnien","2016","Clos-Saint-Denis, Grand Cru, Domaine Stephane Magnien, Burgundy","700","Case of 6 Bottles","https://www.bbr.com/products-20168040125-2016-clos-saint-denis-grand-cru-domaine-stephane-magnien-burgundy","1223835","20168040125"
"Stephane Magnien","2017","Clos-Saint-Denis, Grand Cru, Domaine Stephane Magnien, Burgundy","666","Case of 6 Bottles","https://www.bbr.com/products-20178040125-2017-clos-saint-denis-grand-cru-domaine-stephane-magnien-burgundy","1223835","20178040125"
"Stephane Magnien","2019","Clos-Saint-Denis, Grand Cru, Domaine Stephane Magnien, Burgundy","725","Case of 6 Bottles","https://www.bbr.com/products-20198040125-2019-clos-saint-denis-grand-cru-domaine-stephane-magnien-burgundy","1223835","20198040125"
"Stephane Magnien","2019","Clos-Saint-Denis, Grand Cru, Domaine Stephane Magnien, Burgundy","970","Case of 6 Bottles","https://www.bbr.com/products-20198040125-2019-clos-saint-denis-grand-cru-domaine-stephane-magnien-burgundy","1223835","20198040125"
"Stephane Magnien","2021","Clos-Saint-Denis, Grand Cru, Domaine Stephane Magnien, Burgundy","444","Case of 3 Bottles","https://www.bbr.com/products-20218040125-2021-clos-saint-denis-grand-cru-domaine-stephane-magnien-burgundy","1223835","20218040125"
"Stephane Magnien","2021","Clos-Saint-Denis, Grand Cru, Domaine Stephane Magnien, Burgundy","925","Case of 6 Bottles","https://www.bbr.com/products-20218040125-2021-clos-saint-denis-grand-cru-domaine-stephane-magnien-burgundy","1223835","20218040125"
"Stephane Magnien","2022","Clos-Saint-Denis, Grand Cru, Domaine Stephane Magnien, Burgundy","510","Case of 3 Bottles","https://www.bbr.com/products-20228040125-2022-clos-saint-denis-grand-cru-domaine-stephane-magnien-burgundy","1223835","20228040125"
"Domaine Henri Jouan","2021","Clos-Saint-Denis, Grand Cru, Vieilles Vignes, Henri & Philippe Jouan, Burgundy","1180","Case of 6 Bottles","https://www.bbr.com/products-20218055431-2021-clos-saint-denis-grand-cru-vieilles-vignes-henri-philippe-jouan-burgundy","1242795","20218055431"
"Maison Camille Giroud","1978","Clos-St Denis, Grand Cru Camille Giroud","6750","Case of 6 Bottles","https://www.bbr.com/products-19788023836-1978-clos-st-denis-grand-cru-camille-giroud","1034697","19788023836"
"Domaine Amiot-Servelle","2018","Clos-St Denis, Grand Cru, Domaine Amiot-Servelle, Burgundy","1045","Case of 6 Bottles","https://www.bbr.com/products-20188210041-2018-clos-st-denis-grand-cru-domaine-amiot-servelle-burgundy","1182343","20188210041"
"Chateau de La Tour","2009","Clos-Vougeot, Grand Cru, Chateau de la Tour, Burgundy","2100","Case of 12 Bottles","https://www.bbr.com/products-20098220121-2009-clos-vougeot-grand-cru-chateau-de-la-tour-burgundy","1023695","20098220121"
"Chateau de La Tour","2009","Clos-Vougeot, Grand Cru, Chateau de la Tour, Burgundy","1900","Case of 12 Bottles","https://www.bbr.com/products-20098220121-2009-clos-vougeot-grand-cru-chateau-de-la-tour-burgundy","1023695","20098220121"
"Chateau de La Tour","2011","Clos-Vougeot, Grand Cru, Chateau de la Tour, Burgundy","1500","Case of 12 Bottles","https://www.bbr.com/products-20118220121-2011-clos-vougeot-grand-cru-chateau-de-la-tour-burgundy","1023695","20118220121"
"Chateau de La Tour","2011","Clos-Vougeot, Grand Cru, Chateau de la Tour, Burgundy","500","Case of 6 Bottles","https://www.bbr.com/products-20118220121-2011-clos-vougeot-grand-cru-chateau-de-la-tour-burgundy","1023695","20118220121"
"Chateau de La Tour","2012","Clos-Vougeot, Grand Cru, Chateau de la Tour, Burgundy","632","Case of 6 Bottles","https://www.bbr.com/products-20128220121-2012-clos-vougeot-grand-cru-chateau-de-la-tour-burgundy","1023695","20128220121"
"Chateau de La Tour","2014","Clos-Vougeot, Grand Cru, Chateau de la Tour, Burgundy","564","Case of 6 Bottles","https://www.bbr.com/products-20148220121-2014-clos-vougeot-grand-cru-chateau-de-la-tour-burgundy","1023695","20148220121"
"Chateau de La Tour","2015","Clos-Vougeot, Grand Cru, Chateau de la Tour, Burgundy","760","Case of 6 Bottles","https://www.bbr.com/products-20158220121-2015-clos-vougeot-grand-cru-chateau-de-la-tour-burgundy","1023695","20158220121"
"Chateau de La Tour","2018","Clos-Vougeot, Grand Cru, Chateau de la Tour, Burgundy","846","Case of 6 Bottles","https://www.bbr.com/products-20188220121-2018-clos-vougeot-grand-cru-chateau-de-la-tour-burgundy","1023695","20188220121"
"Domaine Rene Engel","2002","Clos-Vougeot, Grand Cru, Domaine Rene Engel, Burgundy","27000","Case of 12 Bottles","https://www.bbr.com/products-20028014870-2002-clos-vougeot-grand-cru-domaine-rene-engel-burgundy","1030859","20028014870"
"Domaine Rene Engel","2003","Clos-Vougeot, Grand Cru, Domaine Rene Engel, Burgundy","9400","Case of 6 Bottles","https://www.bbr.com/products-20038014870-2003-clos-vougeot-grand-cru-domaine-rene-engel-burgundy","1030859","20038014870"
"Domaine d'Eugenie","2006","Clos-Vougeot, Grand Cru, Domaine d'Eugenie, Burgundy","1200","Case of 6 Bottles","https://www.bbr.com/products-20061031146-2006-clos-vougeot-grand-cru-domaine-d-eugenie-burgundy","1031146","20061031146"
"Domaine d'Eugenie","2007","Clos-Vougeot, Grand Cru, Domaine d'Eugenie, Burgundy","1009","Case of 6 Bottles","https://www.bbr.com/products-20071031146-2007-clos-vougeot-grand-cru-domaine-d-eugenie-burgundy","1031146","20071031146"
"Domaine d'Eugenie","2008","Clos-Vougeot, Grand Cru, Domaine d'Eugenie, Burgundy","1241","Case of 6 Bottles","https://www.bbr.com/products-20081031146-2008-clos-vougeot-grand-cru-domaine-d-eugenie-burgundy","1031146","20081031146"
"Domaine d'Eugenie","2008","Clos-Vougeot, Grand Cru, Domaine d'Eugenie, Burgundy","1175","Case of 6 Bottles","https://www.bbr.com/products-20081031146-2008-clos-vougeot-grand-cru-domaine-d-eugenie-burgundy","1031146","20081031146"
"Domaine d'Eugenie","2009","Clos-Vougeot, Grand Cru, Domaine d'Eugenie, Burgundy","1100","Case of 6 Bottles","https://www.bbr.com/products-20091031146-2009-clos-vougeot-grand-cru-domaine-d-eugenie-burgundy","1031146","20091031146"
"Domaine d'Eugenie","2010","Clos-Vougeot, Grand Cru, Domaine d'Eugenie, Burgundy","1199","Case of 6 Bottles","https://www.bbr.com/products-20101031146-2010-clos-vougeot-grand-cru-domaine-d-eugenie-burgundy","1031146","20101031146"
"Domaine d'Eugenie","2011","Clos-Vougeot, Grand Cru, Domaine d'Eugenie, Burgundy","1100","Case of 6 Bottles","https://www.bbr.com/products-20111031146-2011-clos-vougeot-grand-cru-domaine-d-eugenie-burgundy","1031146","20111031146"
"Domaine d'Eugenie","2011","Clos-Vougeot, Grand Cru, Domaine d'Eugenie, Burgundy","1105","Case of 6 Bottles","https://www.bbr.com/products-20111031146-2011-clos-vougeot-grand-cru-domaine-d-eugenie-burgundy","1031146","20111031146"
"Domaine d'Eugenie","2011","Clos-Vougeot, Grand Cru, Domaine d'Eugenie, Burgundy","1000","Case of 3 Magnums","https://www.bbr.com/products-20111031146-2011-clos-vougeot-grand-cru-domaine-d-eugenie-burgundy","1031146","20111031146"
"Domaine d'Eugenie","2012","Clos-Vougeot, Grand Cru, Domaine d'Eugenie, Burgundy","1200","Case of 6 Bottles","https://www.bbr.com/products-20121031146-2012-clos-vougeot-grand-cru-domaine-d-eugenie-burgundy","1031146","20121031146"
"Domaine d'Eugenie","2013","Clos-Vougeot, Grand Cru, Domaine d'Eugenie, Burgundy","1160","Case of 3 Magnums","https://www.bbr.com/products-20131031146-2013-clos-vougeot-grand-cru-domaine-d-eugenie-burgundy","1031146","20131031146"
"Domaine d'Eugenie","2014","Clos-Vougeot, Grand Cru, Domaine d'Eugenie, Burgundy","1200","Case of 6 Bottles","https://www.bbr.com/products-20141031146-2014-clos-vougeot-grand-cru-domaine-d-eugenie-burgundy","1031146","20141031146"
"Domaine d'Eugenie","2017","Clos-Vougeot, Grand Cru, Domaine d'Eugenie, Burgundy","1000","Case of 6 Bottles","https://www.bbr.com/products-20171031146-2017-clos-vougeot-grand-cru-domaine-d-eugenie-burgundy","1031146","20171031146"
"Domaine d'Eugenie","2018","Clos-Vougeot, Grand Cru, Domaine d'Eugenie, Burgundy","1427","Case of 6 Bottles","https://www.bbr.com/products-20181031146-2018-clos-vougeot-grand-cru-domaine-d-eugenie-burgundy","1031146","20181031146"
"Domaine d'Eugenie","2018","Clos-Vougeot, Grand Cru, Domaine d'Eugenie, Burgundy","1100","Case of 6 Bottles","https://www.bbr.com/products-20181031146-2018-clos-vougeot-grand-cru-domaine-d-eugenie-burgundy","1031146","20181031146"
"Domaine d'Eugenie","2018","Clos-Vougeot, Grand Cru, Domaine d'Eugenie, Burgundy","1500","Case of 3 Magnums","https://www.bbr.com/products-20181031146-2018-clos-vougeot-grand-cru-domaine-d-eugenie-burgundy","1031146","20181031146"
"Domaine d'Eugenie","2019","Clos-Vougeot, Grand Cru, Domaine d'Eugenie, Burgundy","1570","Case of 6 Bottles","https://www.bbr.com/products-20191031146-2019-clos-vougeot-grand-cru-domaine-d-eugenie-burgundy","1031146","20191031146"
"Domaine d'Eugenie","2019","Clos-Vougeot, Grand Cru, Domaine d'Eugenie, Burgundy","1250","Case of 6 Bottles","https://www.bbr.com/products-20191031146-2019-clos-vougeot-grand-cru-domaine-d-eugenie-burgundy","1031146","20191031146"
"Chateau de La Tour","2005","Clos-Vougeot, Vieilles Vignes, Grand Cru, Chateau de la Tour, Burgundy","3600","Case of 12 Bottles","https://www.bbr.com/products-20058220062-2005-clos-vougeot-vieilles-vignes-grand-cru-chateau-de-la-tour-burgundy","1023709","20058220062"
"Chateau de La Tour","2009","Clos-Vougeot, Vieilles Vignes, Grand Cru, Chateau de la Tour, Burgundy","2200","Case of 12 Bottles","https://www.bbr.com/products-20098220062-2009-clos-vougeot-vieilles-vignes-grand-cru-chateau-de-la-tour-burgundy","1023709","20098220062"
"Chateau de La Tour","2010","Clos-Vougeot, Vieilles Vignes, Grand Cru, Chateau de la Tour, Burgundy","2652","Case of 12 Bottles","https://www.bbr.com/products-20108220062-2010-clos-vougeot-vieilles-vignes-grand-cru-chateau-de-la-tour-burgundy","1023709","20108220062"
"Chateau de La Tour","2011","Clos-Vougeot, Vieilles Vignes, Grand Cru, Chateau de la Tour, Burgundy","1500","Case of 12 Bottles","https://www.bbr.com/products-20118220062-2011-clos-vougeot-vieilles-vignes-grand-cru-chateau-de-la-tour-burgundy","1023709","20118220062"
"Chateau de La Tour","2011","Clos-Vougeot, Vieilles Vignes, Grand Cru, Chateau de la Tour, Burgundy","655","Case of 3 Magnums","https://www.bbr.com/products-20118220062-2011-clos-vougeot-vieilles-vignes-grand-cru-chateau-de-la-tour-burgundy","1023709","20118220062"
"Chateau de La Tour","2012","Clos-Vougeot, Vieilles Vignes, Grand Cru, Chateau de la Tour, Burgundy","1760","Case of 12 Bottles","https://www.bbr.com/products-20128220062-2012-clos-vougeot-vieilles-vignes-grand-cru-chateau-de-la-tour-burgundy","1023709","20128220062"
"Chateau de La Tour","2012","Clos-Vougeot, Vieilles Vignes, Grand Cru, Chateau de la Tour, Burgundy","880","Case of 6 Bottles","https://www.bbr.com/products-20128220062-2012-clos-vougeot-vieilles-vignes-grand-cru-chateau-de-la-tour-burgundy","1023709","20128220062"
"Chateau de La Tour","2012","Clos-Vougeot, Vieilles Vignes, Grand Cru, Chateau de la Tour, Burgundy","1670","Case of 12 Bottles","https://www.bbr.com/products-20128220062-2012-clos-vougeot-vieilles-vignes-grand-cru-chateau-de-la-tour-burgundy","1023709","20128220062"
"Chateau de La Tour","2013","Clos-Vougeot, Vieilles Vignes, Grand Cru, Chateau de la Tour, Burgundy","1354","Case of 12 Bottles","https://www.bbr.com/products-20138220062-2013-clos-vougeot-vieilles-vignes-grand-cru-chateau-de-la-tour-burgundy","1023709","20138220062"
"Chateau de La Tour","2013","Clos-Vougeot, Vieilles Vignes, Grand Cru, Chateau de la Tour, Burgundy","677","Case of 6 Bottles","https://www.bbr.com/products-20138220062-2013-clos-vougeot-vieilles-vignes-grand-cru-chateau-de-la-tour-burgundy","1023709","20138220062"
"Chateau de La Tour","2013","Clos-Vougeot, Vieilles Vignes, Grand Cru, Chateau de la Tour, Burgundy","525","Case of 6 Bottles","https://www.bbr.com/products-20138220062-2013-clos-vougeot-vieilles-vignes-grand-cru-chateau-de-la-tour-burgundy","1023709","20138220062"
"Chateau de La Tour","2013","Clos-Vougeot, Vieilles Vignes, Grand Cru, Chateau de la Tour, Burgundy","528","Case of 6 Bottles","https://www.bbr.com/products-20138220062-2013-clos-vougeot-vieilles-vignes-grand-cru-chateau-de-la-tour-burgundy","1023709","20138220062"
"Chateau de La Tour","2016","Clos-Vougeot, Vieilles Vignes, Grand Cru, Chateau de la Tour, Burgundy","965","Case of 6 Bottles","https://www.bbr.com/products-20168220062-2016-clos-vougeot-vieilles-vignes-grand-cru-chateau-de-la-tour-burgundy","1023709","20168220062"
"Chateau de La Tour","2018","Clos-Vougeot, Vieilles Vignes, Grand Cru, Chateau de la Tour, Burgundy","1140","Case of 6 Bottles","https://www.bbr.com/products-20188220062-2018-clos-vougeot-vieilles-vignes-grand-cru-chateau-de-la-tour-burgundy","1023709","20188220062"
"Cloudburst","2013","Cloudburst, Cabernet Sauvignon, Margaret River, Australia","585","Case of 6 Bottles","https://www.bbr.com/products-20138036470-2013-cloudburst-cabernet-sauvignon-margaret-river-australia","1496534","20138036470"
"Cloudy Bay","2012","Cloudy Bay, Chardonnay, Marlborough, New Zealand","120","Case of 6 Bottles","https://www.bbr.com/products-20121107029-2012-cloudy-bay-chardonnay-marlborough-new-zealand","1107029","20121107029"
"Cloudy Bay","2013","Cloudy Bay, Chardonnay, Marlborough, New Zealand","110","Case of 6 Bottles","https://www.bbr.com/products-20131107029-2013-cloudy-bay-chardonnay-marlborough-new-zealand","1107029","20131107029"
"Cloudy Bay","2021","Cloudy Bay, Chardonnay, Marlborough, New Zealand","145","Case of 6 Bottles","https://www.bbr.com/products-20211107029-2021-cloudy-bay-chardonnay-marlborough-new-zealand","1107029","20211107029"
"Cloudy Bay","2020","Cloudy Bay, Pinot Noir, Marlborough, New Zealand","150","Case of 6 Bottles","https://www.bbr.com/products-20201107045-2020-cloudy-bay-pinot-noir-marlborough-new-zealand","1107045","20201107045"
"Cloudy Bay","2021","Cloudy Bay, Pinot Noir, Marlborough, New Zealand","158","Case of 6 Bottles","https://www.bbr.com/products-20211107045-2021-cloudy-bay-pinot-noir-marlborough-new-zealand","1107045","20211107045"
"Cloudy Bay","2014","Cloudy Bay, Sauvignon Blanc, Marlborough, New Zealand","130","Case of 6 Bottles","https://www.bbr.com/products-20141107058-2014-cloudy-bay-sauvignon-blanc-marlborough-new-zealand","1107058","20141107058"
"Cloudy Bay","2016","Cloudy Bay, Sauvignon Blanc, Marlborough, New Zealand","145","Case of 6 Bottles","https://www.bbr.com/products-20161107058-2016-cloudy-bay-sauvignon-blanc-marlborough-new-zealand","1107058","20161107058"
"Cloudy Bay","2019","Cloudy Bay, Sauvignon Blanc, Marlborough, New Zealand","90","Case of 6 Bottles","https://www.bbr.com/products-20191107058-2019-cloudy-bay-sauvignon-blanc-marlborough-new-zealand","1107058","20191107058"
"Cloudy Bay","2020","Cloudy Bay, Sauvignon Blanc, Marlborough, New Zealand","108","Case of 6 Bottles","https://www.bbr.com/products-20201107058-2020-cloudy-bay-sauvignon-blanc-marlborough-new-zealand","1107058","20201107058"
"Cloudy Bay","2021","Cloudy Bay, Sauvignon Blanc, Marlborough, New Zealand","125","Case of 6 Bottles","https://www.bbr.com/products-20211107058-2021-cloudy-bay-sauvignon-blanc-marlborough-new-zealand","1107058","20211107058"
"Cloudy Bay","2022","Cloudy Bay, Sauvignon Blanc, Marlborough, New Zealand","105","Case of 6 Bottles","https://www.bbr.com/products-20221107058-2022-cloudy-bay-sauvignon-blanc-marlborough-new-zealand","1107058","20221107058"
"Cloudy Bay","2024","Cloudy Bay, Sauvignon Blanc, Marlborough, New Zealand","200","Case of 6 Bottles","https://www.bbr.com/products-20241107058-2024-cloudy-bay-sauvignon-blanc-marlborough-new-zealand","1107058","20241107058"
"Cloudy Bay","2025","Cloudy Bay, Sauvignon Blanc, Marlborough, New Zealand","205","Case of 6 Bottles","https://www.bbr.com/products-20251107058-2025-cloudy-bay-sauvignon-blanc-marlborough-new-zealand","1107058","20251107058"
"Cloudy Bay","2015","Cloudy Bay, Te Koko, Sauvignon Blanc, Marlborough, New Zealand","350","Case of 6 Bottles","https://www.bbr.com/products-20158015545-2015-cloudy-bay-te-koko-sauvignon-blanc-marlborough-new-zealand","1107061","20158015545"
"Cloudy Bay","2019","Cloudy Bay, Te Koko, Sauvignon Blanc, Marlborough, New Zealand","250","Case of 6 Bottles","https://www.bbr.com/products-20198015545-2019-cloudy-bay-te-koko-sauvignon-blanc-marlborough-new-zealand","1107061","20198015545"
"Cloudy Bay","2020","Cloudy Bay, Te Koko, Sauvignon Blanc, Marlborough, New Zealand","240","Case of 6 Bottles","https://www.bbr.com/products-20208015545-2020-cloudy-bay-te-koko-sauvignon-blanc-marlborough-new-zealand","1107061","20208015545"
"Cloudy Bay","2017","Cloudy Bay, Te W?hi, Pinot Noir, Central Otago, New Zealand","270","Case of 6 Bottles","https://www.bbr.com/products-20178111869-2017-cloudy-bay-te-w-hi-pinot-noir-central-otago-new-zealand","1220661","20178111869"
"Cloudy Bay","2019","Cloudy Bay, Te W?hi, Pinot Noir, Central Otago, New Zealand","340","Case of 6 Bottles","https://www.bbr.com/products-20198111869-2019-cloudy-bay-te-w-hi-pinot-noir-central-otago-new-zealand","1220661","20198111869"
"Cockburn","2011","Cockburn's, Port, Portugal","175","Case of 6 Bottles","https://www.bbr.com/products-20118106058-2011-cockburn-s-port-portugal","1516380","20118106058"
"Cockburn","2016","Cockburn's, Port, Portugal","175","Case of 6 Bottles","https://www.bbr.com/products-20168106058-2016-cockburn-s-port-portugal","1516380","20168106058"
"Cockburn","2017","Cockburn's, Port, Portugal","165","Case of 6 Bottles","https://www.bbr.com/products-20178106058-2017-cockburn-s-port-portugal","1516380","20178106058"
"Cockburn","2015","Cockburn's, Vintage Port, Portugal","250","Case of 6 Bottles","https://www.bbr.com/products-20158106058-2015-cockburn-s-vintage-port-portugal","1516380","20158106058"
"Colgin Cellars","2009","Colgin, Cariad, Napa Valley, California, USA","1635","Case of 6 Bottles","https://www.bbr.com/products-20091121740-2009-colgin-cariad-napa-valley-california-usa","1121740","20091121740"
"Colgin Cellars","2012","Colgin, Cariad, Napa Valley, California, USA","1640","Case of 3 Bottles","https://www.bbr.com/products-20121121740-2012-colgin-cariad-napa-valley-california-usa","1121740","20121121740"
"Colgin Cellars","2013","Colgin, Cariad, Napa Valley, California, USA","813","Case of 3 Bottles","https://www.bbr.com/products-20131121740-2013-colgin-cariad-napa-valley-california-usa","1121740","20131121740"
"Colgin Cellars","2013","Colgin, Cariad, Napa Valley, California, USA","900","Case of 3 Bottles","https://www.bbr.com/products-20131121740-2013-colgin-cariad-napa-valley-california-usa","1121740","20131121740"
"Colgin Cellars","2011","Colgin, IX Estate Syrah, Napa Valley, California, USA","790","Case of 3 Bottles","https://www.bbr.com/products-20118012065-2011-colgin-ix-estate-syrah-napa-valley-california-usa","1505199","20118012065"
"Colgin Cellars","2018","Colgin, IX Estate Syrah, Napa Valley, California, USA","1800","Case of 3 Bottles","https://www.bbr.com/products-20188012065-2018-colgin-ix-estate-syrah-napa-valley-california-usa","1505199","20188012065"
"Colgin Cellars","2014","Colgin, IX Estate, Napa Valley, California, USA","900","Case of 3 Bottles","https://www.bbr.com/products-20148008280-2014-colgin-ix-estate-napa-valley-california-usa","1141160","20148008280"
"Colgin Cellars","2015","Colgin, IX Estate, Napa Valley, California, USA","1100","Case of 3 Bottles","https://www.bbr.com/products-20158008280-2015-colgin-ix-estate-napa-valley-california-usa","1141160","20158008280"
"Colgin Cellars","2017","Colgin, IX Estate, Napa Valley, California, USA","1595","Case of 3 Bottles","https://www.bbr.com/products-20178008280-2017-colgin-ix-estate-napa-valley-california-usa","1141160","20178008280"
"Colgin Cellars","2018","Colgin, IX Estate, Napa Valley, California, USA","1500","Case of 3 Bottles","https://www.bbr.com/products-20188008280-2018-colgin-ix-estate-napa-valley-california-usa","1141160","20188008280"
"Colgin Cellars","2019","Colgin, IX Estate, Napa Valley, California, USA","1200","Case of 3 Bottles","https://www.bbr.com/products-20198008280-2019-colgin-ix-estate-napa-valley-california-usa","1141160","20198008280"
"Colgin Cellars","2018","Colgin, Tychson Hill Cabernet Sauvignon, Napa Valley, California, USA","1200","Case of 3 Bottles","https://www.bbr.com/products-20188030074-2018-colgin-tychson-hill-cabernet-sauvignon-napa-valley-california-usa","1121766","20188030074"
"Bodega Contador","2015","Colleccion N?1, La Liende, Benjamin Romeo, Rioja, Spain","600","Case of 6 Bottles","https://www.bbr.com/products-20158325419-2015-colleccion-n-1-la-liende-benjamin-romeo-rioja-spain","2048978","20158325419"
"Bodega Contador","2015","Colleccion N?3, El Chozo del Bombon, Benjamin Romeo, Rioja, Spain","600","Case of 6 Bottles","https://www.bbr.com/products-20158325406-2015-colleccion-n-3-el-chozo-del-bombon-benjamin-romeo-rioja-spain","2048994","20158325406"
"Bodega Contador","2015","Colleccion N?4, Garnacha de la Dehesa, Benjamin Romeo, Rioja, Spain","600","Case of 6 Bottles","https://www.bbr.com/products-20158311214-2015-colleccion-n-4-garnacha-de-la-dehesa-benjamin-romeo-rioja-spain","2049005","20158311214"
"Collection Bellenum","","Collection Bellenum, Corton Vertical (2 x 1989, 2 x 1990, 2 x 1991), Six-Bottle Assortment Case","990","Case of 1 6 Bottle Assortments","https://www.bbr.com/products-10008149251-collection-bellenum-corton-vertical-2-x-1989-2-x-1990-2-x-1991-six-bottle-assortment-case","2196767","10008149251"
"Isole e Olena","2016","Collezione Privata, Cabernet Sauvignon, Isole e Olena, Tuscany, Italy","390","Case of 6 Bottles","https://www.bbr.com/products-20168109277-2016-collezione-privata-cabernet-sauvignon-isole-e-olena-tuscany-italy","1328136","20168109277"
"Domaine Stephane Ogier","2015","Collines Rhodaniennes, La Rosine Syrah, Stephane Ogier, Rhone","199","Case of 6 Bottles","https://www.bbr.com/products-20158013567-2015-collines-rhodaniennes-la-rosine-syrah-stephane-ogier-rhone","1334582","20158013567"
"Domaine Stephane Ogier","2016","Collines Rhodaniennes, La Rosine Syrah, Stephane Ogier, Rhone","90","Case of 6 Bottles","https://www.bbr.com/products-20168013567-2016-collines-rhodaniennes-la-rosine-syrah-stephane-ogier-rhone","1334582","20168013567"
"Domaine Stephane Ogier","2017","Collines Rhodaniennes, La Rosine Syrah, Stephane Ogier, Rhone","100","Case of 6 Bottles","https://www.bbr.com/products-20178013567-2017-collines-rhodaniennes-la-rosine-syrah-stephane-ogier-rhone","1334582","20178013567"
"Domaine Stephane Ogier","2018","Collines Rhodaniennes, La Rosine Syrah, Stephane Ogier, Rhone","100","Case of 6 Bottles","https://www.bbr.com/products-20188013567-2018-collines-rhodaniennes-la-rosine-syrah-stephane-ogier-rhone","1334582","20188013567"
"Domaine Stephane Ogier","2023","Collines Rhodaniennes, La Rosine Syrah, Stephane Ogier, Rhone","115","Case of 6 Bottles","https://www.bbr.com/products-20238013567-2023-collines-rhodaniennes-la-rosine-syrah-stephane-ogier-rhone","1334582","20238013567"
"Bibi Graetz","2022","Colore Bianco, Bibi Graetz, Tuscany, Italy","719","Case of 3 Bottles","https://www.bbr.com/products-20228157092-2022-colore-bianco-bibi-graetz-tuscany-italy","1971299","20228157092"
"Bibi Graetz","2018","Colore, Bibi Graetz, Tuscany, Italy","750","Case of 3 Bottles","https://www.bbr.com/products-20188208417-2018-colore-bibi-graetz-tuscany-italy","1226908","20188208417"
"Bibi Graetz","2018","Colore, Bibi Graetz, Tuscany, Italy","390","Case of 3 Bottles","https://www.bbr.com/products-20188208417-2018-colore-bibi-graetz-tuscany-italy","1226908","20188208417"
"Bibi Graetz","2019","Colore, Bibi Graetz, Tuscany, Italy","540","Case of 3 Bottles","https://www.bbr.com/products-20198208417-2019-colore-bibi-graetz-tuscany-italy","1226908","20198208417"
"Bibi Graetz","2019","Colore, Bibi Graetz, Tuscany, Italy","977","Case of 3 Bottles","https://www.bbr.com/products-20198208417-2019-colore-bibi-graetz-tuscany-italy","1226908","20198208417"
"Bibi Graetz","2020","Colore, Bibi Graetz, Tuscany, Italy","485","Case of 3 Bottles","https://www.bbr.com/products-20208208417-2020-colore-bibi-graetz-tuscany-italy","1226908","20208208417"
"Bibi Graetz","2021","Colore, Bibi Graetz, Tuscany, Italy","420","Case of 3 Bottles","https://www.bbr.com/products-20218208417-2021-colore-bibi-graetz-tuscany-italy","1226908","20218208417"
"Bibi Graetz","2021","Colore, Bibi Graetz, Tuscany, Italy","345","Case of 3 Bottles","https://www.bbr.com/products-20218208417-2021-colore-bibi-graetz-tuscany-italy","1226908","20218208417"
"Bibi Graetz","2022","Colore, Bibi Graetz, Tuscany, Italy","345","Case of 3 Bottles","https://www.bbr.com/products-20228208417-2022-colore-bibi-graetz-tuscany-italy","1226908","20228208417"
"Bibi Graetz","2023","Colore, Bibi Graetz, Tuscany, Italy","359","Case of 3 Bottles","https://www.bbr.com/products-20238208417-2023-colore-bibi-graetz-tuscany-italy","1226908","20238208417"
"Marchesi Mazzei","2019","Concerto, Castello di Fonterutoli, Mazzei, Tuscany, Italy","180","Case of 6 Bottles","https://www.bbr.com/products-20198153339-2019-concerto-castello-di-fonterutoli-mazzei-tuscany-italy","1639430","20198153339"
"Domaine Delas Freres","2022","Condrieu, Clos Boucher, Delas, Rhone","395","Case of 6 Bottles","https://www.bbr.com/products-20228320528-2022-condrieu-clos-boucher-delas-rhone","1111396","20228320528"
"Mouton Pere & Fils","2019","Condrieu, Cote Chatillon, Domaine Mouton, Rhone","380","Case of 6 Bottles","https://www.bbr.com/products-20198000297-2019-condrieu-cote-chatillon-domaine-mouton-rhone","1134733","20198000297"
"Jaboulet","2021","Condrieu, Domaine des Grands Amandiers, Paul Jaboulet Aine, Rhone","460","Case of 6 Bottles","https://www.bbr.com/products-20218053916-2021-condrieu-domaine-des-grands-amandiers-paul-jaboulet-aine-rhone","1112377","20218053916"
"Maison Guigal","2015","Condrieu, E. Guigal, Rhone","158","Case of 6 Bottles","https://www.bbr.com/products-20158147185-2015-condrieu-e-guigal-rhone","1113143","20158147185"
"Domaine Rene Rostaing","2018","Condrieu, La Bonnette, Domaine Rene Rostaing, Rhone","240","Case of 6 Bottles","https://www.bbr.com/products-20181116027-2018-condrieu-la-bonnette-domaine-rene-rostaing-rhone","1116027","20181116027"
"Domaine Rene Rostaing","2020","Condrieu, La Bonnette, Domaine Rene Rostaing, Rhone","187","Case of 6 Bottles","https://www.bbr.com/products-20201116027-2020-condrieu-la-bonnette-domaine-rene-rostaing-rhone","1116027","20201116027"
"Domaine Rene Rostaing","2023","Condrieu, La Bonnette, Domaine Rene Rostaing, Rhone","210","Case of 6 Bottles","https://www.bbr.com/products-20231116027-2023-condrieu-la-bonnette-domaine-rene-rostaing-rhone","1116027","20231116027"
"Domaine Stephane Ogier","2013","Condrieu, La Combe de Malleval, Stephane Ogier, Rhone","195","Case of 6 Bottles","https://www.bbr.com/products-20138024846-2013-condrieu-la-combe-de-malleval-stephane-ogier-rhone","1124783","20138024846"
"Maison Guigal","2020","Condrieu, La Doriane, E. Guigal, Rhone","850","Case of 12 Bottles","https://www.bbr.com/products-20208116473-2020-condrieu-la-doriane-e-guigal-rhone","1113156","20208116473"
"Maison Guigal","2020","Condrieu, La Doriane, E. Guigal, Rhone","720","Case of 12 Bottles","https://www.bbr.com/products-20208116473-2020-condrieu-la-doriane-e-guigal-rhone","1113156","20208116473"
"Domaine Yves Cuilleron","2009","Condrieu, Les Chaillets, Yves Cuilleron, Rhone","360","Case of 12 Bottles","https://www.bbr.com/products-20098024338-2009-condrieu-les-chaillets-yves-cuilleron-rhone","1111178","20098024338"
"Domaine Stephane Ogier","2018","Condrieu, Les Vieilles Vignes de Jacques Vernay, Stephane Ogier, Rhone","305","Case of 6 Bottles","https://www.bbr.com/products-20188024859-2018-condrieu-les-vieilles-vignes-de-jacques-vernay-stephane-ogier-rhone","1418844","20188024859"
"Domaine Stephane Ogier","2019","Condrieu, Les Vieilles Vignes de Jacques Vernay, Stephane Ogier, Rhone","465","Case of 6 Bottles","https://www.bbr.com/products-20198024859-2019-condrieu-les-vieilles-vignes-de-jacques-vernay-stephane-ogier-rhone","1418844","20198024859"
"Domaine Stephane Ogier","2021","Condrieu, Les Vieilles Vignes de Jacques Vernay, Stephane Ogier, Rhone","375","Case of 6 Bottles","https://www.bbr.com/products-20218024859-2021-condrieu-les-vieilles-vignes-de-jacques-vernay-stephane-ogier-rhone","1418844","20218024859"
"Philippe Pacalet","2018","Condrieu, Philippe Pacalet, Rhone","1010","Case of 12 Bottles","https://www.bbr.com/products-20188070465-2018-condrieu-philippe-pacalet-rhone","1866935","20188070465"
"Philippe Pacalet","2019","Condrieu, Philippe Pacalet, Rhone","1015","Case of 12 Bottles","https://www.bbr.com/products-20198070465-2019-condrieu-philippe-pacalet-rhone","1866935","20198070465"
"Philippe Pacalet","2020","Condrieu, Philippe Pacalet, Rhone","850","Case of 6 Magnums","https://www.bbr.com/products-20208070465-2020-condrieu-philippe-pacalet-rhone","1866935","20208070465"
"Domaine Yves Cuilleron","2011","Condrieu, Vertige, Yves Cuilleron, Rhone","360","Case of 6 Bottles","https://www.bbr.com/products-20118024341-2011-condrieu-vertige-yves-cuilleron-rhone","1111194","20118024341"
"Constantia Glen","2020","Constantia Glen, Sauvignon Blanc, Constantia, South Africa","75","Case of 6 Bottles","https://www.bbr.com/products-20208000314-2020-constantia-glen-sauvignon-blanc-constantia-south-africa","1140004","20208000314"
"Bodega Contador","2007","Contador, Rioja, Spain","1450","Case of 6 Bottles","https://www.bbr.com/products-20078030045-2007-contador-rioja-spain","1121098","20078030045"
"Bodega Contador","2009","Contador, Rioja, Spain","1295","Case of 6 Bottles","https://www.bbr.com/products-20098030045-2009-contador-rioja-spain","1121098","20098030045"
"Bodega Contador","2011","Contador, Rioja, Spain","1088","Case of 6 Bottles","https://www.bbr.com/products-20118030045-2011-contador-rioja-spain","1121098","20118030045"
"C.V.N.E.","2013","Contino, 17 Barricas, Rioja, Spain","235","Case of 6 Bottles","https://www.bbr.com/products-20138030755-2013-contino-17-barricas-rioja-spain","1449279","20138030755"
"C.V.N.E.","2013","Contino, 17 Barricas, Rioja, Spain","165","Case of 3 Magnums","https://www.bbr.com/products-20138030755-2013-contino-17-barricas-rioja-spain","1449279","20138030755"
"C.V.N.E.","2012","Contino, Graciano, Rioja, Spain","195","Case of 6 Bottles","https://www.bbr.com/products-20128030797-2012-contino-graciano-rioja-spain","1140844","20128030797"
"C.V.N.E.","2014","Contino, Gran Reserva, Rioja, Spain","240","Case of 3 Magnums","https://www.bbr.com/products-20148030768-2014-contino-gran-reserva-rioja-spain","1119998","20148030768"
"C.V.N.E.","2007","Contino, Vi?a del Olivo, Rioja, Spain","270","Case of 6 Bottles","https://www.bbr.com/products-20078030784-2007-contino-vi-a-del-olivo-rioja-spain","1219874","20078030784"
"C.V.N.E.","2008","Contino, Vi?a del Olivo, Rioja, Spain","295","Case of 6 Bottles","https://www.bbr.com/products-20088030784-2008-contino-vi-a-del-olivo-rioja-spain","1219874","20088030784"
"C.V.N.E.","2014","Contino, Vi?a del Olivo, Rioja, Spain","230","Case of 6 Bottles","https://www.bbr.com/products-20148030784-2014-contino-vi-a-del-olivo-rioja-spain","1219874","20148030784"
"C.V.N.E.","2016","Contino, Vi?a del Olivo, Rioja, Spain","320","Case of 6 Bottles","https://www.bbr.com/products-20168030784-2016-contino-vi-a-del-olivo-rioja-spain","1219874","20168030784"
"C.V.N.E.","2018","Contino, Vi?a del Olivo, Rioja, Spain","265","Case of 6 Bottles","https://www.bbr.com/products-20188030784-2018-contino-vi-a-del-olivo-rioja-spain","1219874","20188030784"
"C.V.N.E.","2021","Contino, Vi?a del Olivo, Rioja, Spain","420","Case of 6 Bottles","https://www.bbr.com/products-20218030784-2021-contino-vi-a-del-olivo-rioja-spain","1219874","20218030784"
"Continuum Estate","2014","Continuum, Proprietary Red, Napa Valley, California, USA","750","Case of 6 Bottles","https://www.bbr.com/products-20148112895-2014-continuum-proprietary-red-napa-valley-california-usa","1186543","20148112895"
"Continuum Estate","2014","Continuum, Proprietary Red, Napa Valley, California, USA","1344","Case of 6 Bottles","https://www.bbr.com/products-20148112895-2014-continuum-proprietary-red-napa-valley-california-usa","1186543","20148112895"
"Continuum Estate","2014","Continuum, Proprietary Red, Napa Valley, California, USA","700","Case of 3 Magnums","https://www.bbr.com/products-20148112895-2014-continuum-proprietary-red-napa-valley-california-usa","1186543","20148112895"
"Continuum Estate","2015","Continuum, Proprietary Red, Napa Valley, California, USA","1250","Case of 6 Bottles","https://www.bbr.com/products-20158112895-2015-continuum-proprietary-red-napa-valley-california-usa","1186543","20158112895"
"Continuum Estate","2016","Continuum, Proprietary Red, Napa Valley, California, USA","800","Case of 6 Bottles","https://www.bbr.com/products-20168112895-2016-continuum-proprietary-red-napa-valley-california-usa","1186543","20168112895"
"Continuum Estate","2017","Continuum, Proprietary Red, Napa Valley, California, USA","1088","Case of 6 Bottles","https://www.bbr.com/products-20178112895-2017-continuum-proprietary-red-napa-valley-california-usa","1186543","20178112895"
"Continuum Estate","2017","Continuum, Proprietary Red, Napa Valley, California, USA","590","Case of 6 Bottles","https://www.bbr.com/products-20178112895-2017-continuum-proprietary-red-napa-valley-california-usa","1186543","20178112895"
"Continuum Estate","2018","Continuum, Proprietary Red, Napa Valley, California, USA","680","Case of 6 Bottles","https://www.bbr.com/products-20188112895-2018-continuum-proprietary-red-napa-valley-california-usa","1186543","20188112895"
"Continuum Estate","2019","Continuum, Proprietary Red, Napa Valley, California, USA","1130","Case of 6 Bottles","https://www.bbr.com/products-20198112895-2019-continuum-proprietary-red-napa-valley-california-usa","1186543","20198112895"
"Coriole Vineyards","2002","Coriole Vineyards, Lloyd Reserve Shiraz, McLaren Vale, Australia","359","Case of 6 Bottles","https://www.bbr.com/products-20028221870-2002-coriole-vineyards-lloyd-reserve-shiraz-mclaren-vale-australia","1001822","20028221870"
"Corison Winery","2019","Corison, Cabernet Sauvignon, Napa Valley, California, USA","645","Case of 3 Magnums","https://www.bbr.com/products-20198212595-2019-corison-cabernet-sauvignon-napa-valley-california-usa","1121779","20198212595"
"Domaine du Coulet","2014","Cornas, Billes Noires, Domaine du Coulet, Rhone","620","Case of 12 Bottles","https://www.bbr.com/products-20148062174-2014-cornas-billes-noires-domaine-du-coulet-rhone","1194892","20148062174"
"Domaine Balthazar","2016","Cornas, Casimir, Franck Balthazar, Rhone","370","Case of 6 Bottles","https://www.bbr.com/products-20161151295-2016-cornas-casimir-franck-balthazar-rhone","1151295","20161151295"
"Domaine Balthazar","2020","Cornas, Casimir, Franck Balthazar, Rhone","300","Case of 6 Bottles","https://www.bbr.com/products-20201151295-2020-cornas-casimir-franck-balthazar-rhone","1151295","20201151295"
"Domaine Balthazar","2023","Cornas, Casimir, Franck Balthazar, Rhone","235","Case of 6 Bottles","https://www.bbr.com/products-20231151295-2023-cornas-casimir-franck-balthazar-rhone","1151295","20231151295"
"Domaine Balthazar","2021","Cornas, Chaillot, Franck Balthazar, Rhone","350","Case of 6 Bottles","https://www.bbr.com/products-20211124897-2021-cornas-chaillot-franck-balthazar-rhone","1124897","20211124897"
"Domaine Balthazar","2022","Cornas, Chaillot, Franck Balthazar, Rhone","375","Case of 6 Bottles","https://www.bbr.com/products-20221124897-2022-cornas-chaillot-franck-balthazar-rhone","1124897","20221124897"
"Domaine Thierry Allemand","2017","Cornas, Chaillot, Thierry Allemand, Rhone","900","Case of 6 Bottles","https://www.bbr.com/products-20171108084-2017-cornas-chaillot-thierry-allemand-rhone","1108084","20171108084"
"Domaine Thierry Allemand","2019","Cornas, Chaillot, Thierry Allemand, Rhone","1150","Case of 6 Bottles","https://www.bbr.com/products-20191108084-2019-cornas-chaillot-thierry-allemand-rhone","1108084","20191108084"
"Domaine Thierry Allemand","2021","Cornas, Chaillot, Thierry Allemand, Rhone","825","Case of 6 Bottles","https://www.bbr.com/products-20211108084-2021-cornas-chaillot-thierry-allemand-rhone","1108084","20211108084"
"Domaine Thierry Allemand","2022","Cornas, Cuvee ""R"", Thierry Allemand, Rhone","1320","Case of 6 Bottles","https://www.bbr.com/products-20221108097-2022-cornas-cuvee-r-thierry-allemand-rhone","1108097","20221108097"
"Domaine Balthazar","2022","Cornas, Cuvee Hommage, Franck Balthazar, Rhone","600","Case of 6 Bottles","https://www.bbr.com/products-20228248518-2022-cornas-cuvee-hommage-franck-balthazar-rhone","3051786","20228248518"
"Domaine Balthazar","2022","Cornas, Cuvee Hommage, Franck Balthazar, Rhone","725","Case of 6 Bottles","https://www.bbr.com/products-20228248518-2022-cornas-cuvee-hommage-franck-balthazar-rhone","3051786","20228248518"
"Domaine Balthazar","2023","Cornas, Cuvee Hommage, Franck Balthazar, Rhone","1000","Case of 6 Bottles","https://www.bbr.com/products-20238248518-2023-cornas-cuvee-hommage-franck-balthazar-rhone","3051786","20238248518"
"Domaine Robert Michel","2005","Cornas, Cuvee du Coteau R. Michel","1200","Case of 12 Bottles","https://www.bbr.com/products-20058033945-2005-cornas-cuvee-du-coteau-r-michel","1114326","20058033945"
"Domaine Clape","2006","Cornas, Domaine A. Clape, Rhone","2030","Case of 12 Bottles","https://www.bbr.com/products-20061110201-2006-cornas-domaine-a-clape-rhone","1110201","20061110201"
"Domaine Clape","2012","Cornas, Domaine A. Clape, Rhone","1350","Case of 12 Bottles","https://www.bbr.com/products-20121110201-2012-cornas-domaine-a-clape-rhone","1110201","20121110201"
"Domaine Clape","2015","Cornas, Domaine A. Clape, Rhone","1600","Case of 12 Bottles","https://www.bbr.com/products-20151110201-2015-cornas-domaine-a-clape-rhone","1110201","20151110201"
"Domaine Clape","2015","Cornas, Domaine A. Clape, Rhone","1600","Case of 6 Magnums","https://www.bbr.com/products-20151110201-2015-cornas-domaine-a-clape-rhone","1110201","20151110201"
"Domaine Clape","2016","Cornas, Domaine A. Clape, Rhone","830","Case of 6 Bottles","https://www.bbr.com/products-20161110201-2016-cornas-domaine-a-clape-rhone","1110201","20161110201"
"Domaine Pierre Gaillard","2018","Cornas, Domaine Pierre Gaillard, Rhone","260","Case of 6 Bottles","https://www.bbr.com/products-20188021832-2018-cornas-domaine-pierre-gaillard-rhone","1112247","20188021832"
"Domaine Pierre Gaillard","2019","Cornas, Domaine Pierre Gaillard, Rhone","300","Case of 6 Bottles","https://www.bbr.com/products-20198021832-2019-cornas-domaine-pierre-gaillard-rhone","1112247","20198021832"
"Jaboulet","2016","Cornas, Domaine de Saint Pierre, Domaine Paul Jaboulet Aine, Rhone","200","Case of 6 Bottles","https://www.bbr.com/products-20168116372-2016-cornas-domaine-de-saint-pierre-domaine-paul-jaboulet-aine-rhone","1113462","20168116372"
"Jaboulet","2017","Cornas, Domaine de Saint Pierre, Domaine Paul Jaboulet Aine, Rhone","250","Case of 6 Bottles","https://www.bbr.com/products-20178116372-2017-cornas-domaine-de-saint-pierre-domaine-paul-jaboulet-aine-rhone","1113462","20178116372"
"Jaboulet","2017","Cornas, Domaine de Saint Pierre, Domaine Paul Jaboulet Aine, Rhone","230","Case of 6 Bottles","https://www.bbr.com/products-20178116372-2017-cornas-domaine-de-saint-pierre-domaine-paul-jaboulet-aine-rhone","1113462","20178116372"
"Jaboulet","2020","Cornas, Domaine de Saint Pierre, Domaine Paul Jaboulet Aine, Rhone","199","Case of 6 Bottles","https://www.bbr.com/products-20208116372-2020-cornas-domaine-de-saint-pierre-domaine-paul-jaboulet-aine-rhone","1113462","20208116372"
"Domaine Du Tunnel","2015","Cornas, Domaine du Tunnel, Rhone","200","Case of 6 Bottles","https://www.bbr.com/products-20158008033-2015-cornas-domaine-du-tunnel-rhone","1117545","20158008033"
"Domaine Du Tunnel","2016","Cornas, Domaine du Tunnel, Rhone","230","Case of 6 Bottles","https://www.bbr.com/products-20168008033-2016-cornas-domaine-du-tunnel-rhone","1117545","20168008033"
"Domaine Du Tunnel","2017","Cornas, Domaine du Tunnel, Rhone","165","Case of 6 Bottles","https://www.bbr.com/products-20178008033-2017-cornas-domaine-du-tunnel-rhone","1117545","20178008033"
"Domaine Du Tunnel","2021","Cornas, Domaine du Tunnel, Rhone","190","Case of 6 Bottles","https://www.bbr.com/products-20218008033-2021-cornas-domaine-du-tunnel-rhone","1117545","20218008033"
"Domaine Vincent Paris","2021","Cornas, Granit 30, Domaine Vincent Paris, Rhone","160","Case of 6 Bottles","https://www.bbr.com/products-20218008105-2021-cornas-granit-30-domaine-vincent-paris-rhone","1139783","20218008105"
"Domaine Vincent Paris","2022","Cornas, Granit 30, Domaine Vincent Paris, Rhone","126","Case of 6 Bottles","https://www.bbr.com/products-20228008105-2022-cornas-granit-30-domaine-vincent-paris-rhone","1139783","20228008105"
"Domaine Vincent Paris","2019","Cornas, Granit 60, Domaine Vincent Paris, Rhone","200","Case of 6 Bottles","https://www.bbr.com/products-20198020659-2019-cornas-granit-60-domaine-vincent-paris-rhone","1134805","20198020659"
"Domaine Vincent Paris","2020","Cornas, Granit 60, Domaine Vincent Paris, Rhone","225","Case of 6 Bottles","https://www.bbr.com/products-20208020659-2020-cornas-granit-60-domaine-vincent-paris-rhone","1134805","20208020659"
"Domaine Vincent Paris","2021","Cornas, Granit 60, Domaine Vincent Paris, Rhone","150","Case of 6 Bottles","https://www.bbr.com/products-20218020659-2021-cornas-granit-60-domaine-vincent-paris-rhone","1134805","20218020659"
"Domaine Balthazar","2021","Cornas, Juliette, Franck Balthazar, Rhone","295","Case of 6 Bottles","https://www.bbr.com/products-20218168371-2021-cornas-juliette-franck-balthazar-rhone","1151295","20218168371"
"Domaine Robert Michel","2001","Cornas, La Geynale R. Michel","2200","Case of 12 Bottles","https://www.bbr.com/products-20018033958-2001-cornas-la-geynale-r-michel","1114339","20018033958"
"Domaine Robert Michel","2004","Cornas, La Geynale R. Michel","1600","Case of 12 Bottles","https://www.bbr.com/products-20048033958-2004-cornas-la-geynale-r-michel","1114339","20048033958"
"Domaine Robert Michel","2005","Cornas, La Geynale R. Michel","2000","Case of 12 Bottles","https://www.bbr.com/products-20058033958-2005-cornas-la-geynale-r-michel","1114339","20058033958"
"Domaine Robert Michel","2006","Cornas, La Geynale R. Michel","750","Case of 12 Bottles","https://www.bbr.com/products-20068033958-2006-cornas-la-geynale-r-michel","1114339","20068033958"
"Domaine Vincent Paris","2010","Cornas, La Geynale, Domaine Vincent Paris, Rhone","460","Case of 6 Bottles","https://www.bbr.com/products-20108020662-2010-cornas-la-geynale-domaine-vincent-paris-rhone","1134791","20108020662"
"Domaine Vincent Paris","2010","Cornas, La Geynale, Domaine Vincent Paris, Rhone","650","Case of 6 Bottles","https://www.bbr.com/products-20108020662-2010-cornas-la-geynale-domaine-vincent-paris-rhone","1134791","20108020662"
"Domaine Vincent Paris","2012","Cornas, La Geynale, Domaine Vincent Paris, Rhone","250","Case of 6 Bottles","https://www.bbr.com/products-20128020662-2012-cornas-la-geynale-domaine-vincent-paris-rhone","1134791","20128020662"
"Domaine Vincent Paris","2013","Cornas, La Geynale, Domaine Vincent Paris, Rhone","200","Case of 6 Bottles","https://www.bbr.com/products-20138020662-2013-cornas-la-geynale-domaine-vincent-paris-rhone","1134791","20138020662"
"Domaine Vincent Paris","2015","Cornas, La Geynale, Domaine Vincent Paris, Rhone","475","Case of 6 Bottles","https://www.bbr.com/products-20158020662-2015-cornas-la-geynale-domaine-vincent-paris-rhone","1134791","20158020662"
"Domaine Vincent Paris","2016","Cornas, La Geynale, Domaine Vincent Paris, Rhone","330","Case of 6 Bottles","https://www.bbr.com/products-20168020662-2016-cornas-la-geynale-domaine-vincent-paris-rhone","1134791","20168020662"
"Domaine Vincent Paris","2018","Cornas, La Geynale, Domaine Vincent Paris, Rhone","204","Case of 6 Bottles","https://www.bbr.com/products-20188020662-2018-cornas-la-geynale-domaine-vincent-paris-rhone","1134791","20188020662"
"Domaine Vincent Paris","2018","Cornas, La Geynale, Domaine Vincent Paris, Rhone","310","Case of 6 Bottles","https://www.bbr.com/products-20188020662-2018-cornas-la-geynale-domaine-vincent-paris-rhone","1134791","20188020662"
"Domaine Vincent Paris","2020","Cornas, La Geynale, Domaine Vincent Paris, Rhone","300","Case of 6 Bottles","https://www.bbr.com/products-20208020662-2020-cornas-la-geynale-domaine-vincent-paris-rhone","1134791","20208020662"
"Domaine Vincent Paris","2021","Cornas, La Geynale, Domaine Vincent Paris, Rhone","210","Case of 6 Bottles","https://www.bbr.com/products-20218020662-2021-cornas-la-geynale-domaine-vincent-paris-rhone","1134791","20218020662"
"Domaine Vincent Paris","2022","Cornas, La Geynale, Domaine Vincent Paris, Rhone","280","Case of 6 Bottles","https://www.bbr.com/products-20228020662-2022-cornas-la-geynale-domaine-vincent-paris-rhone","1134791","20228020662"
"Domaine Robert Michel","2000","Cornas, La Geynale, Robert Michel","1410","Case of 12 Bottles","https://www.bbr.com/products-20008033958-2000-cornas-la-geynale-robert-michel","1114339","20008033958"
"Maison Chapoutier","2016","Cornas, Les Arenes, M. Chapoutier, Rhone","170","Case of 6 Bottles","https://www.bbr.com/products-20168014841-2016-cornas-les-arenes-m-chapoutier-rhone","1109560","20168014841"
"Maison Chapoutier","2017","Cornas, Les Arenes, M. Chapoutier, Rhone","195","Case of 6 Bottles","https://www.bbr.com/products-20178014841-2017-cornas-les-arenes-m-chapoutier-rhone","1109560","20178014841"
"Domaine Alain Voge","2011","Cornas, Les Chailles, Alain Voge, Rhone","230","Case of 6 Bottles","https://www.bbr.com/products-20118012296-2011-cornas-les-chailles-alain-voge-rhone","1118467","20118012296"
"Domaine Alain Voge","2013","Cornas, Les Chailles, Alain Voge, Rhone","540","Case of 12 Bottles","https://www.bbr.com/products-20138012296-2013-cornas-les-chailles-alain-voge-rhone","1118467","20138012296"
"Domaine Alain Voge","2015","Cornas, Les Chailles, Alain Voge, Rhone","1150","Case of 12 Bottles","https://www.bbr.com/products-20158012296-2015-cornas-les-chailles-alain-voge-rhone","1118467","20158012296"
"Domaine Alain Voge","2020","Cornas, Les Chailles, Domaine Alain Voge, Rhone","280","Case of 6 Bottles","https://www.bbr.com/products-20208012296-2020-cornas-les-chailles-domaine-alain-voge-rhone","1118467","20208012296"
"Domaine Courbis","2019","Cornas, Les Eygats, Domaine Courbis, Rhone","270","Case of 6 Bottles","https://www.bbr.com/products-20198141431-2019-cornas-les-eygats-domaine-courbis-rhone","1110911","20198141431"
"Domaine Courbis","2020","Cornas, Les Eygats, Domaine Courbis, Rhone","285","Case of 6 Bottles","https://www.bbr.com/products-20208141431-2020-cornas-les-eygats-domaine-courbis-rhone","1110911","20208141431"
"Mickael Bourg","2017","Cornas, Les P'tits Bouts, Mickael Bourg, Rhone","235","Case of 6 Bottles","https://www.bbr.com/products-20178156415-2017-cornas-les-p-tits-bouts-mickael-bourg-rhone","1406526","20178156415"
"Mickael Bourg","2021","Cornas, Les P'tits Bouts, Mickael Bourg, Rhone","230","Case of 6 Bottles","https://www.bbr.com/products-20218156415-2021-cornas-les-p-tits-bouts-mickael-bourg-rhone","1406526","20218156415"
"Domaine Alain Voge","2012","Cornas, Les Vieilles Fontaines, Alain Voge, Rhone","475","Case of 6 Bottles","https://www.bbr.com/products-20128116109-2012-cornas-les-vieilles-fontaines-alain-voge-rhone","1118470","20128116109"
"Domaine Alain Voge","2015","Cornas, Les Vieilles Fontaines, Alain Voge, Rhone","430","Case of 6 Bottles","https://www.bbr.com/products-20158116109-2015-cornas-les-vieilles-fontaines-alain-voge-rhone","1118470","20158116109"
"Domaine Alain Voge","2016","Cornas, Les Vieilles Fontaines, Alain Voge, Rhone","380","Case of 6 Bottles","https://www.bbr.com/products-20168116109-2016-cornas-les-vieilles-fontaines-alain-voge-rhone","1118470","20168116109"
"Domaine Alain Voge","2018","Cornas, Les Vieilles Fontaines, Alain Voge, Rhone","420","Case of 6 Bottles","https://www.bbr.com/products-20188116109-2018-cornas-les-vieilles-fontaines-alain-voge-rhone","1118470","20188116109"
"Domaine Alain Voge","2019","Cornas, Les Vieilles Fontaines, Alain Voge, Rhone","415","Case of 6 Bottles","https://www.bbr.com/products-20198116109-2019-cornas-les-vieilles-fontaines-alain-voge-rhone","1118470","20198116109"
"Domaine Alain Voge","2010","Cornas, Les Vieilles Vignes, Alain Voge, Rhone","1400","Case of 12 Bottles","https://www.bbr.com/products-20108008062-2010-cornas-les-vieilles-vignes-alain-voge-rhone","1118470","20108008062"
"Domaine Alain Voge","2011","Cornas, Les Vieilles Vignes, Alain Voge, Rhone","230","Case of 6 Bottles","https://www.bbr.com/products-20118008062-2011-cornas-les-vieilles-vignes-alain-voge-rhone","1118470","20118008062"
"Domaine Alain Voge","2012","Cornas, Les Vieilles Vignes, Alain Voge, Rhone","300","Case of 6 Bottles","https://www.bbr.com/products-20128008062-2012-cornas-les-vieilles-vignes-alain-voge-rhone","1118470","20128008062"
"Domaine Alain Voge","2012","Cornas, Les Vieilles Vignes, Alain Voge, Rhone","588","Case of 12 Bottles","https://www.bbr.com/products-20128008062-2012-cornas-les-vieilles-vignes-alain-voge-rhone","1118470","20128008062"
"Domaine Alain Voge","2013","Cornas, Les Vieilles Vignes, Alain Voge, Rhone","270","Case of 6 Bottles","https://www.bbr.com/products-20138008062-2013-cornas-les-vieilles-vignes-alain-voge-rhone","1118470","20138008062"
"Domaine Alain Voge","2014","Cornas, Les Vieilles Vignes, Alain Voge, Rhone","240","Case of 6 Bottles","https://www.bbr.com/products-20148008062-2014-cornas-les-vieilles-vignes-alain-voge-rhone","1118470","20148008062"
"Domaine Alain Voge","2014","Cornas, Les Vieilles Vignes, Alain Voge, Rhone","586","Case of 12 Bottles","https://www.bbr.com/products-20148008062-2014-cornas-les-vieilles-vignes-alain-voge-rhone","1118470","20148008062"
"Domaine Alain Voge","2015","Cornas, Les Vieilles Vignes, Alain Voge, Rhone","270","Case of 6 Bottles","https://www.bbr.com/products-20158008062-2015-cornas-les-vieilles-vignes-alain-voge-rhone","1118470","20158008062"
"Domaine Alain Voge","2015","Cornas, Les Vieilles Vignes, Alain Voge, Rhone","275","Case of 6 Bottles","https://www.bbr.com/products-20158008062-2015-cornas-les-vieilles-vignes-alain-voge-rhone","1118470","20158008062"
"Domaine Alain Voge","2016","Cornas, Les Vieilles Vignes, Alain Voge, Rhone","250","Case of 6 Bottles","https://www.bbr.com/products-20168008062-2016-cornas-les-vieilles-vignes-alain-voge-rhone","1118470","20168008062"
"Domaine Alain Voge","2016","Cornas, Les Vieilles Vignes, Alain Voge, Rhone","550","Case of 12 Bottles","https://www.bbr.com/products-20168008062-2016-cornas-les-vieilles-vignes-alain-voge-rhone","1118470","20168008062"
"Domaine Alain Voge","2016","Cornas, Les Vieilles Vignes, Alain Voge, Rhone","255","Case of 6 Bottles","https://www.bbr.com/products-20168008062-2016-cornas-les-vieilles-vignes-alain-voge-rhone","1118470","20168008062"
"Domaine Alain Voge","2018","Cornas, Les Vieilles Vignes, Alain Voge, Rhone","375","Case of 6 Bottles","https://www.bbr.com/products-20188008062-2018-cornas-les-vieilles-vignes-alain-voge-rhone","1118470","20188008062"
"Domaine Alain Voge","2019","Cornas, Les Vieilles Vignes, Alain Voge, Rhone","265","Case of 6 Bottles","https://www.bbr.com/products-20198008062-2019-cornas-les-vieilles-vignes-alain-voge-rhone","1118470","20198008062"
"Domaine Alain Voge","2021","Cornas, Les Vieilles Vignes, Alain Voge, Rhone","165","Case of 6 Bottles","https://www.bbr.com/products-20218008062-2021-cornas-les-vieilles-vignes-alain-voge-rhone","1118470","20218008062"
"Domaine Alain Voge","2022","Cornas, Les Vieilles Vignes, Alain Voge, Rhone","420","Case of 6 Bottles","https://www.bbr.com/products-20228008062-2022-cornas-les-vieilles-vignes-alain-voge-rhone","1118470","20228008062"
"Philippe Pacalet","2018","Cornas, Philippe Pacalet, Rhone","756","Case of 12 Bottles","https://www.bbr.com/products-20188205562-2018-cornas-philippe-pacalet-rhone","1345106","20188205562"
"Philippe Pacalet","2019","Cornas, Philippe Pacalet, Rhone","756","Case of 12 Bottles","https://www.bbr.com/products-20198205562-2019-cornas-philippe-pacalet-rhone","1345106","20198205562"
"Domaine Clape","2016","Cornas, Renaissance, Domaine A. Clape, Rhone","450","Case of 6 Bottles","https://www.bbr.com/products-20161110214-2016-cornas-renaissance-domaine-a-clape-rhone","1110214","20161110214"
"Jaboulet","2020","Cornas, Reynard, Domaine Paul Jaboulet Aine, Rhone","650","Case of 6 Bottles","https://www.bbr.com/products-20208150484-2020-cornas-reynard-domaine-paul-jaboulet-aine-rhone","2195887","20208150484"
"Domaine Thierry Allemand","2012","Cornas, Reynard, Thierry Allemand, Rhone","2599","Case of 12 Bottles","https://www.bbr.com/products-20121108097-2012-cornas-reynard-thierry-allemand-rhone","1108097","20121108097"
"Domaine Thierry Allemand","2014","Cornas, Reynard, Thierry Allemand, Rhone","1050","Case of 6 Bottles","https://www.bbr.com/products-20141108097-2014-cornas-reynard-thierry-allemand-rhone","1108097","20141108097"
"Domaine Thierry Allemand","2015","Cornas, Reynard, Thierry Allemand, Rhone","2640","Case of 12 Bottles","https://www.bbr.com/products-20151108097-2015-cornas-reynard-thierry-allemand-rhone","1108097","20151108097"
"Domaine Thierry Allemand","2015","Cornas, Reynard, Thierry Allemand, Rhone","1320","Case of 6 Bottles","https://www.bbr.com/products-20151108097-2015-cornas-reynard-thierry-allemand-rhone","1108097","20151108097"
"Domaine Thierry Allemand","2017","Cornas, Reynard, Thierry Allemand, Rhone","1425","Case of 6 Bottles","https://www.bbr.com/products-20171108097-2017-cornas-reynard-thierry-allemand-rhone","1108097","20171108097"
"Domaine Thierry Allemand","2018","Cornas, Reynard, Thierry Allemand, Rhone","1140","Case of 6 Bottles","https://www.bbr.com/products-20181108097-2018-cornas-reynard-thierry-allemand-rhone","1108097","20181108097"
"Domaine Thierry Allemand","2019","Cornas, Reynard, Thierry Allemand, Rhone","1600","Case of 6 Bottles","https://www.bbr.com/products-20191108097-2019-cornas-reynard-thierry-allemand-rhone","1108097","20191108097"
"Domaine Thierry Allemand","2020","Cornas, Reynard, Thierry Allemand, Rhone","1450","Case of 6 Bottles","https://www.bbr.com/products-20201108097-2020-cornas-reynard-thierry-allemand-rhone","1108097","20201108097"
"Domaine Thierry Allemand","2020","Cornas, Reynard, Thierry Allemand, Rhone","1260","Case of 3 Magnums","https://www.bbr.com/products-20201108097-2020-cornas-reynard-thierry-allemand-rhone","1108097","20201108097"
"Domaine Thierry Allemand","2021","Cornas, Reynard, Thierry Allemand, Rhone","1025","Case of 3 Magnums","https://www.bbr.com/products-20211108097-2021-cornas-reynard-thierry-allemand-rhone","1108097","20211108097"
"Domaine Balthazar","2018","Cornas, Sans Soufre Ajoute, Franck Balthazar, Rhone","555","Case of 6 Bottles","https://www.bbr.com/products-20188149961-2018-cornas-sans-soufre-ajoute-franck-balthazar-rhone","1740998","20188149961"
"Domaine Balthazar","2019","Cornas, Sans Soufre Ajoute, Franck Balthazar, Rhone","360","Case of 6 Bottles","https://www.bbr.com/products-20198149961-2019-cornas-sans-soufre-ajoute-franck-balthazar-rhone","1740998","20198149961"
"Domaine Balthazar","2020","Cornas, Sans Soufre Ajoute, Franck Balthazar, Rhone","290","Case of 6 Bottles","https://www.bbr.com/products-20208149961-2020-cornas-sans-soufre-ajoute-franck-balthazar-rhone","1740998","20208149961"
"Domaine Balthazar","2020","Cornas, Sans Soufre Ajoute, Franck Balthazar, Rhone","360","Case of 6 Bottles","https://www.bbr.com/products-20208149961-2020-cornas-sans-soufre-ajoute-franck-balthazar-rhone","1740998","20208149961"
"Domaine Balthazar","2022","Cornas, Sans Soufre Ajoute, Franck Balthazar, Rhone","420","Case of 6 Bottles","https://www.bbr.com/products-20228149961-2022-cornas-sans-soufre-ajoute-franck-balthazar-rhone","1740998","20228149961"
"Domaine Du Tunnel","2009","Cornas, Vin Noir, Domaine du Tunnel, Rhone","300","Case of 6 Bottles","https://www.bbr.com/products-20098024309-2009-cornas-vin-noir-domaine-du-tunnel-rhone","1117561","20098024309"
"Domaine Du Tunnel","2010","Cornas, Vin Noir, Domaine du Tunnel, Rhone","230","Case of 6 Bottles","https://www.bbr.com/products-20108024309-2010-cornas-vin-noir-domaine-du-tunnel-rhone","1117561","20108024309"
"Domaine Du Tunnel","2012","Cornas, Vin Noir, Domaine du Tunnel, Rhone","230","Case of 6 Bottles","https://www.bbr.com/products-20128024309-2012-cornas-vin-noir-domaine-du-tunnel-rhone","1117561","20128024309"
"Domaine Du Tunnel","2014","Cornas, Vin Noir, Domaine du Tunnel, Rhone","360","Case of 6 Bottles","https://www.bbr.com/products-20148024309-2014-cornas-vin-noir-domaine-du-tunnel-rhone","1117561","20148024309"
"Domaine Du Tunnel","2016","Cornas, Vin Noir, Domaine du Tunnel, Rhone","260","Case of 6 Bottles","https://www.bbr.com/products-20168024309-2016-cornas-vin-noir-domaine-du-tunnel-rhone","1117561","20168024309"
"Domaine Du Tunnel","2017","Cornas, Vin Noir, Domaine du Tunnel, Rhone","175","Case of 6 Bottles","https://www.bbr.com/products-20178024309-2017-cornas-vin-noir-domaine-du-tunnel-rhone","1117561","20178024309"
"Domaine Parent","2017","Corton Blanc, Grand Cru, Domaine Parent, Burgundy","677","Case of 6 Bottles","https://www.bbr.com/products-20178054678-2017-corton-blanc-grand-cru-domaine-parent-burgundy","1876057","20178054678"
"Domaine Parent","2018","Corton Blanc, Grand Cru, Domaine Parent, Burgundy","733","Case of 6 Bottles","https://www.bbr.com/products-20188054678-2018-corton-blanc-grand-cru-domaine-parent-burgundy","1876057","20188054678"
"Domaine Parent","2018","Corton Blanc, Grand Cru, Domaine Parent, Burgundy","1467","Case of 6 Magnums","https://www.bbr.com/products-20188054678-2018-corton-blanc-grand-cru-domaine-parent-burgundy","1876057","20188054678"
"Domaine Parent","2019","Corton Blanc, Grand Cru, Domaine Parent, Burgundy","677","Case of 6 Bottles","https://www.bbr.com/products-20198054678-2019-corton-blanc-grand-cru-domaine-parent-burgundy","1876057","20198054678"
"Domaine Pavelot","2020","Corton Blanc, Grand Cru, Domaine Pavelot, Burgundy","1150","Case of 6 Bottles","https://www.bbr.com/products-20208071736-2020-corton-blanc-grand-cru-domaine-pavelot-burgundy","2142865","20208071736"
"Lucien Le Moine","2018","Corton Blanc, Grand Cru, Lucien Le Moine, Burgundy","1330","Case of 6 Bottles","https://www.bbr.com/products-20188216838-2018-corton-blanc-grand-cru-lucien-le-moine-burgundy","1073225","20188216838"
"Benjamin Leroux","2023","Corton Blanc, Les Grandes Lolieres, Grand Cru, Benjamin Leroux, Burgundy","681","Case of 3 Bottles","https://www.bbr.com/products-20238178305-2023-corton-blanc-les-grandes-lolieres-grand-cru-benjamin-leroux-burgundy","3064649","20238178305"
"Domaine Bertagna","2015","Corton Charlemagne, Grand Cru, Domaine Bertagna, Burgundy","740","Case of 6 Bottles","https://www.bbr.com/products-20158018634-2015-corton-charlemagne-grand-cru-domaine-bertagna-burgundy","1060506","20158018634"
"Domaine Bertagna","2016","Corton Charlemagne, Grand Cru, Domaine Bertagna, Burgundy","734","Case of 6 Bottles","https://www.bbr.com/products-20168018634-2016-corton-charlemagne-grand-cru-domaine-bertagna-burgundy","1060506","20168018634"
"Dominique Lafon","2023","Corton Charlemagne, Grand Cru, Dominique Lafon, Burgundy","2160","Case of 3 Bottles","https://www.bbr.com/products-20238253459-2023-corton-charlemagne-grand-cru-dominique-lafon-burgundy","3064564","20238253459"
"Louis Jadot","2015","Corton Pougets, Grand Cru, Domaine des Heritiers Louis Jadot, Burgundy","500","Case of 6 Bottles","https://www.bbr.com/products-20158022161-2015-corton-pougets-grand-cru-domaine-des-heritiers-louis-jadot-burgundy","1038145","20158022161"
"Louis Jadot","2018","Corton Pougets, Grand Cru, Domaine des Heritiers Louis Jadot, Burgundy","430","Case of 6 Bottles","https://www.bbr.com/products-20188022161-2018-corton-pougets-grand-cru-domaine-des-heritiers-louis-jadot-burgundy","1038145","20188022161"
"Louis Jadot","2021","Corton Pougets, Grand Cru, Domaine des Heritiers Louis Jadot, Burgundy","420","Case of 6 Bottles","https://www.bbr.com/products-20218022161-2021-corton-pougets-grand-cru-domaine-des-heritiers-louis-jadot-burgundy","1038145","20218022161"
"Maison Roche de Bellene","2009","Corton les Renardes, Grand Cru, Maison Roche de Bellene","383","Case of 6 Bottles","https://www.bbr.com/products-20098020242-2009-corton-les-renardes-grand-cru-maison-roche-de-bellene","1153475","20098020242"
"Maison Roche de Bellene","2010","Corton les Renardes, Grand Cru, Maison Roche de Bellene","335","Case of 6 Bottles","https://www.bbr.com/products-20108020242-2010-corton-les-renardes-grand-cru-maison-roche-de-bellene","1153475","20108020242"
"Domaine Dubreuil-Fontaine","2012","Corton, Bressandes, Grand Cru, Domaine Dubreuil-Fontaine, Burgundy","528","Case of 6 Bottles","https://www.bbr.com/products-20128157425-2012-corton-bressandes-grand-cru-domaine-dubreuil-fontaine-burgundy","1029828","20128157425"
"Domaine de la Pousse D'Or","2011","Corton, Bressandes, Grand Cru, La Pousse d'Or, Burgundy","1072","Case of 12 Bottles","https://www.bbr.com/products-20118120391-2011-corton-bressandes-grand-cru-la-pousse-d-or-burgundy","1053010","20118120391"
"Domaine de la Pousse D'Or","2017","Corton, Bressandes, Grand Cru, La Pousse d'Or, Burgundy","960","Case of 12 Bottles","https://www.bbr.com/products-20178120391-2017-corton-bressandes-grand-cru-la-pousse-d-or-burgundy","1053010","20178120391"
"Domaine de la Pousse D'Or","2018","Corton, Bressandes, Grand Cru, La Pousse d'Or, Burgundy","1038","Case of 12 Bottles","https://www.bbr.com/products-20188120391-2018-corton-bressandes-grand-cru-la-pousse-d-or-burgundy","1053010","20188120391"
"Domaine de la Pousse D'Or","2019","Corton, Bressandes, Grand Cru, La Pousse d'Or, Burgundy","553","Case of 6 Bottles","https://www.bbr.com/products-20198120391-2019-corton-bressandes-grand-cru-la-pousse-d-or-burgundy","1053010","20198120391"
"Domaine de la Pousse D'Or","2020","Corton, Bressandes, Grand Cru, La Pousse d'Or, Burgundy","593","Case of 6 Bottles","https://www.bbr.com/products-20208120391-2020-corton-bressandes-grand-cru-la-pousse-d-or-burgundy","1053010","20208120391"
"Lucien Le Moine","2014","Corton, Bressandes, Grand Cru, Lucien Le Moine, Burgundy","705","Case of 6 Bottles","https://www.bbr.com/products-20148218731-2014-corton-bressandes-grand-cru-lucien-le-moine-burgundy","1042571","20148218731"
"Lucien Le Moine","2015","Corton, Bressandes, Grand Cru, Lucien Le Moine, Burgundy","762","Case of 6 Bottles","https://www.bbr.com/products-20158218731-2015-corton-bressandes-grand-cru-lucien-le-moine-burgundy","1042571","20158218731"
"Lucien Le Moine","2018","Corton, Bressandes, Grand Cru, Lucien Le Moine, Burgundy","570","Case of 6 Bottles","https://www.bbr.com/products-20188218731-2018-corton-bressandes-grand-cru-lucien-le-moine-burgundy","1042571","20188218731"
"Domaine Antonin Guyon","2015","Corton, Clos Du Roy, Grand Cru, Domaine Antonin Guyon, Burgundy","420","Case of 6 Bottles","https://www.bbr.com/products-20158227276-2015-corton-clos-du-roy-grand-cru-domaine-antonin-guyon-burgundy","1036691","20158227276"
"Domaine Joseph Faiveley","1999","Corton, Clos des Cortons Faiveley, Grand Cru, Domaine Faiveley, Burgundy","1500","Case of 12 Bottles","https://www.bbr.com/products-19998021034-1999-corton-clos-des-cortons-faiveley-grand-cru-domaine-faiveley-burgundy","1031319","19998021034"
"Domaine Joseph Faiveley","2005","Corton, Clos des Cortons Faiveley, Grand Cru, Domaine Faiveley, Burgundy","750","Case of 6 Bottles","https://www.bbr.com/products-20058021034-2005-corton-clos-des-cortons-faiveley-grand-cru-domaine-faiveley-burgundy","1031319","20058021034"
"Domaine Joseph Faiveley","2008","Corton, Clos des Cortons Faiveley, Grand Cru, Domaine Faiveley, Burgundy","530","Case of 6 Bottles","https://www.bbr.com/products-20088021034-2008-corton-clos-des-cortons-faiveley-grand-cru-domaine-faiveley-burgundy","1031319","20088021034"
"Domaine Joseph Faiveley","2009","Corton, Clos des Cortons Faiveley, Grand Cru, Domaine Faiveley, Burgundy","1425","Case of 6 Bottles","https://www.bbr.com/products-20098021034-2009-corton-clos-des-cortons-faiveley-grand-cru-domaine-faiveley-burgundy","1031319","20098021034"
"Domaine Joseph Faiveley","2010","Corton, Clos des Cortons Faiveley, Grand Cru, Domaine Faiveley, Burgundy","850","Case of 6 Bottles","https://www.bbr.com/products-20108021034-2010-corton-clos-des-cortons-faiveley-grand-cru-domaine-faiveley-burgundy","1031319","20108021034"
"Domaine Joseph Faiveley","2010","Corton, Clos des Cortons Faiveley, Grand Cru, Domaine Faiveley, Burgundy","850","Case of 6 Bottles","https://www.bbr.com/products-20108021034-2010-corton-clos-des-cortons-faiveley-grand-cru-domaine-faiveley-burgundy","1031319","20108021034"
"Domaine Joseph Faiveley","2010","Corton, Clos des Cortons Faiveley, Grand Cru, Domaine Faiveley, Burgundy","890","Case of 6 Bottles","https://www.bbr.com/products-20108021034-2010-corton-clos-des-cortons-faiveley-grand-cru-domaine-faiveley-burgundy","1031319","20108021034"
"Domaine Joseph Faiveley","2011","Corton, Clos des Cortons Faiveley, Grand Cru, Domaine Faiveley, Burgundy","685","Case of 6 Bottles","https://www.bbr.com/products-20118021034-2011-corton-clos-des-cortons-faiveley-grand-cru-domaine-faiveley-burgundy","1031319","20118021034"
"Domaine Joseph Faiveley","2012","Corton, Clos des Cortons Faiveley, Grand Cru, Domaine Faiveley, Burgundy","700","Case of 6 Bottles","https://www.bbr.com/products-20128021034-2012-corton-clos-des-cortons-faiveley-grand-cru-domaine-faiveley-burgundy","1031319","20128021034"
"Domaine Joseph Faiveley","2013","Corton, Clos des Cortons Faiveley, Grand Cru, Domaine Faiveley, Burgundy","600","Case of 6 Bottles","https://www.bbr.com/products-20138021034-2013-corton-clos-des-cortons-faiveley-grand-cru-domaine-faiveley-burgundy","1031319","20138021034"
"Domaine Joseph Faiveley","2013","Corton, Clos des Cortons Faiveley, Grand Cru, Domaine Faiveley, Burgundy","645","Case of 6 Bottles","https://www.bbr.com/products-20138021034-2013-corton-clos-des-cortons-faiveley-grand-cru-domaine-faiveley-burgundy","1031319","20138021034"
"Domaine Joseph Faiveley","2014","Corton, Clos des Cortons Faiveley, Grand Cru, Domaine Faiveley, Burgundy","700","Case of 6 Bottles","https://www.bbr.com/products-20148021034-2014-corton-clos-des-cortons-faiveley-grand-cru-domaine-faiveley-burgundy","1031319","20148021034"
"Domaine Joseph Faiveley","2014","Corton, Clos des Cortons Faiveley, Grand Cru, Domaine Faiveley, Burgundy","790","Case of 6 Bottles","https://www.bbr.com/products-20148021034-2014-corton-clos-des-cortons-faiveley-grand-cru-domaine-faiveley-burgundy","1031319","20148021034"
"Domaine Joseph Faiveley","2015","Corton, Clos des Cortons Faiveley, Grand Cru, Domaine Faiveley, Burgundy","850","Case of 6 Bottles","https://www.bbr.com/products-20158021034-2015-corton-clos-des-cortons-faiveley-grand-cru-domaine-faiveley-burgundy","1031319","20158021034"
"Domaine Joseph Faiveley","2016","Corton, Clos des Cortons Faiveley, Grand Cru, Domaine Faiveley, Burgundy","715","Case of 6 Bottles","https://www.bbr.com/products-20168021034-2016-corton-clos-des-cortons-faiveley-grand-cru-domaine-faiveley-burgundy","1031319","20168021034"
"Domaine Joseph Faiveley","2016","Corton, Clos des Cortons Faiveley, Grand Cru, Domaine Faiveley, Burgundy","790","Case of 6 Bottles","https://www.bbr.com/products-20168021034-2016-corton-clos-des-cortons-faiveley-grand-cru-domaine-faiveley-burgundy","1031319","20168021034"
"Domaine Joseph Faiveley","2017","Corton, Clos des Cortons Faiveley, Grand Cru, Domaine Faiveley, Burgundy","677","Case of 6 Bottles","https://www.bbr.com/products-20178021034-2017-corton-clos-des-cortons-faiveley-grand-cru-domaine-faiveley-burgundy","1031319","20178021034"
"Domaine Joseph Faiveley","2017","Corton, Clos des Cortons Faiveley, Grand Cru, Domaine Faiveley, Burgundy","530","Case of 6 Bottles","https://www.bbr.com/products-20178021034-2017-corton-clos-des-cortons-faiveley-grand-cru-domaine-faiveley-burgundy","1031319","20178021034"
"Domaine Joseph Faiveley","2018","Corton, Clos des Cortons Faiveley, Grand Cru, Domaine Faiveley, Burgundy","700","Case of 6 Bottles","https://www.bbr.com/products-20188021034-2018-corton-clos-des-cortons-faiveley-grand-cru-domaine-faiveley-burgundy","1031319","20188021034"
"Domaine Joseph Faiveley","2018","Corton, Clos des Cortons Faiveley, Grand Cru, Domaine Faiveley, Burgundy","695","Case of 6 Bottles","https://www.bbr.com/products-20188021034-2018-corton-clos-des-cortons-faiveley-grand-cru-domaine-faiveley-burgundy","1031319","20188021034"
"Domaine Joseph Faiveley","2018","Corton, Clos des Cortons Faiveley, Grand Cru, Domaine Faiveley, Burgundy","960","Case of 6 Bottles","https://www.bbr.com/products-20188021034-2018-corton-clos-des-cortons-faiveley-grand-cru-domaine-faiveley-burgundy","1031319","20188021034"
"Domaine Joseph Faiveley","2019","Corton, Clos des Cortons Faiveley, Grand Cru, Domaine Faiveley, Burgundy","787","Case of 6 Bottles","https://www.bbr.com/products-20198021034-2019-corton-clos-des-cortons-faiveley-grand-cru-domaine-faiveley-burgundy","1031319","20198021034"
"Domaine Joseph Faiveley","2019","Corton, Clos des Cortons Faiveley, Grand Cru, Domaine Faiveley, Burgundy","388","Case of 3 Bottles","https://www.bbr.com/products-20198021034-2019-corton-clos-des-cortons-faiveley-grand-cru-domaine-faiveley-burgundy","1031319","20198021034"
"Domaine Joseph Faiveley","2020","Corton, Clos des Cortons Faiveley, Grand Cru, Domaine Faiveley, Burgundy","425","Case of 3 Bottles","https://www.bbr.com/products-20208021034-2020-corton-clos-des-cortons-faiveley-grand-cru-domaine-faiveley-burgundy","1031319","20208021034"
"Domaine Joseph Faiveley","2020","Corton, Clos des Cortons Faiveley, Grand Cru, Domaine Faiveley, Burgundy","995","Case of 6 Bottles","https://www.bbr.com/products-20208021034-2020-corton-clos-des-cortons-faiveley-grand-cru-domaine-faiveley-burgundy","1031319","20208021034"
"Domaine Joseph Faiveley","2020","Corton, Clos des Cortons Faiveley, Grand Cru, Domaine Faiveley, Burgundy","630","Case of 3 Bottles","https://www.bbr.com/products-20208021034-2020-corton-clos-des-cortons-faiveley-grand-cru-domaine-faiveley-burgundy","1031319","20208021034"
"Domaine Joseph Faiveley","2021","Corton, Clos des Cortons Faiveley, Grand Cru, Domaine Faiveley, Burgundy","350","Case of 3 Bottles","https://www.bbr.com/products-20218021034-2021-corton-clos-des-cortons-faiveley-grand-cru-domaine-faiveley-burgundy","1031319","20218021034"
"Domaine Joseph Faiveley","2022","Corton, Clos des Cortons Faiveley, Grand Cru, Domaine Faiveley, Burgundy","550","Case of 3 Bottles","https://www.bbr.com/products-20228021034-2022-corton-clos-des-cortons-faiveley-grand-cru-domaine-faiveley-burgundy","1031319","20228021034"
"Domaine Joseph Faiveley","2023","Corton, Clos des Cortons Faiveley, Grand Cru, Domaine Faiveley, Burgundy","590","Case of 3 Bottles","https://www.bbr.com/products-20238021034-2023-corton-clos-des-cortons-faiveley-grand-cru-domaine-faiveley-burgundy","1031319","20238021034"
"Chandon de Briailles","2014","Corton, Clos du Roi, Grand Cru, Domaine Chandon de Briailles, Burgundy","1444","Case of 12 Bottles","https://www.bbr.com/products-20148122584-2014-corton-clos-du-roi-grand-cru-domaine-chandon-de-briailles-burgundy","1024038","20148122584"
"Domaine Dubreuil-Fontaine","2011","Corton, Clos du Roi, Grand Cru, Domaine Dubreuil-Fontaine, Burgundy","400","Case of 6 Bottles","https://www.bbr.com/products-20118065830-2011-corton-clos-du-roi-grand-cru-domaine-dubreuil-fontaine-burgundy","1029831","20118065830"
"Domaine Dubreuil-Fontaine","2012","Corton, Clos du Roi, Grand Cru, Domaine Dubreuil-Fontaine, Burgundy","400","Case of 6 Bottles","https://www.bbr.com/products-20128065830-2012-corton-clos-du-roi-grand-cru-domaine-dubreuil-fontaine-burgundy","1029831","20128065830"
"Domaine Dubreuil-Fontaine","2021","Corton, Clos du Roi, Grand Cru, Domaine Dubreuil-Fontaine, Burgundy","469","Case of 6 Bottles","https://www.bbr.com/products-20218065830-2021-corton-clos-du-roi-grand-cru-domaine-dubreuil-fontaine-burgundy","1029831","20218065830"
"Domaine de Montille","2005","Corton, Clos du Roi, Grand Cru, Domaine de Montille, Burgundy","1450","Case of 12 Bottles","https://www.bbr.com/products-20058018227-2005-corton-clos-du-roi-grand-cru-domaine-de-montille-burgundy","1048052","20058018227"
"Domaine de Montille","2011","Corton, Clos du Roi, Grand Cru, Domaine de Montille, Burgundy","460","Case of 6 Bottles","https://www.bbr.com/products-20118018227-2011-corton-clos-du-roi-grand-cru-domaine-de-montille-burgundy","1048052","20118018227"
"Domaine de Montille","2015","Corton, Clos du Roi, Grand Cru, Domaine de Montille, Burgundy","1455","Case of 12 Bottles","https://www.bbr.com/products-20158018227-2015-corton-clos-du-roi-grand-cru-domaine-de-montille-burgundy","1048052","20158018227"
"Domaine de Montille","2015","Corton, Clos du Roi, Grand Cru, Domaine de Montille, Burgundy","1037","Case of 6 Bottles","https://www.bbr.com/products-20158018227-2015-corton-clos-du-roi-grand-cru-domaine-de-montille-burgundy","1048052","20158018227"
"Domaine de Montille","2016","Corton, Clos du Roi, Grand Cru, Domaine de Montille, Burgundy","655","Case of 6 Bottles","https://www.bbr.com/products-20168018227-2016-corton-clos-du-roi-grand-cru-domaine-de-montille-burgundy","1048052","20168018227"
"Domaine de Montille","2016","Corton, Clos du Roi, Grand Cru, Domaine de Montille, Burgundy","1275","Case of 12 Bottles","https://www.bbr.com/products-20168018227-2016-corton-clos-du-roi-grand-cru-domaine-de-montille-burgundy","1048052","20168018227"
"Domaine de Montille","2016","Corton, Clos du Roi, Grand Cru, Domaine de Montille, Burgundy","600","Case of 6 Bottles","https://www.bbr.com/products-20168018227-2016-corton-clos-du-roi-grand-cru-domaine-de-montille-burgundy","1048052","20168018227"
"Domaine de Montille","2017","Corton, Clos du Roi, Grand Cru, Domaine de Montille, Burgundy","575","Case of 6 Bottles","https://www.bbr.com/products-20178018227-2017-corton-clos-du-roi-grand-cru-domaine-de-montille-burgundy","1048052","20178018227"
"Domaine de Montille","2017","Corton, Clos du Roi, Grand Cru, Domaine de Montille, Burgundy","1252","Case of 12 Bottles","https://www.bbr.com/products-20178018227-2017-corton-clos-du-roi-grand-cru-domaine-de-montille-burgundy","1048052","20178018227"
"Domaine de Montille","2018","Corton, Clos du Roi, Grand Cru, Domaine de Montille, Burgundy","700","Case of 6 Bottles","https://www.bbr.com/products-20188018227-2018-corton-clos-du-roi-grand-cru-domaine-de-montille-burgundy","1048052","20188018227"
"Domaine de Montille","2019","Corton, Clos du Roi, Grand Cru, Domaine de Montille, Burgundy","750","Case of 6 Bottles","https://www.bbr.com/products-20198018227-2019-corton-clos-du-roi-grand-cru-domaine-de-montille-burgundy","1048052","20198018227"
"Domaine de Montille","2021","Corton, Clos du Roi, Grand Cru, Domaine de Montille, Burgundy","1400","Case of 3 Magnums","https://www.bbr.com/products-20218018227-2021-corton-clos-du-roi-grand-cru-domaine-de-montille-burgundy","1048052","20218018227"
"Domaine de Montille","2022","Corton, Clos du Roi, Grand Cru, Domaine de Montille, Burgundy","880","Case of 6 Bottles","https://www.bbr.com/products-20228018227-2022-corton-clos-du-roi-grand-cru-domaine-de-montille-burgundy","1048052","20228018227"
"Lucien Le Moine","2016","Corton, Clos du Roi, Grand Cru, Lucien Le Moine, Burgundy","902","Case of 6 Bottles","https://www.bbr.com/products-20168109307-2016-corton-clos-du-roi-grand-cru-lucien-le-moine-burgundy","1042584","20168109307"
"Lucien Le Moine","2017","Corton, Clos du Roi, Grand Cru, Lucien Le Moine, Burgundy","710","Case of 6 Bottles","https://www.bbr.com/products-20178109307-2017-corton-clos-du-roi-grand-cru-lucien-le-moine-burgundy","1042584","20178109307"
"Lucien Le Moine","2020","Corton, Clos du Roi, Grand Cru, Lucien Le Moine, Burgundy","1100","Case of 6 Bottles","https://www.bbr.com/products-20208109307-2020-corton-clos-du-roi-grand-cru-lucien-le-moine-burgundy","1042584","20208109307"
"Domaine Thibault Liger-Belair","2020","Corton, Clos du Roi, Grand Cru, Thibault Liger Belair Successeurs, Burgundy","1000","Case of 3 Bottles","https://www.bbr.com/products-20208022536-2020-corton-clos-du-roi-grand-cru-thibault-liger-belair-successeurs-burgundy","1776559","20208022536"
"Hospices de Beaune","2009","Corton, Cuvee Charlotte Dumay, Grand Cru, Benjamin Leroux, Hospices de Beaune, Burgundy","850","Case of 6 Bottles","https://www.bbr.com/products-20098025146-2009-corton-cuvee-charlotte-dumay-grand-cru-benjamin-leroux-hospices-de-beaune-burgundy","1539192","20098025146"
"Louis Latour","2020","Corton, Grancey, Grand Cru, Domaine Louis Latour, Burgundy","380","Case of 6 Bottles","https://www.bbr.com/products-20208036193-2020-corton-grancey-grand-cru-domaine-louis-latour-burgundy","1040753","20208036193"
"Bonneau Du Martray","2004","Corton, Grand Cru, Bonneau du Martray, Burgundy","1220","Case of 6 Bottles","https://www.bbr.com/products-20048122601-2004-corton-grand-cru-bonneau-du-martray-burgundy","1021460","20048122601"
"Bonneau Du Martray","2009","Corton, Grand Cru, Bonneau du Martray, Burgundy","1440","Case of 6 Bottles","https://www.bbr.com/products-20098122601-2009-corton-grand-cru-bonneau-du-martray-burgundy","1021460","20098122601"
"Bonneau Du Martray","2009","Corton, Grand Cru, Bonneau du Martray, Burgundy","1170","Case of 6 Bottles","https://www.bbr.com/products-20098122601-2009-corton-grand-cru-bonneau-du-martray-burgundy","1021460","20098122601"
"Bonneau Du Martray","2010","Corton, Grand Cru, Bonneau du Martray, Burgundy","1250","Case of 6 Bottles","https://www.bbr.com/products-20108122601-2010-corton-grand-cru-bonneau-du-martray-burgundy","1021460","20108122601"
"Bonneau Du Martray","2011","Corton, Grand Cru, Bonneau du Martray, Burgundy","960","Case of 6 Bottles","https://www.bbr.com/products-20118122601-2011-corton-grand-cru-bonneau-du-martray-burgundy","1021460","20118122601"
"Bonneau Du Martray","2011","Corton, Grand Cru, Bonneau du Martray, Burgundy","903","Case of 3 Magnums","https://www.bbr.com/products-20118122601-2011-corton-grand-cru-bonneau-du-martray-burgundy","1021460","20118122601"
"Bonneau Du Martray","2012","Corton, Grand Cru, Bonneau du Martray, Burgundy","590","Case of 3 Bottles","https://www.bbr.com/products-20128122601-2012-corton-grand-cru-bonneau-du-martray-burgundy","1021460","20128122601"
"Bonneau Du Martray","2015","Corton, Grand Cru, Bonneau du Martray, Burgundy","640","Case of 3 Bottles","https://www.bbr.com/products-20158122601-2015-corton-grand-cru-bonneau-du-martray-burgundy","1021460","20158122601"
"Charles Van Canneyt","2019","Corton, Grand Cru, Charles Van Canneyt, Burgundy","540","Case of 6 Bottles","https://www.bbr.com/products-20198181718-2019-corton-grand-cru-charles-van-canneyt-burgundy","1869792","20198181718"
"Chateau de Meursault","2017","Corton, Grand Cru, Chateau de Meursault, Burgundy","608","Case of 6 Bottles","https://www.bbr.com/products-20178210562-2017-corton-grand-cru-chateau-de-meursault-burgundy","1170953","20178210562"
"Louis Jadot","2016","Corton, Grand Cru, Clos du Roi, Domaine Louis Jadot","412","Case of 6 Bottles","https://www.bbr.com/products-20168022145-2016-corton-grand-cru-clos-du-roi-domaine-louis-jadot","1038103","20168022145"
"Domaine Follin-Arbelet","2015","Corton, Grand Cru, Domaine Follin-Arbelet, Burgundy","489","Case of 6 Bottles","https://www.bbr.com/products-20151031928-2015-corton-grand-cru-domaine-follin-arbelet-burgundy","1031928","20151031928"
"Domaine Follin-Arbelet","2016","Corton, Grand Cru, Domaine Follin-Arbelet, Burgundy","850","Case of 6 Bottles","https://www.bbr.com/products-20161031928-2016-corton-grand-cru-domaine-follin-arbelet-burgundy","1031928","20161031928"
"Domaine Parent","2016","Corton, Grand Cru, Domaine Parent, Burgundy","735","Case of 6 Bottles","https://www.bbr.com/products-20168054678-2016-corton-grand-cru-domaine-parent-burgundy","1876057","20168054678"
"Domaine Rapet Pere et Fils","2018","Corton, Grand Cru, Domaine Rapet Pere &amp; Fils, Burgundy","275","Case of 6 Bottles","https://www.bbr.com/products-20188150006-2018-corton-grand-cru-domaine-rapet-pere-and-fils-burgundy","1054088","20188150006"
"Tollot-Beaut","2013","Corton, Grand Cru, Domaine Tollot-Beaut, Burgundy","650","Case of 6 Bottles","https://www.bbr.com/products-20131058422-2013-corton-grand-cru-domaine-tollot-beaut-burgundy","1058422","20131058422"
"Maison Joseph Drouhin","2015","Corton, Grand Cru, Joseph Drouhin, Burgundy","835","Case of 6 Bottles","https://www.bbr.com/products-20158019240-2015-corton-grand-cru-joseph-drouhin-burgundy","1029033","20158019240"
"Maison Joseph Drouhin","2016","Corton, Grand Cru, Joseph Drouhin, Burgundy","1798","Case of 12 Bottles","https://www.bbr.com/products-20168019240-2016-corton-grand-cru-joseph-drouhin-burgundy","1029033","20168019240"
"Maison Joseph Drouhin","2017","Corton, Grand Cru, Joseph Drouhin, Burgundy","550","Case of 6 Bottles","https://www.bbr.com/products-20178019240-2017-corton-grand-cru-joseph-drouhin-burgundy","1029033","20178019240"
"Maison Joseph Drouhin","2018","Corton, Grand Cru, Joseph Drouhin, Burgundy","600","Case of 6 Bottles","https://www.bbr.com/products-20188019240-2018-corton-grand-cru-joseph-drouhin-burgundy","1029033","20188019240"
"Maison Joseph Drouhin","2020","Corton, Grand Cru, Joseph Drouhin, Burgundy","936","Case of 6 Bottles","https://www.bbr.com/products-20208019240-2020-corton-grand-cru-joseph-drouhin-burgundy","1029033","20208019240"
"Maison Roche de Bellene","2013","Corton, Grand Cru, Maison Roche de Bellene","818","Case of 6 Bottles","https://www.bbr.com/products-20138020255-2013-corton-grand-cru-maison-roche-de-bellene","1364457","20138020255"
"Domaine Laurent","2005","Corton, Grand Cru, Vieilles Vignes, Dominique Laurent, Burgundy","1050","Case of 6 Bottles","https://www.bbr.com/products-20058077116-2005-corton-grand-cru-vieilles-vignes-dominique-laurent-burgundy","1041620","20058077116"
"Meo-Camuzet","2011","Corton, La Vigne au Saint, Grand Cru, Domaine Meo-Camuzet, Burgundy","1280","Case of 6 Bottles","https://www.bbr.com/products-20118138318-2011-corton-la-vigne-au-saint-grand-cru-domaine-meo-camuzet-burgundy","1194629","20118138318"
"Meo-Camuzet","2018","Corton, La Vigne au Saint, Grand Cru, Domaine Meo-Camuzet, Burgundy","1325","Case of 6 Bottles","https://www.bbr.com/products-20188138318-2018-corton-la-vigne-au-saint-grand-cru-domaine-meo-camuzet-burgundy","1194629","20188138318"
"Domaine des Croix","2009","Corton, La Vigne au Saint, Grand Cru, Domaine des Croix, Burgundy","800","Case of 6 Bottles","https://www.bbr.com/products-20098025481-2009-corton-la-vigne-au-saint-grand-cru-domaine-des-croix-burgundy","1131804","20098025481"
"Domaine des Croix","2013","Corton, La Vigne au Saint, Grand Cru, Domaine des Croix, Burgundy","525","Case of 6 Bottles","https://www.bbr.com/products-20138025481-2013-corton-la-vigne-au-saint-grand-cru-domaine-des-croix-burgundy","1131804","20138025481"
"Domaine des Croix","2015","Corton, La Vigne au Saint, Grand Cru, Domaine des Croix, Burgundy","995","Case of 6 Bottles","https://www.bbr.com/products-20158025481-2015-corton-la-vigne-au-saint-grand-cru-domaine-des-croix-burgundy","1131804","20158025481"
"Domaine des Croix","2017","Corton, La Vigne au Saint, Grand Cru, Domaine des Croix, Burgundy","595","Case of 6 Bottles","https://www.bbr.com/products-20178025481-2017-corton-la-vigne-au-saint-grand-cru-domaine-des-croix-burgundy","1131804","20178025481"
"Domaine des Croix","2018","Corton, La Vigne au Saint, Grand Cru, Domaine des Croix, Burgundy","540","Case of 6 Bottles","https://www.bbr.com/products-20188025481-2018-corton-la-vigne-au-saint-grand-cru-domaine-des-croix-burgundy","1131804","20188025481"
"Maison Camille Giroud","2005","Corton, Le Clos du Roi, Grand Cru, Camille Giroud, Burgundy","1150","Case of 12 Bottles","https://www.bbr.com/products-20058023852-2005-corton-le-clos-du-roi-grand-cru-camille-giroud-burgundy","1034743","20058023852"
"Maison Camille Giroud","2008","Corton, Le Clos du Roi, Grand Cru, Camille Giroud, Burgundy","720","Case of 12 Bottles","https://www.bbr.com/products-20088023852-2008-corton-le-clos-du-roi-grand-cru-camille-giroud-burgundy","1034743","20088023852"
"Maison Camille Giroud","2008","Corton, Le Clos du Roi, Grand Cru, Camille Giroud, Burgundy","345","Case of 6 Bottles","https://www.bbr.com/products-20088023852-2008-corton-le-clos-du-roi-grand-cru-camille-giroud-burgundy","1034743","20088023852"
"Maison Camille Giroud","2009","Corton, Le Clos du Roi, Grand Cru, Camille Giroud, Burgundy","480","Case of 6 Bottles","https://www.bbr.com/products-20098023852-2009-corton-le-clos-du-roi-grand-cru-camille-giroud-burgundy","1034743","20098023852"
"Maison Camille Giroud","2011","Corton, Le Clos du Roi, Grand Cru, Camille Giroud, Burgundy","350","Case of 6 Bottles","https://www.bbr.com/products-20118023852-2011-corton-le-clos-du-roi-grand-cru-camille-giroud-burgundy","1034743","20118023852"
"Maison Camille Giroud","2012","Corton, Le Clos du Roi, Grand Cru, Camille Giroud, Burgundy","685","Case of 6 Bottles","https://www.bbr.com/products-20128023852-2012-corton-le-clos-du-roi-grand-cru-camille-giroud-burgundy","1034743","20128023852"
"Maison Camille Giroud","2014","Corton, Le Clos du Roi, Grand Cru, Camille Giroud, Burgundy","398","Case of 6 Bottles","https://www.bbr.com/products-20148023852-2014-corton-le-clos-du-roi-grand-cru-camille-giroud-burgundy","1034743","20148023852"
"Domaine de la Vougeraie","2010","Corton, Le Clos du Roi, Grand Cru, Domaine de la Vougeraie, Burgundy","900","Case of 6 Bottles","https://www.bbr.com/products-20108020718-2010-corton-le-clos-du-roi-grand-cru-domaine-de-la-vougeraie-burgundy","1059386","20108020718"
"Domaine de la Vougeraie","2014","Corton, Le Clos du Roi, Grand Cru, Domaine de la Vougeraie, Burgundy","725","Case of 6 Bottles","https://www.bbr.com/products-20148020718-2014-corton-le-clos-du-roi-grand-cru-domaine-de-la-vougeraie-burgundy","1059386","20148020718"
"Domaine de la Vougeraie","2015","Corton, Le Clos du Roi, Grand Cru, Domaine de la Vougeraie, Burgundy","1180","Case of 6 Bottles","https://www.bbr.com/products-20158020718-2015-corton-le-clos-du-roi-grand-cru-domaine-de-la-vougeraie-burgundy","1059386","20158020718"
"Domaine de la Vougeraie","2020","Corton, Le Clos du Roi, Grand Cru, Domaine de la Vougeraie, Burgundy","649","Case of 6 Bottles","https://www.bbr.com/products-20208020718-2020-corton-le-clos-du-roi-grand-cru-domaine-de-la-vougeraie-burgundy","1059386","20208020718"
"Domaine de la Vougeraie","2021","Corton, Le Clos du Roi, Grand Cru, Domaine de la Vougeraie, Burgundy","714","Case of 6 Bottles","https://www.bbr.com/products-20218020718-2021-corton-le-clos-du-roi-grand-cru-domaine-de-la-vougeraie-burgundy","1059386","20218020718"
"Domaine de la Pousse D'Or","2009","Corton, Le Clos du Roi, Grand Cru, La Pousse d'Or, Burgundy","895","Case of 6 Bottles","https://www.bbr.com/products-20098120388-2009-corton-le-clos-du-roi-grand-cru-la-pousse-d-or-burgundy","1053023","20098120388"
"Domaine de la Pousse D'Or","2014","Corton, Le Clos du Roi, Grand Cru, La Pousse d'Or, Burgundy","970","Case of 12 Bottles","https://www.bbr.com/products-20148120388-2014-corton-le-clos-du-roi-grand-cru-la-pousse-d-or-burgundy","1053023","20148120388"
"Domaine de la Pousse D'Or","2014","Corton, Le Clos du Roi, Grand Cru, La Pousse d'Or, Burgundy","480","Case of 6 Bottles","https://www.bbr.com/products-20148120388-2014-corton-le-clos-du-roi-grand-cru-la-pousse-d-or-burgundy","1053023","20148120388"
"Domaine de la Pousse D'Or","2016","Corton, Le Clos du Roi, Grand Cru, La Pousse d'Or, Burgundy","950","Case of 12 Bottles","https://www.bbr.com/products-20168120388-2016-corton-le-clos-du-roi-grand-cru-la-pousse-d-or-burgundy","1053023","20168120388"
"Domaine de la Pousse D'Or","2017","Corton, Le Clos du Roi, Grand Cru, La Pousse d'Or, Burgundy","960","Case of 12 Bottles","https://www.bbr.com/products-20178120388-2017-corton-le-clos-du-roi-grand-cru-la-pousse-d-or-burgundy","1053023","20178120388"
"Domaine de la Pousse D'Or","2018","Corton, Le Clos du Roi, Grand Cru, La Pousse d'Or, Burgundy","1015","Case of 12 Bottles","https://www.bbr.com/products-20188120388-2018-corton-le-clos-du-roi-grand-cru-la-pousse-d-or-burgundy","1053023","20188120388"
"Domaine de la Pousse D'Or","2019","Corton, Le Clos du Roi, Grand Cru, La Pousse d'Or, Burgundy","564","Case of 6 Bottles","https://www.bbr.com/products-20198120388-2019-corton-le-clos-du-roi-grand-cru-la-pousse-d-or-burgundy","1053023","20198120388"
"Domaine de la Pousse D'Or","2020","Corton, Le Clos du Roi, Grand Cru, La Pousse d'Or, Burgundy","440","Case of 6 Bottles","https://www.bbr.com/products-20208120388-2020-corton-le-clos-du-roi-grand-cru-la-pousse-d-or-burgundy","1053023","20208120388"
"Maison Camille Giroud","2010","Corton, Le Rognet, Grand Cru, Camille Giroud, Burgundy","450","Case of 6 Bottles","https://www.bbr.com/products-20108012775-2010-corton-le-rognet-grand-cru-camille-giroud-burgundy","1034756","20108012775"
"Maison Camille Giroud","2020","Corton, Le Rognet, Grand Cru, Camille Giroud, Burgundy","1850","Case of 6 Bottles","https://www.bbr.com/products-20208012775-2020-corton-le-rognet-grand-cru-camille-giroud-burgundy","1034756","20208012775"
"Domaine Michel Mallard","2021","Corton, Le Rognet, Grand Cru, Michel Mallard & Fils, Burgundy","450","Case of 6 Bottles","https://www.bbr.com/products-20218211514-2021-corton-le-rognet-grand-cru-michel-mallard-fils-burgundy","1143571","20218211514"
"Domaine Bruno Clavelier","2016","Corton, Le Rognet, Grand Cru, Vieilles Vignes, Domaine Bruno Clavelier, Burgundy","650","Case of 6 Bottles","https://www.bbr.com/products-20168020532-2016-corton-le-rognet-grand-cru-vieilles-vignes-domaine-bruno-clavelier-burgundy","1025729","20168020532"
"Domaine Bruno Clavelier","2016","Corton, Le Rognet, Grand Cru, Vieilles Vignes, Domaine Bruno Clavelier, Burgundy","695","Case of 6 Bottles","https://www.bbr.com/products-20168020532-2016-corton-le-rognet-grand-cru-vieilles-vignes-domaine-bruno-clavelier-burgundy","1025729","20168020532"
"Domaine Bruno Clavelier","2017","Corton, Le Rognet, Grand Cru, Vieilles Vignes, Domaine Bruno Clavelier, Burgundy","615","Case of 6 Bottles","https://www.bbr.com/products-20178020532-2017-corton-le-rognet-grand-cru-vieilles-vignes-domaine-bruno-clavelier-burgundy","1025729","20178020532"
"Domaine Bruno Clavelier","2010","Corton, Le Rognet, Grand Cru, Vieilles Vignes, Domaine BrunoClavelier, Burgundy","585","Case of 6 Bottles","https://www.bbr.com/products-20108020532-2010-corton-le-rognet-grand-cru-vieilles-vignes-domaine-brunoclavelier-burgundy","1025729","20108020532"
"Domaine Bruno Clavelier","2011","Corton, Le Rognet, Grand Cru, Vieilles Vignes, Domaine BrunoClavelier, Burgundy","795","Case of 6 Bottles","https://www.bbr.com/products-20118020532-2011-corton-le-rognet-grand-cru-vieilles-vignes-domaine-brunoclavelier-burgundy","1025729","20118020532"
"Domaine Bruno Clavelier","2013","Corton, Le Rognet, Grand Cru, Vieilles Vignes, Domaine BrunoClavelier, Burgundy","525","Case of 6 Bottles","https://www.bbr.com/products-20138020532-2013-corton-le-rognet-grand-cru-vieilles-vignes-domaine-brunoclavelier-burgundy","1025729","20138020532"
"Domaine Bruno Clavelier","2013","Corton, Le Rognet, Grand Cru, Vieilles Vignes, Domaine BrunoClavelier, Burgundy","525","Case of 6 Bottles","https://www.bbr.com/products-20138020532-2013-corton-le-rognet-grand-cru-vieilles-vignes-domaine-brunoclavelier-burgundy","1025729","20138020532"
"Domaine Bruno Clavelier","2014","Corton, Le Rognet, Grand Cru, Vieilles Vignes, Domaine BrunoClavelier, Burgundy","495","Case of 6 Bottles","https://www.bbr.com/products-20148020532-2014-corton-le-rognet-grand-cru-vieilles-vignes-domaine-brunoclavelier-burgundy","1025729","20148020532"
"Chandon de Briailles","2005","Corton, Les Bressandes, Grand Cru, Domaine Chandon de Briailles, Burgundy","1499","Case of 12 Bottles","https://www.bbr.com/products-20058122597-2005-corton-les-bressandes-grand-cru-domaine-chandon-de-briailles-burgundy","1024025","20058122597"
"Chandon de Briailles","2011","Corton, Les Bressandes, Grand Cru, Domaine Chandon de Briailles, Burgundy","790","Case of 12 Bottles","https://www.bbr.com/products-20118122597-2011-corton-les-bressandes-grand-cru-domaine-chandon-de-briailles-burgundy","1024025","20118122597"
"Chandon de Briailles","2020","Corton, Les Bressandes, Grand Cru, Domaine Chandon de Briailles, Burgundy","900","Case of 6 Bottles","https://www.bbr.com/products-20208122597-2020-corton-les-bressandes-grand-cru-domaine-chandon-de-briailles-burgundy","1024025","20208122597"
"Armand Heitz","2020","Corton, Les Chaumes, Grand Cru, Armand Heitz, Burgundy","840","Case of 6 Bottles","https://www.bbr.com/products-20208323529-2020-corton-les-chaumes-grand-cru-armand-heitz-burgundy","2432683","20208323529"
"Domaine Bertagna","2014","Corton, Les Grandes Lolieres, Grand Cru, Domaine Bertagna, Burgundy","621","Case of 6 Bottles","https://www.bbr.com/products-20148018618-2014-corton-les-grandes-lolieres-grand-cru-domaine-bertagna-burgundy","1019881","20148018618"
"Domaine Bertagna","2014","Corton, Les Grandes Lolieres, Grand Cru, Domaine Bertagna, Burgundy","620","Case of 6 Bottles","https://www.bbr.com/products-20148018618-2014-corton-les-grandes-lolieres-grand-cru-domaine-bertagna-burgundy","1019881","20148018618"
"Domaine Bertagna","2015","Corton, Les Grandes Lolieres, Grand Cru, Domaine Bertagna, Burgundy","705","Case of 6 Bottles","https://www.bbr.com/products-20158018618-2015-corton-les-grandes-lolieres-grand-cru-domaine-bertagna-burgundy","1019881","20158018618"
"Domaine Bertagna","2017","Corton, Les Grandes Lolieres, Grand Cru, Domaine Bertagna, Burgundy","705","Case of 6 Bottles","https://www.bbr.com/products-20178018618-2017-corton-les-grandes-lolieres-grand-cru-domaine-bertagna-burgundy","1019881","20178018618"
"Domaine Henri Magnien","2018","Corton, Les Grandes Lolieres, Grand Cru, Domaine Henri Magnien, Burgundy","280","Case of 6 Bottles","https://www.bbr.com/products-20188119588-2018-corton-les-grandes-lolieres-grand-cru-domaine-henri-magnien-burgundy","1953408","20188119588"
"Domaine Henri Magnien","2019","Corton, Les Grandes Lolieres, Grand Cru, Domaine Henri Magnien, Burgundy","400","Case of 6 Bottles","https://www.bbr.com/products-20198119588-2019-corton-les-grandes-lolieres-grand-cru-domaine-henri-magnien-burgundy","1953408","20198119588"
"Lucien Le Moine","2017","Corton, Les Grandes Lolieres, Lucien Le Moine, Burgundy","1100","Case of 6 Bottles","https://www.bbr.com/products-20178107185-2017-corton-les-grandes-lolieres-lucien-le-moine-burgundy","1276495","20178107185"
"Louis Jadot","2021","Corton, Les Greves, Grand Cru, Domaine Louis Jadot, Burgundy","338","Case of 3 Bottles","https://www.bbr.com/products-20218022158-2021-corton-les-greves-grand-cru-domaine-louis-jadot-burgundy","1038116","20218022158"
"Domaine des Croix","2010","Corton, Les Greves, Grand Cru, Domaine des Croix, Burgundy","500","Case of 6 Bottles","https://www.bbr.com/products-20101066986-2010-corton-les-greves-grand-cru-domaine-des-croix-burgundy","1066986","20101066986"
"Domaine des Croix","2010","Corton, Les Greves, Grand Cru, Domaine des Croix, Burgundy","490","Case of 6 Bottles","https://www.bbr.com/products-20101066986-2010-corton-les-greves-grand-cru-domaine-des-croix-burgundy","1066986","20101066986"
"Domaine des Croix","2012","Corton, Les Greves, Grand Cru, Domaine des Croix, Burgundy","500","Case of 6 Bottles","https://www.bbr.com/products-20121066986-2012-corton-les-greves-grand-cru-domaine-des-croix-burgundy","1066986","20121066986"
"Domaine des Croix","2014","Corton, Les Greves, Grand Cru, Domaine des Croix, Burgundy","495","Case of 6 Bottles","https://www.bbr.com/products-20141066986-2014-corton-les-greves-grand-cru-domaine-des-croix-burgundy","1066986","20141066986"
"Domaine des Croix","2015","Corton, Les Greves, Grand Cru, Domaine des Croix, Burgundy","665","Case of 6 Bottles","https://www.bbr.com/products-20151066986-2015-corton-les-greves-grand-cru-domaine-des-croix-burgundy","1066986","20151066986"
"Domaine des Croix","2017","Corton, Les Greves, Grand Cru, Domaine des Croix, Burgundy","509","Case of 6 Bottles","https://www.bbr.com/products-20171066986-2017-corton-les-greves-grand-cru-domaine-des-croix-burgundy","1066986","20171066986"
"Domaine des Croix","2018","Corton, Les Greves, Grand Cru, Domaine des Croix, Burgundy","508","Case of 6 Bottles","https://www.bbr.com/products-20181066986-2018-corton-les-greves-grand-cru-domaine-des-croix-burgundy","1066986","20181066986"
"Domaine des Croix","2019","Corton, Les Greves, Grand Cru, Domaine des Croix, Burgundy","590","Case of 6 Bottles","https://www.bbr.com/products-20191066986-2019-corton-les-greves-grand-cru-domaine-des-croix-burgundy","1066986","20191066986"
"Domaine des Croix","2020","Corton, Les Greves, Grand Cru, Domaine des Croix, Burgundy","920","Case of 6 Bottles","https://www.bbr.com/products-20201066986-2020-corton-les-greves-grand-cru-domaine-des-croix-burgundy","1066986","20201066986"
"Domaine des Croix","2023","Corton, Les Greves, Grand Cru, Domaine des Croix, Burgundy","820","Case of 6 Bottles","https://www.bbr.com/products-20231066986-2023-corton-les-greves-grand-cru-domaine-des-croix-burgundy","1066986","20231066986"
"Louis Jadot","2012","Corton, Les Greves, Grand Cru, Louis Jadot","412","Case of 6 Bottles","https://www.bbr.com/products-20128022158-2012-corton-les-greves-grand-cru-louis-jadot","1038116","20128022158"
"Domaine Comte Senard","2015","Corton, Les Perrieres, Grand Cru, Comte Senard, Burgundy","880","Case of 12 Bottles","https://www.bbr.com/products-20158222558-2015-corton-les-perrieres-grand-cru-comte-senard-burgundy","1838194","20158222558"
"Meo-Camuzet","2014","Corton, Les Perrieres, Grand Cru, Domaine Meo-Camuzet, Burgundy","2000","Case of 6 Bottles","https://www.bbr.com/products-20141124220-2014-corton-les-perrieres-grand-cru-domaine-meo-camuzet-burgundy","1124220","20141124220"
"Meo-Camuzet","2017","Corton, Les Perrieres, Grand Cru, Domaine Meo-Camuzet, Burgundy","1185","Case of 6 Bottles","https://www.bbr.com/products-20171124220-2017-corton-les-perrieres-grand-cru-domaine-meo-camuzet-burgundy","1124220","20171124220"
"Meo-Camuzet","2018","Corton, Les Perrieres, Grand Cru, Domaine Meo-Camuzet, Burgundy","1128","Case of 6 Bottles","https://www.bbr.com/products-20181124220-2018-corton-les-perrieres-grand-cru-domaine-meo-camuzet-burgundy","1124220","20181124220"
"Meo-Camuzet","2019","Corton, Les Perrieres, Grand Cru, Domaine Meo-Camuzet, Burgundy","1360","Case of 6 Bottles","https://www.bbr.com/products-20191124220-2019-corton-les-perrieres-grand-cru-domaine-meo-camuzet-burgundy","1124220","20191124220"
"Meo-Camuzet","2019","Corton, Les Perrieres, Grand Cru, Domaine Meo-Camuzet, Burgundy","760","Case of 3 Bottles","https://www.bbr.com/products-20191124220-2019-corton-les-perrieres-grand-cru-domaine-meo-camuzet-burgundy","1124220","20191124220"
"Meo-Camuzet","2020","Corton, Les Perrieres, Grand Cru, Domaine Meo-Camuzet, Burgundy","1427","Case of 6 Bottles","https://www.bbr.com/products-20201124220-2020-corton-les-perrieres-grand-cru-domaine-meo-camuzet-burgundy","1124220","20201124220"
"Domaine Rapet Pere et Fils","2013","Corton, Pougets, Grand Cru, Domaine Rapet Pere & Fils, Burgundy","400","Case of 6 Bottles","https://www.bbr.com/products-20138217949-2013-corton-pougets-grand-cru-domaine-rapet-pere-fils-burgundy","1054091","20138217949"
"Maison Camille Giroud","2019","Corton, Renardes, Grand Cru, Camille Giroud, Burgundy","475","Case of 6 Bottles","https://www.bbr.com/products-20198023849-2019-corton-renardes-grand-cru-camille-giroud-burgundy","1785140","20198023849"
"Maison Camille Giroud","2020","Corton, Renardes, Grand Cru, Camille Giroud, Burgundy","499","Case of 6 Bottles","https://www.bbr.com/products-20208023849-2020-corton-renardes-grand-cru-camille-giroud-burgundy","1785140","20208023849"
"Maison Camille Giroud","2021","Corton, Renardes, Grand Cru, Camille Giroud, Burgundy","650","Case of 6 Bottles","https://www.bbr.com/products-20218023849-2021-corton-renardes-grand-cru-camille-giroud-burgundy","1785140","20218023849"
"Maison Camille Giroud","2022","Corton, Renardes, Grand Cru, Camille Giroud, Burgundy","825","Case of 6 Bottles","https://www.bbr.com/products-20228023849-2022-corton-renardes-grand-cru-camille-giroud-burgundy","1785140","20228023849"
"Maison Camille Giroud","2023","Corton, Renardes, Grand Cru, Camille Giroud, Burgundy","790","Case of 6 Bottles","https://www.bbr.com/products-20238023849-2023-corton-renardes-grand-cru-camille-giroud-burgundy","1785140","20238023849"
"Domaine Parent","2016","Corton, Renardes, Grand Cru, Domaine Parent, Burgundy","677","Case of 6 Bottles","https://www.bbr.com/products-20168054623-2016-corton-renardes-grand-cru-domaine-parent-burgundy","1050110","20168054623"
"Domaine Parent","2017","Corton, Renardes, Grand Cru, Domaine Parent, Burgundy","677","Case of 6 Bottles","https://www.bbr.com/products-20178054623-2017-corton-renardes-grand-cru-domaine-parent-burgundy","1050110","20178054623"
"Domaine Parent","2018","Corton, Renardes, Grand Cru, Domaine Parent, Burgundy","677","Case of 6 Bottles","https://www.bbr.com/products-20188054623-2018-corton-renardes-grand-cru-domaine-parent-burgundy","1050110","20188054623"
"Domaine Parent","2019","Corton, Renardes, Grand Cru, Domaine Parent, Burgundy","728","Case of 6 Bottles","https://www.bbr.com/products-20198054623-2019-corton-renardes-grand-cru-domaine-parent-burgundy","1050110","20198054623"
"Lucien Le Moine","2020","Corton, Renardes, Grand Cru, Lucien Le Moine, Burgundy","1100","Case of 6 Bottles","https://www.bbr.com/products-20208218728-2020-corton-renardes-grand-cru-lucien-le-moine-burgundy","1042597","20208218728"
"Domaine Jean Taupenot-Merme","2008","Corton, Rognet, Grand Cru, Domaine Taupenot-Merme, Burgundy","675","Case of 6 Bottles","https://www.bbr.com/products-20088217688-2008-corton-rognet-grand-cru-domaine-taupenot-merme-burgundy","1058002","20088217688"
"Domaine Jean Taupenot-Merme","2011","Corton, Rognet, Grand Cru, Domaine Taupenot-Merme, Burgundy","550","Case of 6 Bottles","https://www.bbr.com/products-20118217688-2011-corton-rognet-grand-cru-domaine-taupenot-merme-burgundy","1058002","20118217688"
"Domaine Jean Taupenot-Merme","2012","Corton, Rognet, Grand Cru, Domaine Taupenot-Merme, Burgundy","615","Case of 6 Bottles","https://www.bbr.com/products-20128217688-2012-corton-rognet-grand-cru-domaine-taupenot-merme-burgundy","1058002","20128217688"
"Domaine Jean Taupenot-Merme","2013","Corton, Rognet, Grand Cru, Domaine Taupenot-Merme, Burgundy","570","Case of 6 Bottles","https://www.bbr.com/products-20138217688-2013-corton-rognet-grand-cru-domaine-taupenot-merme-burgundy","1058002","20138217688"
"Domaine Jean Taupenot-Merme","2014","Corton, Rognet, Grand Cru, Domaine Taupenot-Merme, Burgundy","450","Case of 6 Bottles","https://www.bbr.com/products-20148217688-2014-corton-rognet-grand-cru-domaine-taupenot-merme-burgundy","1058002","20148217688"
"Domaine Jean Taupenot-Merme","2015","Corton, Rognet, Grand Cru, Domaine Taupenot-Merme, Burgundy","570","Case of 6 Bottles","https://www.bbr.com/products-20158217688-2015-corton-rognet-grand-cru-domaine-taupenot-merme-burgundy","1058002","20158217688"
"Domaine Jean Taupenot-Merme","2016","Corton, Rognet, Grand Cru, Domaine Taupenot-Merme, Burgundy","665","Case of 6 Bottles","https://www.bbr.com/products-20168217688-2016-corton-rognet-grand-cru-domaine-taupenot-merme-burgundy","1058002","20168217688"
"Domaine Jean Taupenot-Merme","2017","Corton, Rognet, Grand Cru, Domaine Taupenot-Merme, Burgundy","590","Case of 6 Bottles","https://www.bbr.com/products-20178217688-2017-corton-rognet-grand-cru-domaine-taupenot-merme-burgundy","1058002","20178217688"
"Domaine Jean Taupenot-Merme","2020","Corton, Rognet, Grand Cru, Domaine Taupenot-Merme, Burgundy","795","Case of 6 Bottles","https://www.bbr.com/products-20208217688-2020-corton-rognet-grand-cru-domaine-taupenot-merme-burgundy","1058002","20208217688"
"Maison Camille Giroud","2005","Corton, les Chaumes, Camille Giroud","650","Case of 12 Bottles","https://www.bbr.com/products-20058023878-2005-corton-les-chaumes-camille-giroud","1034730","20058023878"
"Domaine Follin-Arbelet","2016","Corton-Bressandes, Grand Cru, Domaine Follin-Arbelet, Burgundy","450","Case of 6 Bottles","https://www.bbr.com/products-20161031931-2016-corton-bressandes-grand-cru-domaine-follin-arbelet-burgundy","1031931","20161031931"
"Domaine Follin-Arbelet","2017","Corton-Bressandes, Grand Cru, Domaine Follin-Arbelet, Burgundy","545","Case of 6 Bottles","https://www.bbr.com/products-20171031931-2017-corton-bressandes-grand-cru-domaine-follin-arbelet-burgundy","1031931","20171031931"
"Domaine Follin-Arbelet","2020","Corton-Bressandes, Grand Cru, Domaine Follin-Arbelet, Burgundy","535","Case of 6 Bottles","https://www.bbr.com/products-20201031931-2020-corton-bressandes-grand-cru-domaine-follin-arbelet-burgundy","1031931","20201031931"
"Jacques Prieur","2005","Corton-Bressandes, Grand Cru, Domaine Jacques Prieur, Burgundy","1600","Case of 6 Magnums","https://www.bbr.com/products-20058218092-2005-corton-bressandes-grand-cru-domaine-jacques-prieur-burgundy","1053241","20058218092"
"Jacques Prieur","2014","Corton-Bressandes, Grand Cru, Domaine Jacques Prieur, Burgundy","550","Case of 6 Bottles","https://www.bbr.com/products-20148218092-2014-corton-bressandes-grand-cru-domaine-jacques-prieur-burgundy","1053241","20148218092"
"Jacques Prieur","2015","Corton-Bressandes, Grand Cru, Domaine Jacques Prieur, Burgundy","625","Case of 6 Bottles","https://www.bbr.com/products-20158218092-2015-corton-bressandes-grand-cru-domaine-jacques-prieur-burgundy","1053241","20158218092"
"Jacques Prieur","2018","Corton-Bressandes, Grand Cru, Domaine Jacques Prieur, Burgundy","845","Case of 6 Bottles","https://www.bbr.com/products-20188218092-2018-corton-bressandes-grand-cru-domaine-jacques-prieur-burgundy","1053241","20188218092"
"Jacques Prieur","2020","Corton-Bressandes, Grand Cru, Domaine Jacques Prieur, Burgundy","900","Case of 6 Bottles","https://www.bbr.com/products-20208218092-2020-corton-bressandes-grand-cru-domaine-jacques-prieur-burgundy","1053241","20208218092"
"Tollot-Beaut","2014","Corton-Bressandes, Grand Cru, Domaine Tollot-Beaut, Burgundy","520","Case of 6 Bottles","https://www.bbr.com/products-20141058435-2014-corton-bressandes-grand-cru-domaine-tollot-beaut-burgundy","1058435","20141058435"
"Maison Joseph Drouhin","2014","Corton-Bressandes, Grand Cru, Joseph Drouhin, Burgundy","897","Case of 6 Bottles","https://www.bbr.com/products-20148106351-2014-corton-bressandes-grand-cru-joseph-drouhin-burgundy","1029046","20148106351"
"Philippe Pacalet","2017","Corton-Bressandes, Grand Cru, Philippe Pacalet, Burgundy","3046","Case of 12 Bottles","https://www.bbr.com/products-20178201564-2017-corton-bressandes-grand-cru-philippe-pacalet-burgundy","1589618","20178201564"
"Philippe Pacalet","2018","Corton-Bressandes, Grand Cru, Philippe Pacalet, Burgundy","3080","Case of 12 Bottles","https://www.bbr.com/products-20188201564-2018-corton-bressandes-grand-cru-philippe-pacalet-burgundy","1589618","20188201564"
"Philippe Pacalet","2019","Corton-Bressandes, Grand Cru, Philippe Pacalet, Burgundy","2750","Case of 12 Bottles","https://www.bbr.com/products-20198201564-2019-corton-bressandes-grand-cru-philippe-pacalet-burgundy","1589618","20198201564"
"Laurent Ponsot SAS","2019","Corton-Charlemagne, Cuvee du Kalimeris, Grand Cru, Laurent Ponsot, Burgundy","1140","Case of 6 Bottles","https://www.bbr.com/products-20198064064-2019-corton-charlemagne-cuvee-du-kalimeris-grand-cru-laurent-ponsot-burgundy","1628829","20198064064"
"Remoissenet Pere et Fils","2017","Corton-Charlemagne, Diamond Jubilee, Grand Cru, Remoissenet Pere & Fils, Burgundy","792","Case of 6 Bottles","https://www.bbr.com/products-20178052283-2017-corton-charlemagne-diamond-jubilee-grand-cru-remoissenet-pere-fils-burgundy","1645828","20178052283"
"Domaine A-F Gros","2017","Corton-Charlemagne, Grand Cru, A.-F. Gros, Burgundy","1156","Case of 6 Bottles","https://www.bbr.com/products-20178117177-2017-corton-charlemagne-grand-cru-a-f-gros-burgundy","1923038","20178117177"
"Domaine A-F Gros","2019","Corton-Charlemagne, Grand Cru, A.-F. Gros, Burgundy","1355","Case of 6 Bottles","https://www.bbr.com/products-20198117177-2019-corton-charlemagne-grand-cru-a-f-gros-burgundy","1923038","20198117177"
"Domaine A-F Gros","2020","Corton-Charlemagne, Grand Cru, A.-F. Gros, Burgundy","1795","Case of 6 Bottles","https://www.bbr.com/products-20208117177-2020-corton-charlemagne-grand-cru-a-f-gros-burgundy","1923038","20208117177"
"Arnaud Baillot","2021","Corton-Charlemagne, Grand Cru, Arnaud Baillot, Burgundy","850","Case of 3 Bottles","https://www.bbr.com/products-20218241320-2021-corton-charlemagne-grand-cru-arnaud-baillot-burgundy","2165693","20218241320"
"Benjamin Leroux","2014","Corton-Charlemagne, Grand Cru, Benjamin Leroux, Burgundy","750","Case of 3 Bottles","https://www.bbr.com/products-20148025133-2014-corton-charlemagne-grand-cru-benjamin-leroux-burgundy","1074293","20148025133"
"Benjamin Leroux","2018","Corton-Charlemagne, Grand Cru, Benjamin Leroux, Burgundy","920","Case of 6 Bottles","https://www.bbr.com/products-20188025133-2018-corton-charlemagne-grand-cru-benjamin-leroux-burgundy","1074293","20188025133"
"Benjamin Leroux","2020","Corton-Charlemagne, Grand Cru, Benjamin Leroux, Burgundy","1350","Case of 6 Bottles","https://www.bbr.com/products-20208025133-2020-corton-charlemagne-grand-cru-benjamin-leroux-burgundy","1074293","20208025133"
"Benjamin Leroux","2023","Corton-Charlemagne, Grand Cru, Benjamin Leroux, Burgundy","1100","Case of 3 Bottles","https://www.bbr.com/products-20238025133-2023-corton-charlemagne-grand-cru-benjamin-leroux-burgundy","1074293","20238025133"
"Bonneau Du Martray","2002","Corton-Charlemagne, Grand Cru, Bonneau du Martray, Burgundy","395","Case of 1 Bottles","https://www.bbr.com/products-20028119937-2002-corton-charlemagne-grand-cru-bonneau-du-martray-burgundy","1061776","20028119937"
"Maison Camille Giroud","2006","Corton-Charlemagne, Grand Cru, Camille Giroud, Burgundy","2400","Case of 12 Bottles","https://www.bbr.com/products-20068016513-2006-corton-charlemagne-grand-cru-camille-giroud-burgundy","1069873","20068016513"
"Maison Camille Giroud","2017","Corton-Charlemagne, Grand Cru, Camille Giroud, Burgundy","770","Case of 6 Bottles","https://www.bbr.com/products-20178016513-2017-corton-charlemagne-grand-cru-camille-giroud-burgundy","1069873","20178016513"
"Maison Camille Giroud","2018","Corton-Charlemagne, Grand Cru, Camille Giroud, Burgundy","750","Case of 6 Bottles","https://www.bbr.com/products-20188016513-2018-corton-charlemagne-grand-cru-camille-giroud-burgundy","1069873","20188016513"
"Maison Camille Giroud","2019","Corton-Charlemagne, Grand Cru, Camille Giroud, Burgundy","660","Case of 6 Bottles","https://www.bbr.com/products-20198016513-2019-corton-charlemagne-grand-cru-camille-giroud-burgundy","1069873","20198016513"
"Maison Camille Giroud","2020","Corton-Charlemagne, Grand Cru, Camille Giroud, Burgundy","1040","Case of 6 Bottles","https://www.bbr.com/products-20208016513-2020-corton-charlemagne-grand-cru-camille-giroud-burgundy","1069873","20208016513"
"Maison Camille Giroud","2021","Corton-Charlemagne, Grand Cru, Camille Giroud, Burgundy","1400","Case of 6 Bottles","https://www.bbr.com/products-20218016513-2021-corton-charlemagne-grand-cru-camille-giroud-burgundy","1069873","20218016513"
"Maison Camille Giroud","2023","Corton-Charlemagne, Grand Cru, Camille Giroud, Burgundy","2500","Case of 6 Bottles","https://www.bbr.com/products-20238016513-2023-corton-charlemagne-grand-cru-camille-giroud-burgundy","1069873","20238016513"
"Charles Van Canneyt","2018","Corton-Charlemagne, Grand Cru, Charles Van Canneyt, Burgundy","650","Case of 6 Bottles","https://www.bbr.com/products-20188048958-2018-corton-charlemagne-grand-cru-charles-van-canneyt-burgundy","1326871","20188048958"
"Charles Van Canneyt","2019","Corton-Charlemagne, Grand Cru, Charles Van Canneyt, Burgundy","850","Case of 6 Bottles","https://www.bbr.com/products-20198048958-2019-corton-charlemagne-grand-cru-charles-van-canneyt-burgundy","1326871","20198048958"
"Charles Van Canneyt","2020","Corton-Charlemagne, Grand Cru, Charles Van Canneyt, Burgundy","760","Case of 6 Bottles","https://www.bbr.com/products-20208048958-2020-corton-charlemagne-grand-cru-charles-van-canneyt-burgundy","1326871","20208048958"
"Charles Van Canneyt","2020","Corton-Charlemagne, Grand Cru, Charles Van Canneyt, Burgundy","1500","Case of 6 Bottles","https://www.bbr.com/products-20208048958-2020-corton-charlemagne-grand-cru-charles-van-canneyt-burgundy","1326871","20208048958"
"David Moret","2018","Corton-Charlemagne, Grand Cru, David Moret, Burgundy","840","Case of 6 Bottles","https://www.bbr.com/products-20188116385-2018-corton-charlemagne-grand-cru-david-moret-burgundy","1521393","20188116385"
"Bouchard Pere & Fils","2009","Corton-Charlemagne, Grand Cru, Domaine Bouchard Pere &amp; Fils, Burgundy","440","Case of 3 Bottles","https://www.bbr.com/products-20098019989-2009-corton-charlemagne-grand-cru-domaine-bouchard-pere-and-fils-burgundy","1061994","20098019989"
"Bouchard Pere & Fils","2020","Corton-Charlemagne, Grand Cru, Domaine Bouchard Pere &amp; Fils, Burgundy","490","Case of 3 Bottles","https://www.bbr.com/products-20208019989-2020-corton-charlemagne-grand-cru-domaine-bouchard-pere-and-fils-burgundy","1061994","20208019989"
"Bruno Clair","2016","Corton-Charlemagne, Grand Cru, Domaine Bruno Clair, Burgundy","1072","Case of 6 Bottles","https://www.bbr.com/products-20168119908-2016-corton-charlemagne-grand-cru-domaine-bruno-clair-burgundy","1064360","20168119908"
"Bruno Clair","2017","Corton-Charlemagne, Grand Cru, Domaine Bruno Clair, Burgundy","1269","Case of 6 Bottles","https://www.bbr.com/products-20178119908-2017-corton-charlemagne-grand-cru-domaine-bruno-clair-burgundy","1064360","20178119908"
"Bruno Clair","2020","Corton-Charlemagne, Grand Cru, Domaine Bruno Clair, Burgundy","550","Case of 3 Bottles","https://www.bbr.com/products-20208119908-2020-corton-charlemagne-grand-cru-domaine-bruno-clair-burgundy","1064360","20208119908"
"Domaine Coche-Dury","2014","Corton-Charlemagne, Grand Cru, Domaine Coche-Dury, Burgundy","50000","Case of 6 Bottles","https://www.bbr.com/products-20148119865-2014-corton-charlemagne-grand-cru-domaine-coche-dury-burgundy","1064706","20148119865"
"Domaine Coche-Dury","2015","Corton-Charlemagne, Grand Cru, Domaine Coche-Dury, Burgundy","45000","Case of 6 Bottles","https://www.bbr.com/products-20158119865-2015-corton-charlemagne-grand-cru-domaine-coche-dury-burgundy","1064706","20158119865"
"Domaine Joseph Faiveley","2017","Corton-Charlemagne, Grand Cru, Domaine Faiveley, Burgundy","1215","Case of 6 Bottles","https://www.bbr.com/products-20178021047-2017-corton-charlemagne-grand-cru-domaine-faiveley-burgundy","1067967","20178021047"
"Domaine Joseph Faiveley","2017","Corton-Charlemagne, Grand Cru, Domaine Faiveley, Burgundy","590","Case of 3 Bottles","https://www.bbr.com/products-20178021047-2017-corton-charlemagne-grand-cru-domaine-faiveley-burgundy","1067967","20178021047"
"Domaine Joseph Faiveley","2018","Corton-Charlemagne, Grand Cru, Domaine Faiveley, Burgundy","1072","Case of 6 Bottles","https://www.bbr.com/products-20188021047-2018-corton-charlemagne-grand-cru-domaine-faiveley-burgundy","1067967","20188021047"
"Domaine Joseph Faiveley","2019","Corton-Charlemagne, Grand Cru, Domaine Faiveley, Burgundy","1184","Case of 6 Bottles","https://www.bbr.com/products-20198021047-2019-corton-charlemagne-grand-cru-domaine-faiveley-burgundy","1067967","20198021047"
"Domaine Joseph Faiveley","2020","Corton-Charlemagne, Grand Cru, Domaine Faiveley, Burgundy","1295","Case of 6 Bottles","https://www.bbr.com/products-20208021047-2020-corton-charlemagne-grand-cru-domaine-faiveley-burgundy","1067967","20208021047"
"Domaine Follin-Arbelet","2017","Corton-Charlemagne, Grand Cru, Domaine Follin-Arbelet, Burgundy","640","Case of 6 Bottles","https://www.bbr.com/products-20171068472-2017-corton-charlemagne-grand-cru-domaine-follin-arbelet-burgundy","1068472","20171068472"
"Domaine Follin-Arbelet","2018","Corton-Charlemagne, Grand Cru, Domaine Follin-Arbelet, Burgundy","840","Case of 6 Bottles","https://www.bbr.com/products-20181068472-2018-corton-charlemagne-grand-cru-domaine-follin-arbelet-burgundy","1068472","20181068472"
"Domaine Follin-Arbelet","2020","Corton-Charlemagne, Grand Cru, Domaine Follin-Arbelet, Burgundy","1000","Case of 6 Bottles","https://www.bbr.com/products-20201068472-2020-corton-charlemagne-grand-cru-domaine-follin-arbelet-burgundy","1068472","20201068472"
"Domaine Follin-Arbelet","2021","Corton-Charlemagne, Grand Cru, Domaine Follin-Arbelet, Burgundy","1200","Case of 6 Bottles","https://www.bbr.com/products-20211068472-2021-corton-charlemagne-grand-cru-domaine-follin-arbelet-burgundy","1068472","20211068472"
"Domaine Geantet-Pansiot","2019","Corton-Charlemagne, Grand Cru, Domaine Geantet-Pansiot, Burgundy","1004","Case of 6 Bottles","https://www.bbr.com/products-20198070481-2019-corton-charlemagne-grand-cru-domaine-geantet-pansiot-burgundy","2516785","20198070481"
"Domaine Geantet-Pansiot","2020","Corton-Charlemagne, Grand Cru, Domaine Geantet-Pansiot, Burgundy","1050","Case of 6 Bottles","https://www.bbr.com/products-20208070481-2020-corton-charlemagne-grand-cru-domaine-geantet-pansiot-burgundy","2516785","20208070481"
"Domaine Georges & Christophe Roumier","2022","Corton-Charlemagne, Grand Cru, Domaine Georges Roumier, Burgundy","2750","Case of 3 Bottles","https://www.bbr.com/products-20228226934-2022-corton-charlemagne-grand-cru-domaine-georges-roumier-burgundy","1080115","20228226934"
"Jacques Prieur","2016","Corton-Charlemagne, Grand Cru, Domaine Jacques Prieur, Burgundy","1495","Case of 6 Bottles","https://www.bbr.com/products-20168216261-2016-corton-charlemagne-grand-cru-domaine-jacques-prieur-burgundy","1078624","20168216261"
"Jacques Prieur","2017","Corton-Charlemagne, Grand Cru, Domaine Jacques Prieur, Burgundy","1551","Case of 6 Bottles","https://www.bbr.com/products-20178216261-2017-corton-charlemagne-grand-cru-domaine-jacques-prieur-burgundy","1078624","20178216261"
"Domaine Pavelot","2020","Corton-Charlemagne, Grand Cru, Domaine Pavelot, Burgundy","950","Case of 6 Bottles","https://www.bbr.com/products-20208216506-2020-corton-charlemagne-grand-cru-domaine-pavelot-burgundy","1077656","20208216506"
"Philippe Charlopin","2018","Corton-Charlemagne, Grand Cru, Domaine Philippe Charlopin, Burgundy","1579","Case of 12 Bottles","https://www.bbr.com/products-20188121675-2018-corton-charlemagne-grand-cru-domaine-philippe-charlopin-burgundy","1263372","20188121675"
"Domaine Pierre Vincent","2023","Corton-Charlemagne, Grand Cru, Domaine Pierre Vincent, Burgundy","1195","Case of 1 Bottles","https://www.bbr.com/products-20238182180-2023-corton-charlemagne-grand-cru-domaine-pierre-vincent-burgundy","2743802","20238182180"
"Domaine Pierre Vincent","2023","Corton-Charlemagne, Grand Cru, Domaine Pierre Vincent, Burgundy","2395","Case of 1 Magnums","https://www.bbr.com/products-20238182180-2023-corton-charlemagne-grand-cru-domaine-pierre-vincent-burgundy","2743802","20238182180"
"Domaine Poisot Pere & Fils","2020","Corton-Charlemagne, Grand Cru, Domaine Poisot Pere & Fils, Burgundy","500","Case of 6 Bottles","https://www.bbr.com/products-20208080239-2020-corton-charlemagne-grand-cru-domaine-poisot-pere-fils-burgundy","1330933","20208080239"
"Domaine Rapet Pere et Fils","2017","Corton-Charlemagne, Grand Cru, Domaine Rapet, Burgundy","820","Case of 6 Bottles","https://www.bbr.com/products-20178216186-2017-corton-charlemagne-grand-cru-domaine-rapet-burgundy","1079139","20178216186"
"Domaine Rapet Pere et Fils","2021","Corton-Charlemagne, Grand Cru, Domaine Rapet, Burgundy","775","Case of 6 Bottles","https://www.bbr.com/products-20218216186-2021-corton-charlemagne-grand-cru-domaine-rapet-burgundy","1079139","20218216186"
"Domaine Rollin","2021","Corton-Charlemagne, Grand Cru, Domaine Rollin Pere & Fils, Burgundy","450","Case of 3 Bottles","https://www.bbr.com/products-20211079807-2021-corton-charlemagne-grand-cru-domaine-rollin-pere-fils-burgundy","1079807","20211079807"
"Domaine Rollin","2019","Corton-Charlemagne, Grand Cru, Domaine Rollin Pere &amp; Fils, Burgundy","550","Case of 6 Bottles","https://www.bbr.com/products-20191079807-2019-corton-charlemagne-grand-cru-domaine-rollin-pere-and-fils-burgundy","1079807","20191079807"
"Domaine Rollin","2020","Corton-Charlemagne, Grand Cru, Domaine Rollin Pere &amp; Fils, Burgundy","720","Case of 6 Bottles","https://www.bbr.com/products-20201079807-2020-corton-charlemagne-grand-cru-domaine-rollin-pere-and-fils-burgundy","1079807","20201079807"
"Domaine Rollin","2022","Corton-Charlemagne, Grand Cru, Domaine Rollin Pere &amp; Fils, Burgundy","415","Case of 3 Bottles","https://www.bbr.com/products-20221079807-2022-corton-charlemagne-grand-cru-domaine-rollin-pere-and-fils-burgundy","1079807","20221079807"
"Domaine Rollin","2023","Corton-Charlemagne, Grand Cru, Domaine Rollin Pere &amp; Fils, Burgundy","445","Case of 3 Bottles","https://www.bbr.com/products-20231079807-2023-corton-charlemagne-grand-cru-domaine-rollin-pere-and-fils-burgundy","1079807","20231079807"
"Domaine de Montille","2010","Corton-Charlemagne, Grand Cru, Domaine de Montille, Burgundy","800","Case of 6 Bottles","https://www.bbr.com/products-20108012791-2010-corton-charlemagne-grand-cru-domaine-de-montille-burgundy","1075926","20108012791"
"Domaine de Montille","2013","Corton-Charlemagne, Grand Cru, Domaine de Montille, Burgundy","825","Case of 6 Bottles","https://www.bbr.com/products-20138012791-2013-corton-charlemagne-grand-cru-domaine-de-montille-burgundy","1075926","20138012791"
"Domaine de Montille","2014","Corton-Charlemagne, Grand Cru, Domaine de Montille, Burgundy","830","Case of 6 Bottles","https://www.bbr.com/products-20148012791-2014-corton-charlemagne-grand-cru-domaine-de-montille-burgundy","1075926","20148012791"
"Domaine de Montille","2014","Corton-Charlemagne, Grand Cru, Domaine de Montille, Burgundy","795","Case of 3 Magnums","https://www.bbr.com/products-20148012791-2014-corton-charlemagne-grand-cru-domaine-de-montille-burgundy","1075926","20148012791"
"Domaine de Montille","2017","Corton-Charlemagne, Grand Cru, Domaine de Montille, Burgundy","1647","Case of 12 Bottles","https://www.bbr.com/products-20178012791-2017-corton-charlemagne-grand-cru-domaine-de-montille-burgundy","1075926","20178012791"
"Domaine de Montille","2020","Corton-Charlemagne, Grand Cru, Domaine de Montille, Burgundy","720","Case of 6 Bottles","https://www.bbr.com/products-20208012791-2020-corton-charlemagne-grand-cru-domaine-de-montille-burgundy","1075926","20208012791"
"Domaine de Montille","2022","Corton-Charlemagne, Grand Cru, Domaine de Montille, Burgundy","1100","Case of 6 Bottles","https://www.bbr.com/products-20228012791-2022-corton-charlemagne-grand-cru-domaine-de-montille-burgundy","1075926","20228012791"
"Domaine des Croix","2010","Corton-Charlemagne, Grand Cru, Domaine des Croix, Burgundy","1275","Case of 6 Bottles","https://www.bbr.com/products-20108013831-2010-corton-charlemagne-grand-cru-domaine-des-croix-burgundy","1132410","20108013831"
"Domaine des Croix","2017","Corton-Charlemagne, Grand Cru, Domaine des Croix, Burgundy","1254","Case of 6 Bottles","https://www.bbr.com/products-20178013831-2017-corton-charlemagne-grand-cru-domaine-des-croix-burgundy","1132410","20178013831"
"Domaine des Croix","2018","Corton-Charlemagne, Grand Cru, Domaine des Croix, Burgundy","870","Case of 6 Bottles","https://www.bbr.com/products-20188013831-2018-corton-charlemagne-grand-cru-domaine-des-croix-burgundy","1132410","20188013831"
"Domaine des Croix","2019","Corton-Charlemagne, Grand Cru, Domaine des Croix, Burgundy","995","Case of 6 Bottles","https://www.bbr.com/products-20198013831-2019-corton-charlemagne-grand-cru-domaine-des-croix-burgundy","1132410","20198013831"
"Domaine des Croix","2021","Corton-Charlemagne, Grand Cru, Domaine des Croix, Burgundy","375","Case of 3 Bottles","https://www.bbr.com/products-20218013831-2021-corton-charlemagne-grand-cru-domaine-des-croix-burgundy","1132410","20218013831"
"Domaine des Croix","2022","Corton-Charlemagne, Grand Cru, Domaine des Croix, Burgundy","795","Case of 3 Bottles","https://www.bbr.com/products-20228013831-2022-corton-charlemagne-grand-cru-domaine-des-croix-burgundy","1132410","20228013831"
"Domaine des Croix","2023","Corton-Charlemagne, Grand Cru, Domaine des Croix, Burgundy","550","Case of 3 Bottles","https://www.bbr.com/products-20238013831-2023-corton-charlemagne-grand-cru-domaine-des-croix-burgundy","1132410","20238013831"
"Louis Jadot","2011","Corton-Charlemagne, Grand Cru, Domaine des Heritiers Louis Jadot, Burgundy","1523","Case of 6 Magnums","https://www.bbr.com/products-20118022132-2011-corton-charlemagne-grand-cru-domaine-des-heritiers-louis-jadot-burgundy","1070660","20118022132"
"Louis Jadot","2023","Corton-Charlemagne, Grand Cru, Domaine des Heritiers Louis Jadot, Burgundy","990","Case of 6 Bottles","https://www.bbr.com/products-20238022132-2023-corton-charlemagne-grand-cru-domaine-des-heritiers-louis-jadot-burgundy","1070660","20238022132"
"Henri Boillot","2012","Corton-Charlemagne, Grand Cru, Henri Boillot, Burgundy","1282","Case of 6 Bottles","https://www.bbr.com/products-20128014551-2012-corton-charlemagne-grand-cru-henri-boillot-burgundy","1061066","20128014551"
"Henri Boillot","2014","Corton-Charlemagne, Grand Cru, Henri Boillot, Burgundy","1700","Case of 6 Bottles","https://www.bbr.com/products-20148014551-2014-corton-charlemagne-grand-cru-henri-boillot-burgundy","1061066","20148014551"
"Henri Boillot","2019","Corton-Charlemagne, Grand Cru, Henri Boillot, Burgundy","840","Case of 3 Bottles","https://www.bbr.com/products-20198014551-2019-corton-charlemagne-grand-cru-henri-boillot-burgundy","1061066","20198014551"
"Ramonet","2023","Corton-Charlemagne, Grand Cru, Jean-Claude Ramonet, Burgundy","2280","Case of 3 Bottles","https://www.bbr.com/products-20238073004-2023-corton-charlemagne-grand-cru-jean-claude-ramonet-burgundy","2791861","20238073004"
"Maison Joseph Drouhin","2015","Corton-Charlemagne, Grand Cru, Joseph Drouhin, Burgundy","1072","Case of 6 Bottles","https://www.bbr.com/products-20158140261-2015-corton-charlemagne-grand-cru-joseph-drouhin-burgundy","1067332","20158140261"
"Maison Joseph Drouhin","2016","Corton-Charlemagne, Grand Cru, Joseph Drouhin, Burgundy","1023","Case of 6 Bottles","https://www.bbr.com/products-20168140261-2016-corton-charlemagne-grand-cru-joseph-drouhin-burgundy","1067332","20168140261"
"Maison Joseph Drouhin","2017","Corton-Charlemagne, Grand Cru, Joseph Drouhin, Burgundy","1010","Case of 6 Bottles","https://www.bbr.com/products-20178140261-2017-corton-charlemagne-grand-cru-joseph-drouhin-burgundy","1067332","20178140261"
"Maison Joseph Drouhin","2018","Corton-Charlemagne, Grand Cru, Joseph Drouhin, Burgundy","903","Case of 6 Bottles","https://www.bbr.com/products-20188140261-2018-corton-charlemagne-grand-cru-joseph-drouhin-burgundy","1067332","20188140261"
"Maison Joseph Drouhin","2022","Corton-Charlemagne, Grand Cru, Joseph Drouhin, Burgundy","685","Case of 3 Bottles","https://www.bbr.com/products-20228140261-2022-corton-charlemagne-grand-cru-joseph-drouhin-burgundy","1067332","20228140261"
"Lucien Le Moine","2019","Corton-Charlemagne, Grand Cru, Lucien Le Moine, Burgundy","1490","Case of 6 Bottles","https://www.bbr.com/products-20198216825-2019-corton-charlemagne-grand-cru-lucien-le-moine-burgundy","1073238","20198216825"
"Maison Roche de Bellene","2021","Corton-Charlemagne, Grand Cru, Maison Roche de Bellene, Burgundy","850","Case of 6 Bottles","https://www.bbr.com/products-20218020271-2021-corton-charlemagne-grand-cru-maison-roche-de-bellene-burgundy","1132090","20218020271"
"Meo-Camuzet","2020","Corton-Charlemagne, Grand Cru, Meo-Camuzet Frere &amp; Soeurs, Burgundy","1522","Case of 6 Bottles","https://www.bbr.com/products-20201233410-2020-corton-charlemagne-grand-cru-meo-camuzet-frere-and-soeurs-burgundy","1233410","20201233410"
"Olivier Leflaive","2017","Corton-Charlemagne, Grand Cru, Olivier Leflaive, Burgundy","1085","Case of 6 Bottles","https://www.bbr.com/products-20171073850-2017-corton-charlemagne-grand-cru-olivier-leflaive-burgundy","1073850","20171073850"
"Olivier Leflaive","2018","Corton-Charlemagne, Grand Cru, Olivier Leflaive, Burgundy","1400","Case of 6 Bottles","https://www.bbr.com/products-20181073850-2018-corton-charlemagne-grand-cru-olivier-leflaive-burgundy","1073850","20181073850"
"Olivier Leflaive","2019","Corton-Charlemagne, Grand Cru, Olivier Leflaive, Burgundy","1300","Case of 6 Bottles","https://www.bbr.com/products-20191073850-2019-corton-charlemagne-grand-cru-olivier-leflaive-burgundy","1073850","20191073850"
"Olivier Leflaive","2020","Corton-Charlemagne, Grand Cru, Olivier Leflaive, Burgundy","840","Case of 3 Bottles","https://www.bbr.com/products-20201073850-2020-corton-charlemagne-grand-cru-olivier-leflaive-burgundy","1073850","20201073850"
"Domaine Patrick Javillier","2008","Corton-Charlemagne, Grand Cru, Patrick Javillier, Burgundy","1400","Case of 6 Bottles","https://www.bbr.com/products-20088013772-2008-corton-charlemagne-grand-cru-patrick-javillier-burgundy","1071146","20088013772"
"Domaine Patrick Javillier","2010","Corton-Charlemagne, Grand Cru, Patrick Javillier, Burgundy","2700","Case of 6 Magnums","https://www.bbr.com/products-20108013772-2010-corton-charlemagne-grand-cru-patrick-javillier-burgundy","1071146","20108013772"
"Domaine Patrick Javillier","2012","Corton-Charlemagne, Grand Cru, Patrick Javillier, Burgundy","1000","Case of 6 Bottles","https://www.bbr.com/products-20128013772-2012-corton-charlemagne-grand-cru-patrick-javillier-burgundy","1071146","20128013772"
"Domaine Patrick Javillier","2015","Corton-Charlemagne, Grand Cru, Patrick Javillier, Burgundy","900","Case of 6 Bottles","https://www.bbr.com/products-20158013772-2015-corton-charlemagne-grand-cru-patrick-javillier-burgundy","1071146","20158013772"
"Domaine Patrick Javillier","2018","Corton-Charlemagne, Grand Cru, Patrick Javillier, Burgundy","679","Case of 6 Bottles","https://www.bbr.com/products-20188013772-2018-corton-charlemagne-grand-cru-patrick-javillier-burgundy","1071146","20188013772"
"Domaine Patrick Javillier","2019","Corton-Charlemagne, Grand Cru, Patrick Javillier, Burgundy","850","Case of 6 Bottles","https://www.bbr.com/products-20198013772-2019-corton-charlemagne-grand-cru-patrick-javillier-burgundy","1071146","20198013772"
"Domaine Patrick Javillier","2020","Corton-Charlemagne, Grand Cru, Patrick Javillier, Burgundy","790","Case of 6 Bottles","https://www.bbr.com/products-20208013772-2020-corton-charlemagne-grand-cru-patrick-javillier-burgundy","1071146","20208013772"
"Domaine Patrick Javillier","2021","Corton-Charlemagne, Grand Cru, Patrick Javillier, Burgundy","450","Case of 3 Bottles","https://www.bbr.com/products-20218013772-2021-corton-charlemagne-grand-cru-patrick-javillier-burgundy","1071146","20218013772"
"Domaine Patrick Javillier","2022","Corton-Charlemagne, Grand Cru, Patrick Javillier, Burgundy","525","Case of 3 Bottles","https://www.bbr.com/products-20228013772-2022-corton-charlemagne-grand-cru-patrick-javillier-burgundy","1071146","20228013772"
"Philippe Pacalet","2014","Corton-Charlemagne, Grand Cru, Philippe Pacalet, Burgundy","3888","Case of 12 Bottles","https://www.bbr.com/products-20148216522-2014-corton-charlemagne-grand-cru-philippe-pacalet-burgundy","1077584","20148216522"
"Philippe Pacalet","2018","Corton-Charlemagne, Grand Cru, Philippe Pacalet, Burgundy","3497","Case of 12 Bottles","https://www.bbr.com/products-20188216522-2018-corton-charlemagne-grand-cru-philippe-pacalet-burgundy","1077584","20188216522"
"Philippe Pacalet","2019","Corton-Charlemagne, Grand Cru, Philippe Pacalet, Burgundy","3950","Case of 12 Bottles","https://www.bbr.com/products-20198216522-2019-corton-charlemagne-grand-cru-philippe-pacalet-burgundy","1077584","20198216522"
"Maison Pierre-Yves Colin-Morey","2017","Corton-Charlemagne, Grand Cru, Pierre-Yves Colin-Morey, Burgundy","3000","Case of 6 Bottles","https://www.bbr.com/products-20178114408-2017-corton-charlemagne-grand-cru-pierre-yves-colin-morey-burgundy","1142819","20178114408"
"Maison Pierre-Yves Colin-Morey","2021","Corton-Charlemagne, Grand Cru, Pierre-Yves Colin-Morey, Burgundy","535","Case of 1 Bottles","https://www.bbr.com/products-20218114408-2021-corton-charlemagne-grand-cru-pierre-yves-colin-morey-burgundy","1142819","20218114408"
"Sylvain Loichet","2012","Corton-Charlemagne, Grand Cru, Sylvain Loichet, Burgundy","600","Case of 6 Bottles","https://www.bbr.com/products-20128014027-2012-corton-charlemagne-grand-cru-sylvain-loichet-burgundy","1155743","20128014027"
"Domaine de la Vougeraie","2011","Corton-Charlemagne, Le Charlemagne, Grand Cru, Domaine de la Vougeraie, Burgundy","999","Case of 6 Bottles","https://www.bbr.com/products-20118033600-2011-corton-charlemagne-le-charlemagne-grand-cru-domaine-de-la-vougeraie-burgundy","1081590","20118033600"
"Domaine Jean-Baptiste Boudier","2018","Corton-Charlemagne, Le Corton, Grand Cru, Domaine Jean-Baptiste Boudier, Burgundy","1250","Case of 6 Bottles","https://www.bbr.com/products-20188326908-2018-corton-charlemagne-le-corton-grand-cru-domaine-jean-baptiste-boudier-burgundy","1974391","20188326908"
"Domaine Thibault Liger-Belair","2021","Corton-Charlemagne, Les Languettes, Grand Cru, Thibault Liger-Belair Successeurs, Burgundy","1850","Case of 6 Bottles","https://www.bbr.com/products-20218022549-2021-corton-charlemagne-les-languettes-grand-cru-thibault-liger-belair-successeurs-burgundy","1790528","20218022549"
"Domaine Thibault Liger-Belair","2021","Corton-Charlemagne, Les Languettes, Grand Cru, Thibault Liger-Belair Successeurs, Burgundy","1850","Case of 3 Magnums","https://www.bbr.com/products-20218022549-2021-corton-charlemagne-les-languettes-grand-cru-thibault-liger-belair-successeurs-burgundy","1790528","20218022549"
"Charles Van Canneyt","2016","Corton-Renardes, Grand Cru, Charles Van Canneyt, Burgundy","425","Case of 6 Bottles","https://www.bbr.com/products-20168048945-2016-corton-renardes-grand-cru-charles-van-canneyt-burgundy","1371220","20168048945"
"Charles Van Canneyt","2016","Corton-Renardes, Grand Cru, Charles Van Canneyt, Burgundy","580","Case of 6 Bottles","https://www.bbr.com/products-20168048945-2016-corton-renardes-grand-cru-charles-van-canneyt-burgundy","1371220","20168048945"
"Charles Van Canneyt","2018","Corton-Renardes, Grand Cru, Charles Van Canneyt, Burgundy","525","Case of 6 Bottles","https://www.bbr.com/products-20188048945-2018-corton-renardes-grand-cru-charles-van-canneyt-burgundy","1371220","20188048945"
"Chateau de Meursault","2015","Corton-Vergennes, Grand Cru, Chateau de Meursault, Burgundy","888","Case of 6 Bottles","https://www.bbr.com/products-20158146553-2015-corton-vergennes-grand-cru-chateau-de-meursault-burgundy","1269299","20158146553"
"Cos d'Estournel","2010","Cos d'Estournel Blanc, Bordeaux","410","Case of 6 Bottles","https://www.bbr.com/products-20108016210-2010-cos-d-estournel-blanc-bordeaux","1016763","20108016210"
"Cos d'Estournel","2013","Cos d'Estournel Blanc, Bordeaux","625","Case of 6 Bottles","https://www.bbr.com/products-20138016210-2013-cos-d-estournel-blanc-bordeaux","1016763","20138016210"
"Cos d'Estournel","2016","Cos d'Estournel Blanc, Bordeaux","575","Case of 6 Bottles","https://www.bbr.com/products-20168016210-2016-cos-d-estournel-blanc-bordeaux","1016763","20168016210"
"Cos d'Estournel","2000","Cos d'Estournel, St Estephe, Bordeaux","2100","Case of 12 Bottles","https://www.bbr.com/products-20008004367-2000-cos-d-estournel-st-estephe-bordeaux","1008788","20008004367"
"Cos d'Estournel","2000","Cos d'Estournel, St Estephe, Bordeaux","2000","Case of 12 Bottles","https://www.bbr.com/products-20008004367-2000-cos-d-estournel-st-estephe-bordeaux","1008788","20008004367"
"Cos d'Estournel","2002","Cos d'Estournel, St Estephe, Bordeaux","1245","Case of 12 Bottles","https://www.bbr.com/products-20028004367-2002-cos-d-estournel-st-estephe-bordeaux","1008788","20028004367"
"Cos d'Estournel","2004","Cos d'Estournel, St Estephe, Bordeaux","1200","Case of 12 Bottles","https://www.bbr.com/products-20048004367-2004-cos-d-estournel-st-estephe-bordeaux","1008788","20048004367"
"Cos d'Estournel","2004","Cos d'Estournel, St Estephe, Bordeaux","1025","Case of 12 Bottles","https://www.bbr.com/products-20048004367-2004-cos-d-estournel-st-estephe-bordeaux","1008788","20048004367"
"Cos d'Estournel","2004","Cos d'Estournel, St Estephe, Bordeaux","999","Case of 12 Bottles","https://www.bbr.com/products-20048004367-2004-cos-d-estournel-st-estephe-bordeaux","1008788","20048004367"
"Cos d'Estournel","2005","Cos d'Estournel, St Estephe, Bordeaux","1038","Case of 6 Bottles","https://www.bbr.com/products-20058004367-2005-cos-d-estournel-st-estephe-bordeaux","1008788","20058004367"
"Cos d'Estournel","2005","Cos d'Estournel, St Estephe, Bordeaux","1640","Case of 12 Bottles","https://www.bbr.com/products-20058004367-2005-cos-d-estournel-st-estephe-bordeaux","1008788","20058004367"
"Cos d'Estournel","2005","Cos d'Estournel, St Estephe, Bordeaux","1650","Case of 6 Magnums","https://www.bbr.com/products-20058004367-2005-cos-d-estournel-st-estephe-bordeaux","1008788","20058004367"
"Cos d'Estournel","2006","Cos d'Estournel, St Estephe, Bordeaux","1000","Case of 12 Bottles","https://www.bbr.com/products-20068004367-2006-cos-d-estournel-st-estephe-bordeaux","1008788","20068004367"
"Cos d'Estournel","2006","Cos d'Estournel, St Estephe, Bordeaux","1000","Case of 12 Bottles","https://www.bbr.com/products-20068004367-2006-cos-d-estournel-st-estephe-bordeaux","1008788","20068004367"
"Cos d'Estournel","2006","Cos d'Estournel, St Estephe, Bordeaux","999","Case of 12 Bottles","https://www.bbr.com/products-20068004367-2006-cos-d-estournel-st-estephe-bordeaux","1008788","20068004367"
"Cos d'Estournel","2007","Cos d'Estournel, St Estephe, Bordeaux","1080","Case of 12 Bottles","https://www.bbr.com/products-20078004367-2007-cos-d-estournel-st-estephe-bordeaux","1008788","20078004367"
"Cos d'Estournel","2008","Cos d'Estournel, St Estephe, Bordeaux","990","Case of 12 Bottles","https://www.bbr.com/products-20088004367-2008-cos-d-estournel-st-estephe-bordeaux","1008788","20088004367"
"Cos d'Estournel","2008","Cos d'Estournel, St Estephe, Bordeaux","1020","Case of 12 Bottles","https://www.bbr.com/products-20088004367-2008-cos-d-estournel-st-estephe-bordeaux","1008788","20088004367"
"Cos d'Estournel","2008","Cos d'Estournel, St Estephe, Bordeaux","540","Case of 6 Bottles","https://www.bbr.com/products-20088004367-2008-cos-d-estournel-st-estephe-bordeaux","1008788","20088004367"
"Cos d'Estournel","2008","Cos d'Estournel, St Estephe, Bordeaux","1000","Case of 12 Bottles","https://www.bbr.com/products-20088004367-2008-cos-d-estournel-st-estephe-bordeaux","1008788","20088004367"
"Cos d'Estournel","2008","Cos d'Estournel, St Estephe, Bordeaux","1200","Case of 6 Magnums","https://www.bbr.com/products-20088004367-2008-cos-d-estournel-st-estephe-bordeaux","1008788","20088004367"
"Cos d'Estournel","2009","Cos d'Estournel, St Estephe, Bordeaux","1050","Case of 6 Bottles","https://www.bbr.com/products-20098004367-2009-cos-d-estournel-st-estephe-bordeaux","1008788","20098004367"
"Cos d'Estournel","2009","Cos d'Estournel, St Estephe, Bordeaux","1500","Case of 6 Bottles","https://www.bbr.com/products-20098004367-2009-cos-d-estournel-st-estephe-bordeaux","1008788","20098004367"
"Cos d'Estournel","2009","Cos d'Estournel, St Estephe, Bordeaux","2250","Case of 6 Magnums","https://www.bbr.com/products-20098004367-2009-cos-d-estournel-st-estephe-bordeaux","1008788","20098004367"
"Cos d'Estournel","2010","Cos d'Estournel, St Estephe, Bordeaux","9960","Case of 6 Bottles","https://www.bbr.com/products-20108004367-2010-cos-d-estournel-st-estephe-bordeaux","1008788","20108004367"
"Cos d'Estournel","2010","Cos d'Estournel, St Estephe, Bordeaux","650","Case of 3 Bottles","https://www.bbr.com/products-20108004367-2010-cos-d-estournel-st-estephe-bordeaux","1008788","20108004367"
"Cos d'Estournel","2011","Cos d'Estournel, St Estephe, Bordeaux","480","Case of 6 Bottles","https://www.bbr.com/products-20118004367-2011-cos-d-estournel-st-estephe-bordeaux","1008788","20118004367"
"Cos d'Estournel","2012","Cos d'Estournel, St Estephe, Bordeaux","485","Case of 6 Bottles","https://www.bbr.com/products-20128004367-2012-cos-d-estournel-st-estephe-bordeaux","1008788","20128004367"
"Cos d'Estournel","2012","Cos d'Estournel, St Estephe, Bordeaux","600","Case of 6 Bottles","https://www.bbr.com/products-20128004367-2012-cos-d-estournel-st-estephe-bordeaux","1008788","20128004367"
"Cos d'Estournel","2013","Cos d'Estournel, St Estephe, Bordeaux","520","Case of 6 Bottles","https://www.bbr.com/products-20138004367-2013-cos-d-estournel-st-estephe-bordeaux","1008788","20138004367"
"Cos d'Estournel","2014","Cos d'Estournel, St Estephe, Bordeaux","575","Case of 6 Bottles","https://www.bbr.com/products-20148004367-2014-cos-d-estournel-st-estephe-bordeaux","1008788","20148004367"
"Cos d'Estournel","2014","Cos d'Estournel, St Estephe, Bordeaux","500","Case of 6 Bottles","https://www.bbr.com/products-20148004367-2014-cos-d-estournel-st-estephe-bordeaux","1008788","20148004367"
"Cos d'Estournel","2014","Cos d'Estournel, St Estephe, Bordeaux","1150","Case of 1 Imperials","https://www.bbr.com/products-20148004367-2014-cos-d-estournel-st-estephe-bordeaux","1008788","20148004367"
"Cos d'Estournel","2016","Cos d'Estournel, St Estephe, Bordeaux","1050","Case of 6 Bottles","https://www.bbr.com/products-20168004367-2016-cos-d-estournel-st-estephe-bordeaux","1008788","20168004367"
"Cos d'Estournel","2016","Cos d'Estournel, St Estephe, Bordeaux","840","Case of 6 Bottles","https://www.bbr.com/products-20168004367-2016-cos-d-estournel-st-estephe-bordeaux","1008788","20168004367"
"Cos d'Estournel","2016","Cos d'Estournel, St Estephe, Bordeaux","949","Case of 6 Bottles","https://www.bbr.com/products-20168004367-2016-cos-d-estournel-st-estephe-bordeaux","1008788","20168004367"
"Cos d'Estournel","2016","Cos d'Estournel, St Estephe, Bordeaux","800","Case of 6 Bottles","https://www.bbr.com/products-20168004367-2016-cos-d-estournel-st-estephe-bordeaux","1008788","20168004367"
"Cos d'Estournel","2016","Cos d'Estournel, St Estephe, Bordeaux","1600","Case of 12 Bottles","https://www.bbr.com/products-20168004367-2016-cos-d-estournel-st-estephe-bordeaux","1008788","20168004367"
"Cos d'Estournel","2017","Cos d'Estournel, St Estephe, Bordeaux","480","Case of 6 Bottles","https://www.bbr.com/products-20178004367-2017-cos-d-estournel-st-estephe-bordeaux","1008788","20178004367"
"Cos d'Estournel","2017","Cos d'Estournel, St Estephe, Bordeaux","550","Case of 6 Bottles","https://www.bbr.com/products-20178004367-2017-cos-d-estournel-st-estephe-bordeaux","1008788","20178004367"
"Cos d'Estournel","2017","Cos d'Estournel, St Estephe, Bordeaux","549","Case of 3 Magnums","https://www.bbr.com/products-20178004367-2017-cos-d-estournel-st-estephe-bordeaux","1008788","20178004367"
"Cos d'Estournel","2018","Cos d'Estournel, St Estephe, Bordeaux","740","Case of 6 Bottles","https://www.bbr.com/products-20188004367-2018-cos-d-estournel-st-estephe-bordeaux","1008788","20188004367"
"Cos d'Estournel","2018","Cos d'Estournel, St Estephe, Bordeaux","515","Case of 6 Bottles","https://www.bbr.com/products-20188004367-2018-cos-d-estournel-st-estephe-bordeaux","1008788","20188004367"
"Cos d'Estournel","2018","Cos d'Estournel, St Estephe, Bordeaux","575","Case of 3 Magnums","https://www.bbr.com/products-20188004367-2018-cos-d-estournel-st-estephe-bordeaux","1008788","20188004367"
"Cos d'Estournel","2019","Cos d'Estournel, St Estephe, Bordeaux","530","Case of 6 Bottles","https://www.bbr.com/products-20198004367-2019-cos-d-estournel-st-estephe-bordeaux","1008788","20198004367"
"Cos d'Estournel","2019","Cos d'Estournel, St Estephe, Bordeaux","650","Case of 6 Bottles","https://www.bbr.com/products-20198004367-2019-cos-d-estournel-st-estephe-bordeaux","1008788","20198004367"
"Cos d'Estournel","2020","Cos d'Estournel, St Estephe, Bordeaux","750","Case of 6 Bottles","https://www.bbr.com/products-20208004367-2020-cos-d-estournel-st-estephe-bordeaux","1008788","20208004367"
"Cos d'Estournel","2020","Cos d'Estournel, St Estephe, Bordeaux","694","Case of 6 Bottles","https://www.bbr.com/products-20208004367-2020-cos-d-estournel-st-estephe-bordeaux","1008788","20208004367"
"Cos d'Estournel","2020","Cos d'Estournel, St Estephe, Bordeaux","1080","Case of 12 Half Bottles","https://www.bbr.com/products-20208004367-2020-cos-d-estournel-st-estephe-bordeaux","1008788","20208004367"
"Cos d'Estournel","2020","Cos d'Estournel, St Estephe, Bordeaux","885","Case of 3 Magnums","https://www.bbr.com/products-20208004367-2020-cos-d-estournel-st-estephe-bordeaux","1008788","20208004367"
"Cos d'Estournel","2020","Cos d'Estournel, St Estephe, Bordeaux","886","Case of 3 Magnums","https://www.bbr.com/products-20208004367-2020-cos-d-estournel-st-estephe-bordeaux","1008788","20208004367"
"Cos d'Estournel","2021","Cos d'Estournel, St Estephe, Bordeaux","626","Case of 6 Bottles","https://www.bbr.com/products-20218004367-2021-cos-d-estournel-st-estephe-bordeaux","1008788","20218004367"
"Cos d'Estournel","2022","Cos d'Estournel, St Estephe, Bordeaux","1250","Case of 6 Bottles","https://www.bbr.com/products-20228004367-2022-cos-d-estournel-st-estephe-bordeaux","1008788","20228004367"
"Cossart Gordon","1975","Cossart Gordon, Terrantez, Madeira, Portugal","590","Case of 1 Magnums","https://www.bbr.com/products-19758059107-1975-cossart-gordon-terrantez-madeira-portugal","1311291","19758059107"
"Domaine Xavier Gerard","2015","Cote-Rotie, Xavier Gerard","520","Case of 6 Bottles","https://www.bbr.com/products-20158201506-2015-cote-rotie-xavier-gerard","1594126","20158201506"
"Domaine Guyon","2015","Coteaux Bourguignons, Blanc, Les Glapignys, Domaine Guyon, Burgundy","150","Case of 6 Bottles","https://www.bbr.com/products-20158061236-2015-coteaux-bourguignons-blanc-les-glapignys-domaine-guyon-burgundy","2216715","20158061236"
"Domaine Guyon","2016","Coteaux Bourguignons, Blanc, Les Glapignys, Domaine Guyon, Burgundy","165","Case of 6 Bottles","https://www.bbr.com/products-20168061236-2016-coteaux-bourguignons-blanc-les-glapignys-domaine-guyon-burgundy","2216715","20168061236"
"Domaine Guyon","2020","Coteaux Bourguignons, Blanc, Les Glapignys, Domaine Guyon, Burgundy","150","Case of 6 Bottles","https://www.bbr.com/products-20208061236-2020-coteaux-bourguignons-blanc-les-glapignys-domaine-guyon-burgundy","2216715","20208061236"
"Domaine Guyon","2021","Coteaux Bourguignons, Blanc, Les Glapignys, Domaine Guyon, Burgundy","110","Case of 6 Bottles","https://www.bbr.com/products-20218061236-2021-coteaux-bourguignons-blanc-les-glapignys-domaine-guyon-burgundy","2216715","20218061236"
"Domaine Jean Grivot","2019","Coteaux Bourguignons, Domaine Jean Grivot, Burgundy","195","Case of 6 Bottles","https://www.bbr.com/products-20191335752-2019-coteaux-bourguignons-domaine-jean-grivot-burgundy","1335752","20191335752"
"Domaine Jean Grivot","2019","Coteaux Bourguignons, Domaine Jean Grivot, Burgundy","145","Case of 3 Magnums","https://www.bbr.com/products-20191335752-2019-coteaux-bourguignons-domaine-jean-grivot-burgundy","1335752","20191335752"
"Domaine Jean Grivot","2020","Coteaux Bourguignons, Domaine Jean Grivot, Burgundy","140","Case of 6 Bottles","https://www.bbr.com/products-20201335752-2020-coteaux-bourguignons-domaine-jean-grivot-burgundy","1335752","20201335752"
"Domaine Jean Grivot","2021","Coteaux Bourguignons, Domaine Jean Grivot, Burgundy","132","Case of 6 Bottles","https://www.bbr.com/products-20211335752-2021-coteaux-bourguignons-domaine-jean-grivot-burgundy","1335752","20211335752"
"Domaine Sylvain Cathiard","2018","Coteaux Bourguignons, Les Croix Blanches, Domaine Sylvain Cathiard, Burgundy","600","Case of 6 Bottles","https://www.bbr.com/products-20188024758-2018-coteaux-bourguignons-les-croix-blanches-domaine-sylvain-cathiard-burgundy","1547340","20188024758"
"Domaine Sylvain Cathiard","2021","Coteaux Bourguignons, Les Croix Blanches, Domaine Sylvain Cathiard, Burgundy","550","Case of 6 Bottles","https://www.bbr.com/products-20218024758-2021-coteaux-bourguignons-les-croix-blanches-domaine-sylvain-cathiard-burgundy","1547340","20218024758"
"Domaine Castagnier","2020","Coteaux Bourguignons, Pinot Noir, Domaine Castagnier, Burgundy","95","Case of 6 Bottles","https://www.bbr.com/products-20208153094-2020-coteaux-bourguignons-pinot-noir-domaine-castagnier-burgundy","1762527","20208153094"
"Domaine Castagnier","2022","Coteaux Bourguignons, Pinot Noir, Domaine Castagnier, Burgundy","110","Case of 6 Bottles","https://www.bbr.com/products-20228153094-2022-coteaux-bourguignons-pinot-noir-domaine-castagnier-burgundy","1762527","20228153094"
"Bollinger","2014","Coteaux Champenois Rouge, La Cote aux Enfants, Bollinger, Champagne","240","Case of 3 Bottles","https://www.bbr.com/products-20148115287-2014-coteaux-champenois-rouge-la-cote-aux-enfants-bollinger-champagne","1128752","20148115287"
"Bollinger","2015","Coteaux Champenois Rouge, La Cote aux Enfants, Bollinger, Champagne","345","Case of 3 Bottles","https://www.bbr.com/products-20158115287-2015-coteaux-champenois-rouge-la-cote-aux-enfants-bollinger-champagne","1128752","20158115287"
"Bollinger","2015","Coteaux Champenois Rouge, La Cote aux Enfants, Bollinger, Champagne","565","Case of 3 Magnums","https://www.bbr.com/products-20158115287-2015-coteaux-champenois-rouge-la-cote-aux-enfants-bollinger-champagne","1128752","20158115287"
"Bollinger","2016","Coteaux Champenois Rouge, La Cote aux Enfants, Bollinger, Champagne","280","Case of 3 Bottles","https://www.bbr.com/products-20168115287-2016-coteaux-champenois-rouge-la-cote-aux-enfants-bollinger-champagne","1128752","20168115287"
"Bollinger","2019","Coteaux Champenois Rouge, La Cote aux Enfants, Bollinger, Champagne","369","Case of 3 Bottles","https://www.bbr.com/products-20198115287-2019-coteaux-champenois-rouge-la-cote-aux-enfants-bollinger-champagne","1128752","20198115287"
"Bollinger","2019","Coteaux Champenois Rouge, La Cote aux Enfants, Bollinger, Champagne","270","Case of 3 Bottles","https://www.bbr.com/products-20198115287-2019-coteaux-champenois-rouge-la-cote-aux-enfants-bollinger-champagne","1128752","20198115287"
"Craggy Range","2014","Craggy Range, Aroha, Te Muna, Pinot Noir, Martinborough, New Zealand","240","Case of 6 Bottles","https://www.bbr.com/products-20148008192-2014-craggy-range-aroha-te-muna-pinot-noir-martinborough-new-zealand","1214811","20148008192"
"Domaine Fontaine-Gagnard","2021","Criots Batard-Montrachet, Grand Cru, Domaine Fontaine Gagnard, Burgundy","300","Case of 1 Bottles","https://www.bbr.com/products-20218230461-2021-criots-batard-montrachet-grand-cru-domaine-fontaine-gagnard-burgundy","1068603","20218230461"
"Caroline Morey","2017","Criots-Batard-Montrachet, Grand Cru, Caroline Morey, Burgundy","4800","Case of 3 Bottles","https://www.bbr.com/products-20178200424-2017-criots-batard-montrachet-grand-cru-caroline-morey-burgundy","1746743","20178200424"
"Maison Joseph Drouhin","2013","Criots-Batard-Montrachet, Grand Cru, Joseph Drouhin, Burgundy","1794","Case of 6 Bottles","https://www.bbr.com/products-20138019181-2013-criots-batard-montrachet-grand-cru-joseph-drouhin-burgundy","1359590","20138019181"
"Maison Joseph Drouhin","2015","Criots-Batard-Montrachet, Grand Cru, Joseph Drouhin, Burgundy","2888","Case of 6 Bottles","https://www.bbr.com/products-20158019181-2015-criots-batard-montrachet-grand-cru-joseph-drouhin-burgundy","1359590","20158019181"
"Maison Joseph Drouhin","2015","Criots-Batard-Montrachet, Grand Cru, Joseph Drouhin, Burgundy","1425","Case of 3 Bottles","https://www.bbr.com/products-20158019181-2015-criots-batard-montrachet-grand-cru-joseph-drouhin-burgundy","1359590","20158019181"
"Maison Joseph Drouhin","2016","Criots-Batard-Montrachet, Grand Cru, Joseph Drouhin, Burgundy","1862","Case of 6 Bottles","https://www.bbr.com/products-20168019181-2016-criots-batard-montrachet-grand-cru-joseph-drouhin-burgundy","1359590","20168019181"
"Maison Joseph Drouhin","2018","Criots-Batard-Montrachet, Grand Cru, Joseph Drouhin, Burgundy","1380","Case of 6 Bottles","https://www.bbr.com/products-20188019181-2018-criots-batard-montrachet-grand-cru-joseph-drouhin-burgundy","1359590","20188019181"
"Domaine Hubert Lamy","2017","Criots-Batard-Montrachet, Haute Densite, Grand Cru, Domaine Hubert Lamy, Burgundy","4750","Case of 1 Bottles","https://www.bbr.com/products-20178058227-2017-criots-batard-montrachet-haute-densite-grand-cru-domaine-hubert-lamy-burgundy","1342613","20178058227"
"Domaine Hubert Lamy","2020","Criots-Batard-Montrachet, Haute Densite, Grand Cru, Domaine Hubert Lamy, Burgundy","4500","Case of 1 Bottles","https://www.bbr.com/products-20208058227-2020-criots-batard-montrachet-haute-densite-grand-cru-domaine-hubert-lamy-burgundy","1342613","20208058227"
"Cristom Vineyard","2018","Cristom, Louise Vineyard Pinot Noir, Eola-Amity Hills, WillametteValley, Oregon, USA","250","Case of 6 Bottles","https://www.bbr.com/products-20188060109-2018-cristom-louise-vineyard-pinot-noir-eola-amity-hills-willamettevalley-oregon-usa","1205842","20188060109"
"Croft","1985","Croft, Port, Portugal","525","Case of 12 Bottles","https://www.bbr.com/products-19858012212-1985-croft-port-portugal","1675546","19858012212"
"Croft","2000","Croft, Port, Portugal","350","Case of 12 Bottles","https://www.bbr.com/products-20008012212-2000-croft-port-portugal","1675546","20008012212"
"Croft","2003","Croft, Port, Portugal","370","Case of 12 Bottles","https://www.bbr.com/products-20038012212-2003-croft-port-portugal","1675546","20038012212"
"Croft","2003","Croft, Port, Portugal","370","Case of 12 Bottles","https://www.bbr.com/products-20038012212-2003-croft-port-portugal","1675546","20038012212"
"Croft","2007","Croft, Port, Portugal","268","Case of 6 Bottles","https://www.bbr.com/products-20078012212-2007-croft-port-portugal","1675546","20078012212"
"Croft","2009","Croft, Port, Portugal","200","Case of 6 Bottles","https://www.bbr.com/products-20098012212-2009-croft-port-portugal","1675546","20098012212"
"Croft","2011","Croft, Port, Portugal","175","Case of 6 Bottles","https://www.bbr.com/products-20118012212-2011-croft-port-portugal","1675546","20118012212"
"Croft","2011","Croft, Port, Portugal","175","Case of 6 Bottles","https://www.bbr.com/products-20118012212-2011-croft-port-portugal","1675546","20118012212"
"Croft","2017","Croft, Port, Portugal","275","Case of 6 Bottles","https://www.bbr.com/products-20178012212-2017-croft-port-portugal","1675546","20178012212"
"Croft","2015","Croft, Quinta da Roeda, Port, Portugal","150","Case of 6 Bottles","https://www.bbr.com/products-20158015008-2015-croft-quinta-da-roeda-port-portugal","1107481","20158015008"
"Croft","2018","Croft, Quinta da Roeda, Port, Portugal","115","Case of 6 Bottles","https://www.bbr.com/products-20188015008-2018-croft-quinta-da-roeda-port-portugal","1107481","20188015008"
"Croft","2018","Croft, Quinta da Roeda, Port, Portugal","150","Case of 12 Half Bottles","https://www.bbr.com/products-20188015008-2018-croft-quinta-da-roeda-port-portugal","1107481","20188015008"
"Croft","2017","Croft, Quinta da Roeda, Serikos, Port, Portugal","275","Case of 3 Bottles","https://www.bbr.com/products-20178108300-2017-croft-quinta-da-roeda-serikos-port-portugal","1828522","20178108300"
"Chateau Canon","2020","Croix Canon, St Emilion, Bordeaux","320","Case of 12 Bottles","https://www.bbr.com/products-20208104113-2020-croix-canon-st-emilion-bordeaux","1691199","20208104113"
"Maison Chapoutier","2016","Crozes-Ermitage, Les Varonniers, M. Chapoutier, Rhone","300","Case of 6 Bottles","https://www.bbr.com/products-20168007108-2016-crozes-ermitage-les-varonniers-m-chapoutier-rhone","1109603","20168007108"
"Maison Chapoutier","2018","Crozes-Ermitage, Les Varonniers, M. Chapoutier, Rhone","175","Case of 6 Bottles","https://www.bbr.com/products-20188007108-2018-crozes-ermitage-les-varonniers-m-chapoutier-rhone","1109603","20188007108"
"Jaboulet","2021","Crozes-Hermitage Blanc, Domaine Mule Blanche, Paul Jaboulet Aine, Rhone","150","Case of 6 Bottles","https://www.bbr.com/products-20218116356-2021-crozes-hermitage-blanc-domaine-mule-blanche-paul-jaboulet-aine-rhone","1113518","20218116356"
"Domaine des Remizieres","2016","Crozes-Hermitage Rouge, Cuvee Christophe, Domaine des Remizieres, Rhone","268","Case of 6 Bottles","https://www.bbr.com/products-20168139588-2016-crozes-hermitage-rouge-cuvee-christophe-domaine-des-remizieres-rhone","1115857","20168139588"
"Maison Chapoutier","2012","Crozes-Hermitage Rouge, Les Meysonniers, M. Chapoutier, Rhone","135","Case of 6 Bottles","https://www.bbr.com/products-20128014854-2012-crozes-hermitage-rouge-les-meysonniers-m-chapoutier-rhone","1109616","20128014854"
"Maison Chapoutier","2016","Crozes-Hermitage Rouge, Les Meysonniers, M. Chapoutier, Rhone","100","Case of 6 Bottles","https://www.bbr.com/products-20168014854-2016-crozes-hermitage-rouge-les-meysonniers-m-chapoutier-rhone","1109616","20168014854"
"Alain Graillot","2021","Crozes-Hermitage, Alain Graillot, Rhone","275","Case of 12 Bottles","https://www.bbr.com/products-20218034838-2021-crozes-hermitage-alain-graillot-rhone","1112771","20218034838"
"Domaine Combier","2015","Crozes-Hermitage, Cap Nord, Domaine Combier, Rhone","180","Case of 6 Bottles","https://www.bbr.com/products-20158031042-2015-crozes-hermitage-cap-nord-domaine-combier-rhone","1325568","20158031042"
"Domaine Combier","2009","Crozes-Hermitage, Clos des Grives, Domaine Combier, Rhone","580","Case of 12 Bottles","https://www.bbr.com/products-20098031055-2009-crozes-hermitage-clos-des-grives-domaine-combier-rhone","1176548","20098031055"
"Domaine Combier","2012","Crozes-Hermitage, Clos des Grives, Domaine Combier, Rhone","795","Case of 6 Magnums","https://www.bbr.com/products-20128031055-2012-crozes-hermitage-clos-des-grives-domaine-combier-rhone","1176548","20128031055"
"Domaine Combier","2015","Crozes-Hermitage, Clos des Grives, Domaine Combier, Rhone","165","Case of 6 Bottles","https://www.bbr.com/products-20158031055-2015-crozes-hermitage-clos-des-grives-domaine-combier-rhone","1176548","20158031055"
"Domaine Combier","2016","Crozes-Hermitage, Clos des Grives, Domaine Combier, Rhone","205","Case of 6 Bottles","https://www.bbr.com/products-20168031055-2016-crozes-hermitage-clos-des-grives-domaine-combier-rhone","1176548","20168031055"
"Domaine Les Chenets","2017","Crozes-Hermitage, Domaine Les Chenets, Rhone","490","Case of 12 Bottles","https://www.bbr.com/products-20171327748-2017-crozes-hermitage-domaine-les-chenets-rhone","1327748","20171327748"
"Jaboulet","2012","Crozes-Hermitage, Domaine de Thalabert, Paul Jaboulet Aine, Rhone","180","Case of 6 Bottles","https://www.bbr.com/products-20128013987-2012-crozes-hermitage-domaine-de-thalabert-paul-jaboulet-aine-rhone","1113547","20128013987"
"Jaboulet","2014","Crozes-Hermitage, Domaine de Thalabert, Paul Jaboulet Aine, Rhone","110","Case of 3 Magnums","https://www.bbr.com/products-20148013987-2014-crozes-hermitage-domaine-de-thalabert-paul-jaboulet-aine-rhone","1113547","20148013987"
"Jaboulet","2015","Crozes-Hermitage, Domaine de Thalabert, Paul Jaboulet Aine, Rhone","115","Case of 6 Bottles","https://www.bbr.com/products-20158013987-2015-crozes-hermitage-domaine-de-thalabert-paul-jaboulet-aine-rhone","1113547","20158013987"
"Jaboulet","2015","Crozes-Hermitage, Domaine de Thalabert, Paul Jaboulet Aine, Rhone","131","Case of 6 Bottles","https://www.bbr.com/products-20158013987-2015-crozes-hermitage-domaine-de-thalabert-paul-jaboulet-aine-rhone","1113547","20158013987"
"Jaboulet","2016","Crozes-Hermitage, Domaine de Thalabert, Paul Jaboulet Aine, Rhone","195.96","Case of 6 Bottles","https://www.bbr.com/products-20168013987-2016-crozes-hermitage-domaine-de-thalabert-paul-jaboulet-aine-rhone","1113547","20168013987"
"Jaboulet","2018","Crozes-Hermitage, Domaine de Thalabert, Paul Jaboulet Aine, Rhone","109","Case of 6 Bottles","https://www.bbr.com/products-20188013987-2018-crozes-hermitage-domaine-de-thalabert-paul-jaboulet-aine-rhone","1113547","20188013987"
"Jaboulet","2019","Crozes-Hermitage, Domaine de Thalabert, Paul Jaboulet Aine, Rhone","95","Case of 6 Bottles","https://www.bbr.com/products-20198013987-2019-crozes-hermitage-domaine-de-thalabert-paul-jaboulet-aine-rhone","1113547","20198013987"
"Jaboulet","2019","Crozes-Hermitage, Domaine de Thalabert, Paul Jaboulet Aine, Rhone","99","Case of 6 Bottles","https://www.bbr.com/products-20198013987-2019-crozes-hermitage-domaine-de-thalabert-paul-jaboulet-aine-rhone","1113547","20198013987"
"Jaboulet","2020","Crozes-Hermitage, Domaine de Thalabert, Paul Jaboulet Aine, Rhone","199","Case of 6 Bottles","https://www.bbr.com/products-20208013987-2020-crozes-hermitage-domaine-de-thalabert-paul-jaboulet-aine-rhone","1113547","20208013987"
"Jaboulet","2020","Crozes-Hermitage, Domaine de Thalabert, Paul Jaboulet Aine, Rhone","120","Case of 1 Double Magnums","https://www.bbr.com/products-20208013987-2020-crozes-hermitage-domaine-de-thalabert-paul-jaboulet-aine-rhone","1113547","20208013987"
"Jaboulet","2021","Crozes-Hermitage, Domaine de Thalabert, Paul Jaboulet Aine, Rhone","170","Case of 6 Bottles","https://www.bbr.com/products-20218013987-2021-crozes-hermitage-domaine-de-thalabert-paul-jaboulet-aine-rhone","1113547","20218013987"
"Jaboulet","2021","Crozes-Hermitage, Domaine de Thalabert, Paul Jaboulet Aine, Rhone","185","Case of 1 Double Magnums","https://www.bbr.com/products-20218013987-2021-crozes-hermitage-domaine-de-thalabert-paul-jaboulet-aine-rhone","1113547","20218013987"
"Domaine Emmanuel Darnaud","2016","Crozes-Hermitage, Les Trois Chenes, Emmanuel Darnaud, Rhone","1175","Case of 12 Bottles","https://www.bbr.com/products-20161176564-2016-crozes-hermitage-les-trois-chenes-emmanuel-darnaud-rhone","1176564","20161176564"
"Domaine Emmanuel Darnaud","2019","Crozes-Hermitage, Les Trois Chenes, Emmanuel Darnaud, Rhone","244","Case of 12 Bottles","https://www.bbr.com/products-20191176564-2019-crozes-hermitage-les-trois-chenes-emmanuel-darnaud-rhone","1176564","20191176564"
"Domaine Emmanuel Darnaud","2021","Crozes-Hermitage, Les Trois Chenes, Emmanuel Darnaud, Rhone","245","Case of 12 Bottles","https://www.bbr.com/products-20211176564-2021-crozes-hermitage-les-trois-chenes-emmanuel-darnaud-rhone","1176564","20211176564"
"Domaine Emmanuel Darnaud","2022","Crozes-Hermitage, Les Trois Chenes, Emmanuel Darnaud, Rhone","125","Case of 6 Bottles","https://www.bbr.com/products-20221176564-2022-crozes-hermitage-les-trois-chenes-emmanuel-darnaud-rhone","1176564","20221176564"
"Domaine Emmanuel Darnaud","2021","Crozes-Hermitage, Mise en Bouche, Emmanuel Darnaud, Rhone","220","Case of 12 Bottles","https://www.bbr.com/products-20211450880-2021-crozes-hermitage-mise-en-bouche-emmanuel-darnaud-rhone","1450880","20211450880"
"Crystallum Wines","2019","Crystallum, Mabalel, Pinot Noir, Elandskloof, South Africa","350","Case of 6 Bottles","https://www.bbr.com/products-20198319904-2019-crystallum-mabalel-pinot-noir-elandskloof-south-africa","1713880","20198319904"
"Crystallum Wines","2020","Crystallum, Mabalel, Pinot Noir, Elandskloof, South Africa","375","Case of 6 Bottles","https://www.bbr.com/products-20208319904-2020-crystallum-mabalel-pinot-noir-elandskloof-south-africa","1713880","20208319904"
"Crystallum Wines","2021","Crystallum, Peter Max, Pinot Noir, Western Cape, South Africa","295","Case of 6 Bottles","https://www.bbr.com/products-20218033482-2021-crystallum-peter-max-pinot-noir-western-cape-south-africa","1332924","20218033482"
"Crystallum Wines","2021","Crystallum, The Agnes, Chardonnay, Western Cape, South Africa","180","Case of 6 Bottles","https://www.bbr.com/products-20218307295-2021-crystallum-the-agnes-chardonnay-western-cape-south-africa","1332911","20218307295"
"Crystallum Wines","2023","Crystallum, The Agnes, Chardonnay, Western Cape, South Africa","195","Case of 6 Bottles","https://www.bbr.com/products-20238307295-2023-crystallum-the-agnes-chardonnay-western-cape-south-africa","1332911","20238307295"
"Crystallum Wines","2019","Crystallum, Whole Bunch, Pinot Noir, Hemel-en-Aarde Ridge, South Africa","349","Case of 6 Bottles","https://www.bbr.com/products-20198047821-2019-crystallum-whole-bunch-pinot-noir-hemel-en-aarde-ridge-south-africa","1713893","20198047821"
"Georges Lelektsoglou","2021","Crozes-Hermitage, Vieilles Vignes de Gervans, Georges Lelektsoglou, Rhone","174","Case of 6 Bottles","https://www.bbr.com/products-20218068785-2021-crozes-hermitage-vieilles-vignes-de-gervans-georges-lelektsoglou-rhone","2305804","20218068785"
"Cullen Wines","2010","Cullen, Diana Madeline, Margaret River, Australia","555","Case of 6 Bottles","https://www.bbr.com/products-20108008600-2010-cullen-diana-madeline-margaret-river-australia","1001910","20108008600"
"Cullen Wines","2014","Cullen, Diana Madeline, Margaret River, Australia","310","Case of 6 Bottles","https://www.bbr.com/products-20148008600-2014-cullen-diana-madeline-margaret-river-australia","1001910","20148008600"
"Cullen Wines","2018","Cullen, Kevin John, Margaret River, Australia","400","Case of 6 Bottles","https://www.bbr.com/products-20188008613-2018-cullen-kevin-john-margaret-river-australia","1136128","20188008613"
"Cullen Wines","2015","Cullen, Vanya, Cabernet Sauvignon, Margaret River, Australia","1500","Case of 6 Bottles","https://www.bbr.com/products-20158106423-2015-cullen-vanya-cabernet-sauvignon-margaret-river-australia","1485431","20158106423"
"Dourthe","2007","Cuvee d'Exception, Dourthe, Sauternes, Bordeaux","165","Case of 6 Bottles","https://www.bbr.com/products-20078123044-2007-cuvee-d-exception-dourthe-sauternes-bordeaux","1016864","20078123044"
"Dourthe","2009","Cuvee d'Exception, Dourthe, Sauternes, Bordeaux","119","Case of 6 Bottles","https://www.bbr.com/products-20098123044-2009-cuvee-d-exception-dourthe-sauternes-bordeaux","1016864","20098123044"
"Dourthe","2010","Cuvee d'Exception, Dourthe, Sauternes, Bordeaux","123","Case of 6 Bottles","https://www.bbr.com/products-20108123044-2010-cuvee-d-exception-dourthe-sauternes-bordeaux","1016864","20108123044"
"Maison Joseph Drouhin","2015","Cote de Beaune, Joseph Drouhin, Burgundy","190","Case of 6 Bottles","https://www.bbr.com/products-20158019178-2015-cote-de-beaune-joseph-drouhin-burgundy","1028821","20158019178"
"Maison Ex Nihilo","2023","Cote de Beaune, Les Monsnieres, Ex Nihilo, Burgundy","235","Case of 6 Bottles","https://www.bbr.com/products-20238085016-2023-cote-de-beaune-les-monsnieres-ex-nihilo-burgundy","3047132","20238085016"
"Jeremy Recchione","2022","Cote de Nuits Village, Les Essards, Jeremy Recchione, Burgundy","600","Case of 6 Bottles","https://www.bbr.com/products-20228311504-2022-cote-de-nuits-village-les-essards-jeremy-recchione-burgundy","2869995","20228311504"
"Benjamin Leroux","2021","Cote de Nuits Villages, Benjamin Leroux, Burgundy","170","Case of 6 Bottles","https://www.bbr.com/products-20218071169-2021-cote-de-nuits-villages-benjamin-leroux-burgundy","2972574","20218071169"
"Benjamin Leroux","2022","Cote de Nuits Villages, Benjamin Leroux, Burgundy","195","Case of 6 Bottles","https://www.bbr.com/products-20228071169-2022-cote-de-nuits-villages-benjamin-leroux-burgundy","2972574","20228071169"
"Sylvain Loichet","2013","Cote de Nuits Villages, Chantemerle, Sylvain Loichet, Burgundy","280","Case of 12 Bottles","https://www.bbr.com/products-20138023445-2013-cote-de-nuits-villages-chantemerle-sylvain-loichet-burgundy","1182226","20138023445"
"Jerome Galeyrand","2022","Cote de Nuits Villages, Les Retraits, Jerome Galeyrand, Burgundy","1800","Case of 6 Bottles","https://www.bbr.com/products-20228243829-2022-cote-de-nuits-villages-les-retraits-jerome-galeyrand-burgundy","2137041","20228243829"
"Jerome Galeyrand","2023","Cote de Nuits Villages, Les Retraits, Jerome Galeyrand, Burgundy","800","Case of 3 Bottles","https://www.bbr.com/products-20238243829-2023-cote-de-nuits-villages-les-retraits-jerome-galeyrand-burgundy","2137041","20238243829"
"Domaine Michele et Patrice Rion","2022","Cote de Nuits Villages, Patrice & Maxime Rion, Burgundy","186","Case of 6 Bottles","https://www.bbr.com/products-20228302098-2022-cote-de-nuits-villages-patrice-maxime-rion-burgundy","","20228302098"
"Jerome Galeyrand","2022","Cote de Nuits Villages, Vieilles Vignes, Jerome Galeyrand, Burgundy","400","Case of 6 Bottles","https://www.bbr.com/products-20228169613-2022-cote-de-nuits-villages-vieilles-vignes-jerome-galeyrand-burgundy","1974492","20228169613"
"Jerome Galeyrand","2023","Cote de Nuits Villages, Vieilles Vignes, Jerome Galeyrand, Burgundy","350","Case of 6 Bottles","https://www.bbr.com/products-20238169613-2023-cote-de-nuits-villages-vieilles-vignes-jerome-galeyrand-burgundy","1974492","20238169613"
"David Duband","2020","Cote de Nuits-Villages, David Duband, Burgundy","295","Case of 12 Bottles","https://www.bbr.com/products-20208071749-2020-cote-de-nuits-villages-david-duband-burgundy","1029639","20208071749"
"Domaine Henri Magnien","2021","Cote de Nuits-Villages, Queue de Hareng, Clos Francois Thurot, Domaine Henri Magnien, Burgundy","135","Case of 6 Bottles","https://www.bbr.com/products-20218303066-2021-cote-de-nuits-villages-queue-de-hareng-clos-francois-thurot-domaine-henri-magnien-burgundy","2831385","20218303066"
"Domaine Stephane Ogier","2015","Cote-Rotie Reserve, Domaine Michel et Stephane Ogier","260","Case of 6 Bottles","https://www.bbr.com/products-20158024875-2015-cote-rotie-reserve-domaine-michel-et-stephane-ogier","1334579","20158024875"
"Domaine Stephane Ogier","2016","Cote-Rotie Reserve, Domaine Michel et Stephane Ogier","325","Case of 6 Bottles","https://www.bbr.com/products-20168024875-2016-cote-rotie-reserve-domaine-michel-et-stephane-ogier","1334579","20168024875"
"Maison Guigal","2015","Cote-Rotie Trilogie (Turque, Mouline, Landonne), E. Guigal, Rhone, Three-Bottle Assortment Case","950","Case of 1 s","https://www.bbr.com/products-20158100476-2015-cote-rotie-trilogie-turque-mouline-landonne-e-guigal-rhone-three-bottle-assortment-case","1142473","20158100476"
"Maison Guigal","2016","Cote-Rotie Trilogie (Turque, Mouline, Landonne), E. Guigal, Rhone, Three-Bottle Assortment Case","825","Case of 1 s","https://www.bbr.com/products-20168100476-2016-cote-rotie-trilogie-turque-mouline-landonne-e-guigal-rhone-three-bottle-assortment-case","1142473","20168100476"
"Maison Guigal","2017","Cote-Rotie Trilogie (Turque, Mouline, Landonne), E. Guigal, Rhone, Three-Bottle Assortment Case","675","Case of 1 s","https://www.bbr.com/products-20178100476-2017-cote-rotie-trilogie-turque-mouline-landonne-e-guigal-rhone-three-bottle-assortment-case","1142473","20178100476"
"Domaine Rene Rostaing","2009","Cote-Rotie, Ampodium, Domaine Rene Rostaing, Rhone","525","Case of 12 Bottles","https://www.bbr.com/products-20091158917-2009-cote-rotie-ampodium-domaine-rene-rostaing-rhone","1158917","20091158917"
"Domaine Rene Rostaing","2010","Cote-Rotie, Ampodium, Domaine Rene Rostaing, Rhone","320","Case of 6 Bottles","https://www.bbr.com/products-20101158917-2010-cote-rotie-ampodium-domaine-rene-rostaing-rhone","1158917","20101158917"
"Domaine Rene Rostaing","2012","Cote-Rotie, Ampodium, Domaine Rene Rostaing, Rhone","300","Case of 6 Bottles","https://www.bbr.com/products-20121158917-2012-cote-rotie-ampodium-domaine-rene-rostaing-rhone","1158917","20121158917"
"Domaine Rene Rostaing","2012","Cote-Rotie, Ampodium, Domaine Rene Rostaing, Rhone","270","Case of 6 Bottles","https://www.bbr.com/products-20121158917-2012-cote-rotie-ampodium-domaine-rene-rostaing-rhone","1158917","20121158917"
"Domaine Rene Rostaing","2014","Cote-Rotie, Ampodium, Domaine Rene Rostaing, Rhone","429","Case of 12 Bottles","https://www.bbr.com/products-20141158917-2014-cote-rotie-ampodium-domaine-rene-rostaing-rhone","1158917","20141158917"
"Domaine Rene Rostaing","2017","Cote-Rotie, Ampodium, Domaine Rene Rostaing, Rhone","210","Case of 6 Bottles","https://www.bbr.com/products-20171158917-2017-cote-rotie-ampodium-domaine-rene-rostaing-rhone","1158917","20171158917"
"Domaine Rene Rostaing","2018","Cote-Rotie, Ampodium, Domaine Rene Rostaing, Rhone","230","Case of 6 Bottles","https://www.bbr.com/products-20181158917-2018-cote-rotie-ampodium-domaine-rene-rostaing-rhone","1158917","20181158917"
"Domaine Rene Rostaing","2019","Cote-Rotie, Ampodium, Domaine Rene Rostaing, Rhone","220","Case of 6 Bottles","https://www.bbr.com/products-20191158917-2019-cote-rotie-ampodium-domaine-rene-rostaing-rhone","1158917","20191158917"
"Domaine Rene Rostaing","2020","Cote-Rotie, Ampodium, Domaine Rene Rostaing, Rhone","250","Case of 6 Bottles","https://www.bbr.com/products-20201158917-2020-cote-rotie-ampodium-domaine-rene-rostaing-rhone","1158917","20201158917"
"Domaine Rene Rostaing","2021","Cote-Rotie, Ampodium, Domaine Rene Rostaing, Rhone","220","Case of 6 Bottles","https://www.bbr.com/products-20211158917-2021-cote-rotie-ampodium-domaine-rene-rostaing-rhone","1158917","20211158917"
"Domaine Rene Rostaing","2022","Cote-Rotie, Ampodium, Domaine Rene Rostaing, Rhone","315","Case of 6 Bottles","https://www.bbr.com/products-20221158917-2022-cote-rotie-ampodium-domaine-rene-rostaing-rhone","1158917","20221158917"
"Domaine Rene Rostaing","2022","Cote-Rotie, Ampodium, Domaine Rene Rostaing, Rhone","250","Case of 6 Bottles","https://www.bbr.com/products-20221158917-2022-cote-rotie-ampodium-domaine-rene-rostaing-rhone","1158917","20221158917"
"Domaine Georges Vernay","2020","Cote-Rotie, Blonde du Seigneur, Domaine Georges Vernay, Rhone","330","Case of 6 Bottles","https://www.bbr.com/products-20208015503-2020-cote-rotie-blonde-du-seigneur-domaine-georges-vernay-rhone","1316980","20208015503"
"Domaine Georges Vernay","2021","Cote-Rotie, Blonde du Seigneur, Domaine Georges Vernay, Rhone","350","Case of 6 Bottles","https://www.bbr.com/products-20218015503-2021-cote-rotie-blonde-du-seigneur-domaine-georges-vernay-rhone","1316980","20218015503"
"Domaine Pierre-Jean Villa","2012","Cote-Rotie, Carmina, Pierre Jean Villa, Rhone","415","Case of 6 Bottles","https://www.bbr.com/products-20128138653-2012-cote-rotie-carmina-pierre-jean-villa-rhone","1176476","20128138653"
"Domaine Jean-Michel Gerin","2009","Cote-Rotie, Champin le Seigneur, Domaine Jean-Michel Gerin, Rhone","500","Case of 6 Bottles","https://www.bbr.com/products-20091112654-2009-cote-rotie-champin-le-seigneur-domaine-jean-michel-gerin-rhone","1112654","20091112654"
"Domaine Jean-Michel Gerin","2010","Cote-Rotie, Champin le Seigneur, Domaine Jean-Michel Gerin, Rhone","590","Case of 6 Bottles","https://www.bbr.com/products-20101112654-2010-cote-rotie-champin-le-seigneur-domaine-jean-michel-gerin-rhone","1112654","20101112654"
"Domaine Jean-Michel Gerin","2011","Cote-Rotie, Champin le Seigneur, Domaine Jean-Michel Gerin, Rhone","165","Case of 6 Bottles","https://www.bbr.com/products-20111112654-2011-cote-rotie-champin-le-seigneur-domaine-jean-michel-gerin-rhone","1112654","20111112654"
"Maison Guigal","2005","Cote-Rotie, Chateau d'Ampuis, E. Guigal, Rhone","1600","Case of 12 Bottles","https://www.bbr.com/products-20058116460-2005-cote-rotie-chateau-d-ampuis-e-guigal-rhone","1113172","20058116460"
"Maison Guigal","2009","Cote-Rotie, Chateau d'Ampuis, E. Guigal, Rhone","1375","Case of 12 Bottles","https://www.bbr.com/products-20098116460-2009-cote-rotie-chateau-d-ampuis-e-guigal-rhone","1113172","20098116460"
"Maison Guigal","2010","Cote-Rotie, Chateau d'Ampuis, E. Guigal, Rhone","300","Case of 3 Bottles","https://www.bbr.com/products-20108116460-2010-cote-rotie-chateau-d-ampuis-e-guigal-rhone","1113172","20108116460"
"Maison Guigal","2015","Cote-Rotie, Chateau d'Ampuis, E. Guigal, Rhone","440","Case of 6 Bottles","https://www.bbr.com/products-20158116460-2015-cote-rotie-chateau-d-ampuis-e-guigal-rhone","1113172","20158116460"
"Domaine Benetiere","2011","Cote-Rotie, Cordeloux, Marie &amp; Pierre Benetiere, Rhone","1523","Case of 12 Bottles","https://www.bbr.com/products-20118117119-2011-cote-rotie-cordeloux-marie-and-pierre-benetiere-rhone","1219265","20118117119"
"Vignobles Levet","2013","Cote-Rotie, Cuvee La Peroline, Vignobles Levet, Rhone","790","Case of 12 Bottles","https://www.bbr.com/products-20138212885-2013-cote-rotie-cuvee-la-peroline-vignobles-levet-rhone","1114225","20138212885"
"Vignobles Levet","2020","Cote-Rotie, Cuvee La Peroline, Vignobles Levet, Rhone","260","Case of 6 Bottles","https://www.bbr.com/products-20208212885-2020-cote-rotie-cuvee-la-peroline-vignobles-levet-rhone","1114225","20208212885"
"Vignobles Levet","2015","Cote-Rotie, Cuvee Maestria, Vignobles Levet, Rhone","225","Case of 6 Bottles","https://www.bbr.com/products-20158032791-2015-cote-rotie-cuvee-maestria-vignobles-levet-rhone","1114212","20158032791"
"Domaine Barge","2013","Cote-Rotie, Cote Blonde, Domaine Gilles Barge, Rhone","269","Case of 6 Bottles","https://www.bbr.com/products-20138016106-2013-cote-rotie-cote-blonde-domaine-gilles-barge-rhone","1325207","20138016106"
"Domaine Barge","2015","Cote-Rotie, Cote Blonde, Domaine Gilles Barge, Rhone","565","Case of 6 Bottles","https://www.bbr.com/products-20158016106-2015-cote-rotie-cote-blonde-domaine-gilles-barge-rhone","1325207","20158016106"
"Domaine Rene Rostaing","2011","Cote-Rotie, Cote Blonde, Domaine Rene Rostaing, Rhone","450","Case of 6 Bottles","https://www.bbr.com/products-20111116043-2011-cote-rotie-cote-blonde-domaine-rene-rostaing-rhone","1116043","20111116043"
"Domaine Rene Rostaing","2012","Cote-Rotie, Cote Blonde, Domaine Rene Rostaing, Rhone","440","Case of 6 Bottles","https://www.bbr.com/products-20121116043-2012-cote-rotie-cote-blonde-domaine-rene-rostaing-rhone","1116043","20121116043"
"Domaine Rene Rostaing","2012","Cote-Rotie, Cote Blonde, Domaine Rene Rostaing, Rhone","645","Case of 6 Bottles","https://www.bbr.com/products-20121116043-2012-cote-rotie-cote-blonde-domaine-rene-rostaing-rhone","1116043","20121116043"
"Domaine Rene Rostaing","2012","Cote-Rotie, Cote Blonde, Domaine Rene Rostaing, Rhone","1295","Case of 12 Bottles","https://www.bbr.com/products-20121116043-2012-cote-rotie-cote-blonde-domaine-rene-rostaing-rhone","1116043","20121116043"
"Domaine Rene Rostaing","2013","Cote-Rotie, Cote Blonde, Domaine Rene Rostaing, Rhone","432","Case of 6 Bottles","https://www.bbr.com/products-20131116043-2013-cote-rotie-cote-blonde-domaine-rene-rostaing-rhone","1116043","20131116043"
"Domaine Rene Rostaing","2013","Cote-Rotie, Cote Blonde, Domaine Rene Rostaing, Rhone","438","Case of 6 Bottles","https://www.bbr.com/products-20131116043-2013-cote-rotie-cote-blonde-domaine-rene-rostaing-rhone","1116043","20131116043"
"Domaine Rene Rostaing","2015","Cote-Rotie, Cote Blonde, Domaine Rene Rostaing, Rhone","930","Case of 6 Bottles","https://www.bbr.com/products-20151116043-2015-cote-rotie-cote-blonde-domaine-rene-rostaing-rhone","1116043","20151116043"
"Domaine Rene Rostaing","2016","Cote-Rotie, Cote Blonde, Domaine Rene Rostaing, Rhone","540","Case of 6 Bottles","https://www.bbr.com/products-20161116043-2016-cote-rotie-cote-blonde-domaine-rene-rostaing-rhone","1116043","20161116043"
"Domaine Rene Rostaing","2017","Cote-Rotie, Cote Blonde, Domaine Rene Rostaing, Rhone","530","Case of 6 Bottles","https://www.bbr.com/products-20171116043-2017-cote-rotie-cote-blonde-domaine-rene-rostaing-rhone","1116043","20171116043"
"Domaine Rene Rostaing","2018","Cote-Rotie, Cote Blonde, Domaine Rene Rostaing, Rhone","449","Case of 6 Bottles","https://www.bbr.com/products-20181116043-2018-cote-rotie-cote-blonde-domaine-rene-rostaing-rhone","1116043","20181116043"
"Domaine Rene Rostaing","2020","Cote-Rotie, Cote Blonde, Domaine Rene Rostaing, Rhone","588","Case of 6 Bottles","https://www.bbr.com/products-20201116043-2020-cote-rotie-cote-blonde-domaine-rene-rostaing-rhone","1116043","20201116043"
"Domaine Rene Rostaing","2020","Cote-Rotie, Cote Blonde, Domaine Rene Rostaing, Rhone","600","Case of 6 Bottles","https://www.bbr.com/products-20201116043-2020-cote-rotie-cote-blonde-domaine-rene-rostaing-rhone","1116043","20201116043"
"Domaine Rene Rostaing","2021","Cote-Rotie, Cote Blonde, Domaine Rene Rostaing, Rhone","430","Case of 6 Bottles","https://www.bbr.com/products-20211116043-2021-cote-rotie-cote-blonde-domaine-rene-rostaing-rhone","1116043","20211116043"
"Domaine Rene Rostaing","2021","Cote-Rotie, Cote Blonde, Domaine Rene Rostaing, Rhone","480","Case of 6 Bottles","https://www.bbr.com/products-20211116043-2021-cote-rotie-cote-blonde-domaine-rene-rostaing-rhone","1116043","20211116043"
"Domaine Barge","2016","Cote-Rotie, Cote Brune, Domaine Barge, Rhone","330","Case of 6 Bottles","https://www.bbr.com/products-20168116893-2016-cote-rotie-cote-brune-domaine-barge-rhone","1108260","20168116893"
"Domaine Rene Rostaing","2017","Cote-Rotie, Cote Brune, Domaine Rene Rostaing, Rhone","1300","Case of 6 Bottles","https://www.bbr.com/products-20178104487-2017-cote-rotie-cote-brune-domaine-rene-rostaing-rhone","1619690","20178104487"
"Domaine Rene Rostaing","2018","Cote-Rotie, Cote Brune, Domaine Rene Rostaing, Rhone","1100","Case of 6 Bottles","https://www.bbr.com/products-20188104487-2018-cote-rotie-cote-brune-domaine-rene-rostaing-rhone","1619690","20188104487"
"Domaine Rene Rostaing","2022","Cote-Rotie, Cote Brune, Domaine Rene Rostaing, Rhone","1000","Case of 6 Bottles","https://www.bbr.com/products-20228104487-2022-cote-rotie-cote-brune-domaine-rene-rostaing-rhone","1619690","20228104487"
"Domaine Billon Christophe & Maryline","2019","Cote-Rotie, Cote Rozier, Domaine Billon, Rhone","312","Case of 6 Bottles","https://www.bbr.com/products-20198043706-2019-cote-rotie-cote-rozier-domaine-billon-rhone","1588275","20198043706"
"Domaine Billon Christophe & Maryline","2020","Cote-Rotie, Cote Rozier, Domaine Billon, Rhone","325","Case of 6 Bottles","https://www.bbr.com/products-20208043706-2020-cote-rotie-cote-rozier-domaine-billon-rhone","1588275","20208043706"
"Domaine Billon Christophe & Maryline","2021","Cote-Rotie, Cote Rozier, Domaine Billon, Rhone","340","Case of 6 Bottles","https://www.bbr.com/products-20218043706-2021-cote-rotie-cote-rozier-domaine-billon-rhone","1588275","20218043706"
"Domaine P & C Bonnefond","2019","Cote-Rotie, Cote Rozier, P & C Bonnefond, Rhone","275","Case of 6 Bottles","https://www.bbr.com/products-20198245647-2019-cote-rotie-cote-rozier-p-c-bonnefond-rhone","1108912","20198245647"
"Domaine P & C Bonnefond","2019","Cote-Rotie, Dans les Vignes de Mon Pere, Lea Bonnefond, P &amp; C Bonnefond, Rhone","380","Case of 6 Bottles","https://www.bbr.com/products-20198166827-2019-cote-rotie-dans-les-vignes-de-mon-pere-lea-bonnefond-p-and-c-bonnefond-rhone","2417880","20198166827"
"Domaine B. Burgaud","2020","Cote-Rotie, Domaine B. Burgaud, Rhone","182","Case of 6 Bottles","https://www.bbr.com/products-20208107778-2020-cote-rotie-domaine-b-burgaud-rhone","1109111","20208107778"
"Domaine Jamet","2013","Cote-Rotie, Domaine Jamet, Rhone","1200","Case of 12 Bottles","https://www.bbr.com/products-20138116297-2013-cote-rotie-domaine-jamet-rhone","1113824","20138116297"
"Domaine Jamet","2014","Cote-Rotie, Domaine Jamet, Rhone","595","Case of 6 Bottles","https://www.bbr.com/products-20148116297-2014-cote-rotie-domaine-jamet-rhone","1113824","20148116297"
"Domaine Jamet","2018","Cote-Rotie, Domaine Jamet, Rhone","1398","Case of 12 Bottles","https://www.bbr.com/products-20188116297-2018-cote-rotie-domaine-jamet-rhone","1113824","20188116297"
"Domaine Jamet","2019","Cote-Rotie, Domaine Jamet, Rhone","2000","Case of 6 Bottles","https://www.bbr.com/products-20198116297-2019-cote-rotie-domaine-jamet-rhone","1113824","20198116297"
"Mouton Pere & Fils","2017","Cote-Rotie, Domaine Mouton, Rhone","288","Case of 6 Bottles","https://www.bbr.com/products-20178033583-2017-cote-rotie-domaine-mouton-rhone","1363564","20178033583"
"Domaine Pierre Gaillard","2015","Cote-Rotie, Domaine Pierre Gaillard, Rhone","190","Case of 6 Bottles","https://www.bbr.com/products-20158010931-2015-cote-rotie-domaine-pierre-gaillard-rhone","1112250","20158010931"
"Domaine Pierre Gaillard","2016","Cote-Rotie, Domaine Pierre Gaillard, Rhone","420","Case of 6 Bottles","https://www.bbr.com/products-20168010931-2016-cote-rotie-domaine-pierre-gaillard-rhone","1112250","20168010931"
"Domaine Pierre Gaillard","2017","Cote-Rotie, Domaine Pierre Gaillard, Rhone","175","Case of 6 Bottles","https://www.bbr.com/products-20178010931-2017-cote-rotie-domaine-pierre-gaillard-rhone","1112250","20178010931"
"Domaine Pierre Gaillard","2019","Cote-Rotie, Esprit de Blonde, Domaine Pierre Gaillard, Rhone","360","Case of 6 Bottles","https://www.bbr.com/products-20198021861-2019-cote-rotie-esprit-de-blonde-domaine-pierre-gaillard-rhone","1270783","20198021861"
"Domaine Pierre Gaillard","2020","Cote-Rotie, Esprit de Blonde, Domaine Pierre Gaillard, Rhone","325","Case of 6 Bottles","https://www.bbr.com/products-20208021861-2020-cote-rotie-esprit-de-blonde-domaine-pierre-gaillard-rhone","1270783","20208021861"
"Domaine Pierre Gaillard","2021","Cote-Rotie, Esprit de Blonde, Domaine Pierre Gaillard, Rhone","400","Case of 6 Bottles","https://www.bbr.com/products-20218021861-2021-cote-rotie-esprit-de-blonde-domaine-pierre-gaillard-rhone","1270783","20218021861"
"Domaine Jamet","2019","Cote-Rotie, Fructus Voluptas, Domaine Jamet, Rhone","359","Case of 6 Bottles","https://www.bbr.com/products-20198056991-2019-cote-rotie-fructus-voluptas-domaine-jamet-rhone","1113853","20198056991"
"Domaine Yves Gangloff","2009","Cote-Rotie, La Barbarine, Domaine Gangloff, Rhone","3250","Case of 12 Bottles","https://www.bbr.com/products-20091112393-2009-cote-rotie-la-barbarine-domaine-gangloff-rhone","1112393","20091112393"
"Domaine Yves Gangloff","2010","Cote-Rotie, La Barbarine, Domaine Gangloff, Rhone","1688","Case of 6 Bottles","https://www.bbr.com/products-20101112393-2010-cote-rotie-la-barbarine-domaine-gangloff-rhone","1112393","20101112393"
"Domaine Yves Gangloff","2017","Cote-Rotie, La Barbarine, Domaine Gangloff, Rhone","1350","Case of 6 Bottles","https://www.bbr.com/products-20171112393-2017-cote-rotie-la-barbarine-domaine-gangloff-rhone","1112393","20171112393"
"Domaine Yves Gangloff","2018","Cote-Rotie, La Barbarine, Domaine Gangloff, Rhone","1175","Case of 6 Bottles","https://www.bbr.com/products-20181112393-2018-cote-rotie-la-barbarine-domaine-gangloff-rhone","1112393","20181112393"
"Domaine Yves Gangloff","2019","Cote-Rotie, La Barbarine, Domaine Gangloff, Rhone","190","Case of 1 Bottles","https://www.bbr.com/products-20191112393-2019-cote-rotie-la-barbarine-domaine-gangloff-rhone","1112393","20191112393"
"Domaine Yves Gangloff","2019","Cote-Rotie, La Barbarine, Domaine Gangloff, Rhone","925","Case of 6 Bottles","https://www.bbr.com/products-20191112393-2019-cote-rotie-la-barbarine-domaine-gangloff-rhone","1112393","20191112393"
"Domaine Stephane Ogier","2018","Cote-Rotie, La Belle Helene, Domaine Michel & Stephane Ogier, Rhone","915","Case of 3 Bottles","https://www.bbr.com/products-20188007414-2018-cote-rotie-la-belle-helene-domaine-michel-stephane-ogier-rhone","1114919","20188007414"
"Domaine Stephane Ogier","2018","Cote-Rotie, La Belle Helene, Domaine Michel & Stephane Ogier, Rhone","1665","Case of 6 Bottles","https://www.bbr.com/products-20188007414-2018-cote-rotie-la-belle-helene-domaine-michel-stephane-ogier-rhone","1114919","20188007414"
"Domaine Stephane Ogier","2005","Cote-Rotie, La Belle Helene, Domaine Michel &amp; Stephane Ogier, Rhone","975","Case of 6 Bottles","https://www.bbr.com/products-20058007414-2005-cote-rotie-la-belle-helene-domaine-michel-and-stephane-ogier-rhone","1114919","20058007414"
"Domaine Stephane Ogier","2009","Cote-Rotie, La Belle Helene, Domaine Michel &amp; Stephane Ogier, Rhone","845","Case of 3 Bottles","https://www.bbr.com/products-20098007414-2009-cote-rotie-la-belle-helene-domaine-michel-and-stephane-ogier-rhone","1114919","20098007414"
"Domaine Stephane Ogier","2011","Cote-Rotie, La Belle Helene, Domaine Michel &amp; Stephane Ogier, Rhone","460","Case of 3 Bottles","https://www.bbr.com/products-20118007414-2011-cote-rotie-la-belle-helene-domaine-michel-and-stephane-ogier-rhone","1114919","20118007414"
"Domaine Stephane Ogier","2012","Cote-Rotie, La Belle Helene, Domaine Michel &amp; Stephane Ogier, Rhone","400","Case of 3 Bottles","https://www.bbr.com/products-20128007414-2012-cote-rotie-la-belle-helene-domaine-michel-and-stephane-ogier-rhone","1114919","20128007414"
"Domaine Stephane Ogier","2013","Cote-Rotie, La Belle Helene, Domaine Michel &amp; Stephane Ogier, Rhone","525","Case of 3 Bottles","https://www.bbr.com/products-20138007414-2013-cote-rotie-la-belle-helene-domaine-michel-and-stephane-ogier-rhone","1114919","20138007414"
"Domaine Billon Christophe & Maryline","2019","Cote-Rotie, La Brocarde, Domaine Billon, Rhone","330","Case of 6 Bottles","https://www.bbr.com/products-20198201580-2019-cote-rotie-la-brocarde-domaine-billon-rhone","1589546","20198201580"
"Domaine Jasmin","2015","Cote-Rotie, La Giroflarie, Patrick Jasmin, Rhone","460","Case of 12 Bottles","https://www.bbr.com/products-20158104676-2015-cote-rotie-la-giroflarie-patrick-jasmin-rhone","1581205","20158104676"
"Domaine Jasmin","2016","Cote-Rotie, La Giroflarie, Patrick Jasmin, Rhone","350","Case of 12 Bottles","https://www.bbr.com/products-20168104676-2016-cote-rotie-la-giroflarie-patrick-jasmin-rhone","1581205","20168104676"
"Domaine Delas Freres","2013","Cote-Rotie, La Landonne, Delas Freres, Rhone","717","Case of 6 Bottles","https://www.bbr.com/products-20138116561-2013-cote-rotie-la-landonne-delas-freres-rhone","1111426","20138116561"
"Domaine Delas Freres","2013","Cote-Rotie, La Landonne, Delas Freres, Rhone","717","Case of 6 Bottles","https://www.bbr.com/products-20138116561-2013-cote-rotie-la-landonne-delas-freres-rhone","1111426","20138116561"
"Domaine Delas Freres","2014","Cote-Rotie, La Landonne, Delas Freres, Rhone","688","Case of 6 Bottles","https://www.bbr.com/products-20148116561-2014-cote-rotie-la-landonne-delas-freres-rhone","1111426","20148116561"
"Domaine Delas Freres","2015","Cote-Rotie, La Landonne, Delas Freres, Rhone","762","Case of 6 Bottles","https://www.bbr.com/products-20158116561-2015-cote-rotie-la-landonne-delas-freres-rhone","1111426","20158116561"
"Domaine Delas Freres","2015","Cote-Rotie, La Landonne, Delas Freres, Rhone","762","Case of 6 Bottles","https://www.bbr.com/products-20158116561-2015-cote-rotie-la-landonne-delas-freres-rhone","1111426","20158116561"
"Domaine Delas Freres","2016","Cote-Rotie, La Landonne, Delas Freres, Rhone","587","Case of 6 Bottles","https://www.bbr.com/products-20168116561-2016-cote-rotie-la-landonne-delas-freres-rhone","1111426","20168116561"
"Domaine Delas Freres","2020","Cote-Rotie, La Landonne, Delas Freres, Rhone","820","Case of 6 Bottles","https://www.bbr.com/products-20208116561-2020-cote-rotie-la-landonne-delas-freres-rhone","1111426","20208116561"
"Domaine Jean-Michel Gerin","2010","Cote-Rotie, La Landonne, Domaine Jean-Michel Gerin, Rhone","675","Case of 6 Bottles","https://www.bbr.com/products-20108015242-2010-cote-rotie-la-landonne-domaine-jean-michel-gerin-rhone","1112670","20108015242"
"Domaine Jean-Michel Gerin","2018","Cote-Rotie, La Landonne, Domaine Jean-Michel Gerin, Rhone","1000","Case of 6 Bottles","https://www.bbr.com/products-20188015242-2018-cote-rotie-la-landonne-domaine-jean-michel-gerin-rhone","1112670","20188015242"
"Domaine Jean-Michel Gerin","2019","Cote-Rotie, La Landonne, Domaine Jean-Michel Gerin, Rhone","780","Case of 6 Bottles","https://www.bbr.com/products-20198015242-2019-cote-rotie-la-landonne-domaine-jean-michel-gerin-rhone","1112670","20198015242"
"Domaine Rene Rostaing","2010","Cote-Rotie, La Landonne, Domaine Rene Rostaing, Rhone","520","Case of 6 Bottles","https://www.bbr.com/products-20101116056-2010-cote-rotie-la-landonne-domaine-rene-rostaing-rhone","1116056","20101116056"
"Domaine Rene Rostaing","2011","Cote-Rotie, La Landonne, Domaine Rene Rostaing, Rhone","620","Case of 6 Bottles","https://www.bbr.com/products-20111116056-2011-cote-rotie-la-landonne-domaine-rene-rostaing-rhone","1116056","20111116056"
"Domaine Rene Rostaing","2011","Cote-Rotie, La Landonne, Domaine Rene Rostaing, Rhone","620","Case of 6 Bottles","https://www.bbr.com/products-20111116056-2011-cote-rotie-la-landonne-domaine-rene-rostaing-rhone","1116056","20111116056"
"Domaine Rene Rostaing","2012","Cote-Rotie, La Landonne, Domaine Rene Rostaing, Rhone","650","Case of 6 Bottles","https://www.bbr.com/products-20121116056-2012-cote-rotie-la-landonne-domaine-rene-rostaing-rhone","1116056","20121116056"
"Domaine Rene Rostaing","2013","Cote-Rotie, La Landonne, Domaine Rene Rostaing, Rhone","590","Case of 6 Bottles","https://www.bbr.com/products-20131116056-2013-cote-rotie-la-landonne-domaine-rene-rostaing-rhone","1116056","20131116056"
"Domaine Rene Rostaing","2015","Cote-Rotie, La Landonne, Domaine Rene Rostaing, Rhone","630","Case of 6 Bottles","https://www.bbr.com/products-20151116056-2015-cote-rotie-la-landonne-domaine-rene-rostaing-rhone","1116056","20151116056"
"Domaine Rene Rostaing","2015","Cote-Rotie, La Landonne, Domaine Rene Rostaing, Rhone","2000","Case of 6 Bottles","https://www.bbr.com/products-20151116056-2015-cote-rotie-la-landonne-domaine-rene-rostaing-rhone","1116056","20151116056"
"Domaine Rene Rostaing","2016","Cote-Rotie, La Landonne, Domaine Rene Rostaing, Rhone","420","Case of 6 Bottles","https://www.bbr.com/products-20161116056-2016-cote-rotie-la-landonne-domaine-rene-rostaing-rhone","1116056","20161116056"
"Domaine Rene Rostaing","2016","Cote-Rotie, La Landonne, Domaine Rene Rostaing, Rhone","475","Case of 6 Bottles","https://www.bbr.com/products-20161116056-2016-cote-rotie-la-landonne-domaine-rene-rostaing-rhone","1116056","20161116056"
"Domaine Rene Rostaing","2017","Cote-Rotie, La Landonne, Domaine Rene Rostaing, Rhone","445","Case of 6 Bottles","https://www.bbr.com/products-20171116056-2017-cote-rotie-la-landonne-domaine-rene-rostaing-rhone","1116056","20171116056"
"Domaine Rene Rostaing","2018","Cote-Rotie, La Landonne, Domaine Rene Rostaing, Rhone","460","Case of 6 Bottles","https://www.bbr.com/products-20181116056-2018-cote-rotie-la-landonne-domaine-rene-rostaing-rhone","1116056","20181116056"
"Domaine Rene Rostaing","2019","Cote-Rotie, La Landonne, Domaine Rene Rostaing, Rhone","800","Case of 3 Magnums","https://www.bbr.com/products-20191116056-2019-cote-rotie-la-landonne-domaine-rene-rostaing-rhone","1116056","20191116056"
"Domaine Rene Rostaing","2020","Cote-Rotie, La Landonne, Domaine Rene Rostaing, Rhone","1400","Case of 6 Bottles","https://www.bbr.com/products-20201116056-2020-cote-rotie-la-landonne-domaine-rene-rostaing-rhone","1116056","20201116056"
"Domaine Rene Rostaing","2021","Cote-Rotie, La Landonne, Domaine Rene Rostaing, Rhone","450","Case of 6 Bottles","https://www.bbr.com/products-20211116056-2021-cote-rotie-la-landonne-domaine-rene-rostaing-rhone","1116056","20211116056"
"Domaine Rene Rostaing","2022","Cote-Rotie, La Landonne, Domaine Rene Rostaing, Rhone","480","Case of 6 Bottles","https://www.bbr.com/products-20221116056-2022-cote-rotie-la-landonne-domaine-rene-rostaing-rhone","1116056","20221116056"
"Maison Guigal","1998","Cote-Rotie, La Landonne, E. Guigal, Rhone","12000","Case of 12 Bottles","https://www.bbr.com/products-19988116444-1998-cote-rotie-la-landonne-e-guigal-rhone","1113198","19988116444"
"Maison Guigal","1999","Cote-Rotie, La Landonne, E. Guigal, Rhone","5000","Case of 6 Bottles","https://www.bbr.com/products-19998116444-1999-cote-rotie-la-landonne-e-guigal-rhone","1113198","19998116444"
"Maison Guigal","2000","Cote-Rotie, La Landonne, E. Guigal, Rhone","1450","Case of 6 Bottles","https://www.bbr.com/products-20008116444-2000-cote-rotie-la-landonne-e-guigal-rhone","1113198","20008116444"
"Maison Guigal","2003","Cote-Rotie, La Landonne, E. Guigal, Rhone","1200","Case of 3 Bottles","https://www.bbr.com/products-20038116444-2003-cote-rotie-la-landonne-e-guigal-rhone","1113198","20038116444"
"Maison Guigal","2005","Cote-Rotie, La Landonne, E. Guigal, Rhone","2200","Case of 6 Bottles","https://www.bbr.com/products-20058116444-2005-cote-rotie-la-landonne-e-guigal-rhone","1113198","20058116444"
"Maison Guigal","2006","Cote-Rotie, La Landonne, E. Guigal, Rhone","550","Case of 3 Bottles","https://www.bbr.com/products-20068116444-2006-cote-rotie-la-landonne-e-guigal-rhone","1113198","20068116444"
"Maison Guigal","2007","Cote-Rotie, La Landonne, E. Guigal, Rhone","1050","Case of 6 Bottles","https://www.bbr.com/products-20078116444-2007-cote-rotie-la-landonne-e-guigal-rhone","1113198","20078116444"
"Maison Guigal","2008","Cote-Rotie, La Landonne, E. Guigal, Rhone","828","Case of 6 Bottles","https://www.bbr.com/products-20088116444-2008-cote-rotie-la-landonne-e-guigal-rhone","1113198","20088116444"
"Maison Guigal","2008","Cote-Rotie, La Landonne, E. Guigal, Rhone","828","Case of 6 Bottles","https://www.bbr.com/products-20088116444-2008-cote-rotie-la-landonne-e-guigal-rhone","1113198","20088116444"
"Maison Guigal","2009","Cote-Rotie, La Landonne, E. Guigal, Rhone","3800","Case of 12 Bottles","https://www.bbr.com/products-20098116444-2009-cote-rotie-la-landonne-e-guigal-rhone","1113198","20098116444"
"Maison Guigal","2010","Cote-Rotie, La Landonne, E. Guigal, Rhone","1950","Case of 6 Bottles","https://www.bbr.com/products-20108116444-2010-cote-rotie-la-landonne-e-guigal-rhone","1113198","20108116444"
"Maison Guigal","2015","Cote-Rotie, La Landonne, E. Guigal, Rhone","1800","Case of 6 Bottles","https://www.bbr.com/products-20158116444-2015-cote-rotie-la-landonne-e-guigal-rhone","1113198","20158116444"
"Maison Guigal","2017","Cote-Rotie, La Landonne, E. Guigal, Rhone","1500","Case of 6 Bottles","https://www.bbr.com/products-20178116444-2017-cote-rotie-la-landonne-e-guigal-rhone","1113198","20178116444"
"Maison Guigal","2017","Cote-Rotie, La Landonne, E. Guigal, Rhone","1139","Case of 6 Bottles","https://www.bbr.com/products-20178116444-2017-cote-rotie-la-landonne-e-guigal-rhone","1113198","20178116444"
"Maison Guigal","2019","Cote-Rotie, La Landonne, E. Guigal, Rhone","1500","Case of 6 Bottles","https://www.bbr.com/products-20198116444-2019-cote-rotie-la-landonne-e-guigal-rhone","1113198","20198116444"
"Maison Guigal","2019","Cote-Rotie, La Landonne, E. Guigal, Rhone","1475","Case of 6 Bottles","https://www.bbr.com/products-20198116444-2019-cote-rotie-la-landonne-e-guigal-rhone","1113198","20198116444"
"Maison Chapoutier","2011","Cote-Rotie, La Mordoree, M. Chapoutier, Rhone","500","Case of 6 Bottles","https://www.bbr.com/products-20118116792-2011-cote-rotie-la-mordoree-m-chapoutier-rhone","1109599","20118116792"
"Maison Chapoutier","2012","Cote-Rotie, La Mordoree, M. Chapoutier, Rhone","525","Case of 6 Bottles","https://www.bbr.com/products-20128116792-2012-cote-rotie-la-mordoree-m-chapoutier-rhone","1109599","20128116792"
"Maison Chapoutier","2013","Cote-Rotie, La Mordoree, M. Chapoutier, Rhone","500","Case of 6 Bottles","https://www.bbr.com/products-20138116792-2013-cote-rotie-la-mordoree-m-chapoutier-rhone","1109599","20138116792"
"Maison Chapoutier","2014","Cote-Rotie, La Mordoree, M. Chapoutier, Rhone","490","Case of 6 Bottles","https://www.bbr.com/products-20148116792-2014-cote-rotie-la-mordoree-m-chapoutier-rhone","1109599","20148116792"
"Maison Chapoutier","2016","Cote-Rotie, La Mordoree, M. Chapoutier, Rhone","488","Case of 6 Bottles","https://www.bbr.com/products-20168116792-2016-cote-rotie-la-mordoree-m-chapoutier-rhone","1109599","20168116792"
"Maison Chapoutier","2017","Cote-Rotie, La Mordoree, M. Chapoutier, Rhone","450","Case of 6 Bottles","https://www.bbr.com/products-20178116792-2017-cote-rotie-la-mordoree-m-chapoutier-rhone","1109599","20178116792"
"Maison Chapoutier","2018","Cote-Rotie, La Mordoree, M. Chapoutier, Rhone","488","Case of 6 Bottles","https://www.bbr.com/products-20188116792-2018-cote-rotie-la-mordoree-m-chapoutier-rhone","1109599","20188116792"
"Maison Chapoutier","2019","Cote-Rotie, La Mordoree, M. Chapoutier, Rhone","430","Case of 6 Bottles","https://www.bbr.com/products-20198116792-2019-cote-rotie-la-mordoree-m-chapoutier-rhone","1109599","20198116792"
"Maison Guigal","1997","Cote-Rotie, La Mouline, E. Guigal, Rhone","6000","Case of 12 Bottles","https://www.bbr.com/products-19978012531-1997-cote-rotie-la-mouline-e-guigal-rhone","1113202","19978012531"
"Maison Guigal","1999","Cote-Rotie, La Mouline, E. Guigal, Rhone","4900","Case of 6 Bottles","https://www.bbr.com/products-19998012531-1999-cote-rotie-la-mouline-e-guigal-rhone","1113202","19998012531"
"Maison Guigal","2000","Cote-Rotie, La Mouline, E. Guigal, Rhone","650","Case of 3 Bottles","https://www.bbr.com/products-20008012531-2000-cote-rotie-la-mouline-e-guigal-rhone","1113202","20008012531"
"Maison Guigal","2005","Cote-Rotie, La Mouline, E. Guigal, Rhone","2000","Case of 6 Bottles","https://www.bbr.com/products-20058012531-2005-cote-rotie-la-mouline-e-guigal-rhone","1113202","20058012531"
"Maison Guigal","2008","Cote-Rotie, La Mouline, E. Guigal, Rhone","2600","Case of 12 Bottles","https://www.bbr.com/products-20088012531-2008-cote-rotie-la-mouline-e-guigal-rhone","1113202","20088012531"
"Maison Guigal","2011","Cote-Rotie, La Mouline, E. Guigal, Rhone","777","Case of 3 Bottles","https://www.bbr.com/products-20118012531-2011-cote-rotie-la-mouline-e-guigal-rhone","1113202","20118012531"
"Maison Guigal","2012","Cote-Rotie, La Mouline, E. Guigal, Rhone","1210","Case of 6 Bottles","https://www.bbr.com/products-20128012531-2012-cote-rotie-la-mouline-e-guigal-rhone","1113202","20128012531"
"Maison Guigal","2012","Cote-Rotie, La Mouline, E. Guigal, Rhone","1000","Case of 6 Bottles","https://www.bbr.com/products-20128012531-2012-cote-rotie-la-mouline-e-guigal-rhone","1113202","20128012531"
"Maison Guigal","2014","Cote-Rotie, La Mouline, E. Guigal, Rhone","666","Case of 3 Bottles","https://www.bbr.com/products-20148012531-2014-cote-rotie-la-mouline-e-guigal-rhone","1113202","20148012531"
"Maison Guigal","2015","Cote-Rotie, La Mouline, E. Guigal, Rhone","1300","Case of 6 Bottles","https://www.bbr.com/products-20158012531-2015-cote-rotie-la-mouline-e-guigal-rhone","1113202","20158012531"
"Maison Guigal","2017","Cote-Rotie, La Mouline, E. Guigal, Rhone","999","Case of 6 Bottles","https://www.bbr.com/products-20178012531-2017-cote-rotie-la-mouline-e-guigal-rhone","1113202","20178012531"
"Maison Guigal","2018","Cote-Rotie, La Mouline, E. Guigal, Rhone","1590","Case of 6 Bottles","https://www.bbr.com/products-20188012531-2018-cote-rotie-la-mouline-e-guigal-rhone","1113202","20188012531"
"Maison Guigal","1998","Cote-Rotie, La Turque, E. Guigal, Rhone","12000","Case of 12 Bottles","https://www.bbr.com/products-19988116431-1998-cote-rotie-la-turque-e-guigal-rhone","1113215","19988116431"
"Maison Guigal","2005","Cote-Rotie, La Turque, E. Guigal, Rhone","900","Case of 3 Bottles","https://www.bbr.com/products-20058116431-2005-cote-rotie-la-turque-e-guigal-rhone","1113215","20058116431"
"Maison Guigal","2005","Cote-Rotie, La Turque, E. Guigal, Rhone","2025","Case of 6 Bottles","https://www.bbr.com/products-20058116431-2005-cote-rotie-la-turque-e-guigal-rhone","1113215","20058116431"
"Maison Guigal","2006","Cote-Rotie, La Turque, E. Guigal, Rhone","500","Case of 3 Bottles","https://www.bbr.com/products-20068116431-2006-cote-rotie-la-turque-e-guigal-rhone","1113215","20068116431"
"Maison Guigal","2007","Cote-Rotie, La Turque, E. Guigal, Rhone","700","Case of 3 Bottles","https://www.bbr.com/products-20078116431-2007-cote-rotie-la-turque-e-guigal-rhone","1113215","20078116431"
"Maison Guigal","2007","Cote-Rotie, La Turque, E. Guigal, Rhone","1050","Case of 6 Bottles","https://www.bbr.com/products-20078116431-2007-cote-rotie-la-turque-e-guigal-rhone","1113215","20078116431"
"Maison Guigal","2009","Cote-Rotie, La Turque, E. Guigal, Rhone","3750","Case of 12 Bottles","https://www.bbr.com/products-20098116431-2009-cote-rotie-la-turque-e-guigal-rhone","1113215","20098116431"
"Maison Guigal","2010","Cote-Rotie, La Turque, E. Guigal, Rhone","2200","Case of 6 Bottles","https://www.bbr.com/products-20108116431-2010-cote-rotie-la-turque-e-guigal-rhone","1113215","20108116431"
"Maison Guigal","2011","Cote-Rotie, La Turque, E. Guigal, Rhone","777","Case of 3 Bottles","https://www.bbr.com/products-20118116431-2011-cote-rotie-la-turque-e-guigal-rhone","1113215","20118116431"
"Maison Guigal","2012","Cote-Rotie, La Turque, E. Guigal, Rhone","1111","Case of 6 Bottles","https://www.bbr.com/products-20128116431-2012-cote-rotie-la-turque-e-guigal-rhone","1113215","20128116431"
"Maison Guigal","2012","Cote-Rotie, La Turque, E. Guigal, Rhone","777","Case of 3 Bottles","https://www.bbr.com/products-20128116431-2012-cote-rotie-la-turque-e-guigal-rhone","1113215","20128116431"
"Maison Guigal","2015","Cote-Rotie, La Turque, E. Guigal, Rhone","1550","Case of 6 Bottles","https://www.bbr.com/products-20158116431-2015-cote-rotie-la-turque-e-guigal-rhone","1113215","20158116431"
"Maison Guigal","2015","Cote-Rotie, La Turque, E. Guigal, Rhone","800","Case of 3 Bottles","https://www.bbr.com/products-20158116431-2015-cote-rotie-la-turque-e-guigal-rhone","1113215","20158116431"
"Maison Guigal","2018","Cote-Rotie, La Turque, E. Guigal, Rhone","1800","Case of 6 Bottles","https://www.bbr.com/products-20188116431-2018-cote-rotie-la-turque-e-guigal-rhone","1113215","20188116431"
"Maison Guigal","2020","Cote-Rotie, La Turque, E. Guigal, Rhone","1944","Case of 6 Bottles","https://www.bbr.com/products-20208116431-2020-cote-rotie-la-turque-e-guigal-rhone","1113215","20208116431"
"Domaine Jean-Michel Gerin","2013","Cote-Rotie, La Vialliere, Domaine Jean-Michel Gerin, Rhone","361","Case of 6 Bottles","https://www.bbr.com/products-20138009245-2013-cote-rotie-la-vialliere-domaine-jean-michel-gerin-rhone","1157747","20138009245"
"Domaine Jean-Michel Gerin","2019","Cote-Rotie, La Vialliere, Domaine Jean-Michel Gerin, Rhone","299","Case of 6 Bottles","https://www.bbr.com/products-20198009245-2019-cote-rotie-la-vialliere-domaine-jean-michel-gerin-rhone","1157747","20198009245"
"Domaine Stephane Ogier","2016","Cote-Rotie, La Vialliere, Domaine Stephane Ogier, Rhone","643","Case of 6 Bottles","https://www.bbr.com/products-20168024905-2016-cote-rotie-la-vialliere-domaine-stephane-ogier-rhone","1613425","20168024905"
"Domaine Stephane Ogier","2007","Cote-Rotie, Lancement, Stephane Ogier, Rhone","440","Case of 3 Bottles","https://www.bbr.com/products-20078024888-2007-cote-rotie-lancement-stephane-ogier-rhone","1114948","20078024888"
"Domaine Stephane Ogier","2009","Cote-Rotie, Lancement, Stephane Ogier, Rhone","500","Case of 3 Bottles","https://www.bbr.com/products-20098024888-2009-cote-rotie-lancement-stephane-ogier-rhone","1114948","20098024888"
"Domaine Stephane Ogier","2009","Cote-Rotie, Lancement, Stephane Ogier, Rhone","1000","Case of 6 Bottles","https://www.bbr.com/products-20098024888-2009-cote-rotie-lancement-stephane-ogier-rhone","1114948","20098024888"
"Domaine Stephane Ogier","2015","Cote-Rotie, Lancement, Stephane Ogier, Rhone","1620","Case of 6 Bottles","https://www.bbr.com/products-20158024888-2015-cote-rotie-lancement-stephane-ogier-rhone","1114948","20158024888"
"Domaine Jean-Michel Gerin","2005","Cote-Rotie, Les Grandes Places, Domaine Jean-Michel Gerin, Rhone","500","Case of 6 Bottles","https://www.bbr.com/products-20051112667-2005-cote-rotie-les-grandes-places-domaine-jean-michel-gerin-rhone","1112667","20051112667"
"Domaine Jean-Michel Gerin","2010","Cote-Rotie, Les Grandes Places, Domaine Jean-Michel Gerin, Rhone","695","Case of 6 Bottles","https://www.bbr.com/products-20101112667-2010-cote-rotie-les-grandes-places-domaine-jean-michel-gerin-rhone","1112667","20101112667"
"Domaine Jean-Michel Gerin","2012","Cote-Rotie, Les Grandes Places, Domaine Jean-Michel Gerin, Rhone","640","Case of 6 Bottles","https://www.bbr.com/products-20121112667-2012-cote-rotie-les-grandes-places-domaine-jean-michel-gerin-rhone","1112667","20121112667"
"Domaine Jean-Michel Gerin","2013","Cote-Rotie, Les Grandes Places, Domaine Jean-Michel Gerin, Rhone","390","Case of 6 Bottles","https://www.bbr.com/products-20131112667-2013-cote-rotie-les-grandes-places-domaine-jean-michel-gerin-rhone","1112667","20131112667"
"Domaine Jean-Michel Gerin","2018","Cote-Rotie, Les Grandes Places, Domaine Jean-Michel Gerin, Rhone","480","Case of 6 Bottles","https://www.bbr.com/products-20181112667-2018-cote-rotie-les-grandes-places-domaine-jean-michel-gerin-rhone","1112667","20181112667"
"Jaboulet","2017","Cote-Rotie, Les Pierrelles, Domaine Paul Jaboulet Aine, Rhone","285","Case of 6 Bottles","https://www.bbr.com/products-20178109701-2017-cote-rotie-les-pierrelles-domaine-paul-jaboulet-aine-rhone","1316850","20178109701"
"Jaboulet","2019","Cote-Rotie, Les Pierrelles, Domaine Paul Jaboulet Aine, Rhone","180","Case of 6 Bottles","https://www.bbr.com/products-20198109701-2019-cote-rotie-les-pierrelles-domaine-paul-jaboulet-aine-rhone","1316850","20198109701"
"Domaine Garon","2017","Cote-Rotie, Les Triotes, Domaine Garon, Rhone","195","Case of 6 Bottles","https://www.bbr.com/products-20178015574-2017-cote-rotie-les-triotes-domaine-garon-rhone","1112511","20178015574"
"Domaine Yves Cuilleron","2017","Cote-Rotie, Lieu-Dit Bonnivieres, Yves Cuilleron, Rhone","190","Case of 6 Bottles","https://www.bbr.com/products-20178024370-2017-cote-rotie-lieu-dit-bonnivieres-yves-cuilleron-rhone","1788343","20178024370"
"Domaine Yves Cuilleron","2022","Cote-Rotie, Lieu-Dit Bonnivieres, Yves Cuilleron, Rhone","295","Case of 6 Bottles","https://www.bbr.com/products-20228024370-2022-cote-rotie-lieu-dit-bonnivieres-yves-cuilleron-rhone","1788343","20228024370"
"Domaine Yves Cuilleron","2017","Cote-Rotie, Madiniere, Yves Cuilleron, Rhone","285","Case of 6 Bottles","https://www.bbr.com/products-20178024367-2017-cote-rotie-madiniere-yves-cuilleron-rhone","1111237","20178024367"
"Domaine Georges Vernay","2012","Cote-Rotie, Maison Rouge, Domaine Georges Vernay, Rhone","695","Case of 12 Bottles","https://www.bbr.com/products-20121112595-2012-cote-rotie-maison-rouge-domaine-georges-vernay-rhone","1112595","20121112595"
"Domaine Stephane Ogier","2017","Cote-Rotie, Mon Village, Stephane Ogier, Rhone","197","Case of 6 Bottles","https://www.bbr.com/products-20178024862-2017-cote-rotie-mon-village-stephane-ogier-rhone","1378753","20178024862"
"Domaine Stephane Ogier","2020","Cote-Rotie, Mon Village, Stephane Ogier, Rhone","216","Case of 6 Bottles","https://www.bbr.com/products-20208024862-2020-cote-rotie-mon-village-stephane-ogier-rhone","1378753","20208024862"
"Maison Chapoutier","2017","Cote-Rotie, Neve, M. Chapoutier, Rhone","650","Case of 6 Bottles","https://www.bbr.com/products-20178105484-2017-cote-rotie-neve-m-chapoutier-rhone","1535761","20178105484"
"Maison Chapoutier","2020","Cote-Rotie, Neve, M. Chapoutier, Rhone","400","Case of 6 Bottles","https://www.bbr.com/products-20208105484-2020-cote-rotie-neve-m-chapoutier-rhone","1535761","20208105484"
"Maison Chapoutier","2021","Cote-Rotie, Neve, M. Chapoutier, Rhone","430","Case of 6 Bottles","https://www.bbr.com/products-20218105484-2021-cote-rotie-neve-m-chapoutier-rhone","1535761","20218105484"
"Domaine Pierre Gaillard","2015","Cote-Rotie, Rose Pourpre, Domaine Pierre Gaillard, Rhone","850","Case of 6 Bottles","https://www.bbr.com/products-20158021858-2015-cote-rotie-rose-pourpre-domaine-pierre-gaillard-rhone","1112276","20158021858"
"Domaine Pierre Gaillard","2020","Cote-Rotie, Rose Pourpre, Domaine Pierre Gaillard, Rhone","400","Case of 6 Bottles","https://www.bbr.com/products-20208021858-2020-cote-rotie-rose-pourpre-domaine-pierre-gaillard-rhone","1112276","20208021858"
"Domaine Yves Gangloff","2009","Cote-Rotie, Sereine Noire, Domaine Gangloff, Rhone","3750","Case of 12 Bottles","https://www.bbr.com/products-20091112407-2009-cote-rotie-sereine-noire-domaine-gangloff-rhone","1112407","20091112407"
"Domaine Yves Gangloff","2010","Cote-Rotie, Sereine Noire, Domaine Gangloff, Rhone","1800","Case of 6 Bottles","https://www.bbr.com/products-20101112407-2010-cote-rotie-sereine-noire-domaine-gangloff-rhone","1112407","20101112407"
"Domaine Yves Gangloff","2018","Cote-Rotie, Sereine Noire, Domaine Gangloff, Rhone","1500","Case of 6 Bottles","https://www.bbr.com/products-20181112407-2018-cote-rotie-sereine-noire-domaine-gangloff-rhone","1112407","20181112407"
"Domaine Stephane Ogier","2010","Cote-Rotie, Stephane Ogier, Rhone","290","Case of 6 Bottles","https://www.bbr.com/products-20108011635-2010-cote-rotie-stephane-ogier-rhone","1339617","20108011635"
"Domaine Stephane Ogier","2011","Cote-Rotie, Stephane Ogier, Rhone","240","Case of 6 Bottles","https://www.bbr.com/products-20118011635-2011-cote-rotie-stephane-ogier-rhone","1339617","20118011635"
"Domaine Stephane Ogier","2013","Cote-Rotie, Stephane Ogier, Rhone","180","Case of 6 Bottles","https://www.bbr.com/products-20138011635-2013-cote-rotie-stephane-ogier-rhone","1339617","20138011635"
"Domaine Tardieu Laurent","2009","Cote-Rotie, Tardieu-Laurent, Rhone","660","Case of 12 Bottles","https://www.bbr.com/products-20098212814-2009-cote-rotie-tardieu-laurent-rhone","1117170","20098212814"
"Vignoble Jean-Luc Jamet","2016","Cote-Rotie, Terrasses, Jean-Luc Jamet, Rhone","660","Case of 12 Bottles","https://www.bbr.com/products-20168067283-2016-cote-rotie-terrasses-jean-luc-jamet-rhone","1752072","20168067283"
"Vignoble Jean-Luc Jamet","2016","Cote-Rotie, Terrasses, Jean-Luc Jamet, Rhone","750","Case of 12 Bottles","https://www.bbr.com/products-20168039888-2016-cote-rotie-terrasses-jean-luc-jamet-rhone","1752072","20168039888"
"Vignoble Jean-Luc Jamet","2017","Cote-Rotie, Terrasses, Jean-Luc Jamet, Rhone","540","Case of 12 Bottles","https://www.bbr.com/products-20178039888-2017-cote-rotie-terrasses-jean-luc-jamet-rhone","1752072","20178039888"
"Vignoble Jean-Luc Jamet","2017","Cote-Rotie, Terrasses, Jean-Luc Jamet, Rhone","249","Case of 6 Bottles","https://www.bbr.com/products-20178067283-2017-cote-rotie-terrasses-jean-luc-jamet-rhone","1752072","20178067283"
"Domaine Yves Cuilleron","2010","Cote-Rotie, Terres Sombres, Yves Cuilleron, Rhone","645","Case of 6 Bottles","https://www.bbr.com/products-20108008730-2010-cote-rotie-terres-sombres-yves-cuilleron-rhone","1111240","20108008730"
"Domaine Yves Cuilleron","2011","Cote-Rotie, Terres Sombres, Yves Cuilleron, Rhone","230","Case of 6 Bottles","https://www.bbr.com/products-20118008730-2011-cote-rotie-terres-sombres-yves-cuilleron-rhone","1111240","20118008730"
"Domaine Clusel-Roch","2020","Cote-Rotie, Vialliere, Domaine Clusel-Roch, Rhone","250","Case of 6 Bottles","https://www.bbr.com/products-20208027270-2020-cote-rotie-vialliere-domaine-clusel-roch-rhone","1235052","20208027270"
"Domaine Georges Noellat","2019","Cotes de Nuits-Village, Georges Noellat, Burgundy","260","Case of 6 Bottles","https://www.bbr.com/products-20198241665-2019-cotes-de-nuits-village-georges-noellat-burgundy","2085270","20198241665"
"Domaine J. Confuron","2020","Cotes de Nuits-Villages, Les Vignottes, Domaine Jean-Jacques Confuron, Burgundy","150","Case of 6 Bottles","https://www.bbr.com/products-20208065045-2020-cotes-de-nuits-villages-les-vignottes-domaine-jean-jacques-confuron-burgundy","1027260","20208065045"
"Domaine des Miroirs","2016","Cotes du Jura, Mizuiro, Domaine des Miroirs, Jura","900","Case of 1 Bottles","https://www.bbr.com/products-20168052456-2016-cotes-du-jura-mizuiro-domaine-des-miroirs-jura","1870459","20168052456"
"Chateau de Beaucastel","2020","Cotes du Rhone Blanc, Coudoulet de Beaucastel, Famille Perrin","270","Case of 12 Bottles","https://www.bbr.com/products-20201130953-2020-cotes-du-rhone-blanc-coudoulet-de-beaucastel-famille-perrin","1130953","20201130953"
"Vignoble Jean-Luc Jamet","2020","Cotes du Rhone Blanc, Couzou, Jean-Luc Jamet","150","Case of 6 Bottles","https://www.bbr.com/products-20208067270-2020-cotes-du-rhone-blanc-couzou-jean-luc-jamet","1879696","20208067270"
"Vignoble Jean-Luc Jamet","2021","Cotes du Rhone Blanc, Couzou, Jean-Luc Jamet","110","Case of 6 Bottles","https://www.bbr.com/products-20218067270-2021-cotes-du-rhone-blanc-couzou-jean-luc-jamet","1879696","20218067270"
"Chateau Rayas","2011","Cotes du Rhone Rouge, Chateau des Tours","90","Case of 1 Bottles","https://www.bbr.com/products-20118025306-2011-cotes-du-rhone-rouge-chateau-des-tours","1312458","20118025306"
"Domaine la Cabotte","2022","Cotes du Rhone Rouge, Colline, Domaine la Cabotte, Rhone","120","Case of 12 Bottles","https://www.bbr.com/products-20228051446-2022-cotes-du-rhone-rouge-colline-domaine-la-cabotte-rhone","1868203","20228051446"
"Chateau de Beaucastel","2013","Cotes du Rhone Rouge, Coudoulet de Beaucastel, Famille Perrin","224","Case of 6 Magnums","https://www.bbr.com/products-20131130940-2013-cotes-du-rhone-rouge-coudoulet-de-beaucastel-famille-perrin","1130940","20131130940"
"Chateau de Beaucastel","2015","Cotes du Rhone Rouge, Coudoulet de Beaucastel, Famille Perrin","225","Case of 6 Magnums","https://www.bbr.com/products-20151130940-2015-cotes-du-rhone-rouge-coudoulet-de-beaucastel-famille-perrin","1130940","20151130940"
"Chateau de Beaucastel","2016","Cotes du Rhone Rouge, Coudoulet de Beaucastel, Famille Perrin","130","Case of 1 Double Magnums","https://www.bbr.com/products-20161130940-2016-cotes-du-rhone-rouge-coudoulet-de-beaucastel-famille-perrin","1130940","20161130940"
"Chateau de Beaucastel","2016","Cotes du Rhone Rouge, Coudoulet de Beaucastel, Famille Perrin","390","Case of 6 Magnums","https://www.bbr.com/products-20161130940-2016-cotes-du-rhone-rouge-coudoulet-de-beaucastel-famille-perrin","1130940","20161130940"
"Chateau de Beaucastel","2017","Cotes du Rhone Rouge, Coudoulet de Beaucastel, Famille Perrin","227","Case of 6 Magnums","https://www.bbr.com/products-20171130940-2017-cotes-du-rhone-rouge-coudoulet-de-beaucastel-famille-perrin","1130940","20171130940"
"Chateau de Beaucastel","2019","Cotes du Rhone Rouge, Coudoulet de Beaucastel, Famille Perrin","225","Case of 12 Bottles","https://www.bbr.com/products-20191130940-2019-cotes-du-rhone-rouge-coudoulet-de-beaucastel-famille-perrin","1130940","20191130940"
"Domaine de la Vieille Julienne","2020","Cotes du Rhone Rouge, Lieu-dit Clavin, Domaine de Vieille Julienne","127","Case of 6 Bottles","https://www.bbr.com/products-20208165279-2020-cotes-du-rhone-rouge-lieu-dit-clavin-domaine-de-vieille-julienne","1118018","20208165279"
"Jean-Louis & Remi Pouizin","2016","Cotes du Rhone Villages Rouge, Visan, Native, Dom. Dieu-le-Fit, Pouizin, Rhone","205","Case of 12 Bottles","https://www.bbr.com/products-20161535178-2016-cotes-du-rhone-villages-rouge-visan-native-dom-dieu-le-fit-pouizin-rhone","1535178","20161535178"
"Xavier Vignon","2015","Cotes du Rhone Villages, Arcane XIX, Le Soleil, Xavier Vignon","248","Case of 6 Bottles","https://www.bbr.com/products-20158201216-2015-cotes-du-rhone-villages-arcane-xix-le-soleil-xavier-vignon","1639919","20158201216"
"Domaine la Cabotte","2020","Cotes du Rhone Villages, Massif d'Uchaux Garance, Domaine la Cabotte","168","Case of 12 Bottles","https://www.bbr.com/products-20208007195-2020-cotes-du-rhone-villages-massif-d-uchaux-garance-domaine-la-cabotte","1785283","20208007195"
"Domaine de la Janasse","2019","Cotes du Rhone Villages, Terre d'Argile, Domaine de la Janasse","140","Case of 6 Bottles","https://www.bbr.com/products-20198015297-2019-cotes-du-rhone-villages-terre-d-argile-domaine-de-la-janasse","1248162","20198015297"
"Domaine de la Janasse","2020","Cotes du Rhone Villages, Terre d'Argile, Domaine de la Janasse","140","Case of 6 Bottles","https://www.bbr.com/products-20208015297-2020-cotes-du-rhone-villages-terre-d-argile-domaine-de-la-janasse","1248162","20208015297"
"Xavier Vignon","2010","Cotes du Rhone, Arcane XVIII, La Lune, Xavier Vignon","211","Case of 6 Bottles","https://www.bbr.com/products-20108046420-2010-cotes-du-rhone-arcane-xviii-la-lune-xavier-vignon","1693382","20108046420"
"Eric Texier","2015","Cotes du Rhone, Brezeme, Vieille Serine, Eric Texier","100","Case of 6 Bottles","https://www.bbr.com/products-20158136718-2015-cotes-du-rhone-brezeme-vieille-serine-eric-texier","1320215","20158136718"
"Chateau Rayas","2006","Cotes du Rhone, Cuvee Syrah, Chateau de Fonsalette","3000","Case of 6 Bottles","https://www.bbr.com/products-20068037796-2006-cotes-du-rhone-cuvee-syrah-chateau-de-fonsalette","1111989","20068037796"
"Domaine Charvin","2021","Cotes du Rhone, Domaine Charvin","155","Case of 12 Bottles","https://www.bbr.com/products-20218213172-2021-cotes-du-rhone-domaine-charvin","1109889","20218213172"
"Domaine Jamet","2019","Cotes du Rhone, Equivoque, Domaine Jamet","308","Case of 6 Bottles","https://www.bbr.com/products-20198061962-2019-cotes-du-rhone-equivoque-domaine-jamet","1538241","20198061962"
"Domaine Balthazar","2021","Cotes du Rhone, Franck Balthazar, Rhone","150","Case of 12 Bottles","https://www.bbr.com/products-20218019354-2021-cotes-du-rhone-franck-balthazar-rhone","1710238","20218019354"
"Domaine Balthazar","2022","Cotes du Rhone, Franck Balthazar, Rhone","160","Case of 12 Bottles","https://www.bbr.com/products-20228019354-2022-cotes-du-rhone-franck-balthazar-rhone","1710238","20228019354"
"Domaine Balthazar","2023","Cotes du Rhone, Franck Balthazar, Rhone","130","Case of 12 Bottles","https://www.bbr.com/products-20238019354-2023-cotes-du-rhone-franck-balthazar-rhone","1710238","20238019354"
"Chave","2016","Cotes du Rhone, Mon Coeur, J.L. Chave Selection, Rhone","218","Case of 12 Bottles","https://www.bbr.com/products-20168000330-2016-cotes-du-rhone-mon-coeur-j-l-chave-selection-rhone","1242072","20168000330"
"Domaine Font du Courtedune","2018","Cotes du Rhone, Vieilles Vignes, Domaine Font de Courtedune","95","Case of 12 Bottles","https://www.bbr.com/products-20188202851-2018-cotes-du-rhone-vieilles-vignes-domaine-font-de-courtedune","1517938","20188202851"
"Jean-Louis & Remi Pouizin","2018","Cotes du Rhone, Visan, Garrigues, Domaine Dieu-le-Fit, Pouizin, Rhone","85","Case of 6 Bottles","https://www.bbr.com/products-20181511167-2018-cotes-du-rhone-visan-garrigues-domaine-dieu-le-fit-pouizin-rhone","1511167","20181511167"
"Jean-Louis & Remi Pouizin","2020","Cotes du Rhone, Visan, Garrigues, Domaine Dieu-le-Fit, Pouizin, Rhone","100","Case of 6 Bottles","https://www.bbr.com/products-20201511167-2020-cotes-du-rhone-visan-garrigues-domaine-dieu-le-fit-pouizin-rhone","1511167","20201511167"
"Dalla Valle Vineyards","2013","Dalla Valle Vineyards, Maya, Napa Valley, California, USA","1590","Case of 3 Bottles","https://www.bbr.com/products-20138115896-2013-dalla-valle-vineyards-maya-napa-valley-california-usa","1121795","20138115896"
"Dalla Valle Vineyards","2018","Dalla Valle Vineyards, Maya, Napa Valley, California, USA","1300","Case of 3 Bottles","https://www.bbr.com/products-20188115896-2018-dalla-valle-vineyards-maya-napa-valley-california-usa","1121795","20188115896"
"Damascene Vineyards","2023","Damascene, Old Vine Semillon, Franschhoek, South Africa","324","Case of 6 Bottles","https://www.bbr.com/products-20238300892-2023-damascene-old-vine-semillon-franschhoek-south-africa","2941992","20238300892"
"Damascene Vineyards","2023","Damascene, Syrah, Stellenbosch, South Africa","190","Case of 6 Bottles","https://www.bbr.com/products-20238300922-2023-damascene-syrah-stellenbosch-south-africa","2942032","20238300922"
"Damascene Vineyards","2023","Damascene, Syrah, Swartland, South Africa","250","Case of 6 Bottles","https://www.bbr.com/products-20238300919-2023-damascene-syrah-swartland-south-africa","2942029","20238300919"
"David & Nadia Wines","2018","David & Nadia, Plat'Bos Chenin Blanc, Swartland, South Africa","310","Case of 6 Bottles","https://www.bbr.com/products-20188150497-2018-david-nadia-plat-bos-chenin-blanc-swartland-south-africa","1873968","20188150497"
"David Duband","2020","David Duband, Discovery Case (3GC, 3NSG), Six-Bottle Assortment Case","350","Case of 1 6 Bottle Assortments","https://www.bbr.com/products-20208071592-2020-david-duband-discovery-case-3gc-3nsg-six-bottle-assortment-case","","20208071592"
"Dawson James","2020","Dawson James, Pinot Noir, Tasmania, Australia","250","Case of 6 Bottles","https://www.bbr.com/products-20208302027-2020-dawson-james-pinot-noir-tasmania-australia","1401824","20208302027"
"De Martino","2020","De Martino, Cuvee, Vi?edo Santa Ines, Maipo Valley, Chile","606","Case of 6 Bottles","https://www.bbr.com/products-20208301802-2020-de-martino-cuvee-vi-edo-santa-ines-maipo-valley-chile","2957276","20208301802"
"De Martino","2021","De Martino, La Blanca, Semillon, Maipo Valley, Chile","138","Case of 6 Bottles","https://www.bbr.com/products-20218301815-2021-de-martino-la-blanca-semillon-maipo-valley-chile","2361734","20218301815"
"Serio & Battista Borgogno, Piedmont","2020","Derthona Timorasso, Colli Tortonesi, Giacomo Borgogno &amp; Figli, Piedmont, Italy","190","Case of 6 Bottles","https://www.bbr.com/products-20208163738-2020-derthona-timorasso-colli-tortonesi-giacomo-borgogno-and-figli-piedmont-italy","2171078","20208163738"
"Didier Dagueneau","2022","Didier Dagueneau, Silex, Vin de France","369","Case of 1 Bottles","https://www.bbr.com/products-20228171511-2022-didier-dagueneau-silex-vin-de-france","1106761","20228171511"
"Didier Dagueneau","2022","Didier Dagueneau, Silex, Vin de France","888","Case of 6 Bottles","https://www.bbr.com/products-20228171511-2022-didier-dagueneau-silex-vin-de-france","1106761","20228171511"
"Disznoko Vineyards","2002","Disznok?, Tokaji Aszu 6 Puttonyos, Hungary","450","Case of 6 Half Litres","https://www.bbr.com/products-20028045364-2002-disznok-tokaji-aszu-6-puttonyos-hungary","1147713","20028045364"
"Doctors Flat Vineyard","2014","Doctors Flat, Pinot Noir, Central Otago, New Zealand","170","Case of 6 Bottles","https://www.bbr.com/products-20148024224-2014-doctors-flat-pinot-noir-central-otago-new-zealand","1361010","20148024224"
"Doctors Flat Vineyard","2016","Doctors Flat, Pinot Noir, Central Otago, New Zealand","140","Case of 6 Bottles","https://www.bbr.com/products-20168024224-2016-doctors-flat-pinot-noir-central-otago-new-zealand","1361010","20168024224"
"Doctors Flat Vineyard","2017","Doctors Flat, Pinot Noir, Central Otago, New Zealand","234","Case of 6 Bottles","https://www.bbr.com/products-20178024224-2017-doctors-flat-pinot-noir-central-otago-new-zealand","1361010","20178024224"
"Doctors Flat Vineyard","2018","Doctors Flat, Pinot Noir, Central Otago, New Zealand","170","Case of 6 Bottles","https://www.bbr.com/products-20188024224-2018-doctors-flat-pinot-noir-central-otago-new-zealand","1361010","20188024224"
"Doctors Flat Vineyard","2019","Doctors Flat, Pinot Noir, Central Otago, New Zealand","220","Case of 6 Bottles","https://www.bbr.com/products-20198024224-2019-doctors-flat-pinot-noir-central-otago-new-zealand","1361010","20198024224"
"Doctors Flat Vineyard","2020","Doctors Flat, Pinot Noir, Central Otago, New Zealand","190","Case of 6 Bottles","https://www.bbr.com/products-20208024224-2020-doctors-flat-pinot-noir-central-otago-new-zealand","1361010","20208024224"
"Dog Point","2018","Dog Point, Chardonnay, Marlborough, New Zealand","120","Case of 6 Bottles","https://www.bbr.com/products-20181320459-2018-dog-point-chardonnay-marlborough-new-zealand","1320459","20181320459"
"Dog Point","2011","Dog Point, Pinot Noir, Marlborough, New Zealand","500","Case of 12 Bottles","https://www.bbr.com/products-20111241408-2011-dog-point-pinot-noir-marlborough-new-zealand","1241408","20111241408"
"Marcarini","2019","Dolcetto d'Alba, Boschi di Berri, Marcarini, Piedmont, Italy","105","Case of 6 Bottles","https://www.bbr.com/products-20191101056-2019-dolcetto-d-alba-boschi-di-berri-marcarini-piedmont-italy","1101056","20191101056"
"Marcarini","2020","Dolcetto d'Alba, Boschi di Berri, Marcarini, Piedmont, Italy","90","Case of 6 Bottles","https://www.bbr.com/products-20201101056-2020-dolcetto-d-alba-boschi-di-berri-marcarini-piedmont-italy","1101056","20201101056"
"Cascina Fontana","2021","Dolcetto d'Alba, Cascina Fontana, Piedmont, Italy","125","Case of 6 Bottles","https://www.bbr.com/products-20211700145-2021-dolcetto-d-alba-cascina-fontana-piedmont-italy","1700145","20211700145"
"Cascina Fontana","2023","Dolcetto d'Alba, Cascina Fontana, Piedmont, Italy","130","Case of 6 Bottles","https://www.bbr.com/products-20231700145-2023-dolcetto-d-alba-cascina-fontana-piedmont-italy","1700145","20231700145"
"Diego Conterno","2021","Dolcetto d'Alba, Diego Conterno, Piedmont, Italy","112","Case of 6 Bottles","https://www.bbr.com/products-20218310712-2021-dolcetto-d-alba-diego-conterno-piedmont-italy","2234098","20218310712"
"Marcarini","2024","Dolcetto d'Alba, Fontanazza, Marcarini, Piedmont, Italy","87","Case of 6 Bottles","https://www.bbr.com/products-20241265637-2024-dolcetto-d-alba-fontanazza-marcarini-piedmont-italy","1265637","20241265637"
"Luciano Sandrone","2019","Dolcetto d'Alba, Luciano Sandrone, Piedmont, Italy","250","Case of 6 Bottles","https://www.bbr.com/products-20191104725-2019-dolcetto-d-alba-luciano-sandrone-piedmont-italy","1104725","20191104725"
"Dom Perignon","","Dom Perignon, P2 Private Collector's Bespoke Case (1x1999 & 2x2000), Three-Bottle Assortment Case","1390","Case of 1 s","https://www.bbr.com/products-10008078979-dom-perignon-p2-private-collector-s-bespoke-case-1x1999-2x2000-three-bottle-assortment-case","","10008078979"
"De Vogue","2010","Domaine Comte Georges de Vogue Grand Cru (3 x Bonnes Mares, 3 x Musigny, Six-bottle Assortment Case","4555","Case of 1 6 Bottle Assortments","https://www.bbr.com/products-20108048525-2010-domaine-comte-georges-de-vogue-grand-cru-3-x-bonnes-mares-3-x-musigny-six-bottle-assortment-case","","20108048525"
"Domaine Coursodon","2023","Domaine Coursodon, La Grenade Syrah, Vin de France","100","Case of 6 Bottles","https://www.bbr.com/products-20238248013-2023-domaine-coursodon-la-grenade-syrah-vin-de-france","","20238248013"
"Domaine Divio","2020","Domaine Divio, Les Climats, Chardonnay, Willamette Valley, Oregon, USA","278","Case of 12 Bottles","https://www.bbr.com/products-20208169583-2020-domaine-divio-les-climats-chardonnay-willamette-valley-oregon-usa","2804105","20208169583"
"Weingut Donatsch","2013","Domaine Donatsch, Reserve Privee, Pinot Noir, Malans, Graubunden, Switzerland","1100","Case of 1 Bottles","https://www.bbr.com/products-20138166205-2013-domaine-donatsch-reserve-privee-pinot-noir-malans-graubunden-switzerland","2736286","20138166205"
"Domaine Drouhin, Oregon","2014","Domaine Drouhin, Pinot Noir, Dundee Hills, Oregon, USA","360","Case of 6 Bottles","https://www.bbr.com/products-20141419955-2014-domaine-drouhin-pinot-noir-dundee-hills-oregon-usa","1419955","20141419955"
"Domaine Gauby","2012","Domaine Gauby, Muntada, Cotes du Roussillon Villages","380","Case of 6 Bottles","https://www.bbr.com/products-20121314670-2012-domaine-gauby-muntada-cotes-du-roussillon-villages","1314670","20121314670"
"Domaine Leroy","","Domaine Leroy, Horizontal (2011 Pommard Vignots, 2013 Vosne Beaux Monts, 2014 Romanee St. Vivant), Three-Bottle Assortment Case","20000","Case of 1 s","https://www.bbr.com/products-10008316958-domaine-leroy-horizontal-2011-pommard-vignots-2013-vosne-beaux-monts-2014-romanee-st-vivant-three-bottle-assortment-case","","10008316958"
"Domaine Benetiere","2015","Domaine Marie & Pierre Benetiere, Cordeloux, Syrah, Vin de France","1190","Case of 12 Bottles","https://www.bbr.com/products-20158047140-2015-domaine-marie-pierre-benetiere-cordeloux-syrah-vin-de-france","1864566","20158047140"
"Domaine Benetiere","2016","Domaine Marie &amp; Pierre Benetiere, Cordeloux, Syrah, Vin de France","1400","Case of 12 Bottles","https://www.bbr.com/products-20168047140-2016-domaine-marie-and-pierre-benetiere-cordeloux-syrah-vin-de-france","1864566","20168047140"
"Domaine Maxime Renaudin","2022","Domaine Maxime Renaudin, Rouge, Pays d'Herault, Languedoc","880","Case of 12 Bottles","https://www.bbr.com/products-20228401414-2022-domaine-maxime-renaudin-rouge-pays-d-herault-languedoc","2547282","20228401414"
"Domaine Naudin-Ferrand","2021","Domaine Naudin-Ferrand, Aligote, Le Clou 34, Vin de France","285","Case of 12 Bottles","https://www.bbr.com/products-20211528204-2021-domaine-naudin-ferrand-aligote-le-clou-34-vin-de-france","1528204","20211528204"
"Domaine Naudin-Ferrand","2023","Domaine Naudin-Ferrand, Aligote, Le Clou 34, Vin de France","145","Case of 6 Bottles","https://www.bbr.com/products-20231528204-2023-domaine-naudin-ferrand-aligote-le-clou-34-vin-de-france","1528204","20231528204"
"Domaine Ponsot","2012","Domaine Ponsot, Grand Cru, 12-Bottle Assortment Case","3300","Case of 1 Mixed case (12x75cl)s","https://www.bbr.com/products-20128142281-2012-domaine-ponsot-grand-cru-12-bottle-assortment-case","1051407","20128142281"
"Domaine du Prieure Roch","2022","Domaine Prieure Roch, Rouge, Vin de France","500","Case of 3 Bottles","https://www.bbr.com/products-20228317782-2022-domaine-prieure-roch-rouge-vin-de-france","2467931","20228317782"
"Domaine Stephane Ogier","2016","Domaine Stephane Ogier, Selection des Lieux Dits, Assortment Case","500","Case of 1 6 Bottle Assortments","https://www.bbr.com/products-20168053987-2016-domaine-stephane-ogier-selection-des-lieux-dits-assortment-case","1435074","20168053987"
"Domaine Stephane Ogier","2013","Domaine Stephane Ogier, Selection des Lieux Dits, Six-BottleAssortment Case","490","Case of 1 6 Bottle Assortments","https://www.bbr.com/products-20138126449-2013-domaine-stephane-ogier-selection-des-lieux-dits-six-bottleassortment-case","1435074","20138126449"
"Domaine Stephane Ogier","2017","Domaine Stephane Ogier, Selection de Lieux Dits, 5-Bottle Mixed Case","540","Case of 1 Mixed Cases","https://www.bbr.com/products-20178064019-2017-domaine-stephane-ogier-selection-de-lieux-dits-5-bottle-mixed-case","1435074","20178064019"
"Domaine Stephane Ogier","2015","Domaine Stephane Ogier, Selection de Lieux Dits, Assorted Case, Rhone","525","Case of 1 Mixed Cases","https://www.bbr.com/products-20158133948-2015-domaine-stephane-ogier-selection-de-lieux-dits-assorted-case-rhone","1435074","20158133948"
"Domaine Thunevin-Calvet","2015","Domaine Thunevin-Calvet, Cuvee Les Trois Marie, Cotes du Roussillon Villages","600","Case of 6 Bottles","https://www.bbr.com/products-20158115883-2015-domaine-thunevin-calvet-cuvee-les-trois-marie-cotes-du-roussillon-villages","1485851","20158115883"
"Baron Philippe de Rothschild","2020","Domaine de Baronarques, Blanc, Limoux, Languedoc","100","Case of 1 Magnums","https://www.bbr.com/products-20208125240-2020-domaine-de-baronarques-blanc-limoux-languedoc","1983285","20208125240"
"Baron Philippe de Rothschild","2021","Domaine de Baronarques, Blanc, Limoux, Languedoc","175","Case of 6 Bottles","https://www.bbr.com/products-20218125240-2021-domaine-de-baronarques-blanc-limoux-languedoc","1983285","20218125240"
"Baron Philippe de Rothschild","2014","Domaine de Baronarques, Rouge, Limoux, Languedoc","140","Case of 6 Bottles","https://www.bbr.com/products-20141118698-2014-domaine-de-baronarques-rouge-limoux-languedoc","1118698","20141118698"
"Baron Philippe de Rothschild","2015","Domaine de Baronarques, Rouge, Limoux, Languedoc","120","Case of 6 Bottles","https://www.bbr.com/products-20151118698-2015-domaine-de-baronarques-rouge-limoux-languedoc","1118698","20151118698"
"Baron Philippe de Rothschild","2016","Domaine de Baronarques, Rouge, Limoux, Languedoc","100","Case of 6 Bottles","https://www.bbr.com/products-20161118698-2016-domaine-de-baronarques-rouge-limoux-languedoc","1118698","20161118698"
"Baron Philippe de Rothschild","2016","Domaine de Baronarques, Rouge, Limoux, Languedoc","209","Case of 1 Jeroboam 500cl","https://www.bbr.com/products-20161118698-2016-domaine-de-baronarques-rouge-limoux-languedoc","1118698","20161118698"
"Baron Philippe de Rothschild","2016","Domaine de Baronarques, Rouge, Limoux, Languedoc","45","Case of 1 Magnums","https://www.bbr.com/products-20161118698-2016-domaine-de-baronarques-rouge-limoux-languedoc","1118698","20161118698"
"Baron Philippe de Rothschild","2017","Domaine de Baronarques, Rouge, Limoux, Languedoc","114","Case of 6 Bottles","https://www.bbr.com/products-20171118698-2017-domaine-de-baronarques-rouge-limoux-languedoc","1118698","20171118698"
"Baron Philippe de Rothschild","2019","Domaine de Baronarques, Rouge, Limoux, Languedoc","110","Case of 6 Bottles","https://www.bbr.com/products-20191118698-2019-domaine-de-baronarques-rouge-limoux-languedoc","1118698","20191118698"
"Baron Philippe de Rothschild","2020","Domaine de Baronarques, Rouge, Limoux, Languedoc","145","Case of 6 Bottles","https://www.bbr.com/products-20201118698-2020-domaine-de-baronarques-rouge-limoux-languedoc","1118698","20201118698"
"Baron Philippe de Rothschild","2021","Domaine de Baronarques, Rouge, Limoux, Languedoc","145","Case of 6 Bottles","https://www.bbr.com/products-20211118698-2021-domaine-de-baronarques-rouge-limoux-languedoc","1118698","20211118698"
"Baron Philippe de Rothschild","2022","Domaine de Baronarques, Rouge, Limoux, Languedoc","313.2","Case of 6 Bottles","https://www.bbr.com/products-20221118698-2022-domaine-de-baronarques-rouge-limoux-languedoc","1118698","20221118698"
"Domaine De Chevalier","2004","Domaine de Chevalier Blanc, Pessac-Leognan, Bordeaux","890","Case of 12 Bottles","https://www.bbr.com/products-20041173547-2004-domaine-de-chevalier-blanc-pessac-leognan-bordeaux","1173547","20041173547"
"Domaine De Chevalier","2006","Domaine de Chevalier Blanc, Pessac-Leognan, Bordeaux","680","Case of 12 Bottles","https://www.bbr.com/products-20061173547-2006-domaine-de-chevalier-blanc-pessac-leognan-bordeaux","1173547","20061173547"
"Domaine De Chevalier","2007","Domaine de Chevalier Blanc, Pessac-Leognan, Bordeaux","600","Case of 12 Bottles","https://www.bbr.com/products-20071173547-2007-domaine-de-chevalier-blanc-pessac-leognan-bordeaux","1173547","20071173547"
"Domaine De Chevalier","2009","Domaine de Chevalier Blanc, Pessac-Leognan, Bordeaux","550","Case of 6 Bottles","https://www.bbr.com/products-20091173547-2009-domaine-de-chevalier-blanc-pessac-leognan-bordeaux","1173547","20091173547"
"Domaine De Chevalier","2011","Domaine de Chevalier Blanc, Pessac-Leognan, Bordeaux","330","Case of 6 Bottles","https://www.bbr.com/products-20111173547-2011-domaine-de-chevalier-blanc-pessac-leognan-bordeaux","1173547","20111173547"
"Domaine De Chevalier","2011","Domaine de Chevalier Blanc, Pessac-Leognan, Bordeaux","390","Case of 3 Magnums","https://www.bbr.com/products-20111173547-2011-domaine-de-chevalier-blanc-pessac-leognan-bordeaux","1173547","20111173547"
"Domaine De Chevalier","2013","Domaine de Chevalier Blanc, Pessac-Leognan, Bordeaux","340","Case of 6 Bottles","https://www.bbr.com/products-20131173547-2013-domaine-de-chevalier-blanc-pessac-leognan-bordeaux","1173547","20131173547"
"Domaine De Chevalier","2014","Domaine de Chevalier Blanc, Pessac-Leognan, Bordeaux","346","Case of 6 Bottles","https://www.bbr.com/products-20141173547-2014-domaine-de-chevalier-blanc-pessac-leognan-bordeaux","1173547","20141173547"
"Domaine De Chevalier","2015","Domaine de Chevalier Blanc, Pessac-Leognan, Bordeaux","360","Case of 6 Bottles","https://www.bbr.com/products-20151173547-2015-domaine-de-chevalier-blanc-pessac-leognan-bordeaux","1173547","20151173547"
"Domaine De Chevalier","2016","Domaine de Chevalier Blanc, Pessac-Leognan, Bordeaux","800","Case of 12 Bottles","https://www.bbr.com/products-20161173547-2016-domaine-de-chevalier-blanc-pessac-leognan-bordeaux","1173547","20161173547"
"Domaine De Chevalier","2018","Domaine de Chevalier Blanc, Pessac-Leognan, Bordeaux","400","Case of 6 Bottles","https://www.bbr.com/products-20181173547-2018-domaine-de-chevalier-blanc-pessac-leognan-bordeaux","1173547","20181173547"
"Domaine De Chevalier","2020","Domaine de Chevalier Blanc, Pessac-Leognan, Bordeaux","600","Case of 6 Bottles","https://www.bbr.com/products-20201173547-2020-domaine-de-chevalier-blanc-pessac-leognan-bordeaux","1173547","20201173547"
"Domaine De Chevalier","2021","Domaine de Chevalier Blanc, Pessac-Leognan, Bordeaux","185","Case of 3 Bottles","https://www.bbr.com/products-20211173547-2021-domaine-de-chevalier-blanc-pessac-leognan-bordeaux","1173547","20211173547"
"Domaine De Chevalier","2022","Domaine de Chevalier Blanc, Pessac-Leognan, Bordeaux","239","Case of 3 Bottles","https://www.bbr.com/products-20221173547-2022-domaine-de-chevalier-blanc-pessac-leognan-bordeaux","1173547","20221173547"
"Domaine De Chevalier","2022","Domaine de Chevalier Blanc, Pessac-Leognan, Bordeaux","735","Case of 3 Magnums","https://www.bbr.com/products-20221173547-2022-domaine-de-chevalier-blanc-pessac-leognan-bordeaux","1173547","20221173547"
"Domaine De Chevalier","2005","Domaine de Chevalier, Pessac-Leognan, Bordeaux","850","Case of 12 Bottles","https://www.bbr.com/products-20058003298-2005-domaine-de-chevalier-pessac-leognan-bordeaux","1009408","20058003298"
"Domaine De Chevalier","2006","Domaine de Chevalier, Pessac-Leognan, Bordeaux","430","Case of 12 Bottles","https://www.bbr.com/products-20068003298-2006-domaine-de-chevalier-pessac-leognan-bordeaux","1009408","20068003298"
"Domaine De Chevalier","2007","Domaine de Chevalier, Pessac-Leognan, Bordeaux","360","Case of 12 Bottles","https://www.bbr.com/products-20078003298-2007-domaine-de-chevalier-pessac-leognan-bordeaux","1009408","20078003298"
"Domaine De Chevalier","2008","Domaine de Chevalier, Pessac-Leognan, Bordeaux","520","Case of 12 Bottles","https://www.bbr.com/products-20088003298-2008-domaine-de-chevalier-pessac-leognan-bordeaux","1009408","20088003298"
"Domaine De Chevalier","2009","Domaine de Chevalier, Pessac-Leognan, Bordeaux","400","Case of 6 Bottles","https://www.bbr.com/products-20098003298-2009-domaine-de-chevalier-pessac-leognan-bordeaux","1009408","20098003298"
"Domaine De Chevalier","2009","Domaine de Chevalier, Pessac-Leognan, Bordeaux","825","Case of 12 Bottles","https://www.bbr.com/products-20098003298-2009-domaine-de-chevalier-pessac-leognan-bordeaux","1009408","20098003298"
"Domaine De Chevalier","2010","Domaine de Chevalier, Pessac-Leognan, Bordeaux","360","Case of 6 Bottles","https://www.bbr.com/products-20108003298-2010-domaine-de-chevalier-pessac-leognan-bordeaux","1009408","20108003298"
"Domaine De Chevalier","2010","Domaine de Chevalier, Pessac-Leognan, Bordeaux","375","Case of 6 Bottles","https://www.bbr.com/products-20108003298-2010-domaine-de-chevalier-pessac-leognan-bordeaux","1009408","20108003298"
"Domaine De Chevalier","2010","Domaine de Chevalier, Pessac-Leognan, Bordeaux","779","Case of 12 Bottles","https://www.bbr.com/products-20108003298-2010-domaine-de-chevalier-pessac-leognan-bordeaux","1009408","20108003298"
"Domaine De Chevalier","2010","Domaine de Chevalier, Pessac-Leognan, Bordeaux","875","Case of 6 Magnums","https://www.bbr.com/products-20108003298-2010-domaine-de-chevalier-pessac-leognan-bordeaux","1009408","20108003298"
"Domaine De Chevalier","2012","Domaine de Chevalier, Pessac-Leognan, Bordeaux","475","Case of 12 Bottles","https://www.bbr.com/products-20128003298-2012-domaine-de-chevalier-pessac-leognan-bordeaux","1009408","20128003298"
"Domaine De Chevalier","2012","Domaine de Chevalier, Pessac-Leognan, Bordeaux","238","Case of 6 Bottles","https://www.bbr.com/products-20128003298-2012-domaine-de-chevalier-pessac-leognan-bordeaux","1009408","20128003298"
"Domaine De Chevalier","2012","Domaine de Chevalier, Pessac-Leognan, Bordeaux","425","Case of 12 Bottles","https://www.bbr.com/products-20128003298-2012-domaine-de-chevalier-pessac-leognan-bordeaux","1009408","20128003298"
"Domaine De Chevalier","2012","Domaine de Chevalier, Pessac-Leognan, Bordeaux","225","Case of 3 Magnums","https://www.bbr.com/products-20128003298-2012-domaine-de-chevalier-pessac-leognan-bordeaux","1009408","20128003298"
"Domaine De Chevalier","2013","Domaine de Chevalier, Pessac-Leognan, Bordeaux","175","Case of 6 Bottles","https://www.bbr.com/products-20138003298-2013-domaine-de-chevalier-pessac-leognan-bordeaux","1009408","20138003298"
"Domaine De Chevalier","2014","Domaine de Chevalier, Pessac-Leognan, Bordeaux","255","Case of 6 Bottles","https://www.bbr.com/products-20148003298-2014-domaine-de-chevalier-pessac-leognan-bordeaux","1009408","20148003298"
"Domaine De Chevalier","2014","Domaine de Chevalier, Pessac-Leognan, Bordeaux","260","Case of 6 Bottles","https://www.bbr.com/products-20148003298-2014-domaine-de-chevalier-pessac-leognan-bordeaux","1009408","20148003298"
"Domaine De Chevalier","2014","Domaine de Chevalier, Pessac-Leognan, Bordeaux","225","Case of 3 Magnums","https://www.bbr.com/products-20148003298-2014-domaine-de-chevalier-pessac-leognan-bordeaux","1009408","20148003298"
"Domaine De Chevalier","2015","Domaine de Chevalier, Pessac-Leognan, Bordeaux","273","Case of 6 Bottles","https://www.bbr.com/products-20158003298-2015-domaine-de-chevalier-pessac-leognan-bordeaux","1009408","20158003298"
"Domaine De Chevalier","2015","Domaine de Chevalier, Pessac-Leognan, Bordeaux","200","Case of 1 Double Magnums","https://www.bbr.com/products-20158003298-2015-domaine-de-chevalier-pessac-leognan-bordeaux","1009408","20158003298"
"Domaine De Chevalier","2016","Domaine de Chevalier, Pessac-Leognan, Bordeaux","300","Case of 6 Bottles","https://www.bbr.com/products-20168003298-2016-domaine-de-chevalier-pessac-leognan-bordeaux","1009408","20168003298"
"Domaine De Chevalier","2016","Domaine de Chevalier, Pessac-Leognan, Bordeaux","580","Case of 12 Bottles","https://www.bbr.com/products-20168003298-2016-domaine-de-chevalier-pessac-leognan-bordeaux","1009408","20168003298"
"Domaine De Chevalier","2017","Domaine de Chevalier, Pessac-Leognan, Bordeaux","650","Case of 6 Bottles","https://www.bbr.com/products-20178003298-2017-domaine-de-chevalier-pessac-leognan-bordeaux","1009408","20178003298"
"Domaine De Chevalier","2018","Domaine de Chevalier, Pessac-Leognan, Bordeaux","235","Case of 6 Bottles","https://www.bbr.com/products-20188003298-2018-domaine-de-chevalier-pessac-leognan-bordeaux","1009408","20188003298"
"Domaine De Chevalier","2019","Domaine de Chevalier, Pessac-Leognan, Bordeaux","290","Case of 6 Bottles","https://www.bbr.com/products-20198003298-2019-domaine-de-chevalier-pessac-leognan-bordeaux","1009408","20198003298"
"Domaine De Chevalier","2020","Domaine de Chevalier, Pessac-Leognan, Bordeaux","230","Case of 6 Bottles","https://www.bbr.com/products-20208003298-2020-domaine-de-chevalier-pessac-leognan-bordeaux","1009408","20208003298"
"Domaine De Chevalier","2020","Domaine de Chevalier, Pessac-Leognan, Bordeaux","210","Case of 6 Bottles","https://www.bbr.com/products-20208003298-2020-domaine-de-chevalier-pessac-leognan-bordeaux","1009408","20208003298"
"Domaine De Chevalier","2021","Domaine de Chevalier, Pessac-Leognan, Bordeaux","229","Case of 6 Bottles","https://www.bbr.com/products-20218003298-2021-domaine-de-chevalier-pessac-leognan-bordeaux","1009408","20218003298"
"Domaine De Chevalier","2022","Domaine de Chevalier, Pessac-Leognan, Bordeaux","315","Case of 6 Bottles","https://www.bbr.com/products-20228003298-2022-domaine-de-chevalier-pessac-leognan-bordeaux","1009408","20228003298"
"Domaine De Chevalier","2022","Domaine de Chevalier, Pessac-Leognan, Bordeaux","750","Case of 1 Imperials","https://www.bbr.com/products-20228003298-2022-domaine-de-chevalier-pessac-leognan-bordeaux","1009408","20228003298"
"Domaine de Montille","2015","Domaine de Montille, Hubert & Christiane 2-magnum collection","1777","Case of 1 Mixed Cases","https://www.bbr.com/products-20158018445-2015-domaine-de-montille-hubert-christiane-2-magnum-collection","9003752","20158018445"
"Domaine de Trevallon","2011","Domaine de Trevallon Rouge, Alpilles, Provence","500","Case of 6 Bottles","https://www.bbr.com/products-20118008714-2011-domaine-de-trevallon-rouge-alpilles-provence","1539772","20118008714"
"Domaine de Trevallon","2013","Domaine de Trevallon Rouge, Alpilles, Provence","490","Case of 6 Bottles","https://www.bbr.com/products-20138030380-2013-domaine-de-trevallon-rouge-alpilles-provence","1539772","20138030380"
"Domaine de Trevallon","2014","Domaine de Trevallon Rouge, Alpilles, Provence","550","Case of 6 Bottles","https://www.bbr.com/products-20148030380-2014-domaine-de-trevallon-rouge-alpilles-provence","1539772","20148030380"
"Domaine de Trevallon","2014","Domaine de Trevallon Rouge, Alpilles, Provence","630","Case of 3 Magnums","https://www.bbr.com/products-20148030380-2014-domaine-de-trevallon-rouge-alpilles-provence","1539772","20148030380"
"Domaine de Trevallon","2015","Domaine de Trevallon Rouge, Alpilles, Provence","625","Case of 6 Bottles","https://www.bbr.com/products-20158030380-2015-domaine-de-trevallon-rouge-alpilles-provence","1539772","20158030380"
"Domaine de Trevallon","2016","Domaine de Trevallon Rouge, Alpilles, Provence","430","Case of 6 Bottles","https://www.bbr.com/products-20168030380-2016-domaine-de-trevallon-rouge-alpilles-provence","1539772","20168030380"
"Domaine de Trevallon","2017","Domaine de Trevallon Rouge, Alpilles, Provence","450","Case of 6 Bottles","https://www.bbr.com/products-20178030380-2017-domaine-de-trevallon-rouge-alpilles-provence","1539772","20178030380"
"Domaine de Trevallon","2017","Domaine de Trevallon Rouge, Alpilles, Provence","439","Case of 6 Bottles","https://www.bbr.com/products-20178030380-2017-domaine-de-trevallon-rouge-alpilles-provence","1539772","20178030380"
"Domaine de Trevallon","2018","Domaine de Trevallon Rouge, Alpilles, Provence","600","Case of 6 Bottles","https://www.bbr.com/products-20188030380-2018-domaine-de-trevallon-rouge-alpilles-provence","1539772","20188030380"
"Domaine de Trevallon","2019","Domaine de Trevallon Rouge, Alpilles, Provence","499","Case of 6 Bottles","https://www.bbr.com/products-20198030380-2019-domaine-de-trevallon-rouge-alpilles-provence","1539772","20198030380"
"Domaine de Trevallon","2021","Domaine de Trevallon Rouge, Alpilles, Provence","400","Case of 6 Bottles","https://www.bbr.com/products-20218030380-2021-domaine-de-trevallon-rouge-alpilles-provence","1539772","20218030380"
"Domaine de Trevallon","2021","Domaine de Trevallon Rouge, Alpilles, Provence","450","Case of 6 Bottles","https://www.bbr.com/products-20218030380-2021-domaine-de-trevallon-rouge-alpilles-provence","1539772","20218030380"
"Domaine de Trevallon","2005","Domaine de Trevallon Rouge, Bouches du Rhone, Provence","1140","Case of 12 Bottles","https://www.bbr.com/products-20058008714-2005-domaine-de-trevallon-rouge-bouches-du-rhone-provence","1539772","20058008714"
"Domaine de l'A","2015","Domaine de l'A, Cotes de Castillon, Bordeaux","138","Case of 6 Bottles","https://www.bbr.com/products-20151421114-2015-domaine-de-l-a-cotes-de-castillon-bordeaux","1421114","20151421114"
"Domaine de l'A","2015","Domaine de l'A, Cotes de Castillon, Bordeaux","550","Case of 6 Magnums","https://www.bbr.com/products-20151421114-2015-domaine-de-l-a-cotes-de-castillon-bordeaux","1421114","20151421114"
"Domaine de l'A","2016","Domaine de l'A, Cotes de Castillon, Bordeaux","108","Case of 6 Bottles","https://www.bbr.com/products-20161421114-2016-domaine-de-l-a-cotes-de-castillon-bordeaux","1421114","20161421114"
"Domaine de l'A","2017","Domaine de l'A, Cotes de Castillon, Bordeaux","120","Case of 6 Bottles","https://www.bbr.com/products-20171421114-2017-domaine-de-l-a-cotes-de-castillon-bordeaux","1421114","20171421114"
"Domaine de l'A","2018","Domaine de l'A, Cotes de Castillon, Bordeaux","129","Case of 6 Bottles","https://www.bbr.com/products-20181421114-2018-domaine-de-l-a-cotes-de-castillon-bordeaux","1421114","20181421114"
"Domaine de l'A","2018","Domaine de l'A, Cotes de Castillon, Bordeaux","125","Case of 1 Double Magnums","https://www.bbr.com/products-20181421114-2018-domaine-de-l-a-cotes-de-castillon-bordeaux","1421114","20181421114"
"Domaine de l'A","2018","Domaine de l'A, Cotes de Castillon, Bordeaux","160","Case of 3 Magnums","https://www.bbr.com/products-20181421114-2018-domaine-de-l-a-cotes-de-castillon-bordeaux","1421114","20181421114"
"Domaine de l'A","2019","Domaine de l'A, Cotes de Castillon, Bordeaux","120","Case of 6 Bottles","https://www.bbr.com/products-20191421114-2019-domaine-de-l-a-cotes-de-castillon-bordeaux","1421114","20191421114"
"Domaine de l'A","2020","Domaine de l'A, Cotes de Castillon, Bordeaux","120","Case of 6 Bottles","https://www.bbr.com/products-20201421114-2020-domaine-de-l-a-cotes-de-castillon-bordeaux","1421114","20201421114"
"Domaine de l'A","2022","Domaine de l'A, Cotes de Castillon, Bordeaux","120","Case of 6 Bottles","https://www.bbr.com/products-20221421114-2022-domaine-de-l-a-cotes-de-castillon-bordeaux","1421114","20221421114"
"Domaine de l'A","2023","Domaine de l'A, Cotes de Castillon, Bordeaux","115","Case of 6 Bottles","https://www.bbr.com/products-20231421114-2023-domaine-de-l-a-cotes-de-castillon-bordeaux","1421114","20231421114"
"Domaine de la Cote (USA)","2018","Domaine de la Cote, Bloom's Field, Pinot Noir, Santa Rita Hills, California, USA","675","Case of 6 Bottles","https://www.bbr.com/products-20188038764-2018-domaine-de-la-cote-bloom-s-field-pinot-noir-santa-rita-hills-california-usa","1275153","20188038764"
"Domaine de la Cote (USA)","2020","Domaine de la Cote, Bloom's Field, Pinot Noir, Santa Rita Hills, California, USA","520","Case of 6 Bottles","https://www.bbr.com/products-20208038764-2020-domaine-de-la-cote-bloom-s-field-pinot-noir-santa-rita-hills-california-usa","1275153","20208038764"
"Domaine de la Cote (USA)","2020","Domaine de la Cote, La Cote, Pinot Noir, Santa Rita Hills, California, USA","550","Case of 6 Bottles","https://www.bbr.com/products-20208038751-2020-domaine-de-la-cote-la-cote-pinot-noir-santa-rita-hills-california-usa","1275179","20208038751"
"Domaine de la Cote (USA)","2021","Domaine de la Cote, La Cote, Pinot Noir, Santa Rita Hills, California, USA","750","Case of 6 Bottles","https://www.bbr.com/products-20218038751-2021-domaine-de-la-cote-la-cote-pinot-noir-santa-rita-hills-california-usa","1275179","20218038751"
"Grange des Peres, Laurent Vaille","2015","Domaine de la Grange des Peres, Blanc, Pays d'Herault, Languedoc","1250","Case of 3 Magnums","https://www.bbr.com/products-20158034027-2015-domaine-de-la-grange-des-peres-blanc-pays-d-herault-languedoc","1245712","20158034027"
"Grange des Peres, Laurent Vaille","2018","Domaine de la Grange des Peres, Rouge, Pays de l'Herault, Languedoc","2000","Case of 12 Bottles","https://www.bbr.com/products-20188034014-2018-domaine-de-la-grange-des-peres-rouge-pays-de-l-herault-languedoc","1323854","20188034014"
"Domaine de la Romanee-Conti (DRC)","2020","Domaine de la Romanee-Conti, Horizontal (2C, 1CC, 2E, 1GE, 2VRPM, 2R, 1RC, 3RSV, 2T, 2VRDB), 18-Bottle Assortment Case","130000","Case of 1 Mixed Cases","https://www.bbr.com/products-20208170383-2020-domaine-de-la-romanee-conti-horizontal-2c-1cc-2e-1ge-2vrpm-2r-1rc-3rsv-2t-2vrdb-18-bottle-assortment-case","","20208170383"
"Domaine de la Romanee-Conti (DRC)","2005","Domaine de la Romanee-Conti, Horizontal (2E, 2GE, 2R, 1RC, 3RSV, 3T), 13-Bottle Assortment Case","60000","Case of 1 Mixed Cases","https://www.bbr.com/products-20058101646-2005-domaine-de-la-romanee-conti-horizontal-2e-2ge-2r-1rc-3rsv-3t-13-bottle-assortment-case","9002537","20058101646"
"Domaine des Miroirs","2016","Domaine des Miroirs, Entre deux Bleues, Blanc, Vin de France","1000","Case of 1 Bottles","https://www.bbr.com/products-20168052430-2016-domaine-des-miroirs-entre-deux-bleues-blanc-vin-de-france","1870446","20168052430"
"Dominio del Aguila","2017","Dominio del Aguila, Canta la Perdiz, Ribera del Duero, Spain","1200","Case of 6 Bottles","https://www.bbr.com/products-20178044194-2017-dominio-del-aguila-canta-la-perdiz-ribera-del-duero-spain","1448168","20178044194"
"Dominio del Aguila","2018","Dominio del Aguila, Canta la Perdiz, Ribera del Duero, Spain","1350","Case of 6 Bottles","https://www.bbr.com/products-20188044194-2018-dominio-del-aguila-canta-la-perdiz-ribera-del-duero-spain","1448168","20188044194"
"Dominio del Aguila","2019","Dominio del Aguila, Canta la Perdiz, Ribera del Duero, Spain","1780","Case of 6 Bottles","https://www.bbr.com/products-20198044194-2019-dominio-del-aguila-canta-la-perdiz-ribera-del-duero-spain","1448168","20198044194"
"Dominio del Aguila","2019","Dominio del Aguila, Canta la Perdiz, Ribera del Duero, Spain","900","Case of 6 Bottles","https://www.bbr.com/products-20198044194-2019-dominio-del-aguila-canta-la-perdiz-ribera-del-duero-spain","1448168","20198044194"
"Dominio del Aguila","2016","Dominio del Aguila, Reserva, Ribera del Duero, Spain","335","Case of 6 Bottles","https://www.bbr.com/products-20168051648-2016-dominio-del-aguila-reserva-ribera-del-duero-spain","1130429","20168051648"
"Dominio del Aguila","2018","Dominio del Aguila, Reserva, Ribera del Duero, Spain","299","Case of 6 Bottles","https://www.bbr.com/products-20188051648-2018-dominio-del-aguila-reserva-ribera-del-duero-spain","1130429","20188051648"
"Dominus Estate","2006","Dominus, Napa Valley, California, USA","945","Case of 6 Bottles","https://www.bbr.com/products-20068036887-2006-dominus-napa-valley-california-usa","1122750","20068036887"
"Dominus Estate","2008","Dominus, Napa Valley, California, USA","1152","Case of 6 Bottles","https://www.bbr.com/products-20088036887-2008-dominus-napa-valley-california-usa","1122750","20088036887"
"Dominus Estate","2009","Dominus, Napa Valley, California, USA","1190","Case of 6 Bottles","https://www.bbr.com/products-20098036887-2009-dominus-napa-valley-california-usa","1122750","20098036887"
"Dominus Estate","2012","Dominus, Napa Valley, California, USA","1400","Case of 6 Bottles","https://www.bbr.com/products-20128036887-2012-dominus-napa-valley-california-usa","1122750","20128036887"
"Dominus Estate","2015","Dominus, Napa Valley, California, USA","1580","Case of 6 Bottles","https://www.bbr.com/products-20158036887-2015-dominus-napa-valley-california-usa","1122750","20158036887"
"Dominus Estate","2016","Dominus, Napa Valley, California, USA","1180","Case of 6 Bottles","https://www.bbr.com/products-20168036887-2016-dominus-napa-valley-california-usa","1122750","20168036887"
"Dominus Estate","2016","Dominus, Napa Valley, California, USA","1190","Case of 6 Bottles","https://www.bbr.com/products-20168036887-2016-dominus-napa-valley-california-usa","1122750","20168036887"
"Dominus Estate","2017","Dominus, Napa Valley, California, USA","1750","Case of 6 Bottles","https://www.bbr.com/products-20178036887-2017-dominus-napa-valley-california-usa","1122750","20178036887"
"Dominus Estate","2018","Dominus, Napa Valley, California, USA","2591","Case of 6 Bottles","https://www.bbr.com/products-20188036887-2018-dominus-napa-valley-california-usa","1122750","20188036887"
"Dominus Estate","2019","Dominus, Napa Valley, California, USA","2360","Case of 6 Bottles","https://www.bbr.com/products-20198036887-2019-dominus-napa-valley-california-usa","1122750","20198036887"
"Dominus Estate","2021","Dominus, Napa Valley, California, USA","1900","Case of 6 Bottles","https://www.bbr.com/products-20218036887-2021-dominus-napa-valley-california-usa","1122750","20218036887"
"Concha y Toro","2012","Don Melchor, Puente Alto Cabernet Sauvignon, Maipo Valley, Chile","500","Case of 6 Bottles","https://www.bbr.com/products-20128140001-2012-don-melchor-puente-alto-cabernet-sauvignon-maipo-valley-chile","1083174","20128140001"
"Concha y Toro","2012","Don Melchor, Puente Alto Cabernet Sauvignon, Maipo Valley, Chile","220","Case of 1 Magnums","https://www.bbr.com/products-20128140001-2012-don-melchor-puente-alto-cabernet-sauvignon-maipo-valley-chile","1083174","20128140001"
"Concha y Toro","2017","Don Melchor, Puente Alto Cabernet Sauvignon, Maipo Valley, Chile","475","Case of 6 Bottles","https://www.bbr.com/products-20178140001-2017-don-melchor-puente-alto-cabernet-sauvignon-maipo-valley-chile","1083174","20178140001"
"Concha y Toro","2019","Don Melchor, Puente Alto Cabernet Sauvignon, Maipo Valley, Chile","330","Case of 6 Bottles","https://www.bbr.com/products-20198140001-2019-don-melchor-puente-alto-cabernet-sauvignon-maipo-valley-chile","1083174","20198140001"
"Concha y Toro","2020","Don Melchor, Puente Alto Cabernet Sauvignon, Maipo Valley, Chile","375","Case of 6 Bottles","https://www.bbr.com/products-20208140001-2020-don-melchor-puente-alto-cabernet-sauvignon-maipo-valley-chile","1083174","20208140001"
"Concha y Toro","2021","Don Melchor, Puente Alto Cabernet Sauvignon, Maipo Valley, Chile","540","Case of 6 Bottles","https://www.bbr.com/products-20218140001-2021-don-melchor-puente-alto-cabernet-sauvignon-maipo-valley-chile","1083174","20218140001"
"Weingut Donatsch","2022","Donatsch, Pinot Noir, Passion, Malanser, Switzerland","520","Case of 6 Bottles","https://www.bbr.com/products-20228060460-2022-donatsch-pinot-noir-passion-malanser-switzerland","1952502","20228060460"
"Dow","1994","Dow's, Port, Portugal","518","Case of 6 Bottles","https://www.bbr.com/products-19941107654-1994-dow-s-port-portugal","1107654","19941107654"
"Dow","2000","Dow's, Port, Portugal","395","Case of 6 Bottles","https://www.bbr.com/products-20001107654-2000-dow-s-port-portugal","1107654","20001107654"
"Dow","2003","Dow's, Port, Portugal","450","Case of 12 Bottles","https://www.bbr.com/products-20031107654-2003-dow-s-port-portugal","1107654","20031107654"
"Dow","2007","Dow's, Port, Portugal","265","Case of 6 Bottles","https://www.bbr.com/products-20071107654-2007-dow-s-port-portugal","1107654","20071107654"
"Dow","2011","Dow's, Port, Portugal","460","Case of 6 Bottles","https://www.bbr.com/products-20111107654-2011-dow-s-port-portugal","1107654","20111107654"
"Dow","2016","Dow's, Port, Portugal","175","Case of 6 Bottles","https://www.bbr.com/products-20161107654-2016-dow-s-port-portugal","1107654","20161107654"
"Dow","2016","Dow's, Port, Portugal","234","Case of 12 Half Bottles","https://www.bbr.com/products-20161107654-2016-dow-s-port-portugal","1107654","20161107654"
"Dow","2017","Dow's, Port, Portugal","260","Case of 6 Bottles","https://www.bbr.com/products-20171107654-2017-dow-s-port-portugal","1107654","20171107654"
"Dow","2017","Dow's, Port, Portugal","259","Case of 12 Half Bottles","https://www.bbr.com/products-20171107654-2017-dow-s-port-portugal","1107654","20171107654"
"Dow","2017","Dow's, Port, Portugal","220","Case of 1 s","https://www.bbr.com/products-20171107654-2017-dow-s-port-portugal","1107654","20171107654"
"Dow","2018","Dow's, Quinta Senhora da Ribeira, Port, Portugal","120","Case of 3 Bottles","https://www.bbr.com/products-20188015138-2018-dow-s-quinta-senhora-da-ribeira-port-portugal","1107511","20188015138"
"DuMol","2022","DuMol, Macintyre Estate Vineyard Pinot Noir, Sonoma Coast, California, USA","450","Case of 6 Bottles","https://www.bbr.com/products-20228253417-2022-dumol-macintyre-estate-vineyard-pinot-noir-sonoma-coast-california-usa","2891125","20228253417"
"Assortment Mixed Cases","2014","Duclot Bordeaux Collection, Eight-bottle Assortment Case","4350","Case of 1 Mixed Cases","https://www.bbr.com/products-20148102496-2014-duclot-bordeaux-collection-eight-bottle-assortment-case","8102496","20148102496"
"Assortment Mixed Cases","2013","Duclot Bordeaux Premier Cru, Eight-bottle Assortment Case","4200","Case of 1 Mixed Cases","https://www.bbr.com/products-20138102496-2013-duclot-bordeaux-premier-cru-eight-bottle-assortment-case","8102496","20138102496"
"Assortment Mixed Cases","2007","Duclot Bordeaux Premier Cru, Nine-bottle Assortment Case","4600","Case of 1 Mixed Cases","https://www.bbr.com/products-20078103028-2007-duclot-bordeaux-premier-cru-nine-bottle-assortment-case","8103028","20078103028"
"Mixed Cases","2009","Duclot Bordeaux Premier Cru, Nine-bottle Assortment Case","10800","Case of 1 Mixed Cases","https://www.bbr.com/products-20098225982-2009-duclot-bordeaux-premier-cru-nine-bottle-assortment-case","9000591","20098225982"
"Assortment Mixed Cases","2009","Duclot Bordeaux Premier Cru, Nine-bottle Assortment Case","11800","Case of 1 Mixed Cases","https://www.bbr.com/products-20098103028-2009-duclot-bordeaux-premier-cru-nine-bottle-assortment-case","8103028","20098103028"
"Assortment Mixed Cases","2011","Duclot Bordeaux Premier Cru, Nine-bottle Assortment Case","6450","Case of 1 Mixed Cases","https://www.bbr.com/products-20118103028-2011-duclot-bordeaux-premier-cru-nine-bottle-assortment-case","8103028","20118103028"
"Assortment Mixed Cases","2015","Duclot Bordeaux Premier Cru, Nine-bottle Assortment Case","6400","Case of 1 Mixed Cases","https://www.bbr.com/products-20158102409-2015-duclot-bordeaux-premier-cru-nine-bottle-assortment-case","1009466","20158102409"
"Assortment Mixed Cases","2016","Duclot Bordeaux Premier Cru, Nine-bottle Assortment Case","6500","Case of 1 Mixed Cases","https://www.bbr.com/products-20168102409-2016-duclot-bordeaux-premier-cru-nine-bottle-assortment-case","1009466","20168102409"
"Assortment Mixed Cases","2017","Duclot Bordeaux Premier Cru, Nine-bottle Assortment Case","4600","Case of 1 Mixed Cases","https://www.bbr.com/products-20178102409-2017-duclot-bordeaux-premier-cru-nine-bottle-assortment-case","1009466","20178102409"
"Assortment Mixed Cases","2018","Duclot Bordeaux Premier Cru, Nine-bottle Assortment Case","6950","Case of 1 Mixed Cases","https://www.bbr.com/products-20188102409-2018-duclot-bordeaux-premier-cru-nine-bottle-assortment-case","1009466","20188102409"
"Assortment Mixed Cases","2018","Duclot Bordeaux Premier Cru, Nine-bottle Assortment Case","6800","Case of 1 Mixed Cases","https://www.bbr.com/products-20188102409-2018-duclot-bordeaux-premier-cru-nine-bottle-assortment-case","1009466","20188102409"
"Assortment Mixed Cases","2019","Duclot Bordeaux Premier Cru, Nine-bottle Assortment Case","6900","Case of 1 Mixed Cases","https://www.bbr.com/products-20198102409-2019-duclot-bordeaux-premier-cru-nine-bottle-assortment-case","1009466","20198102409"
"Assortment Mixed Cases","2020","Duclot Bordeaux Premier Cru, Nine-bottle Assortment Case","5800","Case of 1 Mixed Cases","https://www.bbr.com/products-20208102409-2020-duclot-bordeaux-premier-cru-nine-bottle-assortment-case","1009466","20208102409"
"Assortment Mixed Cases","2021","Duclot Bordeaux Premier Cru, Nine-bottle Assortment Case","6750","Case of 1 Mixed Cases","https://www.bbr.com/products-20218102409-2021-duclot-bordeaux-premier-cru-nine-bottle-assortment-case","1009466","20218102409"
"Assortment Mixed Cases","2021","Duclot Bordeaux Premier Cru, Nine-bottle Assortment Case","4800","Case of 1 Mixed Cases","https://www.bbr.com/products-20218102409-2021-duclot-bordeaux-premier-cru-nine-bottle-assortment-case","1009466","20218102409"
"Assortment Mixed Cases","2022","Duclot Bordeaux Premier Cru, Nine-bottle Assortment Case","7750","Case of 1 Mixed Cases","https://www.bbr.com/products-20228102409-2022-duclot-bordeaux-premier-cru-nine-bottle-assortment-case","1009466","20228102409"
"Assortment Mixed Cases","2012","Duclot Bordeaux Premier Cru, Seven-bottle Assortment Case","4445","Case of 1 Mixed Cases","https://www.bbr.com/products-20128102991-2012-duclot-bordeaux-premier-cru-seven-bottle-assortment-case","9000719","20128102991"
"Duemani","2009","Duemani, Cabernet Franc, Duemani, Tuscany, Italy","410","Case of 6 Bottles","https://www.bbr.com/products-20098224419-2009-duemani-cabernet-franc-duemani-tuscany-italy","1164318","20098224419"
"Duemani","2013","Duemani, Cabernet Franc, Duemani, Tuscany, Italy","400","Case of 6 Bottles","https://www.bbr.com/products-20138224419-2013-duemani-cabernet-franc-duemani-tuscany-italy","1164318","20138224419"
"Dunn Vineyard","2014","Dunn Vineyards, Cabernet Sauvignon, Howell Mountain, California, USA","1300","Case of 12 Bottles","https://www.bbr.com/products-20148104272-2014-dunn-vineyards-cabernet-sauvignon-howell-mountain-california-usa","1655445","20148104272"
"Dunn Vineyard","2015","Dunn Vineyards, Cabernet Sauvignon, Howell Mountain, California, USA","620","Case of 6 Bottles","https://www.bbr.com/products-20158104272-2015-dunn-vineyards-cabernet-sauvignon-howell-mountain-california-usa","1655445","20158104272"
"Dunn Vineyard","2016","Dunn Vineyards, Cabernet Sauvignon, Howell Mountain, California, USA","750","Case of 6 Bottles","https://www.bbr.com/products-20168104272-2016-dunn-vineyards-cabernet-sauvignon-howell-mountain-california-usa","1655445","20168104272"
"Dunn Vineyard","2017","Dunn Vineyards, Cabernet Sauvignon, Howell Mountain, California, USA","550","Case of 6 Bottles","https://www.bbr.com/products-20178104272-2017-dunn-vineyards-cabernet-sauvignon-howell-mountain-california-usa","1655445","20178104272"
"Dunn Vineyard","2019","Dunn Vineyards, Cabernet Sauvignon, Howell Mountain, California, USA","750","Case of 6 Bottles","https://www.bbr.com/products-20198104272-2019-dunn-vineyards-cabernet-sauvignon-howell-mountain-california-usa","1655445","20198104272"
"Dunn Vineyard","2013","Dunn Vineyards, Cabernet Sauvignon, Napa Valley, California, USA","790","Case of 12 Bottles","https://www.bbr.com/products-20138115870-2013-dunn-vineyards-cabernet-sauvignon-napa-valley-california-usa","1121968","20138115870"
"Dunn Vineyard","2014","Dunn Vineyards, Cabernet Sauvignon, Napa Valley, California, USA","750","Case of 12 Bottles","https://www.bbr.com/products-20148115870-2014-dunn-vineyards-cabernet-sauvignon-napa-valley-california-usa","1121968","20148115870"
"Dunn Vineyard","2017","Dunn Vineyards, Cabernet Sauvignon, Napa Valley, California, USA","500","Case of 6 Bottles","https://www.bbr.com/products-20178115870-2017-dunn-vineyards-cabernet-sauvignon-napa-valley-california-usa","1121968","20178115870"
"Dunn Vineyard","2018","Dunn Vineyards, Cabernet Sauvignon, Napa Valley, California, USA","500","Case of 6 Bottles","https://www.bbr.com/products-20188115870-2018-dunn-vineyards-cabernet-sauvignon-napa-valley-california-usa","1121968","20188115870"
"Dunn Vineyard","2019","Dunn Vineyards, Cabernet Sauvignon, Napa Valley, California, USA","430","Case of 6 Bottles","https://www.bbr.com/products-20198115870-2019-dunn-vineyards-cabernet-sauvignon-napa-valley-california-usa","1121968","20198115870"
"Chateau La Conseillante","2012","Duo de Conseillante, Pomerol, Bordeaux","220","Case of 6 Bottles","https://www.bbr.com/products-20128112710-2012-duo-de-conseillante-pomerol-bordeaux","1196665","20128112710"
"Jean Tardy","2002","Echezeaux Domaine Jean Tardy et Fils","4000","Case of 12 Bottles","https://www.bbr.com/products-20028209179-2002-echezeaux-domaine-jean-tardy-et-fils","1214257","20028209179"
"Domaine Christian Clerget","2021","Echezeaux, En Orveaux, Grand Cru, Domaine Christian Clerget, Burgundy","810","Case of 6 Bottles","https://www.bbr.com/products-20218232609-2021-echezeaux-en-orveaux-grand-cru-domaine-christian-clerget-burgundy","1700190","20218232609"
"Domaine Christian Clerget","2022","Echezeaux, En Orveaux, Grand Cru, Domaine Christian Clerget, Burgundy","788","Case of 6 Bottles","https://www.bbr.com/products-20228232609-2022-echezeaux-en-orveaux-grand-cru-domaine-christian-clerget-burgundy","1700190","20228232609"
"Domaine Joseph Faiveley","2017","Echezeaux, En Orveaux, Grand Cru, Domaine Faiveley, Burgundy","756","Case of 6 Bottles","https://www.bbr.com/products-20178021063-2017-echezeaux-en-orveaux-grand-cru-domaine-faiveley-burgundy","1031377","20178021063"
"Domaine Joseph Faiveley","2018","Echezeaux, En Orveaux, Grand Cru, Domaine Faiveley, Burgundy","850","Case of 6 Bottles","https://www.bbr.com/products-20188021063-2018-echezeaux-en-orveaux-grand-cru-domaine-faiveley-burgundy","1031377","20188021063"
"Domaine Joseph Faiveley","2018","Echezeaux, En Orveaux, Grand Cru, Domaine Faiveley, Burgundy","1245","Case of 6 Bottles","https://www.bbr.com/products-20188021063-2018-echezeaux-en-orveaux-grand-cru-domaine-faiveley-burgundy","1031377","20188021063"
"Arnaud Baillot","2021","Echezeaux, Grand Cru, Arnaud Baillot, Burgundy","1050","Case of 3 Bottles","https://www.bbr.com/products-20218241362-2021-echezeaux-grand-cru-arnaud-baillot-burgundy","2766601","20218241362"
"Benjamin Leroux","2013","Echezeaux, Grand Cru, Benjamin Leroux, Burgundy","1350","Case of 6 Bottles","https://www.bbr.com/products-20131320882-2013-echezeaux-grand-cru-benjamin-leroux-burgundy","1320882","20131320882"
"Benjamin Leroux","2013","Echezeaux, Grand Cru, Benjamin Leroux, Burgundy","1350","Case of 6 Bottles","https://www.bbr.com/products-20131320882-2013-echezeaux-grand-cru-benjamin-leroux-burgundy","1320882","20131320882"
"Benjamin Leroux","2016","Echezeaux, Grand Cru, Benjamin Leroux, Burgundy","650","Case of 3 Bottles","https://www.bbr.com/products-20161320882-2016-echezeaux-grand-cru-benjamin-leroux-burgundy","1320882","20161320882"
"Benjamin Leroux","2017","Echezeaux, Grand Cru, Benjamin Leroux, Burgundy","630","Case of 3 Bottles","https://www.bbr.com/products-20171320882-2017-echezeaux-grand-cru-benjamin-leroux-burgundy","1320882","20171320882"
"Benjamin Leroux","2020","Echezeaux, Grand Cru, Benjamin Leroux, Burgundy","850","Case of 3 Bottles","https://www.bbr.com/products-20201320882-2020-echezeaux-grand-cru-benjamin-leroux-burgundy","1320882","20201320882"
"Benjamin Leroux","2021","Echezeaux, Grand Cru, Benjamin Leroux, Burgundy","620","Case of 3 Bottles","https://www.bbr.com/products-20211320882-2021-echezeaux-grand-cru-benjamin-leroux-burgundy","1320882","20211320882"
"Benjamin Leroux","2022","Echezeaux, Grand Cru, Benjamin Leroux, Burgundy","1800","Case of 3 Bottles","https://www.bbr.com/products-20221320882-2022-echezeaux-grand-cru-benjamin-leroux-burgundy","1320882","20221320882"
"Benjamin Leroux","2023","Echezeaux, Grand Cru, Benjamin Leroux, Burgundy","1650","Case of 3 Bottles","https://www.bbr.com/products-20231320882-2023-echezeaux-grand-cru-benjamin-leroux-burgundy","1320882","20231320882"
"Chateau de Marsannay","2018","Echezeaux, Grand Cru, Chateau de Marsannay, Burgundy","1888","Case of 6 Bottles","https://www.bbr.com/products-20188201825-2018-echezeaux-grand-cru-chateau-de-marsannay-burgundy","1543805","20188201825"
"Domaine A-F Gros","2012","Echezeaux, Grand Cru, Domaine A.-F. Gros, Burgundy","2400","Case of 6 Bottles","https://www.bbr.com/products-20128010032-2012-echezeaux-grand-cru-domaine-a-f-gros-burgundy","1036196","20128010032"
"Domaine A-F Gros","2013","Echezeaux, Grand Cru, Domaine A.-F. Gros, Burgundy","1350","Case of 6 Bottles","https://www.bbr.com/products-20138010032-2013-echezeaux-grand-cru-domaine-a-f-gros-burgundy","1036196","20138010032"
"Domaine A-F Gros","2014","Echezeaux, Grand Cru, Domaine A.-F. Gros, Burgundy","1749","Case of 6 Bottles","https://www.bbr.com/products-20148010032-2014-echezeaux-grand-cru-domaine-a-f-gros-burgundy","1036196","20148010032"
"Domaine A-F Gros","2014","Echezeaux, Grand Cru, Domaine A.-F. Gros, Burgundy","1700","Case of 6 Bottles","https://www.bbr.com/products-20148010032-2014-echezeaux-grand-cru-domaine-a-f-gros-burgundy","1036196","20148010032"
"Domaine A-F Gros","2015","Echezeaux, Grand Cru, Domaine A.-F. Gros, Burgundy","1800","Case of 6 Bottles","https://www.bbr.com/products-20158010032-2015-echezeaux-grand-cru-domaine-a-f-gros-burgundy","1036196","20158010032"
"Domaine A-F Gros","2015","Echezeaux, Grand Cru, Domaine A.-F. Gros, Burgundy","1900","Case of 6 Bottles","https://www.bbr.com/products-20158010032-2015-echezeaux-grand-cru-domaine-a-f-gros-burgundy","1036196","20158010032"
"Domaine A-F Gros","2016","Echezeaux, Grand Cru, Domaine A.-F. Gros, Burgundy","750","Case of 3 Bottles","https://www.bbr.com/products-20168010032-2016-echezeaux-grand-cru-domaine-a-f-gros-burgundy","1036196","20168010032"
"Domaine A-F Gros","2018","Echezeaux, Grand Cru, Domaine A.-F. Gros, Burgundy","776","Case of 3 Bottles","https://www.bbr.com/products-20188010032-2018-echezeaux-grand-cru-domaine-a-f-gros-burgundy","1036196","20188010032"
"Domaine A-F Gros","2019","Echezeaux, Grand Cru, Domaine A.-F. Gros, Burgundy","1085","Case of 3 Bottles","https://www.bbr.com/products-20198010032-2019-echezeaux-grand-cru-domaine-a-f-gros-burgundy","1036196","20198010032"
"Domaine A-F Gros","2019","Echezeaux, Grand Cru, Domaine A.-F. Gros, Burgundy","1080","Case of 3 Bottles","https://www.bbr.com/products-20198010032-2019-echezeaux-grand-cru-domaine-a-f-gros-burgundy","1036196","20198010032"
"Domaine A-F Gros","2020","Echezeaux, Grand Cru, Domaine A.-F. Gros, Burgundy","1400","Case of 3 Bottles","https://www.bbr.com/products-20208010032-2020-echezeaux-grand-cru-domaine-a-f-gros-burgundy","1036196","20208010032"
"Domaine A-F Gros","2020","Echezeaux, Grand Cru, Domaine A.-F. Gros, Burgundy","2538","Case of 6 Bottles","https://www.bbr.com/products-20208010032-2020-echezeaux-grand-cru-domaine-a-f-gros-burgundy","1036196","20208010032"
"Louis Jadot","2010","Echezeaux, Grand Cru, Domaine Andre Gagey, Louis Jadot, Burgundy","1200","Case of 6 Bottles","https://www.bbr.com/products-20108022187-2010-echezeaux-grand-cru-domaine-andre-gagey-louis-jadot-burgundy","1269071","20108022187"
"Louis Jadot","2015","Echezeaux, Grand Cru, Domaine Andre Gagey, Louis Jadot, Burgundy","1090","Case of 6 Bottles","https://www.bbr.com/products-20158022187-2015-echezeaux-grand-cru-domaine-andre-gagey-louis-jadot-burgundy","1269071","20158022187"
"Louis Jadot","2016","Echezeaux, Grand Cru, Domaine Andre Gagey, Louis Jadot, Burgundy","845","Case of 6 Bottles","https://www.bbr.com/products-20168022187-2016-echezeaux-grand-cru-domaine-andre-gagey-louis-jadot-burgundy","1269071","20168022187"
"Louis Jadot","2017","Echezeaux, Grand Cru, Domaine Andre Gagey, Louis Jadot, Burgundy","890","Case of 6 Bottles","https://www.bbr.com/products-20178022187-2017-echezeaux-grand-cru-domaine-andre-gagey-louis-jadot-burgundy","1269071","20178022187"
"Louis Jadot","2019","Echezeaux, Grand Cru, Domaine Andre Gagey, Louis Jadot, Burgundy","1500","Case of 6 Bottles","https://www.bbr.com/products-20198022187-2019-echezeaux-grand-cru-domaine-andre-gagey-louis-jadot-burgundy","1269071","20198022187"
"Louis Jadot","2021","Echezeaux, Grand Cru, Domaine Andre Gagey, Louis Jadot, Burgundy","520","Case of 3 Bottles","https://www.bbr.com/products-20218022187-2021-echezeaux-grand-cru-domaine-andre-gagey-louis-jadot-burgundy","1269071","20218022187"
"Louis Jadot","2022","Echezeaux, Grand Cru, Domaine Andre Gagey, Louis Jadot, Burgundy","605","Case of 3 Bottles","https://www.bbr.com/products-20228022187-2022-echezeaux-grand-cru-domaine-andre-gagey-louis-jadot-burgundy","1269071","20228022187"
"Domaine Arnoux-Lachaux","2014","Echezeaux, Grand Cru, Domaine Arnoux-Lachaux, Burgundy","2250","Case of 6 Bottles","https://www.bbr.com/products-20148227494-2014-echezeaux-grand-cru-domaine-arnoux-lachaux-burgundy","1018725","20148227494"
"Domaine Arnoux-Lachaux","2015","Echezeaux, Grand Cru, Domaine Arnoux-Lachaux, Burgundy","2750","Case of 3 Bottles","https://www.bbr.com/products-20158227494-2015-echezeaux-grand-cru-domaine-arnoux-lachaux-burgundy","1018725","20158227494"
"Domaine Coquard Loison Fleurot","2014","Echezeaux, Grand Cru, Domaine Coquard Loison-Fleurot, Burgundy","995","Case of 6 Bottles","https://www.bbr.com/products-20148036278-2014-echezeaux-grand-cru-domaine-coquard-loison-fleurot-burgundy","1339893","20148036278"
"Domaine Coquard Loison Fleurot","2017","Echezeaux, Grand Cru, Domaine Coquard Loison-Fleurot, Burgundy","850","Case of 6 Bottles","https://www.bbr.com/products-20178036278-2017-echezeaux-grand-cru-domaine-coquard-loison-fleurot-burgundy","1339893","20178036278"
"Domaine Coquard Loison Fleurot","2018","Echezeaux, Grand Cru, Domaine Coquard Loison-Fleurot, Burgundy","1280","Case of 6 Bottles","https://www.bbr.com/products-20188036278-2018-echezeaux-grand-cru-domaine-coquard-loison-fleurot-burgundy","1339893","20188036278"
"Domaine Coquard Loison Fleurot","2020","Echezeaux, Grand Cru, Domaine Coquard Loison-Fleurot, Burgundy","1095","Case of 6 Bottles","https://www.bbr.com/products-20208036278-2020-echezeaux-grand-cru-domaine-coquard-loison-fleurot-burgundy","1339893","20208036278"
"Domaine Coquard Loison Fleurot","2022","Echezeaux, Grand Cru, Domaine Coquard Loison-Fleurot, Burgundy","1200","Case of 6 Bottles","https://www.bbr.com/products-20228036278-2022-echezeaux-grand-cru-domaine-coquard-loison-fleurot-burgundy","1339893","20228036278"
"Denis Mortet","2017","Echezeaux, Grand Cru, Domaine Denis Mortet, Burgundy","1350","Case of 1 Bottles","https://www.bbr.com/products-20178018780-2017-echezeaux-grand-cru-domaine-denis-mortet-burgundy","1790818","20178018780"
"Dujac","2005","Echezeaux, Grand Cru, Domaine Dujac, Burgundy","11000","Case of 12 Bottles","https://www.bbr.com/products-20051030572-2005-echezeaux-grand-cru-domaine-dujac-burgundy","1030572","20051030572"
"Dujac","2008","Echezeaux, Grand Cru, Domaine Dujac, Burgundy","3250","Case of 6 Bottles","https://www.bbr.com/products-20081030572-2008-echezeaux-grand-cru-domaine-dujac-burgundy","1030572","20081030572"
"Dujac","2009","Echezeaux, Grand Cru, Domaine Dujac, Burgundy","6650","Case of 6 Bottles","https://www.bbr.com/products-20091030572-2009-echezeaux-grand-cru-domaine-dujac-burgundy","1030572","20091030572"
"Dujac","2013","Echezeaux, Grand Cru, Domaine Dujac, Burgundy","3300","Case of 6 Bottles","https://www.bbr.com/products-20131030572-2013-echezeaux-grand-cru-domaine-dujac-burgundy","1030572","20131030572"
"Dujac","2016","Echezeaux, Grand Cru, Domaine Dujac, Burgundy","1650","Case of 3 Bottles","https://www.bbr.com/products-20161030572-2016-echezeaux-grand-cru-domaine-dujac-burgundy","1030572","20161030572"
"Dujac","2018","Echezeaux, Grand Cru, Domaine Dujac, Burgundy","1490","Case of 3 Bottles","https://www.bbr.com/products-20181030572-2018-echezeaux-grand-cru-domaine-dujac-burgundy","1030572","20181030572"
"Dujac","2018","Echezeaux, Grand Cru, Domaine Dujac, Burgundy","1550","Case of 3 Bottles","https://www.bbr.com/products-20181030572-2018-echezeaux-grand-cru-domaine-dujac-burgundy","1030572","20181030572"
"Dujac","2019","Echezeaux, Grand Cru, Domaine Dujac, Burgundy","1950","Case of 3 Bottles","https://www.bbr.com/products-20191030572-2019-echezeaux-grand-cru-domaine-dujac-burgundy","1030572","20191030572"
"Dujac","2020","Echezeaux, Grand Cru, Domaine Dujac, Burgundy","6000","Case of 3 Magnums","https://www.bbr.com/products-20201030572-2020-echezeaux-grand-cru-domaine-dujac-burgundy","1030572","20201030572"
"Dujac","2021","Echezeaux, Grand Cru, Domaine Dujac, Burgundy","1140","Case of 1 Magnums","https://www.bbr.com/products-20211030572-2021-echezeaux-grand-cru-domaine-dujac-burgundy","1030572","20211030572"
"Dujac","2022","Echezeaux, Grand Cru, Domaine Dujac, Burgundy","1290","Case of 3 Bottles","https://www.bbr.com/products-20221030572-2022-echezeaux-grand-cru-domaine-dujac-burgundy","1030572","20221030572"
"Dujac","2023","Echezeaux, Grand Cru, Domaine Dujac, Burgundy","1945","Case of 3 Bottles","https://www.bbr.com/products-20231030572-2023-echezeaux-grand-cru-domaine-dujac-burgundy","1030572","20231030572"
"Domaine Joseph Faiveley","2013","Echezeaux, Grand Cru, Domaine Faiveley, Burgundy","770","Case of 6 Bottles","https://www.bbr.com/products-20138021050-2013-echezeaux-grand-cru-domaine-faiveley-burgundy","1031377","20138021050"
"Domaine Lamarche","2009","Echezeaux, Grand Cru, Domaine Francois Lamarche, Burgundy","1450","Case of 6 Bottles","https://www.bbr.com/products-20091040160-2009-echezeaux-grand-cru-domaine-francois-lamarche-burgundy","1040160","20091040160"
"Domaine Lamarche","2010","Echezeaux, Grand Cru, Domaine Francois Lamarche, Burgundy","1080","Case of 6 Bottles","https://www.bbr.com/products-20101040160-2010-echezeaux-grand-cru-domaine-francois-lamarche-burgundy","1040160","20101040160"
"Domaine Lamarche","2013","Echezeaux, Grand Cru, Domaine Francois Lamarche, Burgundy","950","Case of 6 Bottles","https://www.bbr.com/products-20131040160-2013-echezeaux-grand-cru-domaine-francois-lamarche-burgundy","1040160","20131040160"
"Domaine Lamarche","2013","Echezeaux, Grand Cru, Domaine Francois Lamarche, Burgundy","894","Case of 6 Bottles","https://www.bbr.com/products-20131040160-2013-echezeaux-grand-cru-domaine-francois-lamarche-burgundy","1040160","20131040160"
"Domaine Lamarche","2014","Echezeaux, Grand Cru, Domaine Francois Lamarche, Burgundy","840","Case of 6 Bottles","https://www.bbr.com/products-20141040160-2014-echezeaux-grand-cru-domaine-francois-lamarche-burgundy","1040160","20141040160"
"Domaine Lamarche","2015","Echezeaux, Grand Cru, Domaine Francois Lamarche, Burgundy","1500","Case of 6 Bottles","https://www.bbr.com/products-20151040160-2015-echezeaux-grand-cru-domaine-francois-lamarche-burgundy","1040160","20151040160"
"Domaine Lamarche","2017","Echezeaux, Grand Cru, Domaine Francois Lamarche, Burgundy","895","Case of 6 Bottles","https://www.bbr.com/products-20171040160-2017-echezeaux-grand-cru-domaine-francois-lamarche-burgundy","1040160","20171040160"
"Domaine Georges & Christophe Roumier","2017","Echezeaux, Grand Cru, Domaine Georges Roumier","21000","Case of 3 Bottles","https://www.bbr.com/products-20178035431-2017-echezeaux-grand-cru-domaine-georges-roumier","1550274","20178035431"
"Domaine Georges & Christophe Roumier","2019","Echezeaux, Grand Cru, Domaine Georges Roumier, Burgundy","22000","Case of 3 Bottles","https://www.bbr.com/products-20198035431-2019-echezeaux-grand-cru-domaine-georges-roumier-burgundy","1550274","20198035431"
"Gros Frere et Soeur","2020","Echezeaux, Grand Cru, Domaine Gros Frere &amp; Soeur, Burgundy","1640","Case of 6 Bottles","https://www.bbr.com/products-20208219057-2020-echezeaux-grand-cru-domaine-gros-frere-and-soeur-burgundy","1036343","20208219057"
"Gros Frere et Soeur","2023","Echezeaux, Grand Cru, Domaine Gros Frere &amp; Soeur, Burgundy","1220","Case of 6 Bottles","https://www.bbr.com/products-20238219044-2023-echezeaux-grand-cru-domaine-gros-frere-and-soeur-burgundy","1036343","20238219044"
"Domaine Guyon","2013","Echezeaux, Grand Cru, Domaine Guyon, Burgundy","2250","Case of 6 Bottles","https://www.bbr.com/products-20131447132-2013-echezeaux-grand-cru-domaine-guyon-burgundy","1447132","20131447132"
"Domaine Guyon","2014","Echezeaux, Grand Cru, Domaine Guyon, Burgundy","1230","Case of 6 Bottles","https://www.bbr.com/products-20141447132-2014-echezeaux-grand-cru-domaine-guyon-burgundy","1447132","20141447132"
"Domaine Guyon","2015","Echezeaux, Grand Cru, Domaine Guyon, Burgundy","2495","Case of 6 Bottles","https://www.bbr.com/products-20151447132-2015-echezeaux-grand-cru-domaine-guyon-burgundy","1447132","20151447132"
"Domaine Guyon","2016","Echezeaux, Grand Cru, Domaine Guyon, Burgundy","1975","Case of 6 Bottles","https://www.bbr.com/products-20161447132-2016-echezeaux-grand-cru-domaine-guyon-burgundy","1447132","20161447132"
"Domaine Guyon","2017","Echezeaux, Grand Cru, Domaine Guyon, Burgundy","2900","Case of 6 Bottles","https://www.bbr.com/products-20171447132-2017-echezeaux-grand-cru-domaine-guyon-burgundy","1447132","20171447132"
"Domaine Guyon","2018","Echezeaux, Grand Cru, Domaine Guyon, Burgundy","2200","Case of 6 Bottles","https://www.bbr.com/products-20181447132-2018-echezeaux-grand-cru-domaine-guyon-burgundy","1447132","20181447132"
"Domaine Guyon","2019","Echezeaux, Grand Cru, Domaine Guyon, Burgundy","1800","Case of 3 Bottles","https://www.bbr.com/products-20191447132-2019-echezeaux-grand-cru-domaine-guyon-burgundy","1447132","20191447132"
"Domaine Guyon","2020","Echezeaux, Grand Cru, Domaine Guyon, Burgundy","2750","Case of 3 Bottles","https://www.bbr.com/products-20201447132-2020-echezeaux-grand-cru-domaine-guyon-burgundy","1447132","20201447132"
"Domaine Guyon","2021","Echezeaux, Grand Cru, Domaine Guyon, Burgundy","1860","Case of 3 Bottles","https://www.bbr.com/products-20211447132-2021-echezeaux-grand-cru-domaine-guyon-burgundy","1447132","20211447132"
"Domaine Guyon","2022","Echezeaux, Grand Cru, Domaine Guyon, Burgundy","1850","Case of 3 Bottles","https://www.bbr.com/products-20221447132-2022-echezeaux-grand-cru-domaine-guyon-burgundy","1447132","20221447132"
"Domaine Guyon","2023","Echezeaux, Grand Cru, Domaine Guyon, Burgundy","3199","Case of 3 Bottles","https://www.bbr.com/products-20231447132-2023-echezeaux-grand-cru-domaine-guyon-burgundy","1447132","20231447132"
"Henri Boillot","2017","Echezeaux, Grand Cru, Domaine Henri Boillot, Burgundy","580","Case of 3 Bottles","https://www.bbr.com/products-20178062725-2017-echezeaux-grand-cru-domaine-henri-boillot-burgundy","1744824","20178062725"
"Jacques Prieur","2015","Echezeaux, Grand Cru, Domaine Jacques Prieur, Burgundy","2000","Case of 6 Bottles","https://www.bbr.com/products-20158218076-2015-echezeaux-grand-cru-domaine-jacques-prieur-burgundy","1053254","20158218076"
"Jacques Prieur","2021","Echezeaux, Grand Cru, Domaine Jacques Prieur, Burgundy","1450","Case of 3 Bottles","https://www.bbr.com/products-20218218076-2021-echezeaux-grand-cru-domaine-jacques-prieur-burgundy","1053254","20218218076"
"Jacques Prieur","2022","Echezeaux, Grand Cru, Domaine Jacques Prieur, Burgundy","850","Case of 3 Bottles","https://www.bbr.com/products-20228218076-2022-echezeaux-grand-cru-domaine-jacques-prieur-burgundy","1053254","20228218076"
"Domaine Noellat","2021","Echezeaux, Grand Cru, Domaine Michel Noellat, Burgundy","1280","Case of 6 Bottles","https://www.bbr.com/products-20218053408-2021-echezeaux-grand-cru-domaine-michel-noellat-burgundy","1269488","20218053408"
"Domaine Mugneret-Gibourg","2017","Echezeaux, Grand Cru, Domaine Mugneret-Gibourg, Burgundy","4000","Case of 6 Bottles","https://www.bbr.com/products-20178120753-2017-echezeaux-grand-cru-domaine-mugneret-gibourg-burgundy","1049394","20178120753"
"Domaine Mugneret-Gibourg","2020","Echezeaux, Grand Cru, Domaine Mugneret-Gibourg, Burgundy","700","Case of 1 Bottles","https://www.bbr.com/products-20208120753-2020-echezeaux-grand-cru-domaine-mugneret-gibourg-burgundy","1049394","20208120753"
"Meo-Camuzet","2023","Echezeaux, Grand Cru, Domaine Meo-Camuzet, Burgundy","540","Case of 1 Bottles","https://www.bbr.com/products-20231216772-2023-echezeaux-grand-cru-domaine-meo-camuzet-burgundy","1046739","20231216772"
"Philippe Charlopin","2018","Echezeaux, Grand Cru, Domaine Philippe Charlopin, Burgundy","1072","Case of 6 Bottles","https://www.bbr.com/products-20188121688-2018-echezeaux-grand-cru-domaine-philippe-charlopin-burgundy","1024706","20188121688"
"Philippe Charlopin","2019","Echezeaux, Grand Cru, Domaine Philippe Charlopin, Burgundy","1049","Case of 6 Bottles","https://www.bbr.com/products-20198121688-2019-echezeaux-grand-cru-domaine-philippe-charlopin-burgundy","1024706","20198121688"
"Philippe Charlopin","2020","Echezeaux, Grand Cru, Domaine Philippe Charlopin, Burgundy","1240","Case of 6 Bottles","https://www.bbr.com/products-20208121688-2020-echezeaux-grand-cru-domaine-philippe-charlopin-burgundy","1024706","20208121688"
"Domaine Rene Engel","2000","Echezeaux, Grand Cru, Domaine Rene Engel, Burgundy","3000","Case of 1 Bottles","https://www.bbr.com/products-20008014867-2000-echezeaux-grand-cru-domaine-rene-engel-burgundy","1030862","20008014867"
"Domaine Vigot","2012","Echezeaux, Grand Cru, Domaine Vigot Fabrice, Burgundy","700","Case of 6 Bottles","https://www.bbr.com/products-20128140418-2012-echezeaux-grand-cru-domaine-vigot-fabrice-burgundy","1058930","20128140418"
"Domaine d'Eugenie","2007","Echezeaux, Grand Cru, Domaine d'Eugenie, Burgundy","3000","Case of 3 Magnums","https://www.bbr.com/products-20078023360-2007-echezeaux-grand-cru-domaine-d-eugenie-burgundy","1031159","20078023360"
"Domaine d'Eugenie","2010","Echezeaux, Grand Cru, Domaine d'Eugenie, Burgundy","1449","Case of 6 Bottles","https://www.bbr.com/products-20108023360-2010-echezeaux-grand-cru-domaine-d-eugenie-burgundy","1031159","20108023360"
"Domaine d'Eugenie","2011","Echezeaux, Grand Cru, Domaine d'Eugenie, Burgundy","1636","Case of 6 Bottles","https://www.bbr.com/products-20118023360-2011-echezeaux-grand-cru-domaine-d-eugenie-burgundy","1031159","20118023360"
"Domaine d'Eugenie","2013","Echezeaux, Grand Cru, Domaine d'Eugenie, Burgundy","1475","Case of 3 Magnums","https://www.bbr.com/products-20138023360-2013-echezeaux-grand-cru-domaine-d-eugenie-burgundy","1031159","20138023360"
"Domaine d'Eugenie","2014","Echezeaux, Grand Cru, Domaine d'Eugenie, Burgundy","1749","Case of 6 Bottles","https://www.bbr.com/products-20148023360-2014-echezeaux-grand-cru-domaine-d-eugenie-burgundy","1031159","20148023360"
"Domaine d'Eugenie","2017","Echezeaux, Grand Cru, Domaine d'Eugenie, Burgundy","1550","Case of 6 Bottles","https://www.bbr.com/products-20178023360-2017-echezeaux-grand-cru-domaine-d-eugenie-burgundy","1031159","20178023360"
"Domaine d'Eugenie","2018","Echezeaux, Grand Cru, Domaine d'Eugenie, Burgundy","1600","Case of 6 Bottles","https://www.bbr.com/products-20188023360-2018-echezeaux-grand-cru-domaine-d-eugenie-burgundy","1031159","20188023360"
"Domaine d'Eugenie","2018","Echezeaux, Grand Cru, Domaine d'Eugenie, Burgundy","1872","Case of 6 Bottles","https://www.bbr.com/products-20188023360-2018-echezeaux-grand-cru-domaine-d-eugenie-burgundy","1031159","20188023360"
"Domaine d'Eugenie","2018","Echezeaux, Grand Cru, Domaine d'Eugenie, Burgundy","1880","Case of 3 Magnums","https://www.bbr.com/products-20188023360-2018-echezeaux-grand-cru-domaine-d-eugenie-burgundy","1031159","20188023360"
"Domaine d'Eugenie","2022","Echezeaux, Grand Cru, Domaine d'Eugenie, Burgundy","1190","Case of 3 Bottles","https://www.bbr.com/products-20228023360-2022-echezeaux-grand-cru-domaine-d-eugenie-burgundy","1031159","20228023360"
"Domaine des Perdrix","2016","Echezeaux, Grand Cru, Domaine des Perdrix, Burgundy","1016","Case of 6 Bottles","https://www.bbr.com/products-20168030999-2016-echezeaux-grand-cru-domaine-des-perdrix-burgundy","1050468","20168030999"
"Albert Bichot","2015","Echezeaux, Grand Cru, Domaine du Clos Frantin, Albert Bichot, Burgundy","750","Case of 6 Bottles","https://www.bbr.com/products-20158220307-2015-echezeaux-grand-cru-domaine-du-clos-frantin-albert-bichot-burgundy","1020056","20158220307"
"Albert Bichot","2017","Echezeaux, Grand Cru, Domaine du Clos Frantin, Albert Bichot, Burgundy","775","Case of 3 Magnums","https://www.bbr.com/products-20178220307-2017-echezeaux-grand-cru-domaine-du-clos-frantin-albert-bichot-burgundy","1020056","20178220307"
"Domaine Georges Noellat","2016","Echezeaux, Grand Cru, Georges Noellat, Burgundy","5000","Case of 12 Bottles","https://www.bbr.com/products-20168209326-2016-echezeaux-grand-cru-georges-noellat-burgundy","1213641","20168209326"
"Maison Joseph Drouhin","2017","Echezeaux, Grand Cru, Joseph Drouhin, Burgundy","1382","Case of 6 Bottles","https://www.bbr.com/products-20178019165-2017-echezeaux-grand-cru-joseph-drouhin-burgundy","1029059","20178019165"
"Maison Joseph Drouhin","2020","Echezeaux, Grand Cru, Joseph Drouhin, Burgundy","790","Case of 3 Bottles","https://www.bbr.com/products-20208019165-2020-echezeaux-grand-cru-joseph-drouhin-burgundy","1029059","20208019165"
"Lucien Le Moine","2017","Echezeaux, Grand Cru, Lucien Le Moine, Burgundy","1523","Case of 6 Bottles","https://www.bbr.com/products-20178218715-2017-echezeaux-grand-cru-lucien-le-moine-burgundy","1042601","20178218715"
"Domaine Tawse","2020","Echezeaux, Grand Cru, Marchand & Tawse, Burgundy","799","Case of 3 Bottles","https://www.bbr.com/products-20208160825-2020-echezeaux-grand-cru-marchand-tawse-burgundy","1229420","20208160825"
"Domaine Lamarche","2018","Echezeaux, Grand Cru, Nicole Lamarche, Burgundy","800","Case of 6 Bottles","https://www.bbr.com/products-20181040160-2018-echezeaux-grand-cru-nicole-lamarche-burgundy","1040160","20181040160"
"Domaine Lamarche","2019","Echezeaux, Grand Cru, Nicole Lamarche, Burgundy","900","Case of 6 Bottles","https://www.bbr.com/products-20191040160-2019-echezeaux-grand-cru-nicole-lamarche-burgundy","1040160","20191040160"
"Domaine Lamarche","2020","Echezeaux, Grand Cru, Nicole Lamarche, Burgundy","320","Case of 1 Magnums","https://www.bbr.com/products-20201040160-2020-echezeaux-grand-cru-nicole-lamarche-burgundy","1040160","20201040160"
"Domaine Lamarche","2022","Echezeaux, Grand Cru, Nicole Lamarche, Burgundy","900","Case of 6 Bottles","https://www.bbr.com/products-20221040160-2022-echezeaux-grand-cru-nicole-lamarche-burgundy","1040160","20221040160"
"Philippe Pacalet","2018","Echezeaux, Grand Cru, Philippe Pacalet, Burgundy","4060","Case of 12 Bottles","https://www.bbr.com/products-20188208358-2018-echezeaux-grand-cru-philippe-pacalet-burgundy","1229808","20188208358"
"Philippe Pacalet","2019","Echezeaux, Grand Cru, Philippe Pacalet, Burgundy","5400","Case of 12 Bottles","https://www.bbr.com/products-20198208358-2019-echezeaux-grand-cru-philippe-pacalet-burgundy","1229808","20198208358"
"Domaine Duroche","2019","Echezeaux, Grand Cru, Pierre & Marianne Duroche, Burgundy","1250","Case of 3 Bottles","https://www.bbr.com/products-20198057930-2019-echezeaux-grand-cru-pierre-marianne-duroche-burgundy","1770687","20198057930"
"Pierrick Bouley","2021","Echezeaux, Grand Cru, Pierrick Bouley, Burgundy","1099","Case of 6 Bottles","https://www.bbr.com/products-20212950987-2021-echezeaux-grand-cru-pierrick-bouley-burgundy","2950987","20212950987"
"Domaine Fourrier","2013","Echezeaux, Grand Cru, Vieille Vigne, Jean-Marie Fourrier, Burgundy","1608","Case of 6 Bottles","https://www.bbr.com/products-20138227351-2013-echezeaux-grand-cru-vieille-vigne-jean-marie-fourrier-burgundy","1032286","20138227351"
"Domaine Fourrier","2014","Echezeaux, Grand Cru, Vieille Vigne, Jean-Marie Fourrier, Burgundy","1625","Case of 6 Bottles","https://www.bbr.com/products-20148227351-2014-echezeaux-grand-cru-vieille-vigne-jean-marie-fourrier-burgundy","1032286","20148227351"
"Domaine Anne Gros","2020","Echezeaux, Les Loachausses, Grand Cru, Domaine Anne Gros, Burgundy","1400","Case of 6 Bottles","https://www.bbr.com/products-20208121763-2020-echezeaux-les-loachausses-grand-cru-domaine-anne-gros-burgundy","1036053","20208121763"
"Meo-Camuzet","2009","Echezeaux, Les Rouges du Bas, Grand Cru, Domaine Meo-Camuzet, Burgundy","1789","Case of 1 Magnums","https://www.bbr.com/products-20091216772-2009-echezeaux-les-rouges-du-bas-grand-cru-domaine-meo-camuzet-burgundy","1046739","20091216772"
"Meo-Camuzet","2016","Echezeaux, Les Rouges du Bas, Grand Cru, Domaine Meo-Camuzet, Burgundy","2450","Case of 6 Bottles","https://www.bbr.com/products-20161216772-2016-echezeaux-les-rouges-du-bas-grand-cru-domaine-meo-camuzet-burgundy","1046739","20161216772"
"Meo-Camuzet","2018","Echezeaux, Les Rouges du Bas, Grand Cru, Domaine Meo-Camuzet, Burgundy","1289","Case of 3 Bottles","https://www.bbr.com/products-20181216772-2018-echezeaux-les-rouges-du-bas-grand-cru-domaine-meo-camuzet-burgundy","1046739","20181216772"
"Meo-Camuzet","2019","Echezeaux, Les Rouges du Bas, Grand Cru, Domaine Meo-Camuzet, Burgundy","530","Case of 1 Bottles","https://www.bbr.com/products-20191216772-2019-echezeaux-les-rouges-du-bas-grand-cru-domaine-meo-camuzet-burgundy","1046739","20191216772"
"Chateau Lynch-Bages","2009","Echo de Lynch-Bages, Pauillac, Bordeaux","505","Case of 12 Bottles","https://www.bbr.com/products-20098004820-2009-echo-de-lynch-bages-pauillac-bordeaux","1009538","20098004820"
"Chateau Lynch-Bages","2009","Echo de Lynch-Bages, Pauillac, Bordeaux","580","Case of 6 Magnums","https://www.bbr.com/products-20098004820-2009-echo-de-lynch-bages-pauillac-bordeaux","1009538","20098004820"
"Chateau Lynch-Bages","2010","Echo de Lynch-Bages, Pauillac, Bordeaux","580","Case of 12 Bottles","https://www.bbr.com/products-20108004820-2010-echo-de-lynch-bages-pauillac-bordeaux","1009538","20108004820"
"Chateau Lynch-Bages","2010","Echo de Lynch-Bages, Pauillac, Bordeaux","625","Case of 6 Magnums","https://www.bbr.com/products-20108004820-2010-echo-de-lynch-bages-pauillac-bordeaux","1009538","20108004820"
"Chateau Lynch-Bages","2012","Echo de Lynch-Bages, Pauillac, Bordeaux","495","Case of 12 Bottles","https://www.bbr.com/products-20128004820-2012-echo-de-lynch-bages-pauillac-bordeaux","1009538","20128004820"
"Chateau Lynch-Bages","2014","Echo de Lynch-Bages, Pauillac, Bordeaux","200","Case of 6 Bottles","https://www.bbr.com/products-20148004820-2014-echo-de-lynch-bages-pauillac-bordeaux","1009538","20148004820"
"Chateau Lynch-Bages","2015","Echo de Lynch-Bages, Pauillac, Bordeaux","180","Case of 6 Bottles","https://www.bbr.com/products-20158004820-2015-echo-de-lynch-bages-pauillac-bordeaux","1009538","20158004820"
"Chateau Lynch-Bages","2017","Echo de Lynch-Bages, Pauillac, Bordeaux","160","Case of 6 Bottles","https://www.bbr.com/products-20178004820-2017-echo-de-lynch-bages-pauillac-bordeaux","1009538","20178004820"
"Chateau Lynch-Bages","2018","Echo de Lynch-Bages, Pauillac, Bordeaux","189","Case of 6 Bottles","https://www.bbr.com/products-20188004820-2018-echo-de-lynch-bages-pauillac-bordeaux","1009538","20188004820"
"Chateau Lynch-Bages","2019","Echo de Lynch-Bages, Pauillac, Bordeaux","150","Case of 6 Bottles","https://www.bbr.com/products-20198004820-2019-echo-de-lynch-bages-pauillac-bordeaux","1009538","20198004820"
"Chateau Lynch-Bages","2020","Echo de Lynch-Bages, Pauillac, Bordeaux","150","Case of 6 Bottles","https://www.bbr.com/products-20208004820-2020-echo-de-lynch-bages-pauillac-bordeaux","1009538","20208004820"
"Chateau Lynch-Bages","2020","Echo de Lynch-Bages, Pauillac, Bordeaux","189","Case of 12 Half Bottles","https://www.bbr.com/products-20208004820-2020-echo-de-lynch-bages-pauillac-bordeaux","1009538","20208004820"
"Chateau Lynch-Bages","2021","Echo de Lynch-Bages, Pauillac, Bordeaux","155","Case of 6 Bottles","https://www.bbr.com/products-20218004820-2021-echo-de-lynch-bages-pauillac-bordeaux","1009538","20218004820"
"Chateau Lynch-Bages","2021","Echo de Lynch-Bages, Pauillac, Bordeaux","250","Case of 3 Magnums","https://www.bbr.com/products-20218004820-2021-echo-de-lynch-bages-pauillac-bordeaux","1009538","20218004820"
"Domaine Jean-Marc Millot","2019","Echezeaux du Dessus, Cuvee 1949, Grand Cru, Domaine Jean-Marc Millot, Burgundy","928","Case of 1 Magnums","https://www.bbr.com/products-20198149046-2019-echezeaux-du-dessus-cuvee-1949-grand-cru-domaine-jean-marc-millot-burgundy","1876640","20198149046"
"Louis Jadot","2009","Echezeaux, Domaine Louis Jadot","780","Case of 1 Jeroboam 300cl","https://www.bbr.com/products-20098022174-2009-echezeaux-domaine-louis-jadot","1038161","20098022174"
"Domaine Jean Yves Bizot","2022","Echezeaux, Grand Cru, Domaine Bizot, Burgundy","18800","Case of 6 Bottles","https://www.bbr.com/products-20228038126-2022-echezeaux-grand-cru-domaine-bizot-burgundy","1020476","20228038126"
"Confuron-Cotetidot","2019","Echezeaux, Grand Cru, Domaine Confuron-Cotetidot, Burgundy","880","Case of 6 Bottles","https://www.bbr.com/products-20198219783-2019-echezeaux-grand-cru-domaine-confuron-cotetidot-burgundy","1027084","20198219783"
"Confuron-Cotetidot","2021","Echezeaux, Grand Cru, Domaine Confuron-Cotetidot, Burgundy","565","Case of 3 Bottles","https://www.bbr.com/products-20218219783-2021-echezeaux-grand-cru-domaine-confuron-cotetidot-burgundy","1027084","20218219783"
"Domaine Gerard Julien & Fils","2015","Echezeaux, Grand Cru, Domaine Gerard Julien, Burgundy","1075","Case of 6 Bottles","https://www.bbr.com/products-20158226439-2015-echezeaux-grand-cru-domaine-gerard-julien-burgundy","1330917","20158226439"
"Domaine Jean-Marc Millot","2020","Echezeaux, Grand Cru, Domaine Jean-Marc Millot, Burgundy","1100","Case of 6 Bottles","https://www.bbr.com/products-20208038881-2020-echezeaux-grand-cru-domaine-jean-marc-millot-burgundy","1047257","20208038881"
"Domaine Mongeard-Mugneret","2016","Echezeaux, Grand Cru, Domaine Mongeard-Mugneret, Burgundy","1692","Case of 6 Bottles","https://www.bbr.com/products-20168218340-2016-echezeaux-grand-cru-domaine-mongeard-mugneret-burgundy","1047749","20168218340"
"Domaine Mongeard-Mugneret","2017","Echezeaux, Grand Cru, Domaine Mongeard-Mugneret, Burgundy","1480","Case of 6 Bottles","https://www.bbr.com/products-20178218340-2017-echezeaux-grand-cru-domaine-mongeard-mugneret-burgundy","1047749","20178218340"
"Emmanuel Rouget","2002","Echezeaux, Grand Cru, Emmanuel Rouget, Burgundy","11550","Case of 12 Bottles","https://www.bbr.com/products-20021056620-2002-echezeaux-grand-cru-emmanuel-rouget-burgundy","1056620","20021056620"
"Emmanuel Rouget","2006","Echezeaux, Grand Cru, Emmanuel Rouget, Burgundy","15000","Case of 12 Bottles","https://www.bbr.com/products-20061056620-2006-echezeaux-grand-cru-emmanuel-rouget-burgundy","1056620","20061056620"
"Emmanuel Rouget","2007","Echezeaux, Grand Cru, Emmanuel Rouget, Burgundy","8350","Case of 12 Bottles","https://www.bbr.com/products-20071056620-2007-echezeaux-grand-cru-emmanuel-rouget-burgundy","1056620","20071056620"
"Emmanuel Rouget","2010","Echezeaux, Grand Cru, Emmanuel Rouget, Burgundy","14500","Case of 12 Bottles","https://www.bbr.com/products-20101056620-2010-echezeaux-grand-cru-emmanuel-rouget-burgundy","1056620","20101056620"
"Emmanuel Rouget","2016","Echezeaux, Grand Cru, Emmanuel Rouget, Burgundy","4000","Case of 6 Bottles","https://www.bbr.com/products-20161056620-2016-echezeaux-grand-cru-emmanuel-rouget-burgundy","1056620","20161056620"
"Emmanuel Rouget","2018","Echezeaux, Grand Cru, Emmanuel Rouget, Burgundy","1150","Case of 1 Bottles","https://www.bbr.com/products-20181056620-2018-echezeaux-grand-cru-emmanuel-rouget-burgundy","1056620","20181056620"
"Emmanuel Rouget","2018","Echezeaux, Grand Cru, Emmanuel Rouget, Burgundy","6500","Case of 6 Bottles","https://www.bbr.com/products-20181056620-2018-echezeaux-grand-cru-emmanuel-rouget-burgundy","1056620","20181056620"
"Emmanuel Rouget","2018","Echezeaux, Grand Cru, Emmanuel Rouget, Burgundy","9500","Case of 12 Bottles","https://www.bbr.com/products-20181056620-2018-echezeaux-grand-cru-emmanuel-rouget-burgundy","1056620","20181056620"
"Jayer (Henri, Georges and Family)","2016","Echezeaux, Grand Cru, Georges Jayer, Burgundy","12000","Case of 12 Bottles","https://www.bbr.com/products-20168016324-2016-echezeaux-grand-cru-georges-jayer-burgundy","1039012","20168016324"
"Maison Roche de Bellene","2012","Echezeaux, Grand Cru, Maison Roche de Bellene, Burgundy","670","Case of 6 Bottles","https://www.bbr.com/products-20121171295-2012-echezeaux-grand-cru-maison-roche-de-bellene-burgundy","1171295","20121171295"
"Maison Roche de Bellene","2017","Echezeaux, Grand Cru, Maison Roche de Bellene, Burgundy","820","Case of 6 Bottles","https://www.bbr.com/products-20171171295-2017-echezeaux-grand-cru-maison-roche-de-bellene-burgundy","1171295","20171171295"
"Eisele Vineyard","2013","Eisele Vineyard, Cabernet Sauvignon, Napa Valley, California, USA","750","Case of 1 Magnums","https://www.bbr.com/products-20138115939-2013-eisele-vineyard-cabernet-sauvignon-napa-valley-california-usa","1121434","20138115939"
"Eisele Vineyard","2014","Eisele Vineyard, Cabernet Sauvignon, Napa Valley, California, USA","868","Case of 3 Bottles","https://www.bbr.com/products-20148115939-2014-eisele-vineyard-cabernet-sauvignon-napa-valley-california-usa","1121434","20148115939"
"Eisele Vineyard","2014","Eisele Vineyard, Cabernet Sauvignon, Napa Valley, California, USA","2100","Case of 3 Bottles","https://www.bbr.com/products-20148115939-2014-eisele-vineyard-cabernet-sauvignon-napa-valley-california-usa","1121434","20148115939"
"Eisele Vineyard","2014","Eisele Vineyard, Cabernet Sauvignon, Napa Valley, California, USA","800","Case of 1 Magnums","https://www.bbr.com/products-20148115939-2014-eisele-vineyard-cabernet-sauvignon-napa-valley-california-usa","1121434","20148115939"
"Eisele Vineyard","2015","Eisele Vineyard, Cabernet Sauvignon, Napa Valley, California, USA","820","Case of 3 Bottles","https://www.bbr.com/products-20158115939-2015-eisele-vineyard-cabernet-sauvignon-napa-valley-california-usa","1121434","20158115939"
"Eisenstone","2022","Eisenstone, Greenock Shiraz SR801, Barossa Valley, Australia","280","Case of 6 Bottles","https://www.bbr.com/products-20228083618-2022-eisenstone-greenock-shiraz-sr801-barossa-valley-australia","3017153","20228083618"
"Eisenstone","2021","Eisenstone, McDonald Vyd Marangna Shiraz SV904, Barossa Valley, Australia","250","Case of 6 Bottles","https://www.bbr.com/products-20218301831-2021-eisenstone-mcdonald-vyd-marangna-shiraz-sv904-barossa-valley-australia","2957478","20218301831"
"Eisenstone","2022","Eisenstone, McDonald Vyd Marangna Shiraz SV904, Barossa Valley, Australia","575","Case of 6 Bottles","https://www.bbr.com/products-20228301831-2022-eisenstone-mcdonald-vyd-marangna-shiraz-sv904-barossa-valley-australia","2957478","20228301831"
"Bodega Torre de O?a","2021","El Camino, Torre de O?a, Rioja, Spain","385","Case of 3 Bottles","https://www.bbr.com/products-20218318327-2021-el-camino-torre-de-o-a-rioja-spain","3088331","20218318327"
"Artadi","2009","El Carretil, Artadi, Rioja, Spain","535","Case of 6 Bottles","https://www.bbr.com/products-20098008671-2009-el-carretil-artadi-rioja-spain","1135323","20098008671"
"Artadi","2010","El Carretil, Artadi, Rioja, Spain","800","Case of 6 Bottles","https://www.bbr.com/products-20108008671-2010-el-carretil-artadi-rioja-spain","1135323","20108008671"
"Artadi","2011","El Carretil, Artadi, Rioja, Spain","495","Case of 6 Bottles","https://www.bbr.com/products-20118008671-2011-el-carretil-artadi-rioja-spain","1135323","20118008671"
"Artadi","2012","El Carretil, Artadi, Rioja, Spain","435","Case of 6 Bottles","https://www.bbr.com/products-20128008671-2012-el-carretil-artadi-rioja-spain","1135323","20128008671"
"Artadi","2015","El Carretil, Artadi, Rioja, Spain","620","Case of 6 Bottles","https://www.bbr.com/products-20158008671-2015-el-carretil-artadi-rioja-spain","1135323","20158008671"
"Artadi","2016","El Carretil, Artadi, Rioja, Spain","570","Case of 6 Bottles","https://www.bbr.com/products-20168008671-2016-el-carretil-artadi-rioja-spain","1135323","20168008671"
"Artadi","2018","El Carretil, Artadi, Rioja, Spain","670","Case of 6 Bottles","https://www.bbr.com/products-20188008671-2018-el-carretil-artadi-rioja-spain","1135323","20188008671"
"Artadi","2023","El Carretil, Artadi, Rioja, Spain","950","Case of 6 Bottles","https://www.bbr.com/products-20238008671-2023-el-carretil-artadi-rioja-spain","1135323","20238008671"
"Bodegas Suertes del Marques","2018","El Ciruelo, Vi?as Viejas, Suertes del Marques, Valle de la Orotava, Tenerife, Spain","210","Case of 6 Bottles","https://www.bbr.com/products-20188060213-2018-el-ciruelo-vi-as-viejas-suertes-del-marques-valle-de-la-orotava-tenerife-spain","1268087","20188060213"
"El Enemigo","2016","El Enemigo, As Bravas, Malbec, Uco Valley, Argentina","450","Case of 6 Bottles","https://www.bbr.com/products-20168309518-2016-el-enemigo-as-bravas-malbec-uco-valley-argentina","2988441","20168309518"
"El Enemigo","2019","El Enemigo, Gran Enemigo, Agrelo Single Vineyard, Mendoza, Argentina","375","Case of 6 Bottles","https://www.bbr.com/products-20198112723-2019-el-enemigo-gran-enemigo-agrelo-single-vineyard-mendoza-argentina","1371884","20198112723"
"El Enemigo","2019","El Enemigo, Gran Enemigo, Chacayes Single Vineyard, Mendoza, Argentina","262","Case of 6 Bottles","https://www.bbr.com/products-20198112736-2019-el-enemigo-gran-enemigo-chacayes-single-vineyard-mendoza-argentina","1436664","20198112736"
"El Enemigo","2016","El Enemigo, Gran Enemigo, El Cepillo Cabernet Franc, Mendoza, Argentina","370","Case of 6 Bottles","https://www.bbr.com/products-20168055473-2016-el-enemigo-gran-enemigo-el-cepillo-cabernet-franc-mendoza-argentina","1425095","20168055473"
"Bodegas Artuke","2021","El Escolladero, Artuke, Rioja, Spain","375","Case of 6 Bottles","https://www.bbr.com/products-20218329361-2021-el-escolladero-artuke-rioja-spain","","20218329361"
"El Molino Winery","2014","El Molino, Pinot Noir, Rutherford, Napa Valley, California, USA","888","Case of 12 Bottles","https://www.bbr.com/products-20141505607-2014-el-molino-pinot-noir-rutherford-napa-valley-california-usa","1505607","20141505607"
"Cesar Marquez","2022","El Rapolao, Cesar Marquez, Bierzo, Spain","224","Case of 6 Bottles","https://www.bbr.com/products-20228184142-2022-el-rapolao-cesar-marquez-bierzo-spain","1830938","20228184142"
"Elderton","2012","Elderton, Command Shiraz, Barossa Valley, Australia","330","Case of 6 Bottles","https://www.bbr.com/products-20121002106-2012-elderton-command-shiraz-barossa-valley-australia","1002106","20121002106"
"Enclos Tourmaline","2016","Enclos Tourmaline, Pomerol, Bordeaux","388","Case of 3 Bottles","https://www.bbr.com/products-20168047166-2016-enclos-tourmaline-pomerol-bordeaux","1380231","20168047166"
"Maison Chapoutier","2007","Ermitage Blanc, De L'Oree, M. Chapoutier, Rhone","780","Case of 6 Bottles","https://www.bbr.com/products-20078116763-2007-ermitage-blanc-de-l-oree-m-chapoutier-rhone","1109658","20078116763"
"Maison Chapoutier","2011","Ermitage Blanc, De L'Oree, M. Chapoutier, Rhone","888","Case of 6 Bottles","https://www.bbr.com/products-20118116763-2011-ermitage-blanc-de-l-oree-m-chapoutier-rhone","1109658","20118116763"
"Maison Chapoutier","2012","Ermitage Blanc, De L'Oree, M. Chapoutier, Rhone","800","Case of 6 Bottles","https://www.bbr.com/products-20128116763-2012-ermitage-blanc-de-l-oree-m-chapoutier-rhone","1109658","20128116763"
"Maison Chapoutier","2014","Ermitage Blanc, De L'Oree, M. Chapoutier, Rhone","940","Case of 6 Bottles","https://www.bbr.com/products-20148116763-2014-ermitage-blanc-de-l-oree-m-chapoutier-rhone","1109658","20148116763"
"Maison Chapoutier","2015","Ermitage Blanc, De L'Oree, M. Chapoutier, Rhone","760","Case of 6 Bottles","https://www.bbr.com/products-20158116763-2015-ermitage-blanc-de-l-oree-m-chapoutier-rhone","1109658","20158116763"
"Maison Chapoutier","2019","Ermitage Blanc, De L'Oree, M. Chapoutier, Rhone","770","Case of 6 Bottles","https://www.bbr.com/products-20198116763-2019-ermitage-blanc-de-l-oree-m-chapoutier-rhone","1109658","20198116763"
"Maison Chapoutier","2020","Ermitage Blanc, De L'Oree, M. Chapoutier, Rhone","770","Case of 6 Bottles","https://www.bbr.com/products-20208116763-2020-ermitage-blanc-de-l-oree-m-chapoutier-rhone","1109658","20208116763"
"Maison Chapoutier","2020","Ermitage Blanc, De L'Oree, M. Chapoutier, Rhone","730","Case of 6 Bottles","https://www.bbr.com/products-20208116763-2020-ermitage-blanc-de-l-oree-m-chapoutier-rhone","1109658","20208116763"
"Maison Chapoutier","2021","Ermitage Blanc, De L'Oree, M. Chapoutier, Rhone","570","Case of 6 Bottles","https://www.bbr.com/products-20218116763-2021-ermitage-blanc-de-l-oree-m-chapoutier-rhone","1109658","20218116763"
"Maison Guigal","2010","Ermitage Blanc, Ex Voto, E. Guigal, Rhone","1450","Case of 6 Bottles","https://www.bbr.com/products-20108116428-2010-ermitage-blanc-ex-voto-e-guigal-rhone","1113244","20108116428"
"Maison Chapoutier","","Ermitage Blanc, L'Ermite, M. Chapoutier, Vertical (2012 to 2017), 6- Bottle Mixed Case","3049","Case of 1 6 Bottle Assortments","https://www.bbr.com/products-10008063184-ermitage-blanc-l-ermite-m-chapoutier-vertical-2012-to-2017-6-bottle-mixed-case","1933860","10008063184"
"Maison Chapoutier","2013","Ermitage Blanc, Le Meal, M. Chapoutier, Rhone","900","Case of 6 Bottles","https://www.bbr.com/products-20138116721-2013-ermitage-blanc-le-meal-m-chapoutier-rhone","1109690","20138116721"
"Maison Chapoutier","2014","Ermitage Blanc, Le Meal, M. Chapoutier, Rhone","875","Case of 6 Bottles","https://www.bbr.com/products-20148116721-2014-ermitage-blanc-le-meal-m-chapoutier-rhone","1109690","20148116721"
"Maison Chapoutier","2019","Ermitage Blanc, Le Meal, M. Chapoutier, Rhone","890","Case of 6 Bottles","https://www.bbr.com/products-20198116721-2019-ermitage-blanc-le-meal-m-chapoutier-rhone","1109690","20198116721"
"Maison Chapoutier","2020","Ermitage Blanc, Le Meal, M. Chapoutier, Rhone","762","Case of 6 Bottles","https://www.bbr.com/products-20208116721-2020-ermitage-blanc-le-meal-m-chapoutier-rhone","1109690","20208116721"
"Maison Ferraton","2011","Ermitage Blanc, Le Reverdy, Ferraton Pere & Fils, Rhone","300","Case of 6 Bottles","https://www.bbr.com/products-20118024992-2011-ermitage-blanc-le-reverdy-ferraton-pere-fils-rhone","1317088","20118024992"
"Maison Ferraton","2013","Ermitage Blanc, Le Reverdy, Ferraton Pere & Fils, Rhone","290","Case of 6 Bottles","https://www.bbr.com/products-20138024992-2013-ermitage-blanc-le-reverdy-ferraton-pere-fils-rhone","1317088","20138024992"
"Maison Chapoutier","2011","Ermitage Blanc, l'Ermite, M. Chapoutier, Rhone","2380","Case of 6 Bottles","https://www.bbr.com/products-20118007153-2011-ermitage-blanc-l-ermite-m-chapoutier-rhone","1109645","20118007153"
"Maison Chapoutier","2012","Ermitage Blanc, l'Ermite, M. Chapoutier, Rhone","1930","Case of 6 Bottles","https://www.bbr.com/products-20128007153-2012-ermitage-blanc-l-ermite-m-chapoutier-rhone","1109645","20128007153"
"Maison Chapoutier","2018","Ermitage Blanc, l'Ermite, M. Chapoutier, Rhone","1700","Case of 6 Bottles","https://www.bbr.com/products-20188007153-2018-ermitage-blanc-l-ermite-m-chapoutier-rhone","1109645","20188007153"
"Maison Chapoutier","2019","Ermitage Blanc, l'Ermite, M. Chapoutier, Rhone","1990","Case of 6 Bottles","https://www.bbr.com/products-20198007153-2019-ermitage-blanc-l-ermite-m-chapoutier-rhone","1109645","20198007153"
"Maison Chapoutier","2020","Ermitage Blanc, l'Ermite, M. Chapoutier, Rhone","1995","Case of 6 Bottles","https://www.bbr.com/products-20208007153-2020-ermitage-blanc-l-ermite-m-chapoutier-rhone","1109645","20208007153"
"Maison Chapoutier","2020","Ermitage Blanc, l'Ermite, M. Chapoutier, Rhone","1750","Case of 6 Bottles","https://www.bbr.com/products-20208007153-2020-ermitage-blanc-l-ermite-m-chapoutier-rhone","1109645","20208007153"
"Maison Chapoutier","2021","Ermitage Blanc, l'Ermite, M. Chapoutier, Rhone","2195","Case of 6 Bottles","https://www.bbr.com/products-20218007153-2021-ermitage-blanc-l-ermite-m-chapoutier-rhone","1109645","20218007153"
"Maison Chapoutier","2008","Ermitage Jubilee 200 Ans 1808-2008, Maison Chapoutier, Rhone","260","Case of 6 Bottles","https://www.bbr.com/products-20088043272-2008-ermitage-jubilee-200-ans-1808-2008-maison-chapoutier-rhone","1652369","20088043272"
"Maison Guigal","2009","Ermitage Rouge, Ex Voto, E. Guigal, Rhone","1300","Case of 6 Bottles","https://www.bbr.com/products-20098116415-2009-ermitage-rouge-ex-voto-e-guigal-rhone","1113257","20098116415"
"Maison Guigal","2009","Ermitage Rouge, Ex Voto, E. Guigal, Rhone","3112","Case of 12 Bottles","https://www.bbr.com/products-20098116415-2009-ermitage-rouge-ex-voto-e-guigal-rhone","1113257","20098116415"
"Maison Guigal","2015","Ermitage Rouge, Ex Voto, E. Guigal, Rhone","817","Case of 6 Bottles","https://www.bbr.com/products-20158116415-2015-ermitage-rouge-ex-voto-e-guigal-rhone","1113257","20158116415"
"Maison Guigal","2018","Ermitage Rouge, Ex Voto, E. Guigal, Rhone","1600","Case of 6 Bottles","https://www.bbr.com/products-20188116415-2018-ermitage-rouge-ex-voto-e-guigal-rhone","1113257","20188116415"
"Maison Chapoutier","1999","Ermitage Rouge, L'Ermite, M. Chapoutier, Rhone","1180","Case of 6 Bottles","https://www.bbr.com/products-19998007140-1999-ermitage-rouge-l-ermite-m-chapoutier-rhone","1109661","19998007140"
"Maison Chapoutier","1999","Ermitage Rouge, L'Ermite, M. Chapoutier, Rhone","370","Case of 1 Magnums","https://www.bbr.com/products-19998007140-1999-ermitage-rouge-l-ermite-m-chapoutier-rhone","1109661","19998007140"
"Maison Chapoutier","2001","Ermitage Rouge, L'Ermite, M. Chapoutier, Rhone","1200","Case of 6 Bottles","https://www.bbr.com/products-20018007140-2001-ermitage-rouge-l-ermite-m-chapoutier-rhone","1109661","20018007140"
"Maison Chapoutier","2001","Ermitage Rouge, L'Ermite, M. Chapoutier, Rhone","1160","Case of 6 Bottles","https://www.bbr.com/products-20018007140-2001-ermitage-rouge-l-ermite-m-chapoutier-rhone","1109661","20018007140"
"Maison Chapoutier","2007","Ermitage Rouge, L'Ermite, M. Chapoutier, Rhone","595","Case of 6 Bottles","https://www.bbr.com/products-20078007140-2007-ermitage-rouge-l-ermite-m-chapoutier-rhone","1109661","20078007140"
"Maison Chapoutier","2009","Ermitage Rouge, L'Ermite, M. Chapoutier, Rhone","1430","Case of 6 Bottles","https://www.bbr.com/products-20098007140-2009-ermitage-rouge-l-ermite-m-chapoutier-rhone","1109661","20098007140"
"Maison Chapoutier","2010","Ermitage Rouge, L'Ermite, M. Chapoutier, Rhone","1476","Case of 6 Bottles","https://www.bbr.com/products-20108007140-2010-ermitage-rouge-l-ermite-m-chapoutier-rhone","1109661","20108007140"
"Maison Chapoutier","2011","Ermitage Rouge, L'Ermite, M. Chapoutier, Rhone","1100","Case of 6 Bottles","https://www.bbr.com/products-20118007140-2011-ermitage-rouge-l-ermite-m-chapoutier-rhone","1109661","20118007140"
"Maison Chapoutier","2011","Ermitage Rouge, L'Ermite, M. Chapoutier, Rhone","1180","Case of 6 Bottles","https://www.bbr.com/products-20118007140-2011-ermitage-rouge-l-ermite-m-chapoutier-rhone","1109661","20118007140"
"Maison Chapoutier","2011","Ermitage Rouge, L'Ermite, M. Chapoutier, Rhone","1200","Case of 3 Magnums","https://www.bbr.com/products-20118007140-2011-ermitage-rouge-l-ermite-m-chapoutier-rhone","1109661","20118007140"
"Maison Chapoutier","2012","Ermitage Rouge, L'Ermite, M. Chapoutier, Rhone","1250","Case of 6 Bottles","https://www.bbr.com/products-20128007140-2012-ermitage-rouge-l-ermite-m-chapoutier-rhone","1109661","20128007140"
"Maison Chapoutier","2013","Ermitage Rouge, L'Ermite, M. Chapoutier, Rhone","625","Case of 6 Bottles","https://www.bbr.com/products-20138007140-2013-ermitage-rouge-l-ermite-m-chapoutier-rhone","1109661","20138007140"
"Maison Chapoutier","2014","Ermitage Rouge, L'Ermite, M. Chapoutier, Rhone","902","Case of 6 Bottles","https://www.bbr.com/products-20148007140-2014-ermitage-rouge-l-ermite-m-chapoutier-rhone","1109661","20148007140"
"Maison Chapoutier","2015","Ermitage Rouge, L'Ermite, M. Chapoutier, Rhone","1695","Case of 6 Bottles","https://www.bbr.com/products-20158007140-2015-ermitage-rouge-l-ermite-m-chapoutier-rhone","1109661","20158007140"
"Maison Chapoutier","2019","Ermitage Rouge, L'Ermite, M. Chapoutier, Rhone","1250","Case of 6 Bottles","https://www.bbr.com/products-20198007140-2019-ermitage-rouge-l-ermite-m-chapoutier-rhone","1109661","20198007140"
"Maison Chapoutier","2020","Ermitage Rouge, L'Ermite, M. Chapoutier, Rhone","990","Case of 6 Bottles","https://www.bbr.com/products-20208007140-2020-ermitage-rouge-l-ermite-m-chapoutier-rhone","1109661","20208007140"
"Maison Chapoutier","2021","Ermitage Rouge, L'Ermite, M. Chapoutier, Rhone","1550","Case of 6 Bottles","https://www.bbr.com/products-20218007140-2021-ermitage-rouge-l-ermite-m-chapoutier-rhone","1109661","20218007140"
"Maison Ferraton","2007","Ermitage Rouge, Le Meal, Ferraton Pere & Fils, Rhone","250","Case of 6 Bottles","https://www.bbr.com/products-20078025003-2007-ermitage-rouge-le-meal-ferraton-pere-fils-rhone","1111918","20078025003"
"Maison Ferraton","2010","Ermitage Rouge, Le Meal, Ferraton Pere & Fils, Rhone","524","Case of 6 Bottles","https://www.bbr.com/products-20108025003-2010-ermitage-rouge-le-meal-ferraton-pere-fils-rhone","1111918","20108025003"
"Maison Ferraton","2012","Ermitage Rouge, Le Meal, Ferraton Pere & Fils, Rhone","385","Case of 6 Bottles","https://www.bbr.com/products-20128025003-2012-ermitage-rouge-le-meal-ferraton-pere-fils-rhone","1111918","20128025003"
"Maison Ferraton","2013","Ermitage Rouge, Le Meal, Ferraton Pere & Fils, Rhone","440","Case of 6 Bottles","https://www.bbr.com/products-20138025003-2013-ermitage-rouge-le-meal-ferraton-pere-fils-rhone","1111918","20138025003"
"Maison Ferraton","2014","Ermitage Rouge, Le Meal, Ferraton Pere & Fils, Rhone","378","Case of 6 Bottles","https://www.bbr.com/products-20148025003-2014-ermitage-rouge-le-meal-ferraton-pere-fils-rhone","1111918","20148025003"
"Maison Ferraton","2009","Ermitage Rouge, Le Meal, Ferraton Pere &amp; Fils, Rhone","420","Case of 6 Bottles","https://www.bbr.com/products-20098025003-2009-ermitage-rouge-le-meal-ferraton-pere-and-fils-rhone","1111918","20098025003"
"Maison Ferraton","2009","Ermitage Rouge, Le Meal, Ferraton Pere &amp; Fils, Rhone","550","Case of 3 Magnums","https://www.bbr.com/products-20098025003-2009-ermitage-rouge-le-meal-ferraton-pere-and-fils-rhone","1111918","20098025003"
"Maison Chapoutier","2009","Ermitage Rouge, Le Meal, M. Chapoutier, Rhone","1580","Case of 6 Bottles","https://www.bbr.com/products-20098116734-2009-ermitage-rouge-le-meal-m-chapoutier-rhone","1109687","20098116734"
"Maison Chapoutier","2010","Ermitage Rouge, Le Meal, M. Chapoutier, Rhone","1275","Case of 6 Bottles","https://www.bbr.com/products-20108116734-2010-ermitage-rouge-le-meal-m-chapoutier-rhone","1109687","20108116734"
"Maison Chapoutier","2012","Ermitage Rouge, Le Meal, M. Chapoutier, Rhone","790","Case of 6 Bottles","https://www.bbr.com/products-20128116734-2012-ermitage-rouge-le-meal-m-chapoutier-rhone","1109687","20128116734"
"Maison Chapoutier","2012","Ermitage Rouge, Le Meal, M. Chapoutier, Rhone","550","Case of 1 Double Magnums","https://www.bbr.com/products-20128116734-2012-ermitage-rouge-le-meal-m-chapoutier-rhone","1109687","20128116734"
"Maison Chapoutier","2013","Ermitage Rouge, Le Meal, M. Chapoutier, Rhone","400","Case of 1 Double Magnums","https://www.bbr.com/products-20138116734-2013-ermitage-rouge-le-meal-m-chapoutier-rhone","1109687","20138116734"
"Maison Chapoutier","2014","Ermitage Rouge, Le Meal, M. Chapoutier, Rhone","850","Case of 6 Bottles","https://www.bbr.com/products-20148116734-2014-ermitage-rouge-le-meal-m-chapoutier-rhone","1109687","20148116734"
"Maison Chapoutier","2016","Ermitage Rouge, Le Meal, M. Chapoutier, Rhone","750","Case of 6 Bottles","https://www.bbr.com/products-20168116734-2016-ermitage-rouge-le-meal-m-chapoutier-rhone","1109687","20168116734"
"Maison Chapoutier","2017","Ermitage Rouge, Le Meal, M. Chapoutier, Rhone","920","Case of 6 Bottles","https://www.bbr.com/products-20178116734-2017-ermitage-rouge-le-meal-m-chapoutier-rhone","1109687","20178116734"
"Maison Chapoutier","2019","Ermitage Rouge, Le Meal, M. Chapoutier, Rhone","850","Case of 6 Bottles","https://www.bbr.com/products-20198116734-2019-ermitage-rouge-le-meal-m-chapoutier-rhone","1109687","20198116734"
"Maison Chapoutier","2020","Ermitage Rouge, Le Meal, M. Chapoutier, Rhone","900","Case of 6 Bottles","https://www.bbr.com/products-20208116734-2020-ermitage-rouge-le-meal-m-chapoutier-rhone","1109687","20208116734"
"Maison Chapoutier","1994","Ermitage Rouge, Le Pavillon, M. Chapoutier, Rhone","550","Case of 1 Double Magnums","https://www.bbr.com/products-19948116718-1994-ermitage-rouge-le-pavillon-m-chapoutier-rhone","1109704","19948116718"
"Maison Chapoutier","1995","Ermitage Rouge, Le Pavillon, M. Chapoutier, Rhone","2150","Case of 1 Methuselahs","https://www.bbr.com/products-19958116718-1995-ermitage-rouge-le-pavillon-m-chapoutier-rhone","1109704","19958116718"
"Maison Chapoutier","2008","Ermitage Rouge, Le Pavillon, M. Chapoutier, Rhone","705","Case of 6 Bottles","https://www.bbr.com/products-20088116718-2008-ermitage-rouge-le-pavillon-m-chapoutier-rhone","1109704","20088116718"
"Maison Chapoutier","2009","Ermitage Rouge, Le Pavillon, M. Chapoutier, Rhone","1440","Case of 6 Bottles","https://www.bbr.com/products-20098116718-2009-ermitage-rouge-le-pavillon-m-chapoutier-rhone","1109704","20098116718"
"Maison Chapoutier","2009","Ermitage Rouge, Le Pavillon, M. Chapoutier, Rhone","1535","Case of 6 Bottles","https://www.bbr.com/products-20098116718-2009-ermitage-rouge-le-pavillon-m-chapoutier-rhone","1109704","20098116718"
"Maison Chapoutier","2010","Ermitage Rouge, Le Pavillon, M. Chapoutier, Rhone","1450","Case of 6 Bottles","https://www.bbr.com/products-20108116718-2010-ermitage-rouge-le-pavillon-m-chapoutier-rhone","1109704","20108116718"
"Maison Chapoutier","2010","Ermitage Rouge, Le Pavillon, M. Chapoutier, Rhone","500","Case of 1 Magnums","https://www.bbr.com/products-20108116718-2010-ermitage-rouge-le-pavillon-m-chapoutier-rhone","1109704","20108116718"
"Maison Chapoutier","2012","Ermitage Rouge, Le Pavillon, M. Chapoutier, Rhone","925","Case of 6 Bottles","https://www.bbr.com/products-20128116718-2012-ermitage-rouge-le-pavillon-m-chapoutier-rhone","1109704","20128116718"
"Maison Chapoutier","2013","Ermitage Rouge, Le Pavillon, M. Chapoutier, Rhone","280","Case of 1 Magnums","https://www.bbr.com/products-20138116718-2013-ermitage-rouge-le-pavillon-m-chapoutier-rhone","1109704","20138116718"
"Maison Chapoutier","2014","Ermitage Rouge, Le Pavillon, M. Chapoutier, Rhone","620","Case of 6 Bottles","https://www.bbr.com/products-20148116718-2014-ermitage-rouge-le-pavillon-m-chapoutier-rhone","1109704","20148116718"
"Maison Chapoutier","2015","Ermitage Rouge, Le Pavillon, M. Chapoutier, Rhone","1320","Case of 6 Bottles","https://www.bbr.com/products-20158116718-2015-ermitage-rouge-le-pavillon-m-chapoutier-rhone","1109704","20158116718"
"Maison Chapoutier","2016","Ermitage Rouge, Le Pavillon, M. Chapoutier, Rhone","1000","Case of 6 Bottles","https://www.bbr.com/products-20168116718-2016-ermitage-rouge-le-pavillon-m-chapoutier-rhone","1109704","20168116718"
"Maison Chapoutier","2017","Ermitage Rouge, Le Pavillon, M. Chapoutier, Rhone","965","Case of 6 Bottles","https://www.bbr.com/products-20178116718-2017-ermitage-rouge-le-pavillon-m-chapoutier-rhone","1109704","20178116718"
"Maison Chapoutier","2019","Ermitage Rouge, Le Pavillon, M. Chapoutier, Rhone","1100","Case of 6 Bottles","https://www.bbr.com/products-20198116718-2019-ermitage-rouge-le-pavillon-m-chapoutier-rhone","1109704","20198116718"
"Maison Chapoutier","2019","Ermitage Rouge, Le Pavillon, M. Chapoutier, Rhone","990","Case of 6 Bottles","https://www.bbr.com/products-20198116718-2019-ermitage-rouge-le-pavillon-m-chapoutier-rhone","1109704","20198116718"
"Maison Chapoutier","2020","Ermitage Rouge, Le Pavillon, M. Chapoutier, Rhone","900","Case of 6 Bottles","https://www.bbr.com/products-20208116718-2020-ermitage-rouge-le-pavillon-m-chapoutier-rhone","1109704","20208116718"
"Maison Chapoutier","2020","Ermitage Rouge, Le Pavillon, M. Chapoutier, Rhone","930","Case of 6 Bottles","https://www.bbr.com/products-20208116718-2020-ermitage-rouge-le-pavillon-m-chapoutier-rhone","1109704","20208116718"
"Maison Chapoutier","2021","Ermitage Rouge, Le Pavillon, M. Chapoutier, Rhone","900","Case of 6 Bottles","https://www.bbr.com/products-20218116718-2021-ermitage-rouge-le-pavillon-m-chapoutier-rhone","1109704","20218116718"
"Maison Ferraton","2010","Ermitage Rouge, Les Dionnieres, Ferraton Pere & Fils, Rhone","285","Case of 6 Bottles","https://www.bbr.com/products-20108025016-2010-ermitage-rouge-les-dionnieres-ferraton-pere-fils-rhone","1111891","20108025016"
"Maison Ferraton","2011","Ermitage Rouge, Les Dionnieres, Ferraton Pere & Fils, Rhone","335","Case of 6 Bottles","https://www.bbr.com/products-20118025016-2011-ermitage-rouge-les-dionnieres-ferraton-pere-fils-rhone","1111891","20118025016"
"Maison Ferraton","2009","Ermitage Rouge, Les Dionnieres, Ferraton Pere &amp; Fils, Rhone","600","Case of 3 Magnums","https://www.bbr.com/products-20098025016-2009-ermitage-rouge-les-dionnieres-ferraton-pere-and-fils-rhone","1111891","20098025016"
"Maison Ferraton","2020","Ermitage Rouge, Les Dionnieres, Ferraton Pere &amp; Fils, Rhone","320","Case of 6 Bottles","https://www.bbr.com/products-20208025016-2020-ermitage-rouge-les-dionnieres-ferraton-pere-and-fils-rhone","1111891","20208025016"
"Maison Chapoutier","2018","Ermitage Rouge, Les Greffieux, M. Chapoutier, Rhone","626","Case of 6 Bottles","https://www.bbr.com/products-20188011547-2018-ermitage-rouge-les-greffieux-m-chapoutier-rhone","1109674","20188011547"
"Maison Chapoutier","2019","Ermitage Rouge, Les Greffieux, M. Chapoutier, Rhone","558","Case of 6 Bottles","https://www.bbr.com/products-20198011547-2019-ermitage-rouge-les-greffieux-m-chapoutier-rhone","1109674","20198011547"
"Maison Chapoutier","2020","Ermitage Rouge, Les Greffieux, M. Chapoutier, Rhone","576","Case of 6 Bottles","https://www.bbr.com/products-20208011547-2020-ermitage-rouge-les-greffieux-m-chapoutier-rhone","1109674","20208011547"
"Maison Chapoutier","2020","Ermitage Rouge, Les Greffieux, M. Chapoutier, Rhone","564","Case of 6 Bottles","https://www.bbr.com/products-20208011547-2020-ermitage-rouge-les-greffieux-m-chapoutier-rhone","1109674","20208011547"
"Maison Nicolas Perrin","2009","Ermitage Rouge, Maison Nicolas Perrin, Rhone","250","Case of 6 Bottles","https://www.bbr.com/products-20091115479-2009-ermitage-rouge-maison-nicolas-perrin-rhone","1803123","20091115479"
"Maison Nicolas Perrin","2010","Ermitage Rouge, Maison Nicolas Perrin, Rhone","480","Case of 6 Bottles","https://www.bbr.com/products-20101115479-2010-ermitage-rouge-maison-nicolas-perrin-rhone","1803123","20101115479"
"Maison Nicolas Perrin","2011","Ermitage Rouge, Maison Nicolas Perrin, Rhone","280","Case of 6 Bottles","https://www.bbr.com/products-20111115479-2011-ermitage-rouge-maison-nicolas-perrin-rhone","1803123","20111115479"
"Errazuriz","2016","Errazuriz, Las Pizarras Pinot Noir, Aconcagua Costa, Chile","450","Case of 6 Bottles","https://www.bbr.com/products-20168108485-2016-errazuriz-las-pizarras-pinot-noir-aconcagua-costa-chile","1361036","20168108485"
"Errazuriz","2017","Errazuriz, Las Pizarras Pinot Noir, Aconcagua Costa, Chile","455","Case of 6 Bottles","https://www.bbr.com/products-20178108485-2017-errazuriz-las-pizarras-pinot-noir-aconcagua-costa-chile","1361036","20178108485"
"Errazuriz","2019","Errazuriz, Las Pizarras Pinot Noir, Aconcagua Costa, Chile","375","Case of 6 Bottles","https://www.bbr.com/products-20198108485-2019-errazuriz-las-pizarras-pinot-noir-aconcagua-costa-chile","1361036","20198108485"
"Errazuriz","2023","Errazuriz, Las Pizarras Pinot Noir, Aconcagua Costa, Chile","450","Case of 6 Bottles","https://www.bbr.com/products-20238108485-2023-errazuriz-las-pizarras-pinot-noir-aconcagua-costa-chile","1361036","20238108485"
"Errazuriz","2016","Errazuriz, Las Pizarras, Chardonnay, Aconcagua Costa, Chile","280","Case of 6 Bottles","https://www.bbr.com/products-20168108498-2016-errazuriz-las-pizarras-chardonnay-aconcagua-costa-chile","1361023","20168108498"
"Errazuriz","2017","Errazuriz, Las Pizarras, Chardonnay, Aconcagua Costa, Chile","231","Case of 6 Bottles","https://www.bbr.com/products-20178108498-2017-errazuriz-las-pizarras-chardonnay-aconcagua-costa-chile","1361023","20178108498"
"Errazuriz","2018","Errazuriz, Las Pizarras, Chardonnay, Aconcagua Costa, Chile","250","Case of 6 Bottles","https://www.bbr.com/products-20188108498-2018-errazuriz-las-pizarras-chardonnay-aconcagua-costa-chile","1361023","20188108498"
"Errazuriz","2019","Errazuriz, Las Pizarras, Chardonnay, Aconcagua Costa, Chile","335","Case of 6 Bottles","https://www.bbr.com/products-20198108498-2019-errazuriz-las-pizarras-chardonnay-aconcagua-costa-chile","1361023","20198108498"
"Errazuriz","2020","Errazuriz, Las Pizarras, Chardonnay, Aconcagua Costa, Chile","300","Case of 6 Bottles","https://www.bbr.com/products-20208108498-2020-errazuriz-las-pizarras-chardonnay-aconcagua-costa-chile","1361023","20208108498"
"Errazuriz","2023","Errazuriz, Las Pizarras, Chardonnay, Aconcagua Costa, Chile","195","Case of 6 Bottles","https://www.bbr.com/products-20238108498-2023-errazuriz-las-pizarras-chardonnay-aconcagua-costa-chile","1361023","20238108498"
"Escarpment","2014","Escarpment Pahi Pinot Noir, Martinborough, New Zealand","220","Case of 6 Bottles","https://www.bbr.com/products-20148205533-2014-escarpment-pahi-pinot-noir-martinborough-new-zealand","1349843","20148205533"
"Escarpment","2015","Escarpment Pahi Pinot Noir, Martinborough, New Zealand","185","Case of 6 Bottles","https://www.bbr.com/products-20158205533-2015-escarpment-pahi-pinot-noir-martinborough-new-zealand","1349843","20158205533"
"Escarpment","2015","Escarpment, Kiwa Pinot Noir, Martinborough, New Zealand","220","Case of 6 Bottles","https://www.bbr.com/products-20158205588-2015-escarpment-kiwa-pinot-noir-martinborough-new-zealand","1343245","20158205588"
"Escarpment","2017","Escarpment, Kiwa Pinot Noir, Martinborough, New Zealand","230","Case of 6 Bottles","https://www.bbr.com/products-20178205588-2017-escarpment-kiwa-pinot-noir-martinborough-new-zealand","1343245","20178205588"
"Escarpment","2013","Escarpment, Kupe, Pinot Noir, Martinborough, New Zealand","260","Case of 6 Bottles","https://www.bbr.com/products-20138207928-2013-escarpment-kupe-pinot-noir-martinborough-new-zealand","1243138","20138207928"
"Escarpment","2014","Escarpment, Kupe, Pinot Noir, Martinborough, New Zealand","260","Case of 6 Bottles","https://www.bbr.com/products-20148207928-2014-escarpment-kupe-pinot-noir-martinborough-new-zealand","1243138","20148207928"
"Escarpment","2015","Escarpment, Kupe, Pinot Noir, Martinborough, New Zealand","270","Case of 6 Bottles","https://www.bbr.com/products-20158207928-2015-escarpment-kupe-pinot-noir-martinborough-new-zealand","1243138","20158207928"
"Escarpment","2017","Escarpment, Kupe, Pinot Noir, Martinborough, New Zealand","270","Case of 6 Bottles","https://www.bbr.com/products-20178207928-2017-escarpment-kupe-pinot-noir-martinborough-new-zealand","1243138","20178207928"
"Escarpment","2014","Escarpment, Te Rehua, Pinot Noir, Martinborough, New Zealand","132","Case of 6 Bottles","https://www.bbr.com/products-20148207856-2014-escarpment-te-rehua-pinot-noir-martinborough-new-zealand","1246908","20148207856"
"Escarpment","2015","Escarpment, Te Rehua, Pinot Noir, Martinborough, New Zealand","175","Case of 6 Bottles","https://www.bbr.com/products-20158207856-2015-escarpment-te-rehua-pinot-noir-martinborough-new-zealand","1246908","20158207856"
"Escarpment","2017","Escarpment, Te Rehua, Pinot Noir, Martinborough, New Zealand","230","Case of 6 Bottles","https://www.bbr.com/products-20178207856-2017-escarpment-te-rehua-pinot-noir-martinborough-new-zealand","1246908","20178207856"
"Dourthe","2003","Essence de Dourthe, Bordeaux","197","Case of 6 Bottles","https://www.bbr.com/products-20038124461-2003-essence-de-dourthe-bordeaux","1009639","20038124461"
"Dourthe","2005","Essence de Dourthe, Bordeaux","400","Case of 6 Bottles","https://www.bbr.com/products-20058124461-2005-essence-de-dourthe-bordeaux","1009639","20058124461"
"Dourthe","2006","Essence de Dourthe, Bordeaux","275","Case of 6 Bottles","https://www.bbr.com/products-20068124461-2006-essence-de-dourthe-bordeaux","1009639","20068124461"
"Dourthe","2008","Essence de Dourthe, Bordeaux","213","Case of 6 Bottles","https://www.bbr.com/products-20088124461-2008-essence-de-dourthe-bordeaux","1009639","20088124461"
"Graci, Sicily","2014","Etna Bianco, Contrada da Arcuria, Graci, Passopisciaro, Sicilia","700","Case of 6 Bottles","https://www.bbr.com/products-20141370249-2014-etna-bianco-contrada-da-arcuria-graci-passopisciaro-sicilia","1370249","20141370249"
"Giovanni Rosso","2016","Etna Bianco, Giovanni Rosso, Sicily, Italy","240","Case of 6 Bottles","https://www.bbr.com/products-20161544118-2016-etna-bianco-giovanni-rosso-sicily-italy","1544118","20161544118"
"Giovanni Rosso","2017","Etna Rosso, Giovanni Rosso, Sicily, Italy","138","Case of 6 Bottles","https://www.bbr.com/products-20178045162-2017-etna-rosso-giovanni-rosso-sicily-italy","1861611","20178045162"
"Giovanni Rosso","2018","Etna Rosso, Giovanni Rosso, Sicily, Italy","195","Case of 6 Bottles","https://www.bbr.com/products-20188045162-2018-etna-rosso-giovanni-rosso-sicily-italy","1861611","20188045162"
"Eva Fricke","2020","Eva Fricke, Blanc de Noir, Brut Nature, Rheingau, Germany","200","Case of 6 Bottles","https://www.bbr.com/products-20208312673-2020-eva-fricke-blanc-de-noir-brut-nature-rheingau-germany","3066920","20208312673"
"Fable Mountain Vineyards","2011","Fable Mountain Vineyards, Syrah, Tulbagh, South Africa","180","Case of 6 Bottles","https://www.bbr.com/products-20118136457-2011-fable-mountain-vineyards-syrah-tulbagh-south-africa","1332937","20118136457"
"Fable Mountain Vineyards","2012","Fable Mountain Vineyards, Syrah, Tulbagh, South Africa","799","Case of 6 Bottles","https://www.bbr.com/products-20128136457-2012-fable-mountain-vineyards-syrah-tulbagh-south-africa","1332937","20128136457"
"Failla Wines","2019","Failla, Chardonnay, Sonoma Coast, California, USA","550","Case of 12 Bottles","https://www.bbr.com/products-20198401283-2019-failla-chardonnay-sonoma-coast-california-usa","1362017","20198401283"
"Failla Wines","2019","Failla, Estate Vineyard Syrah, Fort Ross-Seaview, California, USA","650","Case of 12 Bottles","https://www.bbr.com/products-20198401254-2019-failla-estate-vineyard-syrah-fort-ross-seaview-california-usa","3087725","20198401254"
"Failla Wines","2019","Failla, Lola Pinot Noir, Sonoma Coast, California, USA","600","Case of 12 Bottles","https://www.bbr.com/products-20198401270-2019-failla-lola-pinot-noir-sonoma-coast-california-usa","2038641","20198401270"
"Failla Wines","2017","Failla, Occidental Ridge Pinot Noir, Sonoma Coast, California, USA","1050","Case of 12 Bottles","https://www.bbr.com/products-20178055024-2017-failla-occidental-ridge-pinot-noir-sonoma-coast-california-usa","1426643","20178055024"
"Telmo Rodriguez","2019","Falcoeira 'A Capilla', Telmo Rodriguez, Valdeorras, Spain","210","Case of 6 Bottles","https://www.bbr.com/products-20198005478-2019-falcoeira-a-capilla-telmo-rodriguez-valdeorras-spain","1540093","20198005478"
"Telmo Rodriguez","2020","Falcoeira 'A Capilla', Telmo Rodriguez, Valdeorras, Spain","340","Case of 6 Bottles","https://www.bbr.com/products-20208005478-2020-falcoeira-a-capilla-telmo-rodriguez-valdeorras-spain","1540093","20208005478"
"Telmo Rodriguez","2021","Falcoeira 'A Capilla', Telmo Rodriguez, Valdeorras, Spain","340","Case of 6 Bottles","https://www.bbr.com/products-20218005478-2021-falcoeira-a-capilla-telmo-rodriguez-valdeorras-spain","1540093","20218005478"
"Zuccardi","2018","Familia Zuccardi, Finca Piedra Infinita, Gravascal, Mendoza, Argentina","525","Case of 3 Bottles","https://www.bbr.com/products-20188229818-2018-familia-zuccardi-finca-piedra-infinita-gravascal-mendoza-argentina","1774092","20188229818"
"Zuccardi","2017","Familia Zuccardi, Finca Piedra Infinita, Supercal, Malbec, Mendoza, Argentina","600","Case of 6 Bottles","https://www.bbr.com/products-20178229805-2017-familia-zuccardi-finca-piedra-infinita-supercal-malbec-mendoza-argentina","1774089","20178229805"
"Zuccardi","2018","Familia Zuccardi, Finca Piedra Infinita, Supercal, Mendoza, Argentina","479","Case of 3 Bottles","https://www.bbr.com/products-20188229805-2018-familia-zuccardi-finca-piedra-infinita-supercal-mendoza-argentina","1774089","20188229805"
"Zuccardi","2019","Familia Zuccardi, Finca Piedra Infinita, Supercal, Mendoza, Argentina","450","Case of 3 Bottles","https://www.bbr.com/products-20198229805-2019-familia-zuccardi-finca-piedra-infinita-supercal-mendoza-argentina","1774089","20198229805"
"Bonavita, Sicily","2020","Faro, Bonavita, Messina, Sicily","160","Case of 6 Bottles","https://www.bbr.com/products-20208033033-2020-faro-bonavita-messina-sicily","1370294","20208033033"
"Felton Road","2018","Felton Road, Bannockburn Chardonnay, Central Otago, New Zealand","180","Case of 6 Bottles","https://www.bbr.com/products-20188009450-2018-felton-road-bannockburn-chardonnay-central-otago-new-zealand","1147726","20188009450"
"Felton Road","2012","Felton Road, Bannockburn Pinot Noir, Central Otago, New Zealand","650","Case of 12 Bottles","https://www.bbr.com/products-20128008264-2012-felton-road-bannockburn-pinot-noir-central-otago-new-zealand","1134212","20128008264"
"Felton Road","2016","Felton Road, Bannockburn Pinot Noir, Central Otago, New Zealand","225","Case of 6 Bottles","https://www.bbr.com/products-20168008264-2016-felton-road-bannockburn-pinot-noir-central-otago-new-zealand","1134212","20168008264"
"Felton Road","2017","Felton Road, Bannockburn Pinot Noir, Central Otago, New Zealand","320","Case of 6 Bottles","https://www.bbr.com/products-20178008264-2017-felton-road-bannockburn-pinot-noir-central-otago-new-zealand","1134212","20178008264"
"Felton Road","2018","Felton Road, Bannockburn Pinot Noir, Central Otago, New Zealand","265","Case of 6 Bottles","https://www.bbr.com/products-20188008264-2018-felton-road-bannockburn-pinot-noir-central-otago-new-zealand","1134212","20188008264"
"Felton Road","2020","Felton Road, Bannockburn Pinot Noir, Central Otago, New Zealand","210","Case of 6 Bottles","https://www.bbr.com/products-20208008264-2020-felton-road-bannockburn-pinot-noir-central-otago-new-zealand","1134212","20208008264"
"Felton Road","2021","Felton Road, Bannockburn Pinot Noir, Central Otago, New Zealand","297","Case of 6 Bottles","https://www.bbr.com/products-20218008264-2021-felton-road-bannockburn-pinot-noir-central-otago-new-zealand","1134212","20218008264"
"Felton Road","2021","Felton Road, Bannockburn Pinot Noir, Central Otago, New Zealand","203","Case of 6 Bottles","https://www.bbr.com/products-20218008264-2021-felton-road-bannockburn-pinot-noir-central-otago-new-zealand","1134212","20218008264"
"Felton Road","2022","Felton Road, Bannockburn Pinot Noir, Central Otago, New Zealand","375","Case of 6 Bottles","https://www.bbr.com/products-20228008264-2022-felton-road-bannockburn-pinot-noir-central-otago-new-zealand","1134212","20228008264"
"Felton Road","2023","Felton Road, Bannockburn Pinot Noir, Central Otago, New Zealand","285","Case of 6 Bottles","https://www.bbr.com/products-20238008264-2023-felton-road-bannockburn-pinot-noir-central-otago-new-zealand","1134212","20238008264"
"Felton Road","2024","Felton Road, Bannockburn Pinot Noir, Central Otago, New Zealand","240","Case of 6 Bottles","https://www.bbr.com/products-20248008264-2024-felton-road-bannockburn-pinot-noir-central-otago-new-zealand","1134212","20248008264"
"Felton Road","2008","Felton Road, Block 2 Chardonnay, Central Otago, New Zealand","275","Case of 6 Bottles","https://www.bbr.com/products-20088023269-2008-felton-road-block-2-chardonnay-central-otago-new-zealand","1107205","20088023269"
"Felton Road","2022","Felton Road, Block 2 Chardonnay, Central Otago, New Zealand","298","Case of 6 Bottles","https://www.bbr.com/products-20228023269-2022-felton-road-block-2-chardonnay-central-otago-new-zealand","1107205","20228023269"
"Felton Road","2018","Felton Road, Block 3 Pinot Noir, Central Otago, New Zealand","445","Case of 6 Bottles","https://www.bbr.com/products-20188023256-2018-felton-road-block-3-pinot-noir-central-otago-new-zealand","1107250","20188023256"
"Felton Road","2021","Felton Road, Block 3 Pinot Noir, Central Otago, New Zealand","569","Case of 6 Bottles","https://www.bbr.com/products-20218023256-2021-felton-road-block-3-pinot-noir-central-otago-new-zealand","1107250","20218023256"
"Felton Road","2022","Felton Road, Block 3 Pinot Noir, Central Otago, New Zealand","538","Case of 6 Bottles","https://www.bbr.com/products-20228023256-2022-felton-road-block-3-pinot-noir-central-otago-new-zealand","1107250","20228023256"
"Felton Road","2022","Felton Road, Block 3 Pinot Noir, Central Otago, New Zealand","450","Case of 6 Bottles","https://www.bbr.com/products-20228023256-2022-felton-road-block-3-pinot-noir-central-otago-new-zealand","1107250","20228023256"
"Felton Road","2021","Felton Road, Block 5 Pinot Noir, Central Otago, New Zealand","528","Case of 6 Bottles","https://www.bbr.com/products-20218023243-2021-felton-road-block-5-pinot-noir-central-otago-new-zealand","1107263","20218023243"
"Felton Road","2022","Felton Road, Block 5 Pinot Noir, Central Otago, New Zealand","565","Case of 6 Bottles","https://www.bbr.com/products-20228023243-2022-felton-road-block-5-pinot-noir-central-otago-new-zealand","1107263","20228023243"
"Felton Road","2022","Felton Road, Block 5 Pinot Noir, Central Otago, New Zealand","498","Case of 6 Bottles","https://www.bbr.com/products-20228023243-2022-felton-road-block-5-pinot-noir-central-otago-new-zealand","1107263","20228023243"
"Felton Road","2023","Felton Road, Block 5 Pinot Noir, Central Otago, New Zealand","269","Case of 3 Bottles","https://www.bbr.com/products-20238023243-2023-felton-road-block-5-pinot-noir-central-otago-new-zealand","1107263","20238023243"
"Felton Road","2014","Felton Road, Calvert Pinot Noir, Central Otago, New Zealand","300","Case of 6 Bottles","https://www.bbr.com/products-20148023230-2014-felton-road-calvert-pinot-noir-central-otago-new-zealand","1107218","20148023230"
"Felton Road","2017","Felton Road, Calvert Pinot Noir, Central Otago, New Zealand","435","Case of 6 Bottles","https://www.bbr.com/products-20178023230-2017-felton-road-calvert-pinot-noir-central-otago-new-zealand","1107218","20178023230"
"Felton Road","2021","Felton Road, Calvert Pinot Noir, Central Otago, New Zealand","295","Case of 6 Bottles","https://www.bbr.com/products-20218023230-2021-felton-road-calvert-pinot-noir-central-otago-new-zealand","1107218","20218023230"
"Felton Road","2022","Felton Road, Calvert Pinot Noir, Central Otago, New Zealand","287","Case of 6 Bottles","https://www.bbr.com/products-20228023230-2022-felton-road-calvert-pinot-noir-central-otago-new-zealand","1107218","20228023230"
"Felton Road","2023","Felton Road, Calvert Pinot Noir, Central Otago, New Zealand","445","Case of 6 Bottles","https://www.bbr.com/products-20238023230-2023-felton-road-calvert-pinot-noir-central-otago-new-zealand","1107218","20238023230"
"Felton Road","2021","Felton Road, Cornish Point Pinot Noir, Central Otago, New Zealand","275","Case of 6 Bottles","https://www.bbr.com/products-20218023272-2021-felton-road-cornish-point-pinot-noir-central-otago-new-zealand","1107234","20218023272"
"Felton Road","2023","Felton Road, Cornish Point Pinot Noir, Central Otago, New Zealand","595","Case of 6 Bottles","https://www.bbr.com/products-20238023272-2023-felton-road-cornish-point-pinot-noir-central-otago-new-zealand","1107234","20238023272"
"Felton Road","2021","Felton Road, MacMuir Pinot Noir, Central Otago, New Zealand","495","Case of 6 Bottles","https://www.bbr.com/products-20218157047-2021-felton-road-macmuir-pinot-noir-central-otago-new-zealand","2307749","20218157047"
"Felton Road","2022","Felton Road, MacMuir Pinot Noir, Central Otago, New Zealand","800","Case of 6 Bottles","https://www.bbr.com/products-20228157047-2022-felton-road-macmuir-pinot-noir-central-otago-new-zealand","2307749","20228157047"
"Felton Road","2022","Felton Road, MacMuir Pinot Noir, Central Otago, New Zealand","475","Case of 6 Bottles","https://www.bbr.com/products-20228157047-2022-felton-road-macmuir-pinot-noir-central-otago-new-zealand","2307749","20228157047"
"Felton Road","2020","Felton Road, Pinot Noir (Bannockburn, Cornish Point, Block 3), Three- magnum Assortment Case","260","Case of 1 Mixed Cases","https://www.bbr.com/products-20208126263-2020-felton-road-pinot-noir-bannockburn-cornish-point-block-3-three-magnum-assortment-case","1816770","20208126263"
"Felton Road","2014","Felton Road, Pinot Noir Horizontal (Bannockburn, Calvert, Block 5), Three-magnum Assortment Case","600","Case of 1 Mixed Cases","https://www.bbr.com/products-20148129541-2014-felton-road-pinot-noir-horizontal-bannockburn-calvert-block-5-three-magnum-assortment-case","1533927","20148129541"
"Ferme de la Sansonniere","2021","Ferme de la Sansonniere, La Lune, Vin de France","310","Case of 6 Bottles","https://www.bbr.com/products-20218162470-2021-ferme-de-la-sansonniere-la-lune-vin-de-france","1557912","20218162470"
"Graci, Sicily","2020","Feudo di Mezzo, Etna Rosso, Graci, Sicily, Italy","190","Case of 6 Bottles","https://www.bbr.com/products-20201494325-2020-feudo-di-mezzo-etna-rosso-graci-sicily-italy","1494325","20201494325"
"Alvaro Palacios","2012","Finca Dofi, Alvaro Palacios, Priorat, Spain","170","Case of 3 Bottles","https://www.bbr.com/products-20128004934-2012-finca-dofi-alvaro-palacios-priorat-spain","1120828","20128004934"
"Alvaro Palacios","2014","Finca Dofi, Alvaro Palacios, Priorat, Spain","140","Case of 3 Bottles","https://www.bbr.com/products-20148004934-2014-finca-dofi-alvaro-palacios-priorat-spain","1120828","20148004934"
"Alvaro Palacios","2018","Finca Dofi, Alvaro Palacios, Priorat, Spain","206","Case of 3 Bottles","https://www.bbr.com/products-20188004934-2018-finca-dofi-alvaro-palacios-priorat-spain","1120828","20188004934"
"Alvaro Palacios","2020","Finca Dofi, Alvaro Palacios, Priorat, Spain","170","Case of 3 Bottles","https://www.bbr.com/products-20208004934-2020-finca-dofi-alvaro-palacios-priorat-spain","1120828","20208004934"
"Alvaro Palacios","2020","Finca Dofi, Alvaro Palacios, Priorat, Spain","300","Case of 3 Bottles","https://www.bbr.com/products-20208004934-2020-finca-dofi-alvaro-palacios-priorat-spain","1120828","20208004934"
"Alvaro Palacios","2021","Finca Dofi, Alvaro Palacios, Priorat, Spain","150","Case of 3 Bottles","https://www.bbr.com/products-20218004934-2021-finca-dofi-alvaro-palacios-priorat-spain","1120828","20218004934"
"Alvaro Palacios","2022","Finca Dofi, Alvaro Palacios, Priorat, Spain","198","Case of 3 Bottles","https://www.bbr.com/products-20228004934-2022-finca-dofi-alvaro-palacios-priorat-spain","1120828","20228004934"
"Alvaro Palacios","2023","Finca Dofi, Alvaro Palacios, Priorat, Spain","214","Case of 3 Bottles","https://www.bbr.com/products-20238004934-2023-finca-dofi-alvaro-palacios-priorat-spain","1120828","20238004934"
"Bodega Torre de O?a","2014","Finca Martelo, Reserva, Torre de O?a, Rioja, Spain","250","Case of 6 Bottles","https://www.bbr.com/products-20148035978-2014-finca-martelo-reserva-torre-de-o-a-rioja-spain","1501856","20148035978"
"Bodega Torre de O?a","2015","Finca Martelo, Reserva, Torre de O?a, Rioja, Spain","289","Case of 6 Bottles","https://www.bbr.com/products-20158035978-2015-finca-martelo-reserva-torre-de-o-a-rioja-spain","1501856","20158035978"
"Bodega Torre de O?a","2015","Finca Martelo, Reserva, Torre de O?a, Rioja, Spain","305","Case of 6 Bottles","https://www.bbr.com/products-20158035978-2015-finca-martelo-reserva-torre-de-o-a-rioja-spain","1501856","20158035978"
"Jerome Galeyrand","2022","Fixin, Champs de Vosger, Jerome Galeyrand, Burgundy","320","Case of 6 Bottles","https://www.bbr.com/products-20228310392-2022-fixin-champs-de-vosger-jerome-galeyrand-burgundy","2186658","20228310392"
"Jerome Galeyrand","2023","Fixin, Champs de Vosger, Jerome Galeyrand, Burgundy","450","Case of 6 Bottles","https://www.bbr.com/products-20238310392-2023-fixin-champs-de-vosger-jerome-galeyrand-burgundy","2186658","20238310392"
"Domaine Joliet","2008","Fixin, Clos de la Perriere, 1er Cru, Domaine Joliet, Burgundy","480","Case of 12 Bottles","https://www.bbr.com/products-20088009229-2008-fixin-clos-de-la-perriere-1er-cru-domaine-joliet-burgundy","1171224","20088009229"
"Domaine Joliet","2010","Fixin, Clos de la Perriere, 1er Cru, Domaine Joliet, Burgundy","250","Case of 6 Bottles","https://www.bbr.com/products-20108009229-2010-fixin-clos-de-la-perriere-1er-cru-domaine-joliet-burgundy","1171224","20108009229"
"Domaine Joliet","2011","Fixin, Clos de la Perriere, 1er Cru, Domaine Joliet, Burgundy","198","Case of 6 Bottles","https://www.bbr.com/products-20118009229-2011-fixin-clos-de-la-perriere-1er-cru-domaine-joliet-burgundy","1171224","20118009229"
"Domaine Joliet","2012","Fixin, Clos de la Perriere, 1er Cru, Domaine Joliet, Burgundy","200","Case of 6 Bottles","https://www.bbr.com/products-20128009229-2012-fixin-clos-de-la-perriere-1er-cru-domaine-joliet-burgundy","1171224","20128009229"
"Domaine Joliet","2014","Fixin, Clos de la Perriere, 1er Cru, Domaine Joliet, Burgundy","260","Case of 6 Bottles","https://www.bbr.com/products-20148009229-2014-fixin-clos-de-la-perriere-1er-cru-domaine-joliet-burgundy","1171224","20148009229"
"Domaine Joliet","2015","Fixin, Clos de la Perriere, 1er Cru, Domaine Joliet, Burgundy","230","Case of 6 Bottles","https://www.bbr.com/products-20158009229-2015-fixin-clos-de-la-perriere-1er-cru-domaine-joliet-burgundy","1171224","20158009229"
"Domaine Joliet","2016","Fixin, Clos de la Perriere, 1er Cru, Domaine Joliet, Burgundy","230","Case of 6 Bottles","https://www.bbr.com/products-20168009229-2016-fixin-clos-de-la-perriere-1er-cru-domaine-joliet-burgundy","1171224","20168009229"
"Meo-Camuzet","2021","Fixin, Clos du Chapitre, 1er Cru, Domaine Meo-Camuzet, Burgundy","380","Case of 6 Bottles","https://www.bbr.com/products-20218150338-2021-fixin-clos-du-chapitre-1er-cru-domaine-meo-camuzet-burgundy","1138236","20218150338"
"Meo-Camuzet","2017","Fixin, Clos du Chapitre, 1er Cru, Meo-Camuzet Frere & Soeurs, Burgundy","325","Case of 6 Bottles","https://www.bbr.com/products-20171138236-2017-fixin-clos-du-chapitre-1er-cru-meo-camuzet-frere-soeurs-burgundy","1138236","20171138236"
"Meo-Camuzet","2020","Fixin, Clos du Chapitre, 1er Cru, Meo-Camuzet Frere & Soeurs, Burgundy","330","Case of 6 Bottles","https://www.bbr.com/products-20201138236-2020-fixin-clos-du-chapitre-1er-cru-meo-camuzet-frere-soeurs-burgundy","1138236","20201138236"
"Domaine Berthaut (Berthaut-Gerbet)","2018","Fixin, Domaine Berthaut-Gerbet, Burgundy","175","Case of 6 Bottles","https://www.bbr.com/products-20188209818-2018-fixin-domaine-berthaut-gerbet-burgundy","1197415","20188209818"
"Domaine Bart","2021","Fixin, Hervelets, 1er Cru, Domaine Bart, Burgundy","360","Case of 6 Bottles","https://www.bbr.com/products-20218027414-2021-fixin-hervelets-1er-cru-domaine-bart-burgundy","1548956","20218027414"
"Domaine Pierre Damoy","2017","Fixin, Les Mogottes, Pierre Damoy, Burgundy","325","Case of 6 Bottles","https://www.bbr.com/products-20178164331-2017-fixin-les-mogottes-pierre-damoy-burgundy","1549302","20178164331"
"Domaine Pierre Damoy","2018","Fixin, Les Mogottes, Pierre Damoy, Burgundy","440","Case of 6 Bottles","https://www.bbr.com/products-20188164331-2018-fixin-les-mogottes-pierre-damoy-burgundy","1549302","20188164331"
"Denis Mortet","2021","Fixin, Vieilles Vignes, Domaine Denis Mortet, Burgundy","550","Case of 6 Bottles","https://www.bbr.com/products-20211341081-2021-fixin-vieilles-vignes-domaine-denis-mortet-burgundy","1341081","20211341081"
"Denis Mortet","2022","Fixin, Vieilles Vignes, Domaine Denis Mortet, Burgundy","520","Case of 6 Bottles","https://www.bbr.com/products-20221341081-2022-fixin-vieilles-vignes-domaine-denis-mortet-burgundy","1341081","20221341081"
"Fontodi","2009","Flaccianello della Pieve, Tenuta Fontodi, Tuscany, Italy","600","Case of 6 Bottles","https://www.bbr.com/products-20091099256-2009-flaccianello-della-pieve-tenuta-fontodi-tuscany-italy","1099256","20091099256"
"Fontodi","2010","Flaccianello della Pieve, Tenuta Fontodi, Tuscany, Italy","600","Case of 6 Bottles","https://www.bbr.com/products-20101099256-2010-flaccianello-della-pieve-tenuta-fontodi-tuscany-italy","1099256","20101099256"
"Fontodi","2010","Flaccianello della Pieve, Tenuta Fontodi, Tuscany, Italy","420","Case of 1 Double Magnums","https://www.bbr.com/products-20101099256-2010-flaccianello-della-pieve-tenuta-fontodi-tuscany-italy","1099256","20101099256"
"Fontodi","2010","Flaccianello della Pieve, Tenuta Fontodi, Tuscany, Italy","240","Case of 1 Magnums","https://www.bbr.com/products-20101099256-2010-flaccianello-della-pieve-tenuta-fontodi-tuscany-italy","1099256","20101099256"
"Fontodi","2012","Flaccianello della Pieve, Tenuta Fontodi, Tuscany, Italy","465","Case of 6 Bottles","https://www.bbr.com/products-20121099256-2012-flaccianello-della-pieve-tenuta-fontodi-tuscany-italy","1099256","20121099256"
"Fontodi","2012","Flaccianello della Pieve, Tenuta Fontodi, Tuscany, Italy","795","Case of 1 Imperials","https://www.bbr.com/products-20121099256-2012-flaccianello-della-pieve-tenuta-fontodi-tuscany-italy","1099256","20121099256"
"Fontodi","2013","Flaccianello della Pieve, Tenuta Fontodi, Tuscany, Italy","675","Case of 6 Bottles","https://www.bbr.com/products-20131099256-2013-flaccianello-della-pieve-tenuta-fontodi-tuscany-italy","1099256","20131099256"
"Fontodi","2013","Flaccianello della Pieve, Tenuta Fontodi, Tuscany, Italy","600","Case of 6 Bottles","https://www.bbr.com/products-20131099256-2013-flaccianello-della-pieve-tenuta-fontodi-tuscany-italy","1099256","20131099256"
"Fontodi","2013","Flaccianello della Pieve, Tenuta Fontodi, Tuscany, Italy","200","Case of 1 Magnums","https://www.bbr.com/products-20131099256-2013-flaccianello-della-pieve-tenuta-fontodi-tuscany-italy","1099256","20131099256"
"Fontodi","2014","Flaccianello della Pieve, Tenuta Fontodi, Tuscany, Italy","385","Case of 6 Bottles","https://www.bbr.com/products-20141099256-2014-flaccianello-della-pieve-tenuta-fontodi-tuscany-italy","1099256","20141099256"
"Fontodi","2014","Flaccianello della Pieve, Tenuta Fontodi, Tuscany, Italy","375","Case of 6 Bottles","https://www.bbr.com/products-20141099256-2014-flaccianello-della-pieve-tenuta-fontodi-tuscany-italy","1099256","20141099256"
"Fontodi","2014","Flaccianello della Pieve, Tenuta Fontodi, Tuscany, Italy","260","Case of 1 Double Magnums","https://www.bbr.com/products-20141099256-2014-flaccianello-della-pieve-tenuta-fontodi-tuscany-italy","1099256","20141099256"
"Fontodi","2015","Flaccianello della Pieve, Tenuta Fontodi, Tuscany, Italy","600","Case of 6 Bottles","https://www.bbr.com/products-20151099256-2015-flaccianello-della-pieve-tenuta-fontodi-tuscany-italy","1099256","20151099256"
"Fontodi","2015","Flaccianello della Pieve, Tenuta Fontodi, Tuscany, Italy","695","Case of 6 Bottles","https://www.bbr.com/products-20151099256-2015-flaccianello-della-pieve-tenuta-fontodi-tuscany-italy","1099256","20151099256"
"Fontodi","2015","Flaccianello della Pieve, Tenuta Fontodi, Tuscany, Italy","185","Case of 1 Magnums","https://www.bbr.com/products-20151099256-2015-flaccianello-della-pieve-tenuta-fontodi-tuscany-italy","1099256","20151099256"
"Fontodi","2016","Flaccianello della Pieve, Tenuta Fontodi, Tuscany, Italy","1100","Case of 6 Bottles","https://www.bbr.com/products-20161099256-2016-flaccianello-della-pieve-tenuta-fontodi-tuscany-italy","1099256","20161099256"
"Fontodi","2017","Flaccianello della Pieve, Tenuta Fontodi, Tuscany, Italy","360","Case of 6 Bottles","https://www.bbr.com/products-20171099256-2017-flaccianello-della-pieve-tenuta-fontodi-tuscany-italy","1099256","20171099256"
"Fontodi","2017","Flaccianello della Pieve, Tenuta Fontodi, Tuscany, Italy","595","Case of 6 Bottles","https://www.bbr.com/products-20171099256-2017-flaccianello-della-pieve-tenuta-fontodi-tuscany-italy","1099256","20171099256"
"Fontodi","2018","Flaccianello della Pieve, Tenuta Fontodi, Tuscany, Italy","780","Case of 6 Bottles","https://www.bbr.com/products-20181099256-2018-flaccianello-della-pieve-tenuta-fontodi-tuscany-italy","1099256","20181099256"
"Fontodi","2018","Flaccianello della Pieve, Tenuta Fontodi, Tuscany, Italy","200","Case of 1 Magnums","https://www.bbr.com/products-20181099256-2018-flaccianello-della-pieve-tenuta-fontodi-tuscany-italy","1099256","20181099256"
"Fontodi","2018","Flaccianello della Pieve, Tenuta Fontodi, Tuscany, Italy","250","Case of 1 Magnums","https://www.bbr.com/products-20181099256-2018-flaccianello-della-pieve-tenuta-fontodi-tuscany-italy","1099256","20181099256"
"Fontodi","2019","Flaccianello della Pieve, Tenuta Fontodi, Tuscany, Italy","450","Case of 6 Bottles","https://www.bbr.com/products-20191099256-2019-flaccianello-della-pieve-tenuta-fontodi-tuscany-italy","1099256","20191099256"
"Fontodi","2019","Flaccianello della Pieve, Tenuta Fontodi, Tuscany, Italy","460","Case of 6 Bottles","https://www.bbr.com/products-20191099256-2019-flaccianello-della-pieve-tenuta-fontodi-tuscany-italy","1099256","20191099256"
"Fontodi","2021","Flaccianello della Pieve, Tenuta Fontodi, Tuscany, Italy","550","Case of 6 Bottles","https://www.bbr.com/products-20211099256-2021-flaccianello-della-pieve-tenuta-fontodi-tuscany-italy","1099256","20211099256"
"Fontodi","2021","Flaccianello della Pieve, Tenuta Fontodi, Tuscany, Italy","150","Case of 1 Magnums","https://www.bbr.com/products-20211099256-2021-flaccianello-della-pieve-tenuta-fontodi-tuscany-italy","1099256","20211099256"
"Chateau Clinet","2010","Fleur de Clinet, Pomerol, Bordeaux","380","Case of 6 Magnums","https://www.bbr.com/products-20108007629-2010-fleur-de-clinet-pomerol-bordeaux","1009886","20108007629"
"Marc Delienne","2015","Fleurie, Abbaye Road, Marc Delienne, Beaujolais","600","Case of 6 Magnums","https://www.bbr.com/products-20158163347-2015-fleurie-abbaye-road-marc-delienne-beaujolais","1826153","20158163347"
"Lafarge Vial","2017","Fleurie, Clos Vernay, Domaine Lafarge Vial, Beaujolais","150","Case of 6 Bottles","https://www.bbr.com/products-20178000431-2017-fleurie-clos-vernay-domaine-lafarge-vial-beaujolais","1379343","20178000431"
"Lafarge Vial","2022","Fleurie, Clos Vernay, Domaine Lafarge Vial, Beaujolais","195","Case of 6 Bottles","https://www.bbr.com/products-20228000431-2022-fleurie-clos-vernay-domaine-lafarge-vial-beaujolais","1379343","20228000431"
"Clos de la Roilette","2017","Fleurie, Clos de la Roilette, Cuvee Tardive, Coudert Pere & Fils, Beaujolais","575","Case of 6 Magnums","https://www.bbr.com/products-20178205894-2017-fleurie-clos-de-la-roilette-cuvee-tardive-coudert-pere-fils-beaujolais","1327315","20178205894"
"Lafarge Vial","2023","Fleurie, Domaine Lafarge Vial, Beaujolais","90","Case of 6 Bottles","https://www.bbr.com/products-20231387719-2023-fleurie-domaine-lafarge-vial-beaujolais","1511431","20231387719"
"Domaine de Vernus","2023","Fleurie, Domaine de Vernus, Beaujolais","170","Case of 6 Bottles","https://www.bbr.com/products-20238306588-2023-fleurie-domaine-de-vernus-beaujolais","2096458","20238306588"
"Domaine de Vernus","2023","Fleurie, La Dime, Domaine de Vernus, Beaujolais","320","Case of 6 Bottles","https://www.bbr.com/products-20238301899-2023-fleurie-la-dime-domaine-de-vernus-beaujolais","2593087","20238301899"
"Domaine Yvon Metras","2017","Fleurie, Yvon Metras, Beaujolais","800","Case of 6 Magnums","https://www.bbr.com/products-20178055691-2017-fleurie-yvon-metras-beaujolais","1602322","20178055691"
"Domaine Yvon Metras","2018","Fleurie, Yvon Metras, Beaujolais","840","Case of 6 Magnums","https://www.bbr.com/products-20188055691-2018-fleurie-yvon-metras-beaujolais","1602322","20188055691"
"Dominio de Pingus","2006","Flor de Pingus, Dominio de Pingus, Ribera del Duero, Spain","900","Case of 12 Bottles","https://www.bbr.com/products-20068014085-2006-flor-de-pingus-dominio-de-pingus-ribera-del-duero-spain","1120730","20068014085"
"Dominio de Pingus","2011","Flor de Pingus, Dominio de Pingus, Ribera del Duero, Spain","1000","Case of 12 Bottles","https://www.bbr.com/products-20118014085-2011-flor-de-pingus-dominio-de-pingus-ribera-del-duero-spain","1120730","20118014085"
"Dominio de Pingus","2014","Flor de Pingus, Dominio de Pingus, Ribera del Duero, Spain","815","Case of 12 Bottles","https://www.bbr.com/products-20148014085-2014-flor-de-pingus-dominio-de-pingus-ribera-del-duero-spain","1120730","20148014085"
"Dominio de Pingus","2014","Flor de Pingus, Dominio de Pingus, Ribera del Duero, Spain","675","Case of 12 Bottles","https://www.bbr.com/products-20148014085-2014-flor-de-pingus-dominio-de-pingus-ribera-del-duero-spain","1120730","20148014085"
"Dominio de Pingus","2014","Flor de Pingus, Dominio de Pingus, Ribera del Duero, Spain","350","Case of 3 Magnums","https://www.bbr.com/products-20148014085-2014-flor-de-pingus-dominio-de-pingus-ribera-del-duero-spain","1120730","20148014085"
"Dominio de Pingus","2015","Flor de Pingus, Dominio de Pingus, Ribera del Duero, Spain","380","Case of 6 Bottles","https://www.bbr.com/products-20158014085-2015-flor-de-pingus-dominio-de-pingus-ribera-del-duero-spain","1120730","20158014085"
"Dominio de Pingus","2016","Flor de Pingus, Dominio de Pingus, Ribera del Duero, Spain","675","Case of 12 Bottles","https://www.bbr.com/products-20168014085-2016-flor-de-pingus-dominio-de-pingus-ribera-del-duero-spain","1120730","20168014085"
"Dominio de Pingus","2018","Flor de Pingus, Dominio de Pingus, Ribera del Duero, Spain","850","Case of 12 Bottles","https://www.bbr.com/products-20188014085-2018-flor-de-pingus-dominio-de-pingus-ribera-del-duero-spain","1120730","20188014085"
"Dominio de Pingus","2018","Flor de Pingus, Dominio de Pingus, Ribera del Duero, Spain","350","Case of 3 Magnums","https://www.bbr.com/products-20188014085-2018-flor-de-pingus-dominio-de-pingus-ribera-del-duero-spain","1120730","20188014085"
"Dominio de Pingus","2020","Flor de Pingus, Dominio de Pingus, Ribera del Duero, Spain","720","Case of 12 Bottles","https://www.bbr.com/products-20208014085-2020-flor-de-pingus-dominio-de-pingus-ribera-del-duero-spain","1120730","20208014085"
"Dominio de Pingus","2021","Flor de Pingus, Dominio de Pingus, Ribera del Duero, Spain","845","Case of 12 Bottles","https://www.bbr.com/products-20218014085-2021-flor-de-pingus-dominio-de-pingus-ribera-del-duero-spain","1120730","20218014085"
"Dominio de Pingus","2022","Flor de Pingus, Dominio de Pingus, Ribera del Duero, Spain","945","Case of 12 Bottles","https://www.bbr.com/products-20228014085-2022-flor-de-pingus-dominio-de-pingus-ribera-del-duero-spain","1120730","20228014085"
"Cillar de Silos","2012","Flor de Silos, Cillar de Silos, Ribera del Duero, Spain","195","Case of 6 Bottles","https://www.bbr.com/products-20128136183-2012-flor-de-silos-cillar-de-silos-ribera-del-duero-spain","1360097","20128136183"
"Cillar de Silos","2014","Flor de Silos, Cillar de Silos, Ribera del Duero, Spain","228","Case of 6 Bottles","https://www.bbr.com/products-20148136183-2014-flor-de-silos-cillar-de-silos-ribera-del-duero-spain","1360097","20148136183"
"Cillar de Silos","2016","Flor de Silos, Cillar de Silos, Ribera del Duero, Spain","250","Case of 6 Bottles","https://www.bbr.com/products-20168136183-2016-flor-de-silos-cillar-de-silos-ribera-del-duero-spain","1360097","20168136183"
"Cillar de Silos","2019","Flor de Silos, Cillar de Silos, Ribera del Duero, Spain","199","Case of 6 Bottles","https://www.bbr.com/products-20198136183-2019-flor-de-silos-cillar-de-silos-ribera-del-duero-spain","1360097","20198136183"
"Cillar de Silos","2020","Flor de Silos, Cillar de Silos, Ribera del Duero, Spain","205","Case of 6 Bottles","https://www.bbr.com/products-20208136183-2020-flor-de-silos-cillar-de-silos-ribera-del-duero-spain","1360097","20208136183"
"Flowers Vineyard","2015","Flowers, Chardonnay, Sonoma Coast, California, USA","310","Case of 12 Bottles","https://www.bbr.com/products-20158110064-2015-flowers-chardonnay-sonoma-coast-california-usa","1310630","20158110064"
"Folium Vineyard","2015","Folium, Pinot Noir, Marlborough, New Zealand","169","Case of 6 Bottles","https://www.bbr.com/products-20158106221-2015-folium-pinot-noir-marlborough-new-zealand","1508262","20158106221"
"Fonseca","2015","Fonseca, Guimaraens, Bicentenary, Port, Portugal","180","Case of 6 Bottles","https://www.bbr.com/products-20158117063-2015-fonseca-guimaraens-bicentenary-port-portugal","1107537","20158117063"
"Fonseca","2015","Fonseca, Guimaraens, Bicentenary, Port, Portugal","198","Case of 12 Half Bottles","https://www.bbr.com/products-20158117063-2015-fonseca-guimaraens-bicentenary-port-portugal","1107537","20158117063"
"Fonseca","2018","Fonseca, Guimaraens, Port, Portugal","245","Case of 3 Magnums","https://www.bbr.com/products-20188129583-2018-fonseca-guimaraens-port-portugal","1107537","20188129583"
"Fonseca","1985","Fonseca, Port, Portugal","490","Case of 6 Bottles","https://www.bbr.com/products-19858008701-1985-fonseca-port-portugal","1107683","19858008701"
"Fonseca","1992","Fonseca, Port, Portugal","475","Case of 6 Bottles","https://www.bbr.com/products-19928008701-1992-fonseca-port-portugal","1107683","19928008701"
"Fonseca","1994","Fonseca, Port, Portugal","795","Case of 6 Bottles","https://www.bbr.com/products-19948008701-1994-fonseca-port-portugal","1107683","19948008701"
"Fonseca","2003","Fonseca, Port, Portugal","440","Case of 12 Bottles","https://www.bbr.com/products-20038008701-2003-fonseca-port-portugal","1107683","20038008701"
"Fonseca","2007","Fonseca, Port, Portugal","235","Case of 6 Bottles","https://www.bbr.com/products-20078008701-2007-fonseca-port-portugal","1107683","20078008701"
"Fonseca","2011","Fonseca, Port, Portugal","294","Case of 6 Bottles","https://www.bbr.com/products-20118008701-2011-fonseca-port-portugal","1107683","20118008701"
"Fonseca","2011","Fonseca, Port, Portugal","295","Case of 6 Bottles","https://www.bbr.com/products-20118008701-2011-fonseca-port-portugal","1107683","20118008701"
"Fonseca","2016","Fonseca, Port, Portugal","165","Case of 6 Bottles","https://www.bbr.com/products-20168008701-2016-fonseca-port-portugal","1107683","20168008701"
"Fonseca","2016","Fonseca, Port, Portugal","165","Case of 6 Bottles","https://www.bbr.com/products-20168008701-2016-fonseca-port-portugal","1107683","20168008701"
"Fonseca","2017","Fonseca, Port, Portugal","295","Case of 6 Bottles","https://www.bbr.com/products-20178008701-2017-fonseca-port-portugal","1107683","20178008701"
"Fonseca","2017","Fonseca, Port, Portugal","220","Case of 6 Bottles","https://www.bbr.com/products-20178008701-2017-fonseca-port-portugal","1107683","20178008701"
"Felsina","2016","Fontalloro, Felsina, Tuscany, Italy","210","Case of 6 Bottles","https://www.bbr.com/products-20168026983-2016-fontalloro-felsina-tuscany-italy","1099038","20168026983"
"Forman Vineyard","2013","Forman, Cabernet Sauvignon, Napa Valley, California, USA","1100","Case of 12 Bottles","https://www.bbr.com/products-20138115867-2013-forman-cabernet-sauvignon-napa-valley-california-usa","1122040","20138115867"
"Forman Vineyard","2014","Forman, Cabernet Sauvignon, Napa Valley, California, USA","1100","Case of 12 Bottles","https://www.bbr.com/products-20148115867-2014-forman-cabernet-sauvignon-napa-valley-california-usa","1122040","20148115867"
"Chateau Latour","","Forts de Latour Vertical (2000, 2003 - 2006, 2009), Six-Bottle Assortment Case","995","Case of 1 6 Bottle Assortments","https://www.bbr.com/products-10008103002-forts-de-latour-vertical-2000-2003-2006-2009-six-bottle-assortment-case","9000663","10008103002"
"Foxwood Vineyards","2011","Foxwood Vineyards, Shiraz, Coastal Region, South Africa","75","Case of 6 Bottles","https://www.bbr.com/products-20118130657-2011-foxwood-vineyards-shiraz-coastal-region-south-africa","1524671","20118130657"
"Frederic Cossard","2019","Frederic Cossard, Super Pink, Rhone","168","Case of 6 Bottles","https://www.bbr.com/products-20198228651-2019-frederic-cossard-super-pink-rhone","2016924","20198228651"
"Freemark Abbey Winery","2016","Freemark Abbey, Cabernet Bosche, Napa Valley, California, USA","525","Case of 6 Bottles","https://www.bbr.com/products-20168165019-2016-freemark-abbey-cabernet-bosche-napa-valley-california-usa","1316834","20168165019"
"Freemark Abbey Winery","2018","Freemark Abbey, Cabernet Bosche, Napa Valley, California, USA","699","Case of 6 Bottles","https://www.bbr.com/products-20188165019-2018-freemark-abbey-cabernet-bosche-napa-valley-california-usa","1316834","20188165019"
"Freemark Abbey Winery","2004","Freemark Abbey, Sycamore Vineyard Cabernet Sauvignon, Napa Valley, California, USA","930","Case of 6 Bottles","https://www.bbr.com/products-20048174668-2004-freemark-abbey-sycamore-vineyard-cabernet-sauvignon-napa-valley-california-usa","1787001","20048174668"
"Freemark Abbey Winery","2005","Freemark Abbey, Sycamore Vineyard Cabernet Sauvignon, Napa Valley, California, USA","1150","Case of 6 Bottles","https://www.bbr.com/products-20058174668-2005-freemark-abbey-sycamore-vineyard-cabernet-sauvignon-napa-valley-california-usa","1787001","20058174668"
"Freemark Abbey Winery","2016","Freemark Abbey, Sycamore Vineyard Cabernet Sauvignon, Napa Valley, California, USA","520","Case of 6 Bottles","https://www.bbr.com/products-20168174668-2016-freemark-abbey-sycamore-vineyard-cabernet-sauvignon-napa-valley-california-usa","1787001","20168174668"
"Miani, Friuli-Venezia-Giulia","2017","Friulano Buri, Colli Orientali del Friuli, Miani","910","Case of 6 Bottles","https://www.bbr.com/products-20178104533-2017-friulano-buri-colli-orientali-del-friuli-miani","1610411","20178104533"
"Miani, Friuli-Venezia-Giulia","2017","Friulano, Colli Orientali del Friuli, Miani, Friuli-Venezia Giulia, Italy","480","Case of 6 Bottles","https://www.bbr.com/products-20178112765-2017-friulano-colli-orientali-del-friuli-miani-friuli-venezia-giulia-italy","1193316","20178112765"
"Frog's Leap","2010","Frog's Leap, Merlot, Rutherford, Napa Valley, California, USA","475","Case of 6 Magnums","https://www.bbr.com/products-20101122095-2010-frog-s-leap-merlot-rutherford-napa-valley-california-usa","1122095","20101122095"
"Frederic Cossard","2018","Frederic Cossard, Chardonnay, Vin de France","375","Case of 6 Bottles","https://www.bbr.com/products-20188054434-2018-frederic-cossard-chardonnay-vin-de-france","1873753","20188054434"
"Guinaudeau Vignerons","2012","G Acte 4, Bordeaux Superieur","115","Case of 6 Bottles","https://www.bbr.com/products-20128107765-2012-g-acte-4-bordeaux-superieur","1391637","20128107765"
"Guinaudeau Vignerons","2014","G Acte 6, Bordeaux Superieur","130","Case of 6 Bottles","https://www.bbr.com/products-20148106801-2014-g-acte-6-bordeaux-superieur","1452015","20148106801"
"Guinaudeau Vignerons","2015","G Acte 7, Bordeaux Superieur","151","Case of 6 Bottles","https://www.bbr.com/products-20158107909-2015-g-acte-7-bordeaux-superieur","1385920","20158107909"
"Chateau La Gaffeliere","2020","G' de La Gaffeliere, Vin de France","258","Case of 1 Bottles","https://www.bbr.com/products-20208246947-2020-g-de-la-gaffeliere-vin-de-france","","20208246947"
"G. & C. Lurton Trinite Estate","2013","G. & C. Lurton, Trinite Estate, Acaibo Red, Sonoma County, California, USA","295","Case of 6 Bottles","https://www.bbr.com/products-20138009001-2013-g-c-lurton-trinite-estate-acaibo-red-sonoma-county-california-usa","1358968","20138009001"
"G. & C. Lurton Trinite Estate","2015","G. &amp; C. Lurton, Trinite Estate, Acaibo Red, Sonoma County, California, USA","220","Case of 6 Bottles","https://www.bbr.com/products-20158009001-2015-g-and-c-lurton-trinite-estate-acaibo-red-sonoma-county-california-usa","1358968","20158009001"
"Gaja","2016","Gaja, Barbaresco Cru Mixed (2 each of: Sori San Lorenzo, Sori Tildin, Costa Russi), Six-Bottle Assortment Case","3600","Case of 1 6 Bottle Assortments","https://www.bbr.com/products-20168100056-2016-gaja-barbaresco-cru-mixed-2-each-of-sori-san-lorenzo-sori-tildin-costa-russi-six-bottle-assortment-case","9005365","20168100056"
"Petrolo","2013","Galatrona, Val d?Arno di Sopra, Petrolo, Tuscany, Italy","423","Case of 6 Bottles","https://www.bbr.com/products-20138117542-2013-galatrona-val-d-arno-di-sopra-petrolo-tuscany-italy","1102561","20138117542"
"Petrolo","2013","Galatrona, Val d?Arno di Sopra, Petrolo, Tuscany, Italy","400","Case of 6 Bottles","https://www.bbr.com/products-20138117542-2013-galatrona-val-d-arno-di-sopra-petrolo-tuscany-italy","1102561","20138117542"
"Petrolo","2015","Galatrona, Val d?Arno di Sopra, Petrolo, Tuscany, Italy","499","Case of 6 Bottles","https://www.bbr.com/products-20158117542-2015-galatrona-val-d-arno-di-sopra-petrolo-tuscany-italy","1102561","20158117542"
"Petrolo","2015","Galatrona, Val d?Arno di Sopra, Petrolo, Tuscany, Italy","120","Case of 1 Magnums","https://www.bbr.com/products-20158117542-2015-galatrona-val-d-arno-di-sopra-petrolo-tuscany-italy","1102561","20158117542"
"Petrolo","2016","Galatrona, Val d?Arno di Sopra, Petrolo, Tuscany, Italy","580","Case of 6 Bottles","https://www.bbr.com/products-20168117542-2016-galatrona-val-d-arno-di-sopra-petrolo-tuscany-italy","1102561","20168117542"
"Petrolo","2016","Galatrona, Val d?Arno di Sopra, Petrolo, Tuscany, Italy","668","Case of 6 Bottles","https://www.bbr.com/products-20168117542-2016-galatrona-val-d-arno-di-sopra-petrolo-tuscany-italy","1102561","20168117542"
"Petrolo","2018","Galatrona, Val d?Arno di Sopra, Petrolo, Tuscany, Italy","300","Case of 6 Bottles","https://www.bbr.com/products-20188117542-2018-galatrona-val-d-arno-di-sopra-petrolo-tuscany-italy","1102561","20188117542"
"Petrolo","2019","Galatrona, Val d?Arno di Sopra, Petrolo, Tuscany, Italy","450","Case of 6 Bottles","https://www.bbr.com/products-20198117542-2019-galatrona-val-d-arno-di-sopra-petrolo-tuscany-italy","1102561","20198117542"
"Petrolo","2019","Galatrona, Val d?Arno di Sopra, Petrolo, Tuscany, Italy","500","Case of 6 Bottles","https://www.bbr.com/products-20198117542-2019-galatrona-val-d-arno-di-sopra-petrolo-tuscany-italy","1102561","20198117542"
"Petrolo","2019","Galatrona, Val d?Arno di Sopra, Petrolo, Tuscany, Italy","600","Case of 1 Double Magnums","https://www.bbr.com/products-20198117542-2019-galatrona-val-d-arno-di-sopra-petrolo-tuscany-italy","1102561","20198117542"
"Petrolo","2019","Galatrona, Val d?Arno di Sopra, Petrolo, Tuscany, Italy","430","Case of 1 Imperials","https://www.bbr.com/products-20198117542-2019-galatrona-val-d-arno-di-sopra-petrolo-tuscany-italy","1102561","20198117542"
"Petrolo","2019","Galatrona, Val d?Arno di Sopra, Petrolo, Tuscany, Italy","175","Case of 1 Magnums","https://www.bbr.com/products-20198117542-2019-galatrona-val-d-arno-di-sopra-petrolo-tuscany-italy","1102561","20198117542"
"Petrolo","2019","Galatrona, Val d?Arno di Sopra, Petrolo, Tuscany, Italy","510","Case of 1 Salmanazars","https://www.bbr.com/products-20198117542-2019-galatrona-val-d-arno-di-sopra-petrolo-tuscany-italy","1102561","20198117542"
"Petrolo","2022","Galatrona, Val d?Arno di Sopra, Petrolo, Tuscany, Italy","450","Case of 6 Bottles","https://www.bbr.com/products-20228117542-2022-galatrona-val-d-arno-di-sopra-petrolo-tuscany-italy","1102561","20228117542"
"Mixed Cases","2016","Galaxy 6-bottle assortment case (Leoville Poyferre, Brane-Cantenac, Haut-Bailly, Beau-Sejour Becot, Clinet, Pichon Baron)","550","Case of 1 6 Bottle Assortments","https://www.bbr.com/products-20168055200-2016-galaxy-6-bottle-assortment-case-leoville-poyferre-brane-cantenac-haut-bailly-beau-sejour-becot-clinet-pichon-baron","","20168055200"
"El Regajal","2019","Galia, Le Dean, Jerome Bougnaud & El Regajal, Castilla y Leon, Spain","225","Case of 3 Bottles","https://www.bbr.com/products-20198159197-2019-galia-le-dean-jerome-bougnaud-el-regajal-castilla-y-leon-spain","2555052","20198159197"
"Finca Allende","2015","Gaminde, Finca Allende, Rioja, Spain","280","Case of 6 Bottles","https://www.bbr.com/products-20151612877-2015-gaminde-finca-allende-rioja-spain","1612877","20151612877"
"Daniel & Martha Gantenbein","2020","Gantenbein, Chardonnay, Graubunden, Switzerland","2000","Case of 6 Bottles","https://www.bbr.com/products-20208105194-2020-gantenbein-chardonnay-graubunden-switzerland","1539987","20208105194"
"Daniel & Martha Gantenbein","2018","Gantenbein, Pinot Noir, Switzerland","1326","Case of 6 Bottles","https://www.bbr.com/products-20188110628-2018-gantenbein-pinot-noir-switzerland","1269563","20188110628"
"Daniel & Martha Gantenbein","2020","Gantenbein, Pinot Noir, Switzerland","1290","Case of 6 Bottles","https://www.bbr.com/products-20208110628-2020-gantenbein-pinot-noir-switzerland","1269563","20208110628"
"Daniel & Martha Gantenbein","2021","Gantenbein, Pinot Noir, Switzerland","1295","Case of 6 Bottles","https://www.bbr.com/products-20218110628-2021-gantenbein-pinot-noir-switzerland","1269563","20218110628"
"Daniel & Martha Gantenbein","2022","Gantenbein, Pinot Noir, Switzerland","1500","Case of 6 Bottles","https://www.bbr.com/products-20228110628-2022-gantenbein-pinot-noir-switzerland","1269563","20228110628"
"Garage Wine Co.","2018","Garage Wine Co., Vigno, Truquilemu Vineyard, Empedrado, Maule Valley, Chile","250","Case of 6 Bottles","https://www.bbr.com/products-20188154903-2018-garage-wine-co-vigno-truquilemu-vineyard-empedrado-maule-valley-chile","1952397","20188154903"
"Nervi","2016","Gattinara, Nervi-Conterno, Piedmont, Italy","210","Case of 6 Bottles","https://www.bbr.com/products-20168057594-2016-gattinara-nervi-conterno-piedmont-italy","1481000","20168057594"
"Nervi","2018","Gattinara, Nervi-Conterno, Piedmont, Italy","380","Case of 6 Bottles","https://www.bbr.com/products-20188057594-2018-gattinara-nervi-conterno-piedmont-italy","1481000","20188057594"
"Nervi","2016","Gattinara, Vigna Molsino, Nervi-Conterno, Piedmont, Italy","299","Case of 6 Bottles","https://www.bbr.com/products-20168057754-2016-gattinara-vigna-molsino-nervi-conterno-piedmont-italy","1643707","20168057754"
"Nervi","2016","Gattinara, Vigna Valferana, Nervi-Conterno, Piedmont, Italy","285","Case of 6 Bottles","https://www.bbr.com/products-20168057767-2016-gattinara-vigna-valferana-nervi-conterno-piedmont-italy","1703407","20168057767"
"Nervi","2016","Gattinara, Vigna Valferana, Nervi-Conterno, Piedmont, Italy","284","Case of 6 Bottles","https://www.bbr.com/products-20168057767-2016-gattinara-vigna-valferana-nervi-conterno-piedmont-italy","1703407","20168057767"
"Nervi","2018","Gattinara, Vigna Valferana, Nervi-Conterno, Piedmont, Italy","539","Case of 6 Bottles","https://www.bbr.com/products-20188057767-2018-gattinara-vigna-valferana-nervi-conterno-piedmont-italy","1703407","20188057767"
"Chateau de Marsannay","2019","Gevrey Chambertin, Bel-Air, 1er Cru, Chateau de Marsannay, Burgundy","500","Case of 6 Bottles","https://www.bbr.com/products-20198183464-2019-gevrey-chambertin-bel-air-1er-cru-chateau-de-marsannay-burgundy","1550131","20198183464"
"Domaine Geantet-Pansiot","2014","Gevrey Chambertin, Le Poissenot, 1er Cru, Geantet-Pansiot, Burgundy","982","Case of 12 Bottles","https://www.bbr.com/products-20148219132-2014-gevrey-chambertin-le-poissenot-1er-cru-geantet-pansiot-burgundy","1033179","20148219132"
"Domaine Geantet-Pansiot","2015","Gevrey Chambertin, Le Poissenot, 1er Cru, Geantet-Pansiot, Burgundy","993","Case of 12 Bottles","https://www.bbr.com/products-20158219132-2015-gevrey-chambertin-le-poissenot-1er-cru-geantet-pansiot-burgundy","1033179","20158219132"
"Domaine Geantet-Pansiot","2016","Gevrey Chambertin, Le Poissenot, 1er Cru, Geantet-Pansiot, Burgundy","1015","Case of 12 Bottles","https://www.bbr.com/products-20168219132-2016-gevrey-chambertin-le-poissenot-1er-cru-geantet-pansiot-burgundy","1033179","20168219132"
"Domaine Geantet-Pansiot","2017","Gevrey Chambertin, Le Poissenot, 1er Cru, Geantet-Pansiot, Burgundy","970","Case of 12 Bottles","https://www.bbr.com/products-20178219132-2017-gevrey-chambertin-le-poissenot-1er-cru-geantet-pansiot-burgundy","1033179","20178219132"
"Domaine Geantet-Pansiot","2018","Gevrey Chambertin, Le Poissenot, 1er Cru, Geantet-Pansiot, Burgundy","890","Case of 12 Bottles","https://www.bbr.com/products-20188219132-2018-gevrey-chambertin-le-poissenot-1er-cru-geantet-pansiot-burgundy","1033179","20188219132"
"Domaine Geantet-Pansiot","2019","Gevrey Chambertin, Le Poissenot, 1er Cru, Geantet-Pansiot, Burgundy","502","Case of 6 Bottles","https://www.bbr.com/products-20198219132-2019-gevrey-chambertin-le-poissenot-1er-cru-geantet-pansiot-burgundy","1033179","20198219132"
"Domaine Geantet-Pansiot","2020","Gevrey Chambertin, Le Poissenot, 1er Cru, Geantet-Pansiot, Burgundy","520","Case of 6 Bottles","https://www.bbr.com/products-20208219132-2020-gevrey-chambertin-le-poissenot-1er-cru-geantet-pansiot-burgundy","1033179","20208219132"
"Pierre Ponnelle","2018","Gevrey Chambertin, Petite Chapelle, 1er Cru, Pierre Ponnelle, Burgundy","995","Case of 6 Bottles","https://www.bbr.com/products-20188183419-2018-gevrey-chambertin-petite-chapelle-1er-cru-pierre-ponnelle-burgundy","1458020","20188183419"
"Domaine Geantet-Pansiot","2019","Gevrey Chambertin, Vieilles Vignes, Geantet-Pansiot, Burgundy","282","Case of 6 Bottles","https://www.bbr.com/products-20198036656-2019-gevrey-chambertin-vieilles-vignes-geantet-pansiot-burgundy","1033182","20198036656"
"Domaine Geantet-Pansiot","2023","Gevrey Chambertin, Vieilles Vignes, Geantet-Pansiot, Burgundy","552","Case of 6 Bottles","https://www.bbr.com/products-20238036656-2023-gevrey-chambertin-vieilles-vignes-geantet-pansiot-burgundy","1033182","20238036656"
"Lucien Le Moine","2014","Gevrey-Chambertin 1er Cru, Les Corbeaux, Maison Lucien Le Moine","650","Case of 6 Bottles","https://www.bbr.com/products-20148201261-2014-gevrey-chambertin-1er-cru-les-corbeaux-maison-lucien-le-moine","1620995","20148201261"
"Domaine Claude-Dugat","2021","Gevrey-Chambertin, 1er Cru, Domaine Claude Dugat, Burgundy","1050","Case of 6 Bottles","https://www.bbr.com/products-20218171276-2021-gevrey-chambertin-1er-cru-domaine-claude-dugat-burgundy","1030022","20218171276"
"Domaine Claude-Dugat","2022","Gevrey-Chambertin, 1er Cru, Domaine Claude Dugat, Burgundy","1086","Case of 6 Bottles","https://www.bbr.com/products-20228171276-2022-gevrey-chambertin-1er-cru-domaine-claude-dugat-burgundy","1030022","20228171276"
"Domaine Claude-Dugat","2023","Gevrey-Chambertin, 1er Cru, Domaine Claude Dugat, Burgundy","825","Case of 6 Bottles","https://www.bbr.com/products-20238171276-2023-gevrey-chambertin-1er-cru-domaine-claude-dugat-burgundy","1030022","20238171276"
"Denis Mortet","2010","Gevrey-Chambertin, 1er Cru, Domaine Denis Mortet, Burgundy","1300","Case of 6 Bottles","https://www.bbr.com/products-20108018719-2010-gevrey-chambertin-1er-cru-domaine-denis-mortet-burgundy","2179638","20108018719"
"Denis Mortet","2012","Gevrey-Chambertin, 1er Cru, Domaine Denis Mortet, Burgundy","1280","Case of 6 Bottles","https://www.bbr.com/products-20128018719-2012-gevrey-chambertin-1er-cru-domaine-denis-mortet-burgundy","2179638","20128018719"
"Denis Mortet","2022","Gevrey-Chambertin, 1er Cru, Domaine Denis Mortet, Burgundy","1680","Case of 6 Bottles","https://www.bbr.com/products-20228018719-2022-gevrey-chambertin-1er-cru-domaine-denis-mortet-burgundy","2179638","20228018719"
"Jacques Prieur","2018","Gevrey-Chambertin, 1er Cru, Domaine Jacques Prieur, Burgundy","632","Case of 6 Bottles","https://www.bbr.com/products-20188218050-2018-gevrey-chambertin-1er-cru-domaine-jacques-prieur-burgundy","1053270","20188218050"
"Domaine du Prieure Roch","2022","Gevrey-Chambertin, 1er Cru, Vielles Vignes, Domaine Prieure Roch, Burgundy","1200","Case of 3 Bottles","https://www.bbr.com/products-20228173919-2022-gevrey-chambertin-1er-cru-vielles-vignes-domaine-prieure-roch-burgundy","2730646","20228173919"
"Domaine A-F Gros","2020","Gevrey-Chambertin, A.-F. Gros, Burgundy","612","Case of 6 Bottles","https://www.bbr.com/products-20208117180-2020-gevrey-chambertin-a-f-gros-burgundy","1923012","20208117180"
"La Pierre Ronde","2023","Gevrey-Chambertin, Antoine Lepetit de la Bigne, La Pierre Ronde, Burgundy","550","Case of 6 Bottles","https://www.bbr.com/products-20238315876-2023-gevrey-chambertin-antoine-lepetit-de-la-bigne-la-pierre-ronde-burgundy","3067060","20238315876"
"Arnaud Mortet","2016","Gevrey-Chambertin, Arnaud Mortet, Burgundy","375","Case of 6 Bottles","https://www.bbr.com/products-20161642540-2016-gevrey-chambertin-arnaud-mortet-burgundy","1642540","20161642540"
"Arnaud Mortet","2016","Gevrey-Chambertin, Arnaud Mortet, Burgundy","360","Case of 3 Magnums","https://www.bbr.com/products-20161642540-2016-gevrey-chambertin-arnaud-mortet-burgundy","1642540","20161642540"
"Arnaud Mortet","2017","Gevrey-Chambertin, Arnaud Mortet, Burgundy","250","Case of 6 Bottles","https://www.bbr.com/products-20171642540-2017-gevrey-chambertin-arnaud-mortet-burgundy","1642540","20171642540"
"Arnaud Mortet","2017","Gevrey-Chambertin, Arnaud Mortet, Burgundy","350","Case of 3 Magnums","https://www.bbr.com/products-20171642540-2017-gevrey-chambertin-arnaud-mortet-burgundy","1642540","20171642540"
"Domaine Amiot & Fils","2021","Gevrey-Chambertin, Aux Combottes, 1er Cru, Domaine Amiot & Fils, Burgundy","680","Case of 6 Bottles","https://www.bbr.com/products-20218151999-2021-gevrey-chambertin-aux-combottes-1er-cru-domaine-amiot-fils-burgundy","2222578","20218151999"
"Domaine Arlaud","2017","Gevrey-Chambertin, Aux Combottes, 1er Cru, Domaine Arlaud, Burgundy","450","Case of 6 Bottles","https://www.bbr.com/products-20178220323-2017-gevrey-chambertin-aux-combottes-1er-cru-domaine-arlaud-burgundy","1018493","20178220323"
"Domaine Arlaud","2018","Gevrey-Chambertin, Aux Combottes, 1er Cru, Domaine Arlaud, Burgundy","500","Case of 6 Bottles","https://www.bbr.com/products-20188220323-2018-gevrey-chambertin-aux-combottes-1er-cru-domaine-arlaud-burgundy","1018493","20188220323"
"Domaine Arlaud","2019","Gevrey-Chambertin, Aux Combottes, 1er Cru, Domaine Arlaud, Burgundy","575","Case of 6 Bottles","https://www.bbr.com/products-20198220323-2019-gevrey-chambertin-aux-combottes-1er-cru-domaine-arlaud-burgundy","1018493","20198220323"
"Domaine Arlaud","2021","Gevrey-Chambertin, Aux Combottes, 1er Cru, Domaine Arlaud, Burgundy","936","Case of 6 Bottles","https://www.bbr.com/products-20218220323-2021-gevrey-chambertin-aux-combottes-1er-cru-domaine-arlaud-burgundy","1018493","20218220323"
"Dujac","2006","Gevrey-Chambertin, Aux Combottes, 1er Cru, Domaine Dujac, Burgundy","4640","Case of 12 Bottles","https://www.bbr.com/products-20061030598-2006-gevrey-chambertin-aux-combottes-1er-cru-domaine-dujac-burgundy","1030598","20061030598"
"Dujac","2009","Gevrey-Chambertin, Aux Combottes, 1er Cru, Domaine Dujac, Burgundy","2380","Case of 6 Bottles","https://www.bbr.com/products-20091030598-2009-gevrey-chambertin-aux-combottes-1er-cru-domaine-dujac-burgundy","1030598","20091030598"
"Dujac","2013","Gevrey-Chambertin, Aux Combottes, 1er Cru, Domaine Dujac, Burgundy","2125","Case of 6 Bottles","https://www.bbr.com/products-20131030598-2013-gevrey-chambertin-aux-combottes-1er-cru-domaine-dujac-burgundy","1030598","20131030598"
"Dujac","2014","Gevrey-Chambertin, Aux Combottes, 1er Cru, Domaine Dujac, Burgundy","1460","Case of 6 Bottles","https://www.bbr.com/products-20141030598-2014-gevrey-chambertin-aux-combottes-1er-cru-domaine-dujac-burgundy","1030598","20141030598"
"Dujac","2017","Gevrey-Chambertin, Aux Combottes, 1er Cru, Domaine Dujac, Burgundy","1600","Case of 6 Bottles","https://www.bbr.com/products-20171030598-2017-gevrey-chambertin-aux-combottes-1er-cru-domaine-dujac-burgundy","1030598","20171030598"
"Dujac","2018","Gevrey-Chambertin, Aux Combottes, 1er Cru, Domaine Dujac, Burgundy","1710","Case of 6 Bottles","https://www.bbr.com/products-20181030598-2018-gevrey-chambertin-aux-combottes-1er-cru-domaine-dujac-burgundy","1030598","20181030598"
"Dujac","2018","Gevrey-Chambertin, Aux Combottes, 1er Cru, Domaine Dujac, Burgundy","1425","Case of 6 Bottles","https://www.bbr.com/products-20181030598-2018-gevrey-chambertin-aux-combottes-1er-cru-domaine-dujac-burgundy","1030598","20181030598"
"Dujac","2020","Gevrey-Chambertin, Aux Combottes, 1er Cru, Domaine Dujac, Burgundy","1750","Case of 6 Bottles","https://www.bbr.com/products-20201030598-2020-gevrey-chambertin-aux-combottes-1er-cru-domaine-dujac-burgundy","1030598","20201030598"
"Dujac","2021","Gevrey-Chambertin, Aux Combottes, 1er Cru, Domaine Dujac, Burgundy","725","Case of 3 Bottles","https://www.bbr.com/products-20211030598-2021-gevrey-chambertin-aux-combottes-1er-cru-domaine-dujac-burgundy","1030598","20211030598"
"Dujac","2022","Gevrey-Chambertin, Aux Combottes, 1er Cru, Domaine Dujac, Burgundy","1400","Case of 3 Bottles","https://www.bbr.com/products-20221030598-2022-gevrey-chambertin-aux-combottes-1er-cru-domaine-dujac-burgundy","1030598","20221030598"
"Hubert Lignier","2015","Gevrey-Chambertin, Aux Combottes, 1er Cru, Domaine Hubert Lignier, Burgundy","1026","Case of 6 Bottles","https://www.bbr.com/products-20158106276-2015-gevrey-chambertin-aux-combottes-1er-cru-domaine-hubert-lignier-burgundy","1045312","20158106276"
"Domaine Odoul-Coquard","2015","Gevrey-Chambertin, Aux Combottes, 1er Cru, Domaine Odoul-Coquard, Burgundy","380","Case of 6 Bottles","https://www.bbr.com/products-20158206514-2015-gevrey-chambertin-aux-combottes-1er-cru-domaine-odoul-coquard-burgundy","1311884","20158206514"
"Domaine Pierre Amiot & Fils","2017","Gevrey-Chambertin, Aux Combottes, 1er Cru, Domaine Pierre Amiot & Fils, Burgundy","338","Case of 6 Bottles","https://www.bbr.com/products-20178126755-2017-gevrey-chambertin-aux-combottes-1er-cru-domaine-pierre-amiot-fils-burgundy","1018060","20178126755"
"Domaine Pierre Amiot & Fils","2018","Gevrey-Chambertin, Aux Combottes, 1er Cru, Domaine Pierre Amiot & Fils, Burgundy","355","Case of 6 Bottles","https://www.bbr.com/products-20188126755-2018-gevrey-chambertin-aux-combottes-1er-cru-domaine-pierre-amiot-fils-burgundy","1018060","20188126755"
"Domaine Rossignol-Trapet","2018","Gevrey-Chambertin, Aux Combottes, 1er Cru, Domaine Rossignol-Trapet, Burgundy","502","Case of 6 Bottles","https://www.bbr.com/products-20188051938-2018-gevrey-chambertin-aux-combottes-1er-cru-domaine-rossignol-trapet-burgundy","1550245","20188051938"
"Lucien Le Moine","2018","Gevrey-Chambertin, Aux Combottes, 1er Cru, Lucien Le Moine, Burgundy","680","Case of 6 Bottles","https://www.bbr.com/products-20188040604-2018-gevrey-chambertin-aux-combottes-1er-cru-lucien-le-moine-burgundy","1469178","20188040604"
"Lucien Le Moine","2019","Gevrey-Chambertin, Aux Combottes, 1er Cru, Lucien Le Moine, Burgundy","715","Case of 6 Bottles","https://www.bbr.com/products-20198040604-2019-gevrey-chambertin-aux-combottes-1er-cru-lucien-le-moine-burgundy","1469178","20198040604"
"Maison Roche de Bellene","2010","Gevrey-Chambertin, Aux Combottes, 1er Cru, Maison Roche de Bellene, Burgundy","500","Case of 6 Bottles","https://www.bbr.com/products-20108020297-2010-gevrey-chambertin-aux-combottes-1er-cru-maison-roche-de-bellene-burgundy","1132117","20108020297"
"Maison Roche de Bellene","2011","Gevrey-Chambertin, Aux Combottes, 1er Cru, Maison Roche de Bellene, Burgundy","450","Case of 6 Bottles","https://www.bbr.com/products-20118020297-2011-gevrey-chambertin-aux-combottes-1er-cru-maison-roche-de-bellene-burgundy","1132117","20118020297"
"Maison Roche de Bellene","2012","Gevrey-Chambertin, Aux Combottes, 1er Cru, Maison Roche de Bellene, Burgundy","350","Case of 6 Bottles","https://www.bbr.com/products-20128020297-2012-gevrey-chambertin-aux-combottes-1er-cru-maison-roche-de-bellene-burgundy","1132117","20128020297"
"Domaine Henri Rebourseau","2019","Gevrey-Chambertin, Aux Corvees, Domaine Henri Rebourseau, Burgundy","300","Case of 6 Bottles","https://www.bbr.com/products-20198118901-2019-gevrey-chambertin-aux-corvees-domaine-henri-rebourseau-burgundy","1952283","20198118901"
"Domaine Henri Rebourseau","2020","Gevrey-Chambertin, Aux Corvees, Domaine Henri Rebourseau, Burgundy","220","Case of 6 Bottles","https://www.bbr.com/products-20208118901-2020-gevrey-chambertin-aux-corvees-domaine-henri-rebourseau-burgundy","1952283","20208118901"
"Domaine Henri Rebourseau","2020","Gevrey-Chambertin, Aux Corvees, Domaine Henri Rebourseau, Burgundy","200","Case of 3 Magnums","https://www.bbr.com/products-20208118901-2020-gevrey-chambertin-aux-corvees-domaine-henri-rebourseau-burgundy","1952283","20208118901"
"Domaine Henri Rebourseau","2021","Gevrey-Chambertin, Aux Corvees, Domaine Henri Rebourseau, Burgundy","305","Case of 6 Bottles","https://www.bbr.com/products-20218118901-2021-gevrey-chambertin-aux-corvees-domaine-henri-rebourseau-burgundy","1952283","20218118901"
"Domaine Henri Jouan","2021","Gevrey-Chambertin, Aux Echezeaux, Vieilles Vignes, Henri Jouan, Burgundy","395","Case of 6 Bottles","https://www.bbr.com/products-20218171250-2021-gevrey-chambertin-aux-echezeaux-vieilles-vignes-henri-jouan-burgundy","1244382","20218171250"
"Benjamin Leroux","2013","Gevrey-Chambertin, Aux Etelois, Benjamin Leroux, Burgundy","216","Case of 6 Bottles","https://www.bbr.com/products-20131327533-2013-gevrey-chambertin-aux-etelois-benjamin-leroux-burgundy","1327533","20131327533"
"Domaine Rossignol-Trapet","2015","Gevrey-Chambertin, Aux Etelois, Domaine Rossignol-Trapet, Burgundy","380","Case of 6 Bottles","https://www.bbr.com/products-20158030263-2015-gevrey-chambertin-aux-etelois-domaine-rossignol-trapet-burgundy","1055926","20158030263"
"Domaine Rossignol-Trapet","2018","Gevrey-Chambertin, Aux Etelois, Domaine Rossignol-Trapet, Burgundy","276","Case of 6 Bottles","https://www.bbr.com/products-20188030263-2018-gevrey-chambertin-aux-etelois-domaine-rossignol-trapet-burgundy","1055926","20188030263"
"Domaine Rossignol-Trapet","2019","Gevrey-Chambertin, Aux Etelois, Domaine Rossignol-Trapet, Burgundy","305","Case of 6 Bottles","https://www.bbr.com/products-20198030263-2019-gevrey-chambertin-aux-etelois-domaine-rossignol-trapet-burgundy","1055926","20198030263"
"Domaine Rossignol-Trapet","2019","Gevrey-Chambertin, Aux Etelois, Domaine Rossignol-Trapet, Burgundy","250","Case of 6 Bottles","https://www.bbr.com/products-20198030263-2019-gevrey-chambertin-aux-etelois-domaine-rossignol-trapet-burgundy","1055926","20198030263"
"Domaine Rossignol-Trapet","2020","Gevrey-Chambertin, Aux Etelois, Domaine Rossignol-Trapet, Burgundy","350","Case of 6 Bottles","https://www.bbr.com/products-20208030263-2020-gevrey-chambertin-aux-etelois-domaine-rossignol-trapet-burgundy","1055926","20208030263"
"Domaine Rossignol-Trapet","2021","Gevrey-Chambertin, Aux Etelois, Domaine Rossignol-Trapet, Burgundy","270","Case of 6 Bottles","https://www.bbr.com/products-20218030263-2021-gevrey-chambertin-aux-etelois-domaine-rossignol-trapet-burgundy","1055926","20218030263"
"Domaine Rossignol-Trapet","2022","Gevrey-Chambertin, Aux Etelois, Domaine Rossignol-Trapet, Burgundy","298","Case of 6 Bottles","https://www.bbr.com/products-20228030263-2022-gevrey-chambertin-aux-etelois-domaine-rossignol-trapet-burgundy","1055926","20228030263"
"Domaine Rossignol-Trapet","2023","Gevrey-Chambertin, Aux Etelois, Domaine Rossignol-Trapet, Burgundy","495","Case of 6 Bottles","https://www.bbr.com/products-20238030263-2023-gevrey-chambertin-aux-etelois-domaine-rossignol-trapet-burgundy","1055926","20238030263"
"Domaine Tawse","2022","Gevrey-Chambertin, Aux Etelois, Domaine Tawse, Burgundy","156","Case of 3 Bottles","https://www.bbr.com/products-20221456710-2022-gevrey-chambertin-aux-etelois-domaine-tawse-burgundy","1456710","20221456710"
"Domaine Jean Taupenot-Merme","2018","Gevrey-Chambertin, Bel Air, 1er Cru, Domaine Taupenot-Merme, Burgundy","400","Case of 6 Bottles","https://www.bbr.com/products-20188217659-2018-gevrey-chambertin-bel-air-1er-cru-domaine-taupenot-merme-burgundy","1058028","20188217659"
"Domaine Jean Taupenot-Merme","2020","Gevrey-Chambertin, Bel Air, 1er Cru, Domaine Taupenot-Merme, Burgundy","589","Case of 6 Bottles","https://www.bbr.com/products-20208217659-2020-gevrey-chambertin-bel-air-1er-cru-domaine-taupenot-merme-burgundy","1058028","20208217659"
"Philippe Charlopin","2018","Gevrey-Chambertin, Bel-Air, 1er Cru, Domaine Philippe Charlopin, Burgundy","880","Case of 12 Bottles","https://www.bbr.com/products-20188121691-2018-gevrey-chambertin-bel-air-1er-cru-domaine-philippe-charlopin-burgundy","1024735","20188121691"
"Philippe Pacalet","2017","Gevrey-Chambertin, Bel-Air, 1er Cru, Philippe Pacalet, Burgundy","1800","Case of 12 Bottles","https://www.bbr.com/products-20178125325-2017-gevrey-chambertin-bel-air-1er-cru-philippe-pacalet-burgundy","1049974","20178125325"
"Benjamin Leroux","2010","Gevrey-Chambertin, Benjamin Leroux, Burgundy","450","Case of 6 Bottles","https://www.bbr.com/products-20101043507-2010-gevrey-chambertin-benjamin-leroux-burgundy","1043507","20101043507"
"Benjamin Leroux","2010","Gevrey-Chambertin, Benjamin Leroux, Burgundy","400","Case of 6 Bottles","https://www.bbr.com/products-20101043507-2010-gevrey-chambertin-benjamin-leroux-burgundy","1043507","20101043507"
"Benjamin Leroux","2011","Gevrey-Chambertin, Benjamin Leroux, Burgundy","245","Case of 6 Bottles","https://www.bbr.com/products-20111043507-2011-gevrey-chambertin-benjamin-leroux-burgundy","1043507","20111043507"
"Benjamin Leroux","2012","Gevrey-Chambertin, Benjamin Leroux, Burgundy","283","Case of 6 Bottles","https://www.bbr.com/products-20121043507-2012-gevrey-chambertin-benjamin-leroux-burgundy","1043507","20121043507"
"Benjamin Leroux","2013","Gevrey-Chambertin, Benjamin Leroux, Burgundy","388","Case of 6 Bottles","https://www.bbr.com/products-20131043507-2013-gevrey-chambertin-benjamin-leroux-burgundy","1043507","20131043507"
"Benjamin Leroux","2015","Gevrey-Chambertin, Benjamin Leroux, Burgundy","245","Case of 6 Bottles","https://www.bbr.com/products-20151043507-2015-gevrey-chambertin-benjamin-leroux-burgundy","1043507","20151043507"
"Benjamin Leroux","2016","Gevrey-Chambertin, Benjamin Leroux, Burgundy","252","Case of 6 Bottles","https://www.bbr.com/products-20161043507-2016-gevrey-chambertin-benjamin-leroux-burgundy","1043507","20161043507"
"Benjamin Leroux","2017","Gevrey-Chambertin, Benjamin Leroux, Burgundy","290","Case of 6 Bottles","https://www.bbr.com/products-20171043507-2017-gevrey-chambertin-benjamin-leroux-burgundy","1043507","20171043507"
"Benjamin Leroux","2018","Gevrey-Chambertin, Benjamin Leroux, Burgundy","260","Case of 6 Bottles","https://www.bbr.com/products-20181043507-2018-gevrey-chambertin-benjamin-leroux-burgundy","1043507","20181043507"
"Benjamin Leroux","2018","Gevrey-Chambertin, Benjamin Leroux, Burgundy","250","Case of 6 Bottles","https://www.bbr.com/products-20181043507-2018-gevrey-chambertin-benjamin-leroux-burgundy","1043507","20181043507"
"Benjamin Leroux","2019","Gevrey-Chambertin, Benjamin Leroux, Burgundy","245","Case of 6 Bottles","https://www.bbr.com/products-20191043507-2019-gevrey-chambertin-benjamin-leroux-burgundy","1043507","20191043507"
"Benjamin Leroux","2019","Gevrey-Chambertin, Benjamin Leroux, Burgundy","246","Case of 3 Magnums","https://www.bbr.com/products-20191043507-2019-gevrey-chambertin-benjamin-leroux-burgundy","1043507","20191043507"
"Benjamin Leroux","2020","Gevrey-Chambertin, Benjamin Leroux, Burgundy","210","Case of 6 Bottles","https://www.bbr.com/products-20201043507-2020-gevrey-chambertin-benjamin-leroux-burgundy","1043507","20201043507"
"Benjamin Leroux","2022","Gevrey-Chambertin, Benjamin Leroux, Burgundy","315","Case of 6 Bottles","https://www.bbr.com/products-20221043507-2022-gevrey-chambertin-benjamin-leroux-burgundy","1043507","20221043507"
"Benjamin Leroux","2023","Gevrey-Chambertin, Benjamin Leroux, Burgundy","329","Case of 6 Bottles","https://www.bbr.com/products-20231043507-2023-gevrey-chambertin-benjamin-leroux-burgundy","1043507","20231043507"
"Domaine Guyon","2022","Gevrey-Chambertin, Carougeot, Domaine Guyon, Burgundy","315","Case of 6 Bottles","https://www.bbr.com/products-20228254746-2022-gevrey-chambertin-carougeot-domaine-guyon-burgundy","1542156","20228254746"
"Maison Joseph Drouhin","2015","Gevrey-Chambertin, Cazetiers, 1er Cru, Joseph Drouhin, Burgundy","600","Case of 6 Bottles","https://www.bbr.com/products-20158019080-2015-gevrey-chambertin-cazetiers-1er-cru-joseph-drouhin-burgundy","1029088","20158019080"
"Maison Joseph Drouhin","2016","Gevrey-Chambertin, Cazetiers, 1er Cru, Joseph Drouhin, Burgundy","1072","Case of 12 Bottles","https://www.bbr.com/products-20168019080-2016-gevrey-chambertin-cazetiers-1er-cru-joseph-drouhin-burgundy","1029088","20168019080"
"Maison Joseph Drouhin","2016","Gevrey-Chambertin, Cazetiers, 1er Cru, Joseph Drouhin, Burgundy","550","Case of 6 Bottles","https://www.bbr.com/products-20168019080-2016-gevrey-chambertin-cazetiers-1er-cru-joseph-drouhin-burgundy","1029088","20168019080"
"Maison Joseph Drouhin","2018","Gevrey-Chambertin, Cazetiers, 1er Cru, Joseph Drouhin, Burgundy","695","Case of 6 Bottles","https://www.bbr.com/products-20188019080-2018-gevrey-chambertin-cazetiers-1er-cru-joseph-drouhin-burgundy","1029088","20188019080"
"Maison Joseph Drouhin","2020","Gevrey-Chambertin, Cazetiers, 1er Cru, Joseph Drouhin, Burgundy","670","Case of 6 Bottles","https://www.bbr.com/products-20208019080-2020-gevrey-chambertin-cazetiers-1er-cru-joseph-drouhin-burgundy","1029088","20208019080"
"Domaine Tawse","2021","Gevrey-Chambertin, Champeaux, 1er Cru, Domaine Tawse, Burgundy","539","Case of 6 Bottles","https://www.bbr.com/products-20211452897-2021-gevrey-chambertin-champeaux-1er-cru-domaine-tawse-burgundy","1452897","20211452897"
"Domaine Tawse","2021","Gevrey-Chambertin, Champeaux, 1er Cru, Domaine Tawse, Burgundy","479","Case of 6 Bottles","https://www.bbr.com/products-20211452897-2021-gevrey-chambertin-champeaux-1er-cru-domaine-tawse-burgundy","1452897","20211452897"
"Domaine Tawse","2023","Gevrey-Chambertin, Champeaux, 1er Cru, Domaine Tawse, Burgundy","590","Case of 6 Bottles","https://www.bbr.com/products-20231452897-2023-gevrey-chambertin-champeaux-1er-cru-domaine-tawse-burgundy","1452897","20231452897"
"Domaine Rene Leclerc","2012","Gevrey-Chambertin, Champeaux, 1er Cru, Rene Leclerc","600","Case of 12 Bottles","https://www.bbr.com/products-20128007502-2012-gevrey-chambertin-champeaux-1er-cru-rene-leclerc","1043132","20128007502"
"Dugat-Py","2013","Gevrey-Chambertin, Champeaux, 1er Cru, Tres Vieilles Vignes, Domaine Dugat-Py, Burgundy","890","Case of 6 Bottles","https://www.bbr.com/products-20138107505-2013-gevrey-chambertin-champeaux-1er-cru-tres-vieilles-vignes-domaine-dugat-py-burgundy","1868476","20138107505"
"Dugat-Py","2016","Gevrey-Chambertin, Champeaux, 1er Cru, Tres Vieilles Vignes, Domaine Dugat-Py, Burgundy","1225","Case of 6 Bottles","https://www.bbr.com/products-20168107505-2016-gevrey-chambertin-champeaux-1er-cru-tres-vieilles-vignes-domaine-dugat-py-burgundy","1868476","20168107505"
"Dugat-Py","2020","Gevrey-Chambertin, Champeaux, 1er Cru, Tres Vieilles Vignes, Domaine Dugat-Py, Burgundy","1669","Case of 6 Bottles","https://www.bbr.com/products-20208107505-2020-gevrey-chambertin-champeaux-1er-cru-tres-vieilles-vignes-domaine-dugat-py-burgundy","1868476","20208107505"
"Dugat-Py","2020","Gevrey-Chambertin, Champeaux, 1er Cru, Tres Vieilles Vignes, Domaine Dugat-Py, Burgundy","1665","Case of 6 Bottles","https://www.bbr.com/products-20208107505-2020-gevrey-chambertin-champeaux-1er-cru-tres-vieilles-vignes-domaine-dugat-py-burgundy","1868476","20208107505"
"Dugat-Py","2015","Gevrey-Chambertin, Champeaux, 1er Cru, Tres Vieilles Vignes, DomaineDugat-Py, Burgundy","1390","Case of 6 Bottles","https://www.bbr.com/products-20158107505-2015-gevrey-chambertin-champeaux-1er-cru-tres-vieilles-vignes-domainedugat-py-burgundy","1868476","20158107505"
"Domaine Henri Magnien","2023","Gevrey-Chambertin, Champerrier, Domaine Henri Magnien, Burgundy","260","Case of 6 Bottles","https://www.bbr.com/products-20238161268-2023-gevrey-chambertin-champerrier-domaine-henri-magnien-burgundy","1910465","20238161268"
"Tortochot","2020","Gevrey-Chambertin, Champerrier, Vieilles Vignes, Domaine Tortochot, Burgundy","500","Case of 6 Bottles","https://www.bbr.com/products-20208171146-2020-gevrey-chambertin-champerrier-vieilles-vignes-domaine-tortochot-burgundy","1250813","20208171146"
"Domaine Joseph Roty","2016","Gevrey-Chambertin, Champs Chenys, Domaine Joseph Roty, Burgundy","588","Case of 12 Bottles","https://www.bbr.com/products-20168120186-2016-gevrey-chambertin-champs-chenys-domaine-joseph-roty-burgundy","1056372","20168120186"
"Louis Boillot","2011","Gevrey-Chambertin, Cherbaudes, 1er Cru, Domaine Louis Boillot & Fils, Burgundy","298","Case of 6 Bottles","https://www.bbr.com/products-20111021268-2011-gevrey-chambertin-cherbaudes-1er-cru-domaine-louis-boillot-fils-burgundy","1021268","20111021268"
"Louis Boillot","2016","Gevrey-Chambertin, Cherbaudes, 1er Cru, Domaine Louis Boillot &amp; Fils, Burgundy","749","Case of 6 Bottles","https://www.bbr.com/products-20161021268-2016-gevrey-chambertin-cherbaudes-1er-cru-domaine-louis-boillot-and-fils-burgundy","1021268","20161021268"
"Louis Boillot","2017","Gevrey-Chambertin, Cherbaudes, 1er Cru, Domaine Louis Boillot &amp; Fils, Burgundy","445","Case of 6 Bottles","https://www.bbr.com/products-20171021268-2017-gevrey-chambertin-cherbaudes-1er-cru-domaine-louis-boillot-and-fils-burgundy","1021268","20171021268"
"Louis Boillot","2018","Gevrey-Chambertin, Cherbaudes, 1er Cru, Domaine Louis Boillot &amp; Fils, Burgundy","445","Case of 6 Bottles","https://www.bbr.com/products-20181021268-2018-gevrey-chambertin-cherbaudes-1er-cru-domaine-louis-boillot-and-fils-burgundy","1021268","20181021268"
"Louis Boillot","2020","Gevrey-Chambertin, Cherbaudes, 1er Cru, Domaine Louis Boillot &amp; Fils, Burgundy","245","Case of 3 Bottles","https://www.bbr.com/products-20201021268-2020-gevrey-chambertin-cherbaudes-1er-cru-domaine-louis-boillot-and-fils-burgundy","1021268","20201021268"
"Kei Shiogai","2020","Gevrey-Chambertin, Cherbaudes, 1er Cru, Kei Shiogai, Burgundy","688","Case of 1 Bottles","https://www.bbr.com/products-20208074199-2020-gevrey-chambertin-cherbaudes-1er-cru-kei-shiogai-burgundy","2257695","20208074199"
"Kei Shiogai","2022","Gevrey-Chambertin, Cherbaudes, 1er Cru, Kei Shiogai, Burgundy","3430","Case of 6 Bottles","https://www.bbr.com/products-20228074199-2022-gevrey-chambertin-cherbaudes-1er-cru-kei-shiogai-burgundy","2257695","20228074199"
"Domaine Fourrier","2021","Gevrey-Chambertin, Cherbaudes, 1er Cru, Vieille Vigne, Domaine Fourrier, Burgundy","815","Case of 3 Bottles","https://www.bbr.com/products-20218227335-2021-gevrey-chambertin-cherbaudes-1er-cru-vieille-vigne-domaine-fourrier-burgundy","1543469","20218227335"
"Domaine Claude-Dugat","2018","Gevrey-Chambertin, Claude Dugat, Burgundy","1015","Case of 12 Bottles","https://www.bbr.com/products-20188122106-2018-gevrey-chambertin-claude-dugat-burgundy","1030019","20188122106"
"Domaine Joseph Roty","2008","Gevrey-Chambertin, Clos Prieur Bas, Domaine Joseph Roty, Burgundy","3000","Case of 12 Bottles","https://www.bbr.com/products-20088120160-2008-gevrey-chambertin-clos-prieur-bas-domaine-joseph-roty-burgundy","1056398","20088120160"
"Domaine Joseph Roty","2009","Gevrey-Chambertin, Clos Prieur Bas, Domaine Joseph Roty, Burgundy","900","Case of 12 Bottles","https://www.bbr.com/products-20098120160-2009-gevrey-chambertin-clos-prieur-bas-domaine-joseph-roty-burgundy","1056398","20098120160"
"Drouhin-Laroze","2014","Gevrey-Chambertin, Clos Prieur, 1er Cru, Domaine Drouhin-Laroze, Burgundy","700","Case of 12 Bottles","https://www.bbr.com/products-20141029583-2014-gevrey-chambertin-clos-prieur-1er-cru-domaine-drouhin-laroze-burgundy","1029583","20141029583"
"Drouhin-Laroze","2015","Gevrey-Chambertin, Clos Prieur, 1er Cru, Domaine Drouhin-Laroze, Burgundy","666","Case of 12 Bottles","https://www.bbr.com/products-20151029583-2015-gevrey-chambertin-clos-prieur-1er-cru-domaine-drouhin-laroze-burgundy","1029583","20151029583"
"Drouhin-Laroze","2018","Gevrey-Chambertin, Clos Prieur, 1er Cru, Domaine Drouhin-Laroze, Burgundy","305","Case of 6 Bottles","https://www.bbr.com/products-20181029583-2018-gevrey-chambertin-clos-prieur-1er-cru-domaine-drouhin-laroze-burgundy","1029583","20181029583"
"Domaine Trapet","2009","Gevrey-Chambertin, Clos Prieur, 1er Cru, Domaine Jean Louis Trapet","2200","Case of 12 Bottles","https://www.bbr.com/products-20098035356-2009-gevrey-chambertin-clos-prieur-1er-cru-domaine-jean-louis-trapet","","20098035356"
"Domaine Rossignol-Trapet","2006","Gevrey-Chambertin, Clos Prieur, 1er Cru, Domaine Rossignol-Trapet, Burgundy","790","Case of 12 Bottles","https://www.bbr.com/products-20061055942-2006-gevrey-chambertin-clos-prieur-1er-cru-domaine-rossignol-trapet-burgundy","1055942","20061055942"
"Domaine Rossignol-Trapet","2010","Gevrey-Chambertin, Clos Prieur, 1er Cru, Domaine Rossignol-Trapet, Burgundy","450","Case of 6 Bottles","https://www.bbr.com/products-20101055942-2010-gevrey-chambertin-clos-prieur-1er-cru-domaine-rossignol-trapet-burgundy","1055942","20101055942"
"Domaine Rossignol-Trapet","2010","Gevrey-Chambertin, Clos Prieur, 1er Cru, Domaine Rossignol-Trapet, Burgundy","480","Case of 6 Bottles","https://www.bbr.com/products-20101055942-2010-gevrey-chambertin-clos-prieur-1er-cru-domaine-rossignol-trapet-burgundy","1055942","20101055942"
"Domaine Rossignol-Trapet","2011","Gevrey-Chambertin, Clos Prieur, 1er Cru, Domaine Rossignol-Trapet, Burgundy","420","Case of 6 Bottles","https://www.bbr.com/products-20111055942-2011-gevrey-chambertin-clos-prieur-1er-cru-domaine-rossignol-trapet-burgundy","1055942","20111055942"
"Domaine Rossignol-Trapet","2017","Gevrey-Chambertin, Clos Prieur, 1er Cru, Domaine Rossignol-Trapet, Burgundy","420","Case of 6 Bottles","https://www.bbr.com/products-20171055942-2017-gevrey-chambertin-clos-prieur-1er-cru-domaine-rossignol-trapet-burgundy","1055942","20171055942"
"Domaine Rossignol-Trapet","2018","Gevrey-Chambertin, Clos Prieur, 1er Cru, Domaine Rossignol-Trapet, Burgundy","398","Case of 6 Bottles","https://www.bbr.com/products-20181055942-2018-gevrey-chambertin-clos-prieur-1er-cru-domaine-rossignol-trapet-burgundy","1055942","20181055942"
"Domaine Rossignol-Trapet","2018","Gevrey-Chambertin, Clos Prieur, 1er Cru, Domaine Rossignol-Trapet, Burgundy","725","Case of 12 Bottles","https://www.bbr.com/products-20181055942-2018-gevrey-chambertin-clos-prieur-1er-cru-domaine-rossignol-trapet-burgundy","1055942","20181055942"
"Domaine Rossignol-Trapet","2019","Gevrey-Chambertin, Clos Prieur, 1er Cru, Domaine Rossignol-Trapet, Burgundy","526","Case of 6 Bottles","https://www.bbr.com/products-20191055942-2019-gevrey-chambertin-clos-prieur-1er-cru-domaine-rossignol-trapet-burgundy","1055942","20191055942"
"Domaine Rossignol-Trapet","2019","Gevrey-Chambertin, Clos Prieur, 1er Cru, Domaine Rossignol-Trapet, Burgundy","536","Case of 6 Bottles","https://www.bbr.com/products-20191055942-2019-gevrey-chambertin-clos-prieur-1er-cru-domaine-rossignol-trapet-burgundy","1055942","20191055942"
"Domaine Rossignol-Trapet","2020","Gevrey-Chambertin, Clos Prieur, 1er Cru, Domaine Rossignol-Trapet, Burgundy","490","Case of 6 Bottles","https://www.bbr.com/products-20201055942-2020-gevrey-chambertin-clos-prieur-1er-cru-domaine-rossignol-trapet-burgundy","1055942","20201055942"
"Domaine Rossignol-Trapet","2021","Gevrey-Chambertin, Clos Prieur, 1er Cru, Domaine Rossignol-Trapet, Burgundy","570","Case of 6 Bottles","https://www.bbr.com/products-20211055942-2021-gevrey-chambertin-clos-prieur-1er-cru-domaine-rossignol-trapet-burgundy","1055942","20211055942"
"Maison Joseph Drouhin","2017","Gevrey-Chambertin, Clos Prieur, 1er Cru, Joseph Drouhin, Burgundy","429","Case of 6 Bottles","https://www.bbr.com/products-20178120580-2017-gevrey-chambertin-clos-prieur-1er-cru-joseph-drouhin-burgundy","1675070","20178120580"
"Pierre Girardin","2021","Gevrey-Chambertin, Clos Prieur, Pierre Girardin, Burgundy","750","Case of 6 Bottles","https://www.bbr.com/products-20218170673-2021-gevrey-chambertin-clos-prieur-pierre-girardin-burgundy","2281887","20218170673"
"Bruno Clair","2014","Gevrey-Chambertin, Clos Saint-Jacques, 1er Cru, Domaine Bruno Clair, Burgundy","2820","Case of 12 Bottles","https://www.bbr.com/products-20148029173-2014-gevrey-chambertin-clos-saint-jacques-1er-cru-domaine-bruno-clair-burgundy","1025468","20148029173"
"Bruno Clair","2015","Gevrey-Chambertin, Clos Saint-Jacques, 1er Cru, Domaine Bruno Clair, Burgundy","3395","Case of 12 Bottles","https://www.bbr.com/products-20158029173-2015-gevrey-chambertin-clos-saint-jacques-1er-cru-domaine-bruno-clair-burgundy","1025468","20158029173"
"Bruno Clair","2017","Gevrey-Chambertin, Clos Saint-Jacques, 1er Cru, Domaine Bruno Clair, Burgundy","1083","Case of 6 Bottles","https://www.bbr.com/products-20178029173-2017-gevrey-chambertin-clos-saint-jacques-1er-cru-domaine-bruno-clair-burgundy","1025468","20178029173"
"Louis Jadot","2009","Gevrey-Chambertin, Clos Saint-Jacques, 1er Cru, Domaine Louis Jadot, Burgundy","1595","Case of 12 Bottles","https://www.bbr.com/products-20098022204-2009-gevrey-chambertin-clos-saint-jacques-1er-cru-domaine-louis-jadot-burgundy","1038217","20098022204"
"Louis Jadot","2013","Gevrey-Chambertin, Clos Saint-Jacques, 1er Cru, Domaine Louis Jadot, Burgundy","645","Case of 6 Bottles","https://www.bbr.com/products-20138022204-2013-gevrey-chambertin-clos-saint-jacques-1er-cru-domaine-louis-jadot-burgundy","1038217","20138022204"
"Louis Jadot","2016","Gevrey-Chambertin, Clos Saint-Jacques, 1er Cru, Domaine Louis Jadot, Burgundy","845","Case of 6 Bottles","https://www.bbr.com/products-20168022204-2016-gevrey-chambertin-clos-saint-jacques-1er-cru-domaine-louis-jadot-burgundy","1038217","20168022204"
"Louis Jadot","2017","Gevrey-Chambertin, Clos Saint-Jacques, 1er Cru, Domaine Louis Jadot, Burgundy","590","Case of 6 Bottles","https://www.bbr.com/products-20178022204-2017-gevrey-chambertin-clos-saint-jacques-1er-cru-domaine-louis-jadot-burgundy","1038217","20178022204"
"Louis Jadot","2020","Gevrey-Chambertin, Clos Saint-Jacques, 1er Cru, Domaine Louis Jadot, Burgundy","995","Case of 6 Bottles","https://www.bbr.com/products-20208022204-2020-gevrey-chambertin-clos-saint-jacques-1er-cru-domaine-louis-jadot-burgundy","1038217","20208022204"
"Louis Jadot","2021","Gevrey-Chambertin, Clos Saint-Jacques, 1er Cru, Domaine Louis Jadot, Burgundy","370","Case of 3 Bottles","https://www.bbr.com/products-20218022204-2021-gevrey-chambertin-clos-saint-jacques-1er-cru-domaine-louis-jadot-burgundy","1038217","20218022204"
"Domaine Sylvie Esmonin","2007","Gevrey-Chambertin, Clos Saint-Jacques, 1er Cru, Domaine Sylvie Esmonin, Burgundy","1455","Case of 12 Bottles","https://www.bbr.com/products-20078000486-2007-gevrey-chambertin-clos-saint-jacques-1er-cru-domaine-sylvie-esmonin-burgundy","1534618","20078000486"
"Domaine Sylvie Esmonin","2010","Gevrey-Chambertin, Clos Saint-Jacques, 1er Cru, Domaine Sylvie Esmonin, Burgundy","1400","Case of 6 Bottles","https://www.bbr.com/products-20108000486-2010-gevrey-chambertin-clos-saint-jacques-1er-cru-domaine-sylvie-esmonin-burgundy","1534618","20108000486"
"Domaine Sylvie Esmonin","2012","Gevrey-Chambertin, Clos Saint-Jacques, 1er Cru, Domaine Sylvie Esmonin, Burgundy","835","Case of 6 Bottles","https://www.bbr.com/products-20128000486-2012-gevrey-chambertin-clos-saint-jacques-1er-cru-domaine-sylvie-esmonin-burgundy","1534618","20128000486"
"Domaine Sylvie Esmonin","2013","Gevrey-Chambertin, Clos Saint-Jacques, 1er Cru, Domaine Sylvie Esmonin, Burgundy","795","Case of 6 Bottles","https://www.bbr.com/products-20138000486-2013-gevrey-chambertin-clos-saint-jacques-1er-cru-domaine-sylvie-esmonin-burgundy","1534618","20138000486"
"Domaine Sylvie Esmonin","2015","Gevrey-Chambertin, Clos Saint-Jacques, 1er Cru, Domaine Sylvie Esmonin, Burgundy","990","Case of 6 Bottles","https://www.bbr.com/products-20158000486-2015-gevrey-chambertin-clos-saint-jacques-1er-cru-domaine-sylvie-esmonin-burgundy","1534618","20158000486"
"Domaine Sylvie Esmonin","2017","Gevrey-Chambertin, Clos Saint-Jacques, 1er Cru, Domaine Sylvie Esmonin, Burgundy","600","Case of 6 Bottles","https://www.bbr.com/products-20178000486-2017-gevrey-chambertin-clos-saint-jacques-1er-cru-domaine-sylvie-esmonin-burgundy","1534618","20178000486"
"Domaine Sylvie Esmonin","2017","Gevrey-Chambertin, Clos Saint-Jacques, 1er Cru, Domaine Sylvie Esmonin, Burgundy","1450","Case of 6 Magnums","https://www.bbr.com/products-20178000486-2017-gevrey-chambertin-clos-saint-jacques-1er-cru-domaine-sylvie-esmonin-burgundy","1534618","20178000486"
"Domaine Sylvie Esmonin","2018","Gevrey-Chambertin, Clos Saint-Jacques, 1er Cru, Domaine Sylvie Esmonin, Burgundy","689","Case of 6 Bottles","https://www.bbr.com/products-20188000486-2018-gevrey-chambertin-clos-saint-jacques-1er-cru-domaine-sylvie-esmonin-burgundy","1534618","20188000486"
"Domaine Sylvie Esmonin","2019","Gevrey-Chambertin, Clos Saint-Jacques, 1er Cru, Domaine Sylvie Esmonin, Burgundy","1050","Case of 6 Bottles","https://www.bbr.com/products-20198000486-2019-gevrey-chambertin-clos-saint-jacques-1er-cru-domaine-sylvie-esmonin-burgundy","1534618","20198000486"
"Domaine Sylvie Esmonin","2020","Gevrey-Chambertin, Clos Saint-Jacques, 1er Cru, Domaine Sylvie Esmonin, Burgundy","1095","Case of 6 Bottles","https://www.bbr.com/products-20208000486-2020-gevrey-chambertin-clos-saint-jacques-1er-cru-domaine-sylvie-esmonin-burgundy","1534618","20208000486"
"Domaine Sylvie Esmonin","2021","Gevrey-Chambertin, Clos Saint-Jacques, 1er Cru, Domaine Sylvie Esmonin, Burgundy","1195","Case of 6 Bottles","https://www.bbr.com/products-20218000486-2021-gevrey-chambertin-clos-saint-jacques-1er-cru-domaine-sylvie-esmonin-burgundy","1534618","20218000486"
"Domaine Sylvie Esmonin","2022","Gevrey-Chambertin, Clos Saint-Jacques, 1er Cru, Domaine Sylvie Esmonin, Burgundy","2145","Case of 12 Bottles","https://www.bbr.com/products-20228000486-2022-gevrey-chambertin-clos-saint-jacques-1er-cru-domaine-sylvie-esmonin-burgundy","1534618","20228000486"
"Domaine Armand Rousseau","1999","Gevrey-Chambertin, Clos St Jacques, 1er Cru, Domaine Armand Rousseau, Burgundy","32499","Case of 12 Bottles","https://www.bbr.com/products-19991057092-1999-gevrey-chambertin-clos-st-jacques-1er-cru-domaine-armand-rousseau-burgundy","1057092","19991057092"
"Domaine Armand Rousseau","2013","Gevrey-Chambertin, Clos St Jacques, 1er Cru, Domaine Armand Rousseau, Burgundy","6290","Case of 6 Bottles","https://www.bbr.com/products-20131057092-2013-gevrey-chambertin-clos-st-jacques-1er-cru-domaine-armand-rousseau-burgundy","1057092","20131057092"
"Domaine Armand Rousseau","2016","Gevrey-Chambertin, Clos St Jacques, 1er Cru, Domaine Armand Rousseau, Burgundy","8000","Case of 6 Bottles","https://www.bbr.com/products-20161057092-2016-gevrey-chambertin-clos-st-jacques-1er-cru-domaine-armand-rousseau-burgundy","1057092","20161057092"
"Domaine Armand Rousseau","2018","Gevrey-Chambertin, Clos St Jacques, 1er Cru, Domaine Armand Rousseau, Burgundy","6500","Case of 6 Bottles","https://www.bbr.com/products-20181057092-2018-gevrey-chambertin-clos-st-jacques-1er-cru-domaine-armand-rousseau-burgundy","1057092","20181057092"
"Domaine Fourrier","2016","Gevrey-Chambertin, Clos St-Jacques, 1er Cru, Vieille Vigne, Domaine Fourrier, Burgundy","1900","Case of 3 Bottles","https://www.bbr.com/products-20168227322-2016-gevrey-chambertin-clos-st-jacques-1er-cru-vieille-vigne-domaine-fourrier-burgundy","1032329","20168227322"
"Domaine Fourrier","2020","Gevrey-Chambertin, Clos St-Jacques, 1er Cru, Vieille Vigne, Domaine Fourrier, Burgundy","2750","Case of 6 Bottles","https://www.bbr.com/products-20208227322-2020-gevrey-chambertin-clos-st-jacques-1er-cru-vieille-vigne-domaine-fourrier-burgundy","1032329","20208227322"
"Domaine Pierre Damoy","2014","Gevrey-Chambertin, Clos Tamisot, Domaine Pierre Damoy, Burgundy","480","Case of 6 Bottles","https://www.bbr.com/products-20148219552-2014-gevrey-chambertin-clos-tamisot-domaine-pierre-damoy-burgundy","1027765","20148219552"
"Domaine Pierre Damoy","2015","Gevrey-Chambertin, Clos Tamisot, Domaine Pierre Damoy, Burgundy","520","Case of 6 Bottles","https://www.bbr.com/products-20158219552-2015-gevrey-chambertin-clos-tamisot-domaine-pierre-damoy-burgundy","1027765","20158219552"
"Domaine Heresztyn","2018","Gevrey-Chambertin, Clos Village, Domaine Heresztyn-Mazzini, Burgundy","180","Case of 6 Bottles","https://www.bbr.com/products-20188160838-2018-gevrey-chambertin-clos-village-domaine-heresztyn-mazzini-burgundy","1335912","20188160838"
"Domaine Joseph Faiveley","2018","Gevrey-Chambertin, Clos des Issarts, 1er Cru, Domaine Faiveley, Burgundy","335","Case of 6 Bottles","https://www.bbr.com/products-20188021076-2018-gevrey-chambertin-clos-des-issarts-1er-cru-domaine-faiveley-burgundy","1031449","20188021076"
"Domaine Joseph Faiveley","2022","Gevrey-Chambertin, Clos des Issarts, 1er Cru, Domaine Faiveley, Burgundy","700","Case of 6 Bottles","https://www.bbr.com/products-20228021076-2022-gevrey-chambertin-clos-des-issarts-1er-cru-domaine-faiveley-burgundy","1031449","20228021076"
"Domaine des Varoilles","2015","Gevrey-Chambertin, Clos des Varoilles, 1er Cru, Vieilles Vignes, Domaine des Varoilles, Burgundy","510","Case of 6 Bottles","https://www.bbr.com/products-20158217415-2015-gevrey-chambertin-clos-des-varoilles-1er-cru-vieilles-vignes-domaine-des-varoilles-burgundy","1058741","20158217415"
"Domaine des Varoilles","2016","Gevrey-Chambertin, Clos des Varoilles, 1er Cru, Vieilles Vignes, Domaine des Varoilles, Burgundy","389","Case of 6 Bottles","https://www.bbr.com/products-20168217415-2016-gevrey-chambertin-clos-des-varoilles-1er-cru-vieilles-vignes-domaine-des-varoilles-burgundy","1058741","20168217415"
"Bruno Clair","2014","Gevrey-Chambertin, Clos du Fonteny, 1er Cru, Domaine Bruno Clair,Burgundy","1117","Case of 12 Bottles","https://www.bbr.com/products-20148122412-2014-gevrey-chambertin-clos-du-fonteny-1er-cru-domaine-bruno-clair-burgundy","1025471","20148122412"
"Bruno Clair","2014","Gevrey-Chambertin, Clos du Fonteny, 1er Cru, Domaine Bruno Clair,Burgundy","1117","Case of 12 Bottles","https://www.bbr.com/products-20148122412-2014-gevrey-chambertin-clos-du-fonteny-1er-cru-domaine-bruno-clair-burgundy","1025471","20148122412"
"Bruno Clair","2016","Gevrey-Chambertin, Clos du Fonteny, 1er Cru, Domaine Bruno Clair,Burgundy","677","Case of 6 Bottles","https://www.bbr.com/products-20168122412-2016-gevrey-chambertin-clos-du-fonteny-1er-cru-domaine-bruno-clair-burgundy","1025471","20168122412"
"Bruno Clair","2017","Gevrey-Chambertin, Clos du Fonteny, 1er Cru, Domaine Bruno Clair,Burgundy","677","Case of 6 Bottles","https://www.bbr.com/products-20178122412-2017-gevrey-chambertin-clos-du-fonteny-1er-cru-domaine-bruno-clair-burgundy","1025471","20178122412"
"Bruno Clair","2018","Gevrey-Chambertin, Clos du Fonteny, 1er Cru, Domaine Bruno Clair,Burgundy","690","Case of 6 Bottles","https://www.bbr.com/products-20188122412-2018-gevrey-chambertin-clos-du-fonteny-1er-cru-domaine-bruno-clair-burgundy","1025471","20188122412"
"Bruno Clair","2019","Gevrey-Chambertin, Clos du Fonteny, 1er Cru, Domaine Bruno Clair,Burgundy","625","Case of 6 Bottles","https://www.bbr.com/products-20198122412-2019-gevrey-chambertin-clos-du-fonteny-1er-cru-domaine-bruno-clair-burgundy","1025471","20198122412"
"Bruno Clair","2020","Gevrey-Chambertin, Clos du Fonteny, 1er Cru, Domaine Bruno Clair,Burgundy","720","Case of 6 Bottles","https://www.bbr.com/products-20208122412-2020-gevrey-chambertin-clos-du-fonteny-1er-cru-domaine-bruno-clair-burgundy","1025471","20208122412"
"Dugat-Py","2011","Gevrey-Chambertin, Coeur du Roy, Tres Vieilles Vignes, Domaine Dugat-Py, Burgundy","695","Case of 6 Bottles","https://www.bbr.com/products-20118017695-2011-gevrey-chambertin-coeur-du-roy-tres-vieilles-vignes-domaine-dugat-py-burgundy","1247817","20118017695"
"Dugat-Py","2013","Gevrey-Chambertin, Coeur du Roy, Tres Vieilles Vignes, Domaine Dugat-Py, Burgundy","590","Case of 6 Bottles","https://www.bbr.com/products-20138017695-2013-gevrey-chambertin-coeur-du-roy-tres-vieilles-vignes-domaine-dugat-py-burgundy","1247817","20138017695"
"Dugat-Py","2015","Gevrey-Chambertin, Coeur du Roy, Tres Vieilles Vignes, Domaine Dugat-Py, Burgundy","1145","Case of 12 Bottles","https://www.bbr.com/products-20158017695-2015-gevrey-chambertin-coeur-du-roy-tres-vieilles-vignes-domaine-dugat-py-burgundy","1247817","20158017695"
"Dugat-Py","2017","Gevrey-Chambertin, Coeur du Roy, Tres Vieilles Vignes, Domaine Dugat-Py, Burgundy","645","Case of 6 Bottles","https://www.bbr.com/products-20178017695-2017-gevrey-chambertin-coeur-du-roy-tres-vieilles-vignes-domaine-dugat-py-burgundy","1247817","20178017695"
"Dugat-Py","2019","Gevrey-Chambertin, Coeur du Roy, Tres Vieilles Vignes, Domaine Dugat-Py, Burgundy","895","Case of 6 Bottles","https://www.bbr.com/products-20198017695-2019-gevrey-chambertin-coeur-du-roy-tres-vieilles-vignes-domaine-dugat-py-burgundy","1247817","20198017695"
"Dugat-Py","2020","Gevrey-Chambertin, Coeur du Roy, Tres Vieilles Vignes, Domaine Dugat-Py, Burgundy","1695","Case of 12 Bottles","https://www.bbr.com/products-20208017695-2020-gevrey-chambertin-coeur-du-roy-tres-vieilles-vignes-domaine-dugat-py-burgundy","1247817","20208017695"
"Domaine Geantet-Pansiot","2015","Gevrey-Chambertin, Combe Aux Moines, 1er Cru, Geantet-Pansiot, Burgundy","1095","Case of 12 Bottles","https://www.bbr.com/products-20158203467-2015-gevrey-chambertin-combe-aux-moines-1er-cru-geantet-pansiot-burgundy","1449804","20158203467"
"Domaine Geantet-Pansiot","2016","Gevrey-Chambertin, Combe Aux Moines, 1er Cru, Geantet-Pansiot, Burgundy","1060","Case of 12 Bottles","https://www.bbr.com/products-20168203467-2016-gevrey-chambertin-combe-aux-moines-1er-cru-geantet-pansiot-burgundy","1449804","20168203467"
"Domaine Geantet-Pansiot","2017","Gevrey-Chambertin, Combe Aux Moines, 1er Cru, Geantet-Pansiot, Burgundy","870","Case of 12 Bottles","https://www.bbr.com/products-20178203467-2017-gevrey-chambertin-combe-aux-moines-1er-cru-geantet-pansiot-burgundy","1449804","20178203467"
"Domaine Geantet-Pansiot","2018","Gevrey-Chambertin, Combe Aux Moines, 1er Cru, Geantet-Pansiot, Burgundy","496","Case of 6 Bottles","https://www.bbr.com/products-20188203467-2018-gevrey-chambertin-combe-aux-moines-1er-cru-geantet-pansiot-burgundy","1449804","20188203467"
"Domaine Geantet-Pansiot","2018","Gevrey-Chambertin, Combe Aux Moines, 1er Cru, Geantet-Pansiot, Burgundy","993","Case of 12 Bottles","https://www.bbr.com/products-20188203467-2018-gevrey-chambertin-combe-aux-moines-1er-cru-geantet-pansiot-burgundy","1449804","20188203467"
"Domaine Trapet","2020","Gevrey-Chambertin, Cuvee 1859, Domaine Trapet, Burgundy","550","Case of 6 Bottles","https://www.bbr.com/products-20208310347-2020-gevrey-chambertin-cuvee-1859-domaine-trapet-burgundy","2099505","20208310347"
"Domaine Trapet","2021","Gevrey-Chambertin, Cuvee 1859, Domaine Trapet, Burgundy","600","Case of 6 Bottles","https://www.bbr.com/products-20218310347-2021-gevrey-chambertin-cuvee-1859-domaine-trapet-burgundy","2099505","20218310347"
"Domaine Marc Roy","2016","Gevrey-Chambertin, Cuvee Alexandrine, Domaine Marc Roy, Burgundy","780","Case of 6 Bottles","https://www.bbr.com/products-20168217835-2016-gevrey-chambertin-cuvee-alexandrine-domaine-marc-roy-burgundy","1057180","20168217835"
"Domaine Marc Roy","2019","Gevrey-Chambertin, Cuvee Alexandrine, Domaine Marc Roy, Burgundy","680","Case of 6 Bottles","https://www.bbr.com/products-20198217835-2019-gevrey-chambertin-cuvee-alexandrine-domaine-marc-roy-burgundy","1057180","20198217835"
"Domaine Lignier-Michelot","2015","Gevrey-Chambertin, Cuvee Bertin, Lignier-Michelot, Burgundy","265","Case of 6 Bottles","https://www.bbr.com/products-20158029766-2015-gevrey-chambertin-cuvee-bertin-lignier-michelot-burgundy","1229198","20158029766"
"Domaine Lignier-Michelot","2018","Gevrey-Chambertin, Cuvee Bertin, Lignier-Michelot, Burgundy","252","Case of 6 Bottles","https://www.bbr.com/products-20188029766-2018-gevrey-chambertin-cuvee-bertin-lignier-michelot-burgundy","1229198","20188029766"
"Domaine Lignier-Michelot","2021","Gevrey-Chambertin, Cuvee Bertin, Lignier-Michelot, Burgundy","295","Case of 6 Bottles","https://www.bbr.com/products-20218029766-2021-gevrey-chambertin-cuvee-bertin-lignier-michelot-burgundy","1229198","20218029766"
"Domaine Tawse","2021","Gevrey-Chambertin, Cuvee Ronde, Domaine Marchand-Tawse, Burgundy","300","Case of 6 Bottles","https://www.bbr.com/products-20218079891-2021-gevrey-chambertin-cuvee-ronde-domaine-marchand-tawse-burgundy","2998286","20218079891"
"Arnaud Mortet","2018","Gevrey-Chambertin, Cuvee de Tres Vieilles Vignes, Arnaud Mortet, Burgundy","450","Case of 6 Bottles","https://www.bbr.com/products-20188047182-2018-gevrey-chambertin-cuvee-de-tres-vieilles-vignes-arnaud-mortet-burgundy","1241176","20188047182"
"Arnaud Mortet","2018","Gevrey-Chambertin, Cuvee de Tres Vieilles Vignes, Arnaud Mortet, Burgundy","490","Case of 3 Magnums","https://www.bbr.com/products-20188047182-2018-gevrey-chambertin-cuvee-de-tres-vieilles-vignes-arnaud-mortet-burgundy","1241176","20188047182"
"Arnaud Mortet","2020","Gevrey-Chambertin, Cuvee de Tres Vieilles Vignes, Arnaud Mortet, Burgundy","675","Case of 6 Bottles","https://www.bbr.com/products-20208047182-2020-gevrey-chambertin-cuvee-de-tres-vieilles-vignes-arnaud-mortet-burgundy","1241176","20208047182"
"Arnaud Mortet","2021","Gevrey-Chambertin, Cuvee de Tres Vieilles Vignes, Arnaud Mortet, Burgundy","800","Case of 6 Bottles","https://www.bbr.com/products-20218047182-2021-gevrey-chambertin-cuvee-de-tres-vieilles-vignes-arnaud-mortet-burgundy","1241176","20218047182"
"Arnaud Mortet","2022","Gevrey-Chambertin, Cuvee de Tres, Vieilles Vignes, Arnaud Mortet, Burgundy","1080","Case of 6 Bottles","https://www.bbr.com/products-20228179924-2022-gevrey-chambertin-cuvee-de-tres-vieilles-vignes-arnaud-mortet-burgundy","1876682","20228179924"
"Laurent Ponsot SAS","2019","Gevrey-Chambertin, Cuvee du l'Aulne, Laurent Ponsot, Burgundy","290","Case of 6 Bottles","https://www.bbr.com/products-20198243021-2019-gevrey-chambertin-cuvee-du-l-aulne-laurent-ponsot-burgundy","1646229","20198243021"
"David Duband","2016","Gevrey-Chambertin, David Duband, Burgundy","288","Case of 6 Bottles","https://www.bbr.com/products-20168210979-2016-gevrey-chambertin-david-duband-burgundy","1157024","20168210979"
"David Duband","2019","Gevrey-Chambertin, David Duband, Burgundy","242","Case of 6 Bottles","https://www.bbr.com/products-20198210979-2019-gevrey-chambertin-david-duband-burgundy","1157024","20198210979"
"David Duband","2020","Gevrey-Chambertin, David Duband, Burgundy","254","Case of 6 Bottles","https://www.bbr.com/products-20208210979-2020-gevrey-chambertin-david-duband-burgundy","1157024","20208210979"
"Domaine Armand Rousseau","2017","Gevrey-Chambertin, Domaine Armand Rousseau, Burgundy","389","Case of 1 Bottles","https://www.bbr.com/products-20171057063-2017-gevrey-chambertin-domaine-armand-rousseau-burgundy","1057063","20171057063"
"Domaine Armand Rousseau","2022","Gevrey-Chambertin, Domaine Armand Rousseau, Burgundy","1850","Case of 6 Bottles","https://www.bbr.com/products-20221057063-2022-gevrey-chambertin-domaine-armand-rousseau-burgundy","1057063","20221057063"
"Domaine Castagnier","2018","Gevrey-Chambertin, Domaine Castagnier, Burgundy","260","Case of 6 Bottles","https://www.bbr.com/products-20188023650-2018-gevrey-chambertin-domaine-castagnier-burgundy","1688151","20188023650"
"Domaine Castagnier","2019","Gevrey-Chambertin, Domaine Castagnier, Burgundy","360","Case of 6 Bottles","https://www.bbr.com/products-20198023650-2019-gevrey-chambertin-domaine-castagnier-burgundy","1688151","20198023650"
"Domaine Coquard Loison Fleurot","2015","Gevrey-Chambertin, Domaine Coquard Loison-Fleurot, Burgundy","330","Case of 6 Bottles","https://www.bbr.com/products-20158056962-2015-gevrey-chambertin-domaine-coquard-loison-fleurot-burgundy","1339952","20158056962"
"Denis Mortet","2010","Gevrey-Chambertin, Domaine Denis Mortet, Burgundy","600","Case of 6 Bottles","https://www.bbr.com/products-20108018751-2010-gevrey-chambertin-domaine-denis-mortet-burgundy","1226100","20108018751"
"Denis Mortet","2011","Gevrey-Chambertin, Domaine Denis Mortet, Burgundy","625","Case of 6 Bottles","https://www.bbr.com/products-20118018751-2011-gevrey-chambertin-domaine-denis-mortet-burgundy","1226100","20118018751"
"Denis Mortet","2012","Gevrey-Chambertin, Domaine Denis Mortet, Burgundy","700","Case of 6 Bottles","https://www.bbr.com/products-20128018751-2012-gevrey-chambertin-domaine-denis-mortet-burgundy","1226100","20128018751"
"Domaine Duroche","2017","Gevrey-Chambertin, Domaine Duroche, Burgundy","900","Case of 12 Bottles","https://www.bbr.com/products-20178207641-2017-gevrey-chambertin-domaine-duroche-burgundy","1258617","20178207641"
"Domaine Duroche","2021","Gevrey-Chambertin, Domaine Duroche, Burgundy","425","Case of 6 Bottles","https://www.bbr.com/products-20218207641-2021-gevrey-chambertin-domaine-duroche-burgundy","1258617","20218207641"
"Domaine Henri Magnien","2021","Gevrey-Chambertin, Domaine Henri Magnien, Burgundy","255","Case of 6 Bottles","https://www.bbr.com/products-20218174381-2021-gevrey-chambertin-domaine-henri-magnien-burgundy","1973352","20218174381"
"Domaine Henri Magnien","2022","Gevrey-Chambertin, Domaine Henri Magnien, Burgundy","264","Case of 6 Bottles","https://www.bbr.com/products-20228174381-2022-gevrey-chambertin-domaine-henri-magnien-burgundy","1973352","20228174381"
"Domaine Henri Magnien","2023","Gevrey-Chambertin, Domaine Henri Magnien, Burgundy","250","Case of 6 Bottles","https://www.bbr.com/products-20238174381-2023-gevrey-chambertin-domaine-henri-magnien-burgundy","1973352","20238174381"
"Domaine Henri Rebourseau","2019","Gevrey-Chambertin, Domaine Henri Rebourseau, Burgundy","245","Case of 6 Bottles","https://www.bbr.com/products-20198118897-2019-gevrey-chambertin-domaine-henri-rebourseau-burgundy","2060132","20198118897"
"Domaine Henri Rebourseau","2020","Gevrey-Chambertin, Domaine Henri Rebourseau, Burgundy","324","Case of 6 Bottles","https://www.bbr.com/products-20208118897-2020-gevrey-chambertin-domaine-henri-rebourseau-burgundy","2060132","20208118897"
"Domaine Henri Rebourseau","2021","Gevrey-Chambertin, Domaine Henri Rebourseau, Burgundy","335","Case of 6 Bottles","https://www.bbr.com/products-20218118897-2021-gevrey-chambertin-domaine-henri-rebourseau-burgundy","2060132","20218118897"
"Domaine Jean Fournier","2022","Gevrey-Chambertin, Domaine Jean Fournier, Burgundy","308","Case of 6 Bottles","https://www.bbr.com/products-20228071680-2022-gevrey-chambertin-domaine-jean-fournier-burgundy","1585506","20228071680"
"Louis Boillot","2009","Gevrey-Chambertin, Domaine Louis Boillot & Fils, Burgundy","475","Case of 12 Bottles","https://www.bbr.com/products-20091021239-2009-gevrey-chambertin-domaine-louis-boillot-fils-burgundy","1021239","20091021239"
"Louis Boillot","2010","Gevrey-Chambertin, Domaine Louis Boillot & Fils, Burgundy","480","Case of 12 Bottles","https://www.bbr.com/products-20101021239-2010-gevrey-chambertin-domaine-louis-boillot-fils-burgundy","1021239","20101021239"
"Louis Boillot","2011","Gevrey-Chambertin, Domaine Louis Boillot & Fils, Burgundy","350","Case of 12 Bottles","https://www.bbr.com/products-20111021239-2011-gevrey-chambertin-domaine-louis-boillot-fils-burgundy","1021239","20111021239"
"Louis Boillot","2013","Gevrey-Chambertin, Domaine Louis Boillot & Fils, Burgundy","320","Case of 6 Bottles","https://www.bbr.com/products-20131021239-2013-gevrey-chambertin-domaine-louis-boillot-fils-burgundy","1021239","20131021239"
"Louis Boillot","2017","Gevrey-Chambertin, Domaine Louis Boillot &amp; Fils, Burgundy","335","Case of 6 Bottles","https://www.bbr.com/products-20171021239-2017-gevrey-chambertin-domaine-louis-boillot-and-fils-burgundy","1021239","20171021239"
"Louis Boillot","2020","Gevrey-Chambertin, Domaine Louis Boillot &amp; Fils, Burgundy","195","Case of 6 Bottles","https://www.bbr.com/products-20201021239-2020-gevrey-chambertin-domaine-louis-boillot-and-fils-burgundy","1021239","20201021239"
"Domaine Perrot-Minot","2016","Gevrey-Chambertin, Domaine Perrot-Minot, Burgundy","530","Case of 6 Bottles","https://www.bbr.com/products-20168120610-2016-gevrey-chambertin-domaine-perrot-minot-burgundy","1050905","20168120610"
"Domaine Sylvain Cathiard","2019","Gevrey-Chambertin, Domaine Sylvain Cathiard, Burgundy","1036","Case of 6 Bottles","https://www.bbr.com/products-20198128326-2019-gevrey-chambertin-domaine-sylvain-cathiard-burgundy","1973163","20198128326"
"Domaine Sylvain Cathiard","2020","Gevrey-Chambertin, Domaine Sylvain Cathiard, Burgundy","750","Case of 6 Bottles","https://www.bbr.com/products-20208128326-2020-gevrey-chambertin-domaine-sylvain-cathiard-burgundy","1973163","20208128326"
"Domaine Sylvain Cathiard","2021","Gevrey-Chambertin, Domaine Sylvain Cathiard, Burgundy","900","Case of 6 Bottles","https://www.bbr.com/products-20218128326-2021-gevrey-chambertin-domaine-sylvain-cathiard-burgundy","1973163","20218128326"
"Domaine Sylvain Cathiard","2023","Gevrey-Chambertin, Domaine Sylvain Cathiard, Burgundy","920","Case of 6 Bottles","https://www.bbr.com/products-20238128326-2023-gevrey-chambertin-domaine-sylvain-cathiard-burgundy","1973163","20238128326"
"Domaine Sylvie Esmonin","2017","Gevrey-Chambertin, Domaine Sylvie Esmonin, Burgundy","475","Case of 12 Bottles","https://www.bbr.com/products-20178025289-2017-gevrey-chambertin-domaine-sylvie-esmonin-burgundy","1031104","20178025289"
"Domaine Sylvie Esmonin","2022","Gevrey-Chambertin, Domaine Sylvie Esmonin, Burgundy","250","Case of 6 Bottles","https://www.bbr.com/products-20228025289-2022-gevrey-chambertin-domaine-sylvie-esmonin-burgundy","1031104","20228025289"
"Domaine Serafin Pere & Fils","2015","Gevrey-Chambertin, Domaine Serafin Pere &amp; Fils, Burgundy","295","Case of 6 Bottles","https://www.bbr.com/products-20158017116-2015-gevrey-chambertin-domaine-serafin-pere-and-fils-burgundy","1057630","20158017116"
"Domaine Serafin Pere & Fils","2020","Gevrey-Chambertin, Domaine Serafin Pere &amp; Fils, Burgundy","275","Case of 6 Bottles","https://www.bbr.com/products-20208017116-2020-gevrey-chambertin-domaine-serafin-pere-and-fils-burgundy","1057630","20208017116"
"Domaine Jean Taupenot-Merme","2018","Gevrey-Chambertin, Domaine Taupenot-Merme, Burgundy","325","Case of 6 Bottles","https://www.bbr.com/products-20188217675-2018-gevrey-chambertin-domaine-taupenot-merme-burgundy","1058015","20188217675"
"Dujac Fils et Pere","2011","Gevrey-Chambertin, Dujac Fils & Pere, Burgundy","900","Case of 12 Bottles","https://www.bbr.com/products-20111545535-2011-gevrey-chambertin-dujac-fils-pere-burgundy","1030585","20111545535"
"Dujac Fils et Pere","2016","Gevrey-Chambertin, Dujac Fils & Pere, Burgundy","340","Case of 6 Bottles","https://www.bbr.com/products-20161545535-2016-gevrey-chambertin-dujac-fils-pere-burgundy","1030585","20161545535"
"Dujac Fils et Pere","2017","Gevrey-Chambertin, Dujac Fils & Pere, Burgundy","350","Case of 6 Bottles","https://www.bbr.com/products-20171545535-2017-gevrey-chambertin-dujac-fils-pere-burgundy","1030585","20171545535"
"Dujac Fils et Pere","2018","Gevrey-Chambertin, Dujac Fils & Pere, Burgundy","340","Case of 6 Bottles","https://www.bbr.com/products-20181545535-2018-gevrey-chambertin-dujac-fils-pere-burgundy","1030585","20181545535"
"Dujac Fils et Pere","2019","Gevrey-Chambertin, Dujac Fils & Pere, Burgundy","390","Case of 6 Bottles","https://www.bbr.com/products-20191545535-2019-gevrey-chambertin-dujac-fils-pere-burgundy","1030585","20191545535"
"Dujac Fils et Pere","2012","Gevrey-Chambertin, Dujac Fils &amp; Pere, Burgundy","850","Case of 12 Bottles","https://www.bbr.com/products-20121545535-2012-gevrey-chambertin-dujac-fils-and-pere-burgundy","1030585","20121545535"
"Dujac Fils et Pere","2020","Gevrey-Chambertin, Dujac Fils &amp; Pere, Burgundy","575","Case of 6 Bottles","https://www.bbr.com/products-20201545535-2020-gevrey-chambertin-dujac-fils-and-pere-burgundy","1030585","20201545535"
"Dujac Fils et Pere","2020","Gevrey-Chambertin, Dujac Fils &amp; Pere, Burgundy","500","Case of 6 Bottles","https://www.bbr.com/products-20201545535-2020-gevrey-chambertin-dujac-fils-and-pere-burgundy","1030585","20201545535"
"Dujac Fils et Pere","2022","Gevrey-Chambertin, Dujac Fils &amp; Pere, Burgundy","360","Case of 6 Bottles","https://www.bbr.com/products-20221545535-2022-gevrey-chambertin-dujac-fils-and-pere-burgundy","1030585","20221545535"
"Denis Mortet","2012","Gevrey-Chambertin, En Champs, Domaine Denis Mortet","945","Case of 6 Bottles","https://www.bbr.com/products-20128018706-2012-gevrey-chambertin-en-champs-domaine-denis-mortet","1049105","20128018706"
"Drouhin-Laroze","2018","Gevrey-Chambertin, En Champs, Domaine Drouhin-Laroze, Burgundy","520","Case of 12 Bottles","https://www.bbr.com/products-20188149365-2018-gevrey-chambertin-en-champs-domaine-drouhin-laroze-burgundy","1429426","20188149365"
"Domaine Geantet-Pansiot","2017","Gevrey-Chambertin, En Champs, Geantet-Pansiot, Burgundy","723","Case of 12 Bottles","https://www.bbr.com/products-20178219145-2017-gevrey-chambertin-en-champs-geantet-pansiot-burgundy","1033153","20178219145"
"Jerome Galeyrand","2023","Gevrey-Chambertin, En Croisette, Jerome Galeyrand, Burgundy","650","Case of 6 Bottles","https://www.bbr.com/products-20238243816-2023-gevrey-chambertin-en-croisette-jerome-galeyrand-burgundy","","20238243816"
"Laurent Ponsot SAS","2019","Gevrey-Chambertin, En Ergot, Cuvee de Meleze, 1er Cru, Laurent Ponsot, Burgundy","800","Case of 6 Bottles","https://www.bbr.com/products-20198151508-2019-gevrey-chambertin-en-ergot-cuvee-de-meleze-1er-cru-laurent-ponsot-burgundy","2071798","20198151508"
"Domaine Duroche","2019","Gevrey-Chambertin, En Vosne, Domaine Duroche, Burgundy","1740","Case of 6 Bottles","https://www.bbr.com/products-20198175128-2019-gevrey-chambertin-en-vosne-domaine-duroche-burgundy","2274173","20198175128"
"Domaine Henri Magnien","2016","Gevrey-Chambertin, Estournelles Saint-Jacques, 1er Cru, Doamine Henri Magnien, Burgundy","450","Case of 6 Bottles","https://www.bbr.com/products-20168041193-2016-gevrey-chambertin-estournelles-saint-jacques-1er-cru-doamine-henri-magnien-burgundy","1790355","20168041193"
"Domaine Duroche","2019","Gevrey-Chambertin, Estournelles Saint-Jacques, 1er Cru, Domaine Duroche, Burgundy","495","Case of 1 Magnums","https://www.bbr.com/products-20198145237-2019-gevrey-chambertin-estournelles-saint-jacques-1er-cru-domaine-duroche-burgundy","1227992","20198145237"
"Louis Jadot","2021","Gevrey-Chambertin, Estournelles Saint-Jacques, 1er Cru, Domaine Louis Jadot, Burgundy","500","Case of 6 Bottles","https://www.bbr.com/products-20218148788-2021-gevrey-chambertin-estournelles-saint-jacques-1er-cru-domaine-louis-jadot-burgundy","1038246","20218148788"
"Louis Jadot","2022","Gevrey-Chambertin, Estournelles Saint-Jacques, 1er Cru, Domaine Louis Jadot, Burgundy","395","Case of 3 Bottles","https://www.bbr.com/products-20228148788-2022-gevrey-chambertin-estournelles-saint-jacques-1er-cru-domaine-louis-jadot-burgundy","1038246","20228148788"
"Louis Jadot","2023","Gevrey-Chambertin, Estournelles Saint-Jacques, 1er Cru, Domaine Louis Jadot, Burgundy","420","Case of 3 Bottles","https://www.bbr.com/products-20238148788-2023-gevrey-chambertin-estournelles-saint-jacques-1er-cru-domaine-louis-jadot-burgundy","1038246","20238148788"
"Lucien Le Moine","2016","Gevrey-Chambertin, Estournelles-St-Jacques, 1er Cru, Lucien Le Moine, Burgundy","958","Case of 6 Bottles","https://www.bbr.com/products-20168218685-2016-gevrey-chambertin-estournelles-st-jacques-1er-cru-lucien-le-moine-burgundy","1042643","20168218685"
"Lucien Le Moine","2019","Gevrey-Chambertin, Estournelles-St-Jacques, 1er Cru, Lucien Le Moine, Burgundy","958","Case of 6 Bottles","https://www.bbr.com/products-20198218685-2019-gevrey-chambertin-estournelles-st-jacques-1er-cru-lucien-le-moine-burgundy","1042643","20198218685"
"Domaine Henri Rebourseau","2017","Gevrey-Chambertin, Fonteny, 1er Cru, Domaine Henri Rebourseau, Burgundy","360","Case of 6 Bottles","https://www.bbr.com/products-20178118930-2017-gevrey-chambertin-fonteny-1er-cru-domaine-henri-rebourseau-burgundy","1952300","20178118930"
"Domaine Henri Rebourseau","2018","Gevrey-Chambertin, Fonteny, 1er Cru, Domaine Henri Rebourseau, Burgundy","475","Case of 6 Bottles","https://www.bbr.com/products-20188118930-2018-gevrey-chambertin-fonteny-1er-cru-domaine-henri-rebourseau-burgundy","1952300","20188118930"
"Domaine Henri Rebourseau","2019","Gevrey-Chambertin, Fonteny, 1er Cru, Domaine Henri Rebourseau, Burgundy","530","Case of 6 Bottles","https://www.bbr.com/products-20198118930-2019-gevrey-chambertin-fonteny-1er-cru-domaine-henri-rebourseau-burgundy","1952300","20198118930"
"Domaine Henri Rebourseau","2020","Gevrey-Chambertin, Fonteny, 1er Cru, Domaine Henri Rebourseau, Burgundy","550","Case of 6 Bottles","https://www.bbr.com/products-20208118930-2020-gevrey-chambertin-fonteny-1er-cru-domaine-henri-rebourseau-burgundy","1952300","20208118930"
"Domaine Henri Rebourseau","2021","Gevrey-Chambertin, Fonteny, 1er Cru, Domaine Henri Rebourseau, Burgundy","320","Case of 3 Bottles","https://www.bbr.com/products-20218118930-2021-gevrey-chambertin-fonteny-1er-cru-domaine-henri-rebourseau-burgundy","1952300","20218118930"
"Domaine Georges Noellat","2018","Gevrey-Chambertin, Fonteny, 1er Cru, Georges Noellat, Burgundy","975","Case of 6 Bottles","https://www.bbr.com/products-20188128010-2018-gevrey-chambertin-fonteny-1er-cru-georges-noellat-burgundy","1550203","20188128010"
"Dugat-Py","2019","Gevrey-Chambertin, Fonteny, 1er Cru, Vieilles Vignes, Domaine Dugat-Py, Burgundy","2300","Case of 6 Bottles","https://www.bbr.com/products-20198113850-2019-gevrey-chambertin-fonteny-1er-cru-vieilles-vignes-domaine-dugat-py-burgundy","1155277","20198113850"
"Domaine Henri Rebourseau","2019","Gevrey-Chambertin, La Brunelle, Domaine Henri Rebourseau, Burgundy","250","Case of 6 Bottles","https://www.bbr.com/products-20198118914-2019-gevrey-chambertin-la-brunelle-domaine-henri-rebourseau-burgundy","1952296","20198118914"
"Domaine Henri Rebourseau","2020","Gevrey-Chambertin, La Brunelle, Domaine Henri Rebourseau, Burgundy","345","Case of 6 Bottles","https://www.bbr.com/products-20208118914-2020-gevrey-chambertin-la-brunelle-domaine-henri-rebourseau-burgundy","1952296","20208118914"
"Domaine Henri Rebourseau","2021","Gevrey-Chambertin, La Brunelle, Domaine Henri Rebourseau, Burgundy","383","Case of 6 Bottles","https://www.bbr.com/products-20218118914-2021-gevrey-chambertin-la-brunelle-domaine-henri-rebourseau-burgundy","1952296","20218118914"
"Domaine Joseph Roty","2019","Gevrey-Chambertin, La Brunelle, Domaine Joseph Roty, Burgundy","338","Case of 6 Bottles","https://www.bbr.com/products-20198120199-2019-gevrey-chambertin-la-brunelle-domaine-joseph-roty-burgundy","1056369","20198120199"
"Domaine Joseph Faiveley","2002","Gevrey-Chambertin, La Combe aux Moines, 1er Cru, Domaine Faiveley, Burgundy","499","Case of 6 Bottles","https://www.bbr.com/products-20028021089-2002-gevrey-chambertin-la-combe-aux-moines-1er-cru-domaine-faiveley-burgundy","1031423","20028021089"
"Domaine Joseph Faiveley","2009","Gevrey-Chambertin, La Combe aux Moines, 1er Cru, Domaine Faiveley, Burgundy","1500","Case of 12 Bottles","https://www.bbr.com/products-20098021089-2009-gevrey-chambertin-la-combe-aux-moines-1er-cru-domaine-faiveley-burgundy","1031423","20098021089"
"Domaine Joseph Faiveley","2010","Gevrey-Chambertin, La Combe aux Moines, 1er Cru, Domaine Faiveley, Burgundy","1100","Case of 12 Bottles","https://www.bbr.com/products-20108021089-2010-gevrey-chambertin-la-combe-aux-moines-1er-cru-domaine-faiveley-burgundy","1031423","20108021089"
"Domaine Joseph Faiveley","2015","Gevrey-Chambertin, La Combe aux Moines, 1er Cru, Domaine Faiveley, Burgundy","310","Case of 6 Bottles","https://www.bbr.com/products-20158021089-2015-gevrey-chambertin-la-combe-aux-moines-1er-cru-domaine-faiveley-burgundy","1031423","20158021089"
"Domaine Joseph Faiveley","2016","Gevrey-Chambertin, La Combe aux Moines, 1er Cru, Domaine Faiveley, Burgundy","450","Case of 6 Bottles","https://www.bbr.com/products-20168021089-2016-gevrey-chambertin-la-combe-aux-moines-1er-cru-domaine-faiveley-burgundy","1031423","20168021089"
"Domaine Joseph Faiveley","2017","Gevrey-Chambertin, La Combe aux Moines, 1er Cru, Domaine Faiveley, Burgundy","650","Case of 6 Bottles","https://www.bbr.com/products-20178021089-2017-gevrey-chambertin-la-combe-aux-moines-1er-cru-domaine-faiveley-burgundy","1031423","20178021089"
"Domaine Joseph Faiveley","2018","Gevrey-Chambertin, La Combe aux Moines, 1er Cru, Domaine Faiveley, Burgundy","535","Case of 6 Bottles","https://www.bbr.com/products-20188021089-2018-gevrey-chambertin-la-combe-aux-moines-1er-cru-domaine-faiveley-burgundy","1031423","20188021089"
"Domaine Joseph Faiveley","2018","Gevrey-Chambertin, La Combe aux Moines, 1er Cru, Domaine Faiveley, Burgundy","525","Case of 6 Bottles","https://www.bbr.com/products-20188021089-2018-gevrey-chambertin-la-combe-aux-moines-1er-cru-domaine-faiveley-burgundy","1031423","20188021089"
"Domaine Joseph Faiveley","2019","Gevrey-Chambertin, La Combe aux Moines, 1er Cru, Domaine Faiveley, Burgundy","720","Case of 6 Bottles","https://www.bbr.com/products-20198021089-2019-gevrey-chambertin-la-combe-aux-moines-1er-cru-domaine-faiveley-burgundy","1031423","20198021089"
"Domaine Joseph Faiveley","2020","Gevrey-Chambertin, La Combe aux Moines, 1er Cru, Domaine Faiveley, Burgundy","497","Case of 6 Bottles","https://www.bbr.com/products-20208021089-2020-gevrey-chambertin-la-combe-aux-moines-1er-cru-domaine-faiveley-burgundy","1031423","20208021089"
"Domaine Joseph Faiveley","2021","Gevrey-Chambertin, La Combe aux Moines, 1er Cru, Domaine Faiveley, Burgundy","550","Case of 6 Bottles","https://www.bbr.com/products-20218021089-2021-gevrey-chambertin-la-combe-aux-moines-1er-cru-domaine-faiveley-burgundy","1031423","20218021089"
"Domaine Thibault Liger-Belair","2012","Gevrey-Chambertin, La Croix des Champs, Thibault Liger-Belair Successeurs, Burgundy","325","Case of 6 Bottles","https://www.bbr.com/products-20121160583-2012-gevrey-chambertin-la-croix-des-champs-thibault-liger-belair-successeurs-burgundy","1160583","20121160583"
"Domaine Thibault Liger-Belair","2013","Gevrey-Chambertin, La Croix des Champs, Thibault Liger-Belair Successeurs, Burgundy","250","Case of 6 Bottles","https://www.bbr.com/products-20131160583-2013-gevrey-chambertin-la-croix-des-champs-thibault-liger-belair-successeurs-burgundy","1160583","20131160583"
"Domaine Thibault Liger-Belair","2020","Gevrey-Chambertin, La Croix des Champs, Thibault Liger-Belair Successeurs, Burgundy","350","Case of 6 Bottles","https://www.bbr.com/products-20201160583-2020-gevrey-chambertin-la-croix-des-champs-thibault-liger-belair-successeurs-burgundy","1160583","20201160583"
"Domaine Marc Roy","2014","Gevrey-Chambertin, La Justice, Domaine Marc Roy, Burgundy","370","Case of 6 Bottles","https://www.bbr.com/products-20148206774-2014-gevrey-chambertin-la-justice-domaine-marc-roy-burgundy","1308774","20148206774"
"Hubert Lignier","2014","Gevrey-Chambertin, La Justice, Hubert Lignier, Burgundy","564","Case of 12 Bottles","https://www.bbr.com/products-20148111540-2014-gevrey-chambertin-la-justice-hubert-lignier-burgundy","1229169","20148111540"
"Hubert Lignier","2015","Gevrey-Chambertin, La Justice, Hubert Lignier, Burgundy","598","Case of 12 Bottles","https://www.bbr.com/products-20158111540-2015-gevrey-chambertin-la-justice-hubert-lignier-burgundy","1229169","20158111540"
"Hubert Lignier","2020","Gevrey-Chambertin, La Justice, Hubert Lignier, Burgundy","327","Case of 6 Bottles","https://www.bbr.com/products-20208249544-2020-gevrey-chambertin-la-justice-hubert-lignier-burgundy","1229169","20208249544"
"Jerome Galeyrand","2022","Gevrey-Chambertin, La Justice, Jerome Galeyrand, Burgundy","600","Case of 6 Bottles","https://www.bbr.com/products-20228239406-2022-gevrey-chambertin-la-justice-jerome-galeyrand-burgundy","1974522","20228239406"
"Jerome Galeyrand","2023","Gevrey-Chambertin, La Justice, Jerome Galeyrand, Burgundy","520","Case of 6 Bottles","https://www.bbr.com/products-20238239406-2023-gevrey-chambertin-la-justice-jerome-galeyrand-burgundy","1974522","20238239406"
"Arnaud Mortet","2016","Gevrey-Chambertin, La Perriere, 1er Cru, Arnaud Mortet, Burgundy","705","Case of 6 Bottles","https://www.bbr.com/products-20168026039-2016-gevrey-chambertin-la-perriere-1er-cru-arnaud-mortet-burgundy","1691883","20168026039"
"Arnaud Mortet","2017","Gevrey-Chambertin, La Perriere, 1er Cru, Arnaud Mortet, Burgundy","2500","Case of 6 Bottles","https://www.bbr.com/products-20178026039-2017-gevrey-chambertin-la-perriere-1er-cru-arnaud-mortet-burgundy","1691883","20178026039"
"Arnaud Mortet","2018","Gevrey-Chambertin, La Perriere, 1er Cru, Arnaud Mortet, Burgundy","725","Case of 6 Bottles","https://www.bbr.com/products-20188026039-2018-gevrey-chambertin-la-perriere-1er-cru-arnaud-mortet-burgundy","1691883","20188026039"
"Arnaud Mortet","2018","Gevrey-Chambertin, La Perriere, 1er Cru, Arnaud Mortet, Burgundy","795","Case of 3 Magnums","https://www.bbr.com/products-20188026039-2018-gevrey-chambertin-la-perriere-1er-cru-arnaud-mortet-burgundy","1691883","20188026039"
"Arnaud Mortet","2021","Gevrey-Chambertin, La Perriere, 1er Cru, Arnaud Mortet, Burgundy","1640","Case of 6 Bottles","https://www.bbr.com/products-20218026039-2021-gevrey-chambertin-la-perriere-1er-cru-arnaud-mortet-burgundy","1691883","20218026039"
"Arnaud Mortet","2022","Gevrey-Chambertin, La Perriere, 1er Cru, Arnaud Mortet, Burgundy","1680","Case of 6 Bottles","https://www.bbr.com/products-20228026039-2022-gevrey-chambertin-la-perriere-1er-cru-arnaud-mortet-burgundy","1691883","20228026039"
"Arnaud Mortet","2023","Gevrey-Chambertin, La Perriere, 1er Cru, Arnaud Mortet, Burgundy","1150","Case of 6 Bottles","https://www.bbr.com/products-20238026039-2023-gevrey-chambertin-la-perriere-1er-cru-arnaud-mortet-burgundy","1691883","20238026039"
"Domaine Henri Rebourseau","2023","Gevrey-Chambertin, La Perriere, 1er Cru, Domaine Henri Rebourseau, Burgundy","440","Case of 3 Bottles","https://www.bbr.com/products-20238149684-2023-gevrey-chambertin-la-perriere-1er-cru-domaine-henri-rebourseau-burgundy","2215532","20238149684"
"Domaine des Perdrix","2015","Gevrey-Chambertin, La Perriere, 1er Cru, Domaine des Perdrix, Burgundy","552","Case of 6 Bottles","https://www.bbr.com/products-20158031000-2015-gevrey-chambertin-la-perriere-1er-cru-domaine-des-perdrix-burgundy","1747610","20158031000"
"Domaine des Perdrix","2016","Gevrey-Chambertin, La Perriere, 1er Cru, Domaine des Perdrix, Burgundy","610","Case of 6 Bottles","https://www.bbr.com/products-20168031000-2016-gevrey-chambertin-la-perriere-1er-cru-domaine-des-perdrix-burgundy","1747610","20168031000"
"Hubert Lignier","2015","Gevrey-Chambertin, La Perriere, 1er Cru, Hubert Lignier, Burgundy","648","Case of 6 Bottles","https://www.bbr.com/products-20158113948-2015-gevrey-chambertin-la-perriere-1er-cru-hubert-lignier-burgundy","1152494","20158113948"
"Domaine des Varoilles","2015","Gevrey-Chambertin, La Romanee, 1er Cru, Domaine des Varoilles, Burgundy","395","Case of 6 Bottles","https://www.bbr.com/products-20158217428-2015-gevrey-chambertin-la-romanee-1er-cru-domaine-des-varoilles-burgundy","1058738","20158217428"
"Domaine des Varoilles","2016","Gevrey-Chambertin, La Romanee, 1er Cru, Domaine des Varoilles, Burgundy","457","Case of 6 Bottles","https://www.bbr.com/products-20168217428-2016-gevrey-chambertin-la-romanee-1er-cru-domaine-des-varoilles-burgundy","1058738","20168217428"
"Domaine des Varoilles","2017","Gevrey-Chambertin, La Romanee, 1er Cru, Domaine des Varoilles, Burgundy","420","Case of 6 Bottles","https://www.bbr.com/products-20178217428-2017-gevrey-chambertin-la-romanee-1er-cru-domaine-des-varoilles-burgundy","1058738","20178217428"
"Domaine des Varoilles","2015","Gevrey-Chambertin, La Romanee, 1er Cru, Vieilles Vignes, Domaine des Varoilles, Burgundy","395","Case of 6 Bottles","https://www.bbr.com/products-20158223223-2015-gevrey-chambertin-la-romanee-1er-cru-vieilles-vignes-domaine-des-varoilles-burgundy","1498541","20158223223"
"Domaine des Varoilles","2016","Gevrey-Chambertin, La Romanee, 1er Cru, Vieilles Vignes, Domaine des Varoilles, Burgundy","451","Case of 6 Bottles","https://www.bbr.com/products-20168223223-2016-gevrey-chambertin-la-romanee-1er-cru-vieilles-vignes-domaine-des-varoilles-burgundy","1498541","20168223223"
"Lucien Le Moine","2017","Gevrey-Chambertin, Lavaut Saint Jacques, 1er Cru, Lucien Le Moine, Burgundy","755","Case of 6 Bottles","https://www.bbr.com/products-20178218672-2017-gevrey-chambertin-lavaut-saint-jacques-1er-cru-lucien-le-moine-burgundy","1042656","20178218672"
"Maison Camille Giroud","2013","Gevrey-Chambertin, Lavaut Saint-Jacques, 1er Cru, Camille Giroud, Burgundy","450","Case of 6 Bottles","https://www.bbr.com/products-20138023908-2013-gevrey-chambertin-lavaut-saint-jacques-1er-cru-camille-giroud-burgundy","1034802","20138023908"
"Maison Camille Giroud","2015","Gevrey-Chambertin, Lavaut Saint-Jacques, 1er Cru, Camille Giroud, Burgundy","911","Case of 6 Bottles","https://www.bbr.com/products-20158023908-2015-gevrey-chambertin-lavaut-saint-jacques-1er-cru-camille-giroud-burgundy","1034802","20158023908"
"Drouhin-Laroze","2012","Gevrey-Chambertin, Lavaut Saint-Jacques, 1er Cru, Domaine Drouhin-Laroze, Burgundy","300","Case of 6 Bottles","https://www.bbr.com/products-20121029570-2012-gevrey-chambertin-lavaut-saint-jacques-1er-cru-domaine-drouhin-laroze-burgundy","1029570","20121029570"
"Drouhin-Laroze","2019","Gevrey-Chambertin, Lavaut Saint-Jacques, 1er Cru, Domaine Drouhin-Laroze, Burgundy","318","Case of 6 Bottles","https://www.bbr.com/products-20191029570-2019-gevrey-chambertin-lavaut-saint-jacques-1er-cru-domaine-drouhin-laroze-burgundy","1029570","20191029570"
"Domaine Duroche","2017","Gevrey-Chambertin, Lavaut Saint-Jacques, 1er Cru, Domaine Duroche, Burgundy","1350","Case of 6 Bottles","https://www.bbr.com/products-20178209108-2017-gevrey-chambertin-lavaut-saint-jacques-1er-cru-domaine-duroche-burgundy","1216541","20178209108"
"Domaine Duroche","2018","Gevrey-Chambertin, Lavaut Saint-Jacques, 1er Cru, Domaine Duroche, Burgundy","640","Case of 3 Bottles","https://www.bbr.com/products-20188209108-2018-gevrey-chambertin-lavaut-saint-jacques-1er-cru-domaine-duroche-burgundy","1216541","20188209108"
"Maison Roche de Bellene","2009","Gevrey-Chambertin, Lavaut Saint-Jacques, 1er Cru, Maison Roche de Bellene, Burgundy","470","Case of 6 Bottles","https://www.bbr.com/products-20098020301-2009-gevrey-chambertin-lavaut-saint-jacques-1er-cru-maison-roche-de-bellene-burgundy","1124334","20098020301"
"Domaine Duroche","2017","Gevrey-Chambertin, Lavaut Saint-Jacques, Cuvee 1923, Vieilles Vignes, Domaine Duroche, Burgundy","400","Case of 1 Bottles","https://www.bbr.com/products-20178061845-2017-gevrey-chambertin-lavaut-saint-jacques-cuvee-1923-vieilles-vignes-domaine-duroche-burgundy","","20178061845"
"Confuron-Cotetidot","2021","Gevrey-Chambertin, Lavaut St Jacques, 1er Cru, Domaine Confuron-Cotetidot, Burgundy","865","Case of 6 Bottles","https://www.bbr.com/products-20218219767-2021-gevrey-chambertin-lavaut-st-jacques-1er-cru-domaine-confuron-cotetidot-burgundy","1027114","20218219767"
"Philippe Pacalet","2017","Gevrey-Chambertin, Lavaux Saint Jacques, Philippe Pacalet, Burgundy","1870","Case of 12 Bottles","https://www.bbr.com/products-20178218223-2017-gevrey-chambertin-lavaux-saint-jacques-philippe-pacalet-burgundy","1049987","20178218223"
"Domaine Jean-Luc & Eric Burguet","2015","Gevrey-Chambertin, Lavaux Saint-Jacques, 1er Cru, Domaine Burguet, Burgundy","666","Case of 6 Bottles","https://www.bbr.com/products-20158027300-2015-gevrey-chambertin-lavaux-saint-jacques-1er-cru-domaine-burguet-burgundy","1549272","20158027300"
"Domaine Jean-Luc & Eric Burguet","2016","Gevrey-Chambertin, Lavaux Saint-Jacques, 1er Cru, Domaine Burguet, Burgundy","1900","Case of 6 Bottles","https://www.bbr.com/products-20168027300-2016-gevrey-chambertin-lavaux-saint-jacques-1er-cru-domaine-burguet-burgundy","1549272","20168027300"
"Domaine Jean-Luc & Eric Burguet","2017","Gevrey-Chambertin, Lavaux Saint-Jacques, 1er Cru, Domaine Burguet, Burgundy","555","Case of 6 Bottles","https://www.bbr.com/products-20178027300-2017-gevrey-chambertin-lavaux-saint-jacques-1er-cru-domaine-burguet-burgundy","1549272","20178027300"
"Domaine Jean-Luc & Eric Burguet","2017","Gevrey-Chambertin, Lavaux Saint-Jacques, 1er Cru, Domaine Burguet, Burgundy","1128","Case of 12 Bottles","https://www.bbr.com/products-20178027300-2017-gevrey-chambertin-lavaux-saint-jacques-1er-cru-domaine-burguet-burgundy","1549272","20178027300"
"Domaine Joseph Faiveley","2015","Gevrey-Chambertin, Lavaux Saint-Jacques, 1er Cru, Domaine Faiveley, Burgundy","1128","Case of 6 Magnums","https://www.bbr.com/products-20158021092-2015-gevrey-chambertin-lavaux-saint-jacques-1er-cru-domaine-faiveley-burgundy","1449282","20158021092"
"Domaine Joseph Faiveley","2017","Gevrey-Chambertin, Lavaux Saint-Jacques, 1er Cru, Domaine Faiveley, Burgundy","496","Case of 6 Bottles","https://www.bbr.com/products-20178021092-2017-gevrey-chambertin-lavaux-saint-jacques-1er-cru-domaine-faiveley-burgundy","1449282","20178021092"
"Domaine Joseph Faiveley","2018","Gevrey-Chambertin, Lavaux Saint-Jacques, 1er Cru, Domaine Faiveley, Burgundy","542","Case of 6 Bottles","https://www.bbr.com/products-20188021092-2018-gevrey-chambertin-lavaux-saint-jacques-1er-cru-domaine-faiveley-burgundy","1449282","20188021092"
"Domaine Joseph Faiveley","2018","Gevrey-Chambertin, Lavaux Saint-Jacques, 1er Cru, Domaine Faiveley, Burgundy","490","Case of 6 Bottles","https://www.bbr.com/products-20188021092-2018-gevrey-chambertin-lavaux-saint-jacques-1er-cru-domaine-faiveley-burgundy","1449282","20188021092"
"Domaine Joseph Faiveley","2020","Gevrey-Chambertin, Lavaux Saint-Jacques, 1er Cru, Domaine Faiveley, Burgundy","580","Case of 6 Bottles","https://www.bbr.com/products-20208021092-2020-gevrey-chambertin-lavaux-saint-jacques-1er-cru-domaine-faiveley-burgundy","1449282","20208021092"
"Domaine Pierre Naigeon","2021","Gevrey-Chambertin, Lavaux Saint-Jacques, 1er Cru, Domaine Les Astrelles, Burgundy","1500","Case of 6 Bottles","https://www.bbr.com/products-20218078748-2021-gevrey-chambertin-lavaux-saint-jacques-1er-cru-domaine-les-astrelles-burgundy","2238490","20218078748"
"Louis Jadot","2016","Gevrey-Chambertin, Lavaux Saint-Jacques, 1er Cru, Domaine Louis Jadot, Burgundy","620","Case of 6 Bottles","https://www.bbr.com/products-20168022217-2016-gevrey-chambertin-lavaux-saint-jacques-1er-cru-domaine-louis-jadot-burgundy","1038262","20168022217"
"Louis Jadot","2021","Gevrey-Chambertin, Lavaux Saint-Jacques, 1er Cru, Domaine Louis Jadot, Burgundy","490","Case of 6 Bottles","https://www.bbr.com/products-20218022217-2021-gevrey-chambertin-lavaux-saint-jacques-1er-cru-domaine-louis-jadot-burgundy","1038262","20218022217"
"Arnaud Mortet","2016","Gevrey-Chambertin, Lavaux St Jacques, 1er Cru, Arnaud Mortet, Burgundy","1250","Case of 6 Bottles","https://www.bbr.com/products-20168026042-2016-gevrey-chambertin-lavaux-st-jacques-1er-cru-arnaud-mortet-burgundy","1214491","20168026042"
"Arnaud Mortet","2019","Gevrey-Chambertin, Lavaux St Jacques, 1er Cru, Arnaud Mortet, Burgundy","1842","Case of 6 Bottles","https://www.bbr.com/products-20198026042-2019-gevrey-chambertin-lavaux-st-jacques-1er-cru-arnaud-mortet-burgundy","1214491","20198026042"
"Arnaud Mortet","2021","Gevrey-Chambertin, Lavaux St Jacques, 1er Cru, Arnaud Mortet, Burgundy","1750","Case of 6 Bottles","https://www.bbr.com/products-20218026042-2021-gevrey-chambertin-lavaux-st-jacques-1er-cru-arnaud-mortet-burgundy","1214491","20218026042"
"Domaine Claude-Dugat","2018","Gevrey-Chambertin, Lavaux St Jacques, 1er Cru, Claude Dugat, Burgundy","1670","Case of 6 Bottles","https://www.bbr.com/products-20188122092-2018-gevrey-chambertin-lavaux-st-jacques-1er-cru-claude-dugat-burgundy","1030051","20188122092"
"Maison Joseph Drouhin","2013","Gevrey-Chambertin, Lavaux St Jacques, 1er Cru, Joseph Drouhin","600","Case of 6 Bottles","https://www.bbr.com/products-20138019093-2013-gevrey-chambertin-lavaux-st-jacques-1er-cru-joseph-drouhin","1029118","20138019093"
"Domaine Maume","2012","Gevrey-Chambertin, Lavaux St Jacques, 1er Cru, Maume (Tawse)","475","Case of 6 Bottles","https://www.bbr.com/products-20121550317-2012-gevrey-chambertin-lavaux-st-jacques-1er-cru-maume-tawse","1046595","20121550317"
"Denis Mortet","2012","Gevrey-Chambertin, Lavaux St-Jacques, 1er Cru, Domaine Denis Mortet, Burgundy","1100","Case of 6 Bottles","https://www.bbr.com/products-20121214491-2012-gevrey-chambertin-lavaux-st-jacques-1er-cru-domaine-denis-mortet-burgundy","1214491","20121214491"
"Denis Mortet","2017","Gevrey-Chambertin, Lavaux St-Jacques, 1er Cru, Domaine Denis Mortet, Burgundy","1199","Case of 6 Bottles","https://www.bbr.com/products-20171214491-2017-gevrey-chambertin-lavaux-st-jacques-1er-cru-domaine-denis-mortet-burgundy","1214491","20171214491"
"Denis Mortet","2018","Gevrey-Chambertin, Lavaux St-Jacques, 1er Cru, Domaine Denis Mortet, Burgundy","1199","Case of 6 Bottles","https://www.bbr.com/products-20181214491-2018-gevrey-chambertin-lavaux-st-jacques-1er-cru-domaine-denis-mortet-burgundy","1214491","20181214491"
"Denis Mortet","2019","Gevrey-Chambertin, Lavaux St-Jacques, 1er Cru, Domaine Denis Mortet, Burgundy","899","Case of 3 Bottles","https://www.bbr.com/products-20191214491-2019-gevrey-chambertin-lavaux-st-jacques-1er-cru-domaine-denis-mortet-burgundy","1214491","20191214491"
"Denis Mortet","2013","Gevrey-Chambertin, Lavaux St-Jacques, 1er Cru, Domaine Denis Mortet,Burgundy","1250","Case of 6 Bottles","https://www.bbr.com/products-20131214491-2013-gevrey-chambertin-lavaux-st-jacques-1er-cru-domaine-denis-mortet-burgundy","1214491","20131214491"
"Denis Mortet","2013","Gevrey-Chambertin, Lavaux St-Jacques, 1er Cru, Domaine Denis Mortet,Burgundy","1250","Case of 6 Bottles","https://www.bbr.com/products-20131214491-2013-gevrey-chambertin-lavaux-st-jacques-1er-cru-domaine-denis-mortet-burgundy","1214491","20131214491"
"Domaine Henri Magnien","2018","Gevrey-Chambertin, Lavaux St-Jacques, 1er Cru, Domaine Henri Magnien, Burgundy","595","Case of 6 Bottles","https://www.bbr.com/products-20188106016-2018-gevrey-chambertin-lavaux-st-jacques-1er-cru-domaine-henri-magnien-burgundy","1771798","20188106016"
"Domaine Henri Magnien","2023","Gevrey-Chambertin, Lavaux St-Jacques, 1er Cru, Domaine Henri Magnien.","570","Case of 6 Bottles","https://www.bbr.com/products-20238106016-2023-gevrey-chambertin-lavaux-st-jacques-1er-cru-domaine-henri-magnien","1771798","20238106016"
"Tortochot","2019","Gevrey-Chambertin, Lavaux St-Jacques, 1er Cru, Domaine Tortochot, Burgundy","285","Case of 6 Bottles","https://www.bbr.com/products-20198038894-2019-gevrey-chambertin-lavaux-st-jacques-1er-cru-domaine-tortochot-burgundy","1058510","20198038894"
"Tortochot","2020","Gevrey-Chambertin, Lavaux St-Jacques, 1er Cru, Domaine Tortochot, Burgundy","440","Case of 6 Bottles","https://www.bbr.com/products-20208038894-2020-gevrey-chambertin-lavaux-st-jacques-1er-cru-domaine-tortochot-burgundy","1058510","20208038894"
"Domaine Tawse","2018","Gevrey-Chambertin, Lavaux-St-Jacques, 1er Cru, Domaine Tawse, Burgundy","750","Case of 6 Bottles","https://www.bbr.com/products-20181550317-2018-gevrey-chambertin-lavaux-st-jacques-1er-cru-domaine-tawse-burgundy","1550317","20181550317"
"Domaine Tawse","2021","Gevrey-Chambertin, Lavaux-St-Jacques, 1er Cru, Domaine Tawse, Burgundy","800","Case of 6 Bottles","https://www.bbr.com/products-20211550317-2021-gevrey-chambertin-lavaux-st-jacques-1er-cru-domaine-tawse-burgundy","1550317","20211550317"
"Dugat-Py","2014","Gevrey-Chambertin, Lavaux-St-Jacques, 1er Cru, Vieilles Vignes, Domaine Dugat-Py, Burgundy","1010","Case of 6 Bottles","https://www.bbr.com/products-20148122021-2014-gevrey-chambertin-lavaux-st-jacques-1er-cru-vieilles-vignes-domaine-dugat-py-burgundy","1030237","20148122021"
"Domaine du Prieure Roch","2021","Gevrey-Chambertin, Le Clos des Varoilles, 1er Cru, Domaine Prieure Roch, Burgundy","1200","Case of 3 Bottles","https://www.bbr.com/products-20218173906-2021-gevrey-chambertin-le-clos-des-varoilles-1er-cru-domaine-prieure-roch-burgundy","2730633","20218173906"
"Domaine du Prieure Roch","2022","Gevrey-Chambertin, Le Clos des Varoilles, 1er Cru, Domaine Prieure Roch, Burgundy","1100","Case of 3 Bottles","https://www.bbr.com/products-20228173906-2022-gevrey-chambertin-le-clos-des-varoilles-1er-cru-domaine-prieure-roch-burgundy","2730633","20228173906"
"Domaine du Prieure Roch","2022","Gevrey-Chambertin, Le Clos des Varoilles, 1er Cru, Domaine Prieure Roch, Burgundy","950","Case of 1 Magnums","https://www.bbr.com/products-20228173906-2022-gevrey-chambertin-le-clos-des-varoilles-1er-cru-domaine-prieure-roch-burgundy","2730633","20228173906"
"Domaine du Prieure Roch","2021","Gevrey-Chambertin, Le Clos des Varoilles, 1er Cru, Vielles Vignes, Domaine Prieure Roch, Burgundy","1780","Case of 3 Bottles","https://www.bbr.com/products-20218255046-2021-gevrey-chambertin-le-clos-des-varoilles-1er-cru-vielles-vignes-domaine-prieure-roch-burgundy","2730633","20218255046"
"Domaine du Prieure Roch","2022","Gevrey-Chambertin, Le Clos des Varoilles, 1er Cru, Vielles Vignes, Domaine Prieure Roch, Burgundy","900","Case of 1 Magnums","https://www.bbr.com/products-20228255046-2022-gevrey-chambertin-le-clos-des-varoilles-1er-cru-vielles-vignes-domaine-prieure-roch-burgundy","2730633","20228255046"
"Domaine Serafin Pere & Fils","2009","Gevrey-Chambertin, Le Fonteny, 1er Cru, Domaine Serafin Pere &amp; Fils, Burgundy","1656","Case of 6 Bottles","https://www.bbr.com/products-20098018155-2009-gevrey-chambertin-le-fonteny-1er-cru-domaine-serafin-pere-and-fils-burgundy","1057669","20098018155"
"Benjamin Leroux","2018","Gevrey-Chambertin, Les Cazetiers, 1er Cru, Benjamin Leroux, Burgundy","560","Case of 6 Bottles","https://www.bbr.com/products-20188046941-2018-gevrey-chambertin-les-cazetiers-1er-cru-benjamin-leroux-burgundy","1867596","20188046941"
"Benjamin Leroux","2019","Gevrey-Chambertin, Les Cazetiers, 1er Cru, Benjamin Leroux, Burgundy","750","Case of 6 Bottles","https://www.bbr.com/products-20198046941-2019-gevrey-chambertin-les-cazetiers-1er-cru-benjamin-leroux-burgundy","1867596","20198046941"
"Benjamin Leroux","2021","Gevrey-Chambertin, Les Cazetiers, 1er Cru, Benjamin Leroux, Burgundy","850","Case of 6 Bottles","https://www.bbr.com/products-20218046941-2021-gevrey-chambertin-les-cazetiers-1er-cru-benjamin-leroux-burgundy","1867596","20218046941"
"Benjamin Leroux","2023","Gevrey-Chambertin, Les Cazetiers, 1er Cru, Benjamin Leroux, Burgundy","940","Case of 6 Bottles","https://www.bbr.com/products-20238046941-2023-gevrey-chambertin-les-cazetiers-1er-cru-benjamin-leroux-burgundy","1867596","20238046941"
"Charles Van Canneyt","2018","Gevrey-Chambertin, Les Cazetiers, 1er Cru, Charles Van Canneyt, Burgundy","725","Case of 6 Bottles","https://www.bbr.com/products-20188205360-2018-gevrey-chambertin-les-cazetiers-1er-cru-charles-van-canneyt-burgundy","1359330","20188205360"
"Bruno Clair","2010","Gevrey-Chambertin, Les Cazetiers, 1er Cru, Domaine Bruno Clair, Burgundy","1950","Case of 12 Bottles","https://www.bbr.com/products-20108122438-2010-gevrey-chambertin-les-cazetiers-1er-cru-domaine-bruno-clair-burgundy","1025455","20108122438"
"Bruno Clair","2014","Gevrey-Chambertin, Les Cazetiers, 1er Cru, Domaine Bruno Clair, Burgundy","1467","Case of 12 Bottles","https://www.bbr.com/products-20148122438-2014-gevrey-chambertin-les-cazetiers-1er-cru-domaine-bruno-clair-burgundy","1025455","20148122438"
"Bruno Clair","2017","Gevrey-Chambertin, Les Cazetiers, 1er Cru, Domaine Bruno Clair, Burgundy","677","Case of 6 Bottles","https://www.bbr.com/products-20178122438-2017-gevrey-chambertin-les-cazetiers-1er-cru-domaine-bruno-clair-burgundy","1025455","20178122438"
"Bruno Clair","2018","Gevrey-Chambertin, Les Cazetiers, 1er Cru, Domaine Bruno Clair, Burgundy","690","Case of 6 Bottles","https://www.bbr.com/products-20188122438-2018-gevrey-chambertin-les-cazetiers-1er-cru-domaine-bruno-clair-burgundy","1025455","20188122438"
"Bruno Clair","2019","Gevrey-Chambertin, Les Cazetiers, 1er Cru, Domaine Bruno Clair, Burgundy","850","Case of 6 Bottles","https://www.bbr.com/products-20198122438-2019-gevrey-chambertin-les-cazetiers-1er-cru-domaine-bruno-clair-burgundy","1025455","20198122438"
"Bruno Clair","2020","Gevrey-Chambertin, Les Cazetiers, 1er Cru, Domaine Bruno Clair, Burgundy","435","Case of 3 Bottles","https://www.bbr.com/products-20208122438-2020-gevrey-chambertin-les-cazetiers-1er-cru-domaine-bruno-clair-burgundy","1025455","20208122438"
"Domaine Joseph Faiveley","2011","Gevrey-Chambertin, Les Cazetiers, 1er Cru, Domaine Faiveley, Burgundy","500","Case of 6 Bottles","https://www.bbr.com/products-20118008437-2011-gevrey-chambertin-les-cazetiers-1er-cru-domaine-faiveley-burgundy","1031407","20118008437"
"Domaine Joseph Faiveley","2014","Gevrey-Chambertin, Les Cazetiers, 1er Cru, Domaine Faiveley, Burgundy","420","Case of 6 Bottles","https://www.bbr.com/products-20148008437-2014-gevrey-chambertin-les-cazetiers-1er-cru-domaine-faiveley-burgundy","1031407","20148008437"
"Domaine Joseph Faiveley","2015","Gevrey-Chambertin, Les Cazetiers, 1er Cru, Domaine Faiveley, Burgundy","425","Case of 6 Bottles","https://www.bbr.com/products-20158008437-2015-gevrey-chambertin-les-cazetiers-1er-cru-domaine-faiveley-burgundy","1031407","20158008437"
"Domaine Joseph Faiveley","2015","Gevrey-Chambertin, Les Cazetiers, 1er Cru, Domaine Faiveley, Burgundy","450","Case of 6 Bottles","https://www.bbr.com/products-20158008437-2015-gevrey-chambertin-les-cazetiers-1er-cru-domaine-faiveley-burgundy","1031407","20158008437"
"Domaine Joseph Faiveley","2016","Gevrey-Chambertin, Les Cazetiers, 1er Cru, Domaine Faiveley, Burgundy","410","Case of 6 Bottles","https://www.bbr.com/products-20168008437-2016-gevrey-chambertin-les-cazetiers-1er-cru-domaine-faiveley-burgundy","1031407","20168008437"
"Domaine Joseph Faiveley","2017","Gevrey-Chambertin, Les Cazetiers, 1er Cru, Domaine Faiveley, Burgundy","1900","Case of 6 Bottles","https://www.bbr.com/products-20178008437-2017-gevrey-chambertin-les-cazetiers-1er-cru-domaine-faiveley-burgundy","1031407","20178008437"
"Domaine Joseph Faiveley","2018","Gevrey-Chambertin, Les Cazetiers, 1er Cru, Domaine Faiveley, Burgundy","445","Case of 6 Bottles","https://www.bbr.com/products-20188008437-2018-gevrey-chambertin-les-cazetiers-1er-cru-domaine-faiveley-burgundy","1031407","20188008437"
"Domaine Joseph Faiveley","2018","Gevrey-Chambertin, Les Cazetiers, 1er Cru, Domaine Faiveley, Burgundy","2100","Case of 6 Bottles","https://www.bbr.com/products-20188008437-2018-gevrey-chambertin-les-cazetiers-1er-cru-domaine-faiveley-burgundy","1031407","20188008437"
"Domaine Joseph Faiveley","2019","Gevrey-Chambertin, Les Cazetiers, 1er Cru, Domaine Faiveley, Burgundy","2200","Case of 6 Bottles","https://www.bbr.com/products-20198008437-2019-gevrey-chambertin-les-cazetiers-1er-cru-domaine-faiveley-burgundy","1031407","20198008437"
"Domaine Joseph Faiveley","2020","Gevrey-Chambertin, Les Cazetiers, 1er Cru, Domaine Faiveley, Burgundy","635","Case of 6 Bottles","https://www.bbr.com/products-20208008437-2020-gevrey-chambertin-les-cazetiers-1er-cru-domaine-faiveley-burgundy","1031407","20208008437"
"Domaine Joseph Faiveley","2020","Gevrey-Chambertin, Les Cazetiers, 1er Cru, Domaine Faiveley, Burgundy","420","Case of 6 Bottles","https://www.bbr.com/products-20208008437-2020-gevrey-chambertin-les-cazetiers-1er-cru-domaine-faiveley-burgundy","1031407","20208008437"
"Domaine Joseph Faiveley","2021","Gevrey-Chambertin, Les Cazetiers, 1er Cru, Domaine Faiveley, Burgundy","549","Case of 6 Bottles","https://www.bbr.com/products-20218008437-2021-gevrey-chambertin-les-cazetiers-1er-cru-domaine-faiveley-burgundy","1031407","20218008437"
"Domaine Joseph Faiveley","2022","Gevrey-Chambertin, Les Cazetiers, 1er Cru, Domaine Faiveley, Burgundy","725","Case of 6 Bottles","https://www.bbr.com/products-20228008437-2022-gevrey-chambertin-les-cazetiers-1er-cru-domaine-faiveley-burgundy","1031407","20228008437"
"Domaine Joseph Faiveley","2023","Gevrey-Chambertin, Les Cazetiers, 1er Cru, Domaine Faiveley, Burgundy","725","Case of 6 Bottles","https://www.bbr.com/products-20238008437-2023-gevrey-chambertin-les-cazetiers-1er-cru-domaine-faiveley-burgundy","1031407","20238008437"
"Domaine Henri Magnien","2018","Gevrey-Chambertin, Les Cazetiers, 1er Cru, Domaine Henri Magnien, Burgundy","375","Case of 6 Bottles","https://www.bbr.com/products-20188126986-2018-gevrey-chambertin-les-cazetiers-1er-cru-domaine-henri-magnien-burgundy","1746541","20188126986"
"Domaine Henri Magnien","2022","Gevrey-Chambertin, Les Cazetiers, 1er Cru, Domaine Henri Magnien, Burgundy","660","Case of 6 Bottles","https://www.bbr.com/products-20228126986-2022-gevrey-chambertin-les-cazetiers-1er-cru-domaine-henri-magnien-burgundy","1746541","20228126986"
"Domaine Henri Magnien","2023","Gevrey-Chambertin, Les Cazetiers, 1er Cru, Domaine Henri Magnien, Burgundy","654","Case of 6 Bottles","https://www.bbr.com/products-20238126986-2023-gevrey-chambertin-les-cazetiers-1er-cru-domaine-henri-magnien-burgundy","1746541","20238126986"
"Domaine Philippe Naddef","2018","Gevrey-Chambertin, Les Cazetiers, 1er Cru, Domaine Philippe Naddef, Burgundy","412","Case of 6 Bottles","https://www.bbr.com/products-20188179692-2018-gevrey-chambertin-les-cazetiers-1er-cru-domaine-philippe-naddef-burgundy","1049730","20188179692"
"Domaine Serafin Pere & Fils","2007","Gevrey-Chambertin, Les Cazetiers, 1er Cru, Domaine Serafin Pere & Fils, Burgundy","1100","Case of 12 Bottles","https://www.bbr.com/products-20078018142-2007-gevrey-chambertin-les-cazetiers-1er-cru-domaine-serafin-pere-fils-burgundy","1057643","20078018142"
"Domaine Serafin Pere & Fils","2018","Gevrey-Chambertin, Les Cazetiers, 1er Cru, Domaine Serafin Pere &amp; Fils, Burgundy","620","Case of 6 Bottles","https://www.bbr.com/products-20188018142-2018-gevrey-chambertin-les-cazetiers-1er-cru-domaine-serafin-pere-and-fils-burgundy","1057643","20188018142"
"Domaine Serafin Pere & Fils","2019","Gevrey-Chambertin, Les Cazetiers, 1er Cru, Domaine Serafin Pere &amp; Fils, Burgundy","690","Case of 6 Bottles","https://www.bbr.com/products-20198018142-2019-gevrey-chambertin-les-cazetiers-1er-cru-domaine-serafin-pere-and-fils-burgundy","1057643","20198018142"
"Domaine Serafin Pere & Fils","2021","Gevrey-Chambertin, Les Cazetiers, 1er Cru, Domaine Serafin Pere &amp; Fils, Burgundy","745","Case of 6 Bottles","https://www.bbr.com/products-20218018142-2021-gevrey-chambertin-les-cazetiers-1er-cru-domaine-serafin-pere-and-fils-burgundy","1057643","20218018142"
"Louis Jadot","2012","Gevrey-Chambertin, Les Cazetiers, 1er Cru, Louis Jadot, Burgundy","435","Case of 6 Bottles","https://www.bbr.com/products-20128022220-2012-gevrey-chambertin-les-cazetiers-1er-cru-louis-jadot-burgundy","1038190","20128022220"
"Louis Jadot","2015","Gevrey-Chambertin, Les Cazetiers, 1er Cru, Louis Jadot, Burgundy","420","Case of 6 Bottles","https://www.bbr.com/products-20158022220-2015-gevrey-chambertin-les-cazetiers-1er-cru-louis-jadot-burgundy","1038190","20158022220"
"Louis Jadot","2017","Gevrey-Chambertin, Les Cazetiers, 1er Cru, Louis Jadot, Burgundy","375","Case of 6 Bottles","https://www.bbr.com/products-20178022220-2017-gevrey-chambertin-les-cazetiers-1er-cru-louis-jadot-burgundy","1038190","20178022220"
"Louis Jadot","2018","Gevrey-Chambertin, Les Cazetiers, 1er Cru, Louis Jadot, Burgundy","370","Case of 6 Bottles","https://www.bbr.com/products-20188022220-2018-gevrey-chambertin-les-cazetiers-1er-cru-louis-jadot-burgundy","1038190","20188022220"
"Lucien Le Moine","2017","Gevrey-Chambertin, Les Cazetiers, 1er Cru, Lucien Le Moine, Burgundy","987","Case of 6 Bottles","https://www.bbr.com/products-20178218698-2017-gevrey-chambertin-les-cazetiers-1er-cru-lucien-le-moine-burgundy","1042627","20178218698"
"Lucien Le Moine","2020","Gevrey-Chambertin, Les Cazetiers, 1er Cru, Lucien Le Moine, Burgundy","964","Case of 6 Bottles","https://www.bbr.com/products-20208218698-2020-gevrey-chambertin-les-cazetiers-1er-cru-lucien-le-moine-burgundy","1042627","20208218698"
"Maison Roche de Bellene","2009","Gevrey-Chambertin, Les Cazetiers, 1er Cru, Maison Roche de Bellene, Burgundy","475","Case of 6 Bottles","https://www.bbr.com/products-20098020314-2009-gevrey-chambertin-les-cazetiers-1er-cru-maison-roche-de-bellene-burgundy","1132104","20098020314"
"Maison Roche de Bellene","2010","Gevrey-Chambertin, Les Cazetiers, 1er Cru, Maison Roche de Bellene, Burgundy","390","Case of 6 Bottles","https://www.bbr.com/products-20108020314-2010-gevrey-chambertin-les-cazetiers-1er-cru-maison-roche-de-bellene-burgundy","1132104","20108020314"
"Millemann Wines","2022","Gevrey-Chambertin, Les Cazetiers, 1er Cru, Millemann Wines, Burgundy","690","Case of 1 Bottles","https://www.bbr.com/products-20228179054-2022-gevrey-chambertin-les-cazetiers-1er-cru-millemann-wines-burgundy","2952109","20228179054"
"Millemann Wines","2023","Gevrey-Chambertin, Les Cazetiers, 1er Cru, Millemann Wines, Burgundy","900","Case of 1 Bottles","https://www.bbr.com/products-20238179054-2023-gevrey-chambertin-les-cazetiers-1er-cru-millemann-wines-burgundy","2952109","20238179054"
"Olivier Bernstein","2008","Gevrey-Chambertin, Les Cazetiers, 1er Cru, Olivier Bernstein, Burgundy","668","Case of 6 Bottles","https://www.bbr.com/products-20081019764-2008-gevrey-chambertin-les-cazetiers-1er-cru-olivier-bernstein-burgundy","1019764","20081019764"
"Olivier Bernstein","2008","Gevrey-Chambertin, Les Cazetiers, 1er Cru, Olivier Bernstein, Burgundy","650","Case of 6 Bottles","https://www.bbr.com/products-20081019764-2008-gevrey-chambertin-les-cazetiers-1er-cru-olivier-bernstein-burgundy","1019764","20081019764"
"Olivier Bernstein","2010","Gevrey-Chambertin, Les Cazetiers, 1er Cru, Olivier Bernstein, Burgundy","695","Case of 6 Bottles","https://www.bbr.com/products-20101019764-2010-gevrey-chambertin-les-cazetiers-1er-cru-olivier-bernstein-burgundy","1019764","20101019764"
"Olivier Bernstein","2011","Gevrey-Chambertin, Les Cazetiers, 1er Cru, Olivier Bernstein, Burgundy","659","Case of 6 Bottles","https://www.bbr.com/products-20111019764-2011-gevrey-chambertin-les-cazetiers-1er-cru-olivier-bernstein-burgundy","1019764","20111019764"
"Olivier Bernstein","2012","Gevrey-Chambertin, Les Cazetiers, 1er Cru, Olivier Bernstein, Burgundy","670","Case of 6 Bottles","https://www.bbr.com/products-20121019764-2012-gevrey-chambertin-les-cazetiers-1er-cru-olivier-bernstein-burgundy","1019764","20121019764"
"Olivier Bernstein","2013","Gevrey-Chambertin, Les Cazetiers, 1er Cru, Olivier Bernstein, Burgundy","720","Case of 6 Bottles","https://www.bbr.com/products-20131019764-2013-gevrey-chambertin-les-cazetiers-1er-cru-olivier-bernstein-burgundy","1019764","20131019764"
"Olivier Bernstein","2014","Gevrey-Chambertin, Les Cazetiers, 1er Cru, Olivier Bernstein, Burgundy","659","Case of 6 Bottles","https://www.bbr.com/products-20141019764-2014-gevrey-chambertin-les-cazetiers-1er-cru-olivier-bernstein-burgundy","1019764","20141019764"
"Olivier Bernstein","2015","Gevrey-Chambertin, Les Cazetiers, 1er Cru, Olivier Bernstein, Burgundy","870","Case of 6 Bottles","https://www.bbr.com/products-20151019764-2015-gevrey-chambertin-les-cazetiers-1er-cru-olivier-bernstein-burgundy","1019764","20151019764"
"Olivier Bernstein","2016","Gevrey-Chambertin, Les Cazetiers, 1er Cru, Olivier Bernstein, Burgundy","765","Case of 6 Bottles","https://www.bbr.com/products-20161019764-2016-gevrey-chambertin-les-cazetiers-1er-cru-olivier-bernstein-burgundy","1019764","20161019764"
"Olivier Bernstein","2016","Gevrey-Chambertin, Les Cazetiers, 1er Cru, Olivier Bernstein, Burgundy","675","Case of 6 Bottles","https://www.bbr.com/products-20161019764-2016-gevrey-chambertin-les-cazetiers-1er-cru-olivier-bernstein-burgundy","1019764","20161019764"
"Olivier Bernstein","2017","Gevrey-Chambertin, Les Cazetiers, 1er Cru, Olivier Bernstein, Burgundy","1650","Case of 6 Bottles","https://www.bbr.com/products-20171019764-2017-gevrey-chambertin-les-cazetiers-1er-cru-olivier-bernstein-burgundy","1019764","20171019764"
"Olivier Bernstein","2017","Gevrey-Chambertin, Les Cazetiers, 1er Cru, Olivier Bernstein, Burgundy","1500","Case of 6 Bottles","https://www.bbr.com/products-20171019764-2017-gevrey-chambertin-les-cazetiers-1er-cru-olivier-bernstein-burgundy","1019764","20171019764"
"Benjamin Leroux","2011","Gevrey-Chambertin, Les Champeaux, 1er Cru, Benjamin Leroux, Burgundy","350","Case of 6 Bottles","https://www.bbr.com/products-20111152465-2011-gevrey-chambertin-les-champeaux-1er-cru-benjamin-leroux-burgundy","1152465","20111152465"
"Benjamin Leroux","2014","Gevrey-Chambertin, Les Champeaux, 1er Cru, Benjamin Leroux, Burgundy","360","Case of 6 Bottles","https://www.bbr.com/products-20141152465-2014-gevrey-chambertin-les-champeaux-1er-cru-benjamin-leroux-burgundy","1152465","20141152465"
"Benjamin Leroux","2015","Gevrey-Chambertin, Les Champeaux, 1er Cru, Benjamin Leroux, Burgundy","380","Case of 6 Bottles","https://www.bbr.com/products-20151152465-2015-gevrey-chambertin-les-champeaux-1er-cru-benjamin-leroux-burgundy","1152465","20151152465"
"Benjamin Leroux","2016","Gevrey-Chambertin, Les Champeaux, 1er Cru, Benjamin Leroux, Burgundy","468","Case of 6 Bottles","https://www.bbr.com/products-20161152465-2016-gevrey-chambertin-les-champeaux-1er-cru-benjamin-leroux-burgundy","1152465","20161152465"
"Denis Mortet","2014","Gevrey-Chambertin, Les Champeaux, 1er Cru, Domaine Denis Mortet, Burgundy","950","Case of 6 Bottles","https://www.bbr.com/products-20141049091-2014-gevrey-chambertin-les-champeaux-1er-cru-domaine-denis-mortet-burgundy","1049091","20141049091"
"Denis Mortet","2014","Gevrey-Chambertin, Les Champeaux, 1er Cru, Domaine Denis Mortet, Burgundy","470","Case of 3 Bottles","https://www.bbr.com/products-20141049091-2014-gevrey-chambertin-les-champeaux-1er-cru-domaine-denis-mortet-burgundy","1049091","20141049091"
"Denis Mortet","2017","Gevrey-Chambertin, Les Champeaux, 1er Cru, Domaine Denis Mortet, Burgundy","1140","Case of 6 Bottles","https://www.bbr.com/products-20171049091-2017-gevrey-chambertin-les-champeaux-1er-cru-domaine-denis-mortet-burgundy","1049091","20171049091"
"Tortochot","2016","Gevrey-Chambertin, Les Champeaux, 1er Cru, Domaine Tortochot, Burgundy","270","Case of 6 Bottles","https://www.bbr.com/products-20168147228-2016-gevrey-chambertin-les-champeaux-1er-cru-domaine-tortochot-burgundy","1058507","20168147228"
"Tortochot","2019","Gevrey-Chambertin, Les Champeaux, 1er Cru, Domaine Tortochot, Burgundy","228","Case of 6 Bottles","https://www.bbr.com/products-20198147228-2019-gevrey-chambertin-les-champeaux-1er-cru-domaine-tortochot-burgundy","1058507","20198147228"
"Domaine Henri Magnien","2022","Gevrey-Chambertin, Les Champeaux, 1er Cru, Henri Magnien, Burgundy","444","Case of 6 Bottles","https://www.bbr.com/products-20228151726-2022-gevrey-chambertin-les-champeaux-1er-cru-henri-magnien-burgundy","1790368","20228151726"
"Lucien Le Moine","2020","Gevrey-Chambertin, Les Champeaux, 1er Cru, Lucien Le Moine, Burgundy","905","Case of 6 Bottles","https://www.bbr.com/products-20208103350-2020-gevrey-chambertin-les-champeaux-1er-cru-lucien-le-moine-burgundy","1469178","20208103350"
"Millemann Wines","2022","Gevrey-Chambertin, Les Champeaux, 1er Cru, Millemann Wines, Burgundy","660","Case of 1 Bottles","https://www.bbr.com/products-20228324135-2022-gevrey-chambertin-les-champeaux-1er-cru-millemann-wines-burgundy","2952125","20228324135"
"Olivier Bernstein","2008","Gevrey-Chambertin, Les Champeaux, 1er Cru, Olivier Bernstein, Burgundy","1280","Case of 6 Bottles","https://www.bbr.com/products-20081019777-2008-gevrey-chambertin-les-champeaux-1er-cru-olivier-bernstein-burgundy","1019777","20081019777"
"Olivier Bernstein","2012","Gevrey-Chambertin, Les Champeaux, 1er Cru, Olivier Bernstein, Burgundy","635","Case of 6 Bottles","https://www.bbr.com/products-20121019777-2012-gevrey-chambertin-les-champeaux-1er-cru-olivier-bernstein-burgundy","1019777","20121019777"
"Olivier Bernstein","2014","Gevrey-Chambertin, Les Champeaux, 1er Cru, Olivier Bernstein, Burgundy","740","Case of 6 Bottles","https://www.bbr.com/products-20141019777-2014-gevrey-chambertin-les-champeaux-1er-cru-olivier-bernstein-burgundy","1019777","20141019777"
"Olivier Bernstein","2015","Gevrey-Chambertin, Les Champeaux, 1er Cru, Olivier Bernstein, Burgundy","1050","Case of 6 Bottles","https://www.bbr.com/products-20151019777-2015-gevrey-chambertin-les-champeaux-1er-cru-olivier-bernstein-burgundy","1019777","20151019777"
"Olivier Bernstein","2016","Gevrey-Chambertin, Les Champeaux, 1er Cru, Olivier Bernstein, Burgundy","795","Case of 6 Bottles","https://www.bbr.com/products-20161019777-2016-gevrey-chambertin-les-champeaux-1er-cru-olivier-bernstein-burgundy","1019777","20161019777"
"Olivier Bernstein","2017","Gevrey-Chambertin, Les Champeaux, 1er Cru, Olivier Bernstein, Burgundy","780","Case of 6 Bottles","https://www.bbr.com/products-20171019777-2017-gevrey-chambertin-les-champeaux-1er-cru-olivier-bernstein-burgundy","1019777","20171019777"
"Olivier Bernstein","2020","Gevrey-Chambertin, Les Champeaux, 1er Cru, Olivier Bernstein, Burgundy","820","Case of 3 Bottles","https://www.bbr.com/products-20201019777-2020-gevrey-chambertin-les-champeaux-1er-cru-olivier-bernstein-burgundy","1019777","20201019777"
"Olivier Bernstein","2020","Gevrey-Chambertin, Les Champeaux, 1er Cru, Olivier Bernstein, Burgundy","800","Case of 3 Bottles","https://www.bbr.com/products-20201019777-2020-gevrey-chambertin-les-champeaux-1er-cru-olivier-bernstein-burgundy","1019777","20201019777"
"Olivier Bernstein","2021","Gevrey-Chambertin, Les Champeaux, 1er Cru, Olivier Bernstein, Burgundy","909","Case of 3 Bottles","https://www.bbr.com/products-20211019777-2021-gevrey-chambertin-les-champeaux-1er-cru-olivier-bernstein-burgundy","1019777","20211019777"
"Olivier Bernstein","2022","Gevrey-Chambertin, Les Champeaux, 1er Cru, Olivier Bernstein, Burgundy","1000","Case of 3 Bottles","https://www.bbr.com/products-20221019777-2022-gevrey-chambertin-les-champeaux-1er-cru-olivier-bernstein-burgundy","1019777","20221019777"
"Olivier Bernstein","2023","Gevrey-Chambertin, Les Champeaux, 1er Cru, Olivier Bernstein, Burgundy","850","Case of 3 Bottles","https://www.bbr.com/products-20231019777-2023-gevrey-chambertin-les-champeaux-1er-cru-olivier-bernstein-burgundy","1019777","20231019777"
"Domaine Fourrier","2015","Gevrey-Chambertin, Les Champeaux, Vieille Vigne, 1er Cru, Domaine Fourrier, Burgundy","1499","Case of 6 Bottles","https://www.bbr.com/products-20158227348-2015-gevrey-chambertin-les-champeaux-vieille-vigne-1er-cru-domaine-fourrier-burgundy","1762341","20158227348"
"Domaine Fourrier","2017","Gevrey-Chambertin, Les Champeaux, Vieille Vigne, 1er Cru, Domaine Fourrier, Burgundy","1200","Case of 6 Bottles","https://www.bbr.com/products-20178227348-2017-gevrey-chambertin-les-champeaux-vieille-vigne-1er-cru-domaine-fourrier-burgundy","1032303","20178227348"
"Denis Mortet","2017","Gevrey-Chambertin, Les Champonnets, 1er Cru, Domaine Denis Mortet, Burgundy","835","Case of 6 Bottles","https://www.bbr.com/products-20178018764-2017-gevrey-chambertin-les-champonnets-1er-cru-domaine-denis-mortet-burgundy","1359617","20178018764"
"Domaine Rossignol-Trapet","2014","Gevrey-Chambertin, Les Cherbaudes, 1er Cru, Domaine Rossignol-Trapet, Burgundy","905","Case of 12 Bottles","https://www.bbr.com/products-20148049838-2014-gevrey-chambertin-les-cherbaudes-1er-cru-domaine-rossignol-trapet-burgundy","1231269","20148049838"
"Domaine Rossignol-Trapet","2018","Gevrey-Chambertin, Les Cherbaudes, 1er Cru, Domaine Rossignol-Trapet, Burgundy","479","Case of 6 Bottles","https://www.bbr.com/products-20188049838-2018-gevrey-chambertin-les-cherbaudes-1er-cru-domaine-rossignol-trapet-burgundy","1231269","20188049838"
"Domaine Rossignol-Trapet","2014","Gevrey-Chambertin, Les Corbeaux, 1er Cru, Domaine Rossignol-Trapet, Burgundy","1254","Case of 12 Bottles","https://www.bbr.com/products-20148049812-2014-gevrey-chambertin-les-corbeaux-1er-cru-domaine-rossignol-trapet-burgundy","1458088","20148049812"
"Domaine Rossignol-Trapet","2018","Gevrey-Chambertin, Les Corbeaux, 1er Cru, Domaine Rossignol-Trapet, Burgundy","505","Case of 6 Bottles","https://www.bbr.com/products-20188049812-2018-gevrey-chambertin-les-corbeaux-1er-cru-domaine-rossignol-trapet-burgundy","1458088","20188049812"
"Domaine Rossignol-Trapet","2019","Gevrey-Chambertin, Les Corbeaux, 1er Cru, Domaine Rossignol-Trapet, Burgundy","451","Case of 6 Bottles","https://www.bbr.com/products-20198049812-2019-gevrey-chambertin-les-corbeaux-1er-cru-domaine-rossignol-trapet-burgundy","1458088","20198049812"
"Domaine Serafin Pere & Fils","2002","Gevrey-Chambertin, Les Corbeaux, 1er Cru, Domaine Serafin Pere &amp; Fils, Burgundy","1000","Case of 6 Bottles","https://www.bbr.com/products-20028018168-2002-gevrey-chambertin-les-corbeaux-1er-cru-domaine-serafin-pere-and-fils-burgundy","1057656","20028018168"
"Domaine Serafin Pere & Fils","2010","Gevrey-Chambertin, Les Corbeaux, 1er Cru, Domaine Serafin Pere &amp; Fils, Burgundy","1700","Case of 12 Bottles","https://www.bbr.com/products-20108018168-2010-gevrey-chambertin-les-corbeaux-1er-cru-domaine-serafin-pere-and-fils-burgundy","1057656","20108018168"
"Domaine Serafin Pere & Fils","2010","Gevrey-Chambertin, Les Corbeaux, 1er Cru, Domaine Serafin Pere &amp; Fils, Burgundy","950","Case of 6 Bottles","https://www.bbr.com/products-20108018168-2010-gevrey-chambertin-les-corbeaux-1er-cru-domaine-serafin-pere-and-fils-burgundy","1057656","20108018168"
"Domaine Serafin Pere & Fils","2015","Gevrey-Chambertin, Les Corbeaux, 1er Cru, Domaine Serafin Pere &amp; Fils, Burgundy","499","Case of 6 Bottles","https://www.bbr.com/products-20158018168-2015-gevrey-chambertin-les-corbeaux-1er-cru-domaine-serafin-pere-and-fils-burgundy","1057656","20158018168"
"Domaine Serafin Pere & Fils","2016","Gevrey-Chambertin, Les Corbeaux, 1er Cru, Domaine Serafin Pere &amp; Fils, Burgundy","760","Case of 6 Bottles","https://www.bbr.com/products-20168018168-2016-gevrey-chambertin-les-corbeaux-1er-cru-domaine-serafin-pere-and-fils-burgundy","1057656","20168018168"
"Domaine Serafin Pere & Fils","2019","Gevrey-Chambertin, Les Corbeaux, 1er Cru, Domaine Serafin Pere &amp; Fils, Burgundy","525","Case of 6 Bottles","https://www.bbr.com/products-20198018168-2019-gevrey-chambertin-les-corbeaux-1er-cru-domaine-serafin-pere-and-fils-burgundy","1057656","20198018168"
"Domaine Serafin Pere & Fils","2021","Gevrey-Chambertin, Les Corbeaux, 1er Cru, Domaine Serafin Pere &amp; Fils, Burgundy","440","Case of 6 Bottles","https://www.bbr.com/products-20218018168-2021-gevrey-chambertin-les-corbeaux-1er-cru-domaine-serafin-pere-and-fils-burgundy","1057656","20218018168"
"Domaine Serafin Pere & Fils","2022","Gevrey-Chambertin, Les Corbeaux, 1er Cru, Domaine Serafin Pere &amp; Fils, Burgundy","450","Case of 6 Bottles","https://www.bbr.com/products-20228018168-2022-gevrey-chambertin-les-corbeaux-1er-cru-domaine-serafin-pere-and-fils-burgundy","1057656","20228018168"
"Gerard Quivy","2014","Gevrey-Chambertin, Les Corbeaux, 1er Cru, Gerard Quivy","440","Case of 6 Bottles","https://www.bbr.com/products-20148026589-2014-gevrey-chambertin-les-corbeaux-1er-cru-gerard-quivy","1373686","20148026589"
"Gerard Quivy","2015","Gevrey-Chambertin, Les Corbeaux, 1er Cru, Gerard Quivy","399","Case of 6 Bottles","https://www.bbr.com/products-20158026589-2015-gevrey-chambertin-les-corbeaux-1er-cru-gerard-quivy","1373686","20158026589"
"Jane Eyre","2019","Gevrey-Chambertin, Les Corbeaux, 1er Cru, Jane Eyre, Burgundy","1275","Case of 12 Bottles","https://www.bbr.com/products-20198064165-2019-gevrey-chambertin-les-corbeaux-1er-cru-jane-eyre-burgundy","1546633","20198064165"
"Philippe Pacalet","2018","Gevrey-Chambertin, Les Corbeaux, 1er Cru, Philippe Pacalet","1767","Case of 12 Bottles","https://www.bbr.com/products-20188070478-2018-gevrey-chambertin-les-corbeaux-1er-cru-philippe-pacalet","1049961","20188070478"
"Domaine Bruno Clavelier","2009","Gevrey-Chambertin, Les Corbeaux, 1er Cru, Vieilles Vignes, Domaine Bruno Clavelier, Burgundy","730","Case of 6 Bottles","https://www.bbr.com/products-20098020545-2009-gevrey-chambertin-les-corbeaux-1er-cru-vieilles-vignes-domaine-bruno-clavelier-burgundy","1025745","20098020545"
"Domaine Bruno Clavelier","2013","Gevrey-Chambertin, Les Corbeaux, 1er Cru, Vieilles Vignes, Domaine Bruno Clavelier, Burgundy","400","Case of 6 Bottles","https://www.bbr.com/products-20138020545-2013-gevrey-chambertin-les-corbeaux-1er-cru-vieilles-vignes-domaine-bruno-clavelier-burgundy","1025745","20138020545"
"Domaine Bruno Clavelier","2016","Gevrey-Chambertin, Les Corbeaux, 1er Cru, Vieilles Vignes, Domaine Bruno Clavelier, Burgundy","725","Case of 6 Bottles","https://www.bbr.com/products-20168020545-2016-gevrey-chambertin-les-corbeaux-1er-cru-vieilles-vignes-domaine-bruno-clavelier-burgundy","1025745","20168020545"
"Domaine Bruno Clavelier","2017","Gevrey-Chambertin, Les Corbeaux, 1er Cru, Vieilles Vignes, Domaine Bruno Clavelier, Burgundy","560","Case of 6 Bottles","https://www.bbr.com/products-20178020545-2017-gevrey-chambertin-les-corbeaux-1er-cru-vieilles-vignes-domaine-bruno-clavelier-burgundy","1025745","20178020545"
"Domaine Bruno Clavelier","2018","Gevrey-Chambertin, Les Corbeaux, 1er Cru, Vieilles Vignes, Domaine Bruno Clavelier, Burgundy","495","Case of 6 Bottles","https://www.bbr.com/products-20188020545-2018-gevrey-chambertin-les-corbeaux-1er-cru-vieilles-vignes-domaine-bruno-clavelier-burgundy","1025745","20188020545"
"Domaine Bruno Clavelier","2019","Gevrey-Chambertin, Les Corbeaux, 1er Cru, Vieilles Vignes, Domaine Bruno Clavelier, Burgundy","800","Case of 6 Bottles","https://www.bbr.com/products-20198020545-2019-gevrey-chambertin-les-corbeaux-1er-cru-vieilles-vignes-domaine-bruno-clavelier-burgundy","1025745","20198020545"
"Domaine Denis Bachelet","2003","Gevrey-Chambertin, Les Corbeaux, 1er Cru, Vieilles Vignes, Domaine Denis Bachelet, Burgundy","1100","Case of 6 Bottles","https://www.bbr.com/products-20038137555-2003-gevrey-chambertin-les-corbeaux-1er-cru-vieilles-vignes-domaine-denis-bachelet-burgundy","1247761","20038137555"
"Domaine Denis Bachelet","2009","Gevrey-Chambertin, Les Corbeaux, 1er Cru, Vieilles Vignes, Domaine Denis Bachelet, Burgundy","1320","Case of 6 Bottles","https://www.bbr.com/products-20098137555-2009-gevrey-chambertin-les-corbeaux-1er-cru-vieilles-vignes-domaine-denis-bachelet-burgundy","1247761","20098137555"
"Domaine Denis Bachelet","2011","Gevrey-Chambertin, Les Corbeaux, 1er Cru, Vieilles Vignes, Domaine Denis Bachelet, Burgundy","750","Case of 6 Bottles","https://www.bbr.com/products-20118137555-2011-gevrey-chambertin-les-corbeaux-1er-cru-vieilles-vignes-domaine-denis-bachelet-burgundy","1247761","20118137555"
"Domaine Denis Bachelet","2014","Gevrey-Chambertin, Les Corbeaux, 1er Cru, Vieilles Vignes, Domaine Denis Bachelet, Burgundy","2650","Case of 12 Bottles","https://www.bbr.com/products-20148137555-2014-gevrey-chambertin-les-corbeaux-1er-cru-vieilles-vignes-domaine-denis-bachelet-burgundy","1247761","20148137555"
"Domaine Denis Bachelet","2019","Gevrey-Chambertin, Les Corbeaux, 1er Cru, Vieilles Vignes, Domaine Denis Bachelet, Burgundy","1575","Case of 6 Bottles","https://www.bbr.com/products-20198137555-2019-gevrey-chambertin-les-corbeaux-1er-cru-vieilles-vignes-domaine-denis-bachelet-burgundy","1247761","20198137555"
"Domaine Denis Bachelet","2020","Gevrey-Chambertin, Les Corbeaux, 1er Cru, Vieilles Vignes, Domaine Denis Bachelet, Burgundy","1200","Case of 6 Bottles","https://www.bbr.com/products-20208137555-2020-gevrey-chambertin-les-corbeaux-1er-cru-vieilles-vignes-domaine-denis-bachelet-burgundy","1247761","20208137555"
"Domaine A-F Gros","2019","Gevrey-Chambertin, Les Corvees, A.-F. Gros, Burgundy","370","Case of 6 Bottles","https://www.bbr.com/products-20198237981-2019-gevrey-chambertin-les-corvees-a-f-gros-burgundy","2145970","20198237981"
"Tortochot","2020","Gevrey-Chambertin, Les Corvees, Domaine Tortochot, Burgundy","160","Case of 6 Bottles","https://www.bbr.com/products-20208157034-2020-gevrey-chambertin-les-corvees-domaine-tortochot-burgundy","1142356","20208157034"
"Maison Camille Giroud","2019","Gevrey-Chambertin, Les Crais, Camille Giroud, Burgundy","331","Case of 6 Bottles","https://www.bbr.com/products-20198023911-2019-gevrey-chambertin-les-crais-camille-giroud-burgundy","1141955","20198023911"
"Maison Camille Giroud","2020","Gevrey-Chambertin, Les Crais, Camille Giroud, Burgundy","315","Case of 6 Bottles","https://www.bbr.com/products-20208023911-2020-gevrey-chambertin-les-crais-camille-giroud-burgundy","1141955","20208023911"
"Louis Boillot","2012","Gevrey-Chambertin, Les Evocelles, Domaine Louis Boillot & Fils, Burgundy","225","Case of 6 Bottles","https://www.bbr.com/products-20121021284-2012-gevrey-chambertin-les-evocelles-domaine-louis-boillot-fils-burgundy","1021284","20121021284"
"Louis Boillot","2014","Gevrey-Chambertin, Les Evocelles, Domaine Louis Boillot & Fils, Burgundy","250","Case of 6 Bottles","https://www.bbr.com/products-20141021284-2014-gevrey-chambertin-les-evocelles-domaine-louis-boillot-fils-burgundy","1021284","20141021284"
"Louis Boillot","2018","Gevrey-Chambertin, Les Evocelles, Domaine Louis Boillot & Fils, Burgundy","275","Case of 6 Bottles","https://www.bbr.com/products-20181021284-2018-gevrey-chambertin-les-evocelles-domaine-louis-boillot-fils-burgundy","1021284","20181021284"
"Louis Boillot","2015","Gevrey-Chambertin, Les Evocelles, Domaine Louis Boillot &amp; Fils, Burgundy","330","Case of 6 Bottles","https://www.bbr.com/products-20151021284-2015-gevrey-chambertin-les-evocelles-domaine-louis-boillot-and-fils-burgundy","1021284","20151021284"
"Philippe Charlopin","2018","Gevrey-Chambertin, Les Evocelles, Domaine Philippe Charlopin, Burgundy","734","Case of 12 Bottles","https://www.bbr.com/products-20188121705-2018-gevrey-chambertin-les-evocelles-domaine-philippe-charlopin-burgundy","1024748","20188121705"
"Philippe Charlopin","2020","Gevrey-Chambertin, Les Evocelles, Domaine Philippe Charlopin, Burgundy","778","Case of 12 Bottles","https://www.bbr.com/products-20208121705-2020-gevrey-chambertin-les-evocelles-domaine-philippe-charlopin-burgundy","1024748","20208121705"
"Gerard Quivy","2016","Gevrey-Chambertin, Les Evocelles, Domaine Thomson, Burgundy","490","Case of 6 Bottles","https://www.bbr.com/products-20168026576-2016-gevrey-chambertin-les-evocelles-domaine-thomson-burgundy","1437876","20168026576"
"Domaine de la Vougeraie","2006","Gevrey-Chambertin, Les Evocelles, Domaine de la Vougeraie, Burgundy","295","Case of 6 Bottles","https://www.bbr.com/products-20068005289-2006-gevrey-chambertin-les-evocelles-domaine-de-la-vougeraie-burgundy","1059416","20068005289"
"Domaine de la Vougeraie","2010","Gevrey-Chambertin, Les Evocelles, Domaine de la Vougeraie, Burgundy","260","Case of 6 Bottles","https://www.bbr.com/products-20108005289-2010-gevrey-chambertin-les-evocelles-domaine-de-la-vougeraie-burgundy","1059416","20108005289"
"Domaine de la Vougeraie","2010","Gevrey-Chambertin, Les Evocelles, Domaine de la Vougeraie, Burgundy","290","Case of 6 Bottles","https://www.bbr.com/products-20108005289-2010-gevrey-chambertin-les-evocelles-domaine-de-la-vougeraie-burgundy","1059416","20108005289"
"Domaine de la Vougeraie","2011","Gevrey-Chambertin, Les Evocelles, Domaine de la Vougeraie, Burgundy","330","Case of 6 Bottles","https://www.bbr.com/products-20118005289-2011-gevrey-chambertin-les-evocelles-domaine-de-la-vougeraie-burgundy","1059416","20118005289"
"Domaine de la Vougeraie","2015","Gevrey-Chambertin, Les Evocelles, Domaine de la Vougeraie, Burgundy","280","Case of 6 Bottles","https://www.bbr.com/products-20158005289-2015-gevrey-chambertin-les-evocelles-domaine-de-la-vougeraie-burgundy","1059416","20158005289"
"Domaine de la Vougeraie","2016","Gevrey-Chambertin, Les Evocelles, Domaine de la Vougeraie, Burgundy","270","Case of 6 Bottles","https://www.bbr.com/products-20168005289-2016-gevrey-chambertin-les-evocelles-domaine-de-la-vougeraie-burgundy","1059416","20168005289"
"Domaine de la Vougeraie","2017","Gevrey-Chambertin, Les Evocelles, Domaine de la Vougeraie, Burgundy","250","Case of 3 Magnums","https://www.bbr.com/products-20178005289-2017-gevrey-chambertin-les-evocelles-domaine-de-la-vougeraie-burgundy","1059416","20178005289"
"Domaine de la Vougeraie","2018","Gevrey-Chambertin, Les Evocelles, Domaine de la Vougeraie, Burgundy","280","Case of 6 Bottles","https://www.bbr.com/products-20188005289-2018-gevrey-chambertin-les-evocelles-domaine-de-la-vougeraie-burgundy","1059416","20188005289"
"Domaine de la Vougeraie","2019","Gevrey-Chambertin, Les Evocelles, Domaine de la Vougeraie, Burgundy","365","Case of 3 Magnums","https://www.bbr.com/products-20198005289-2019-gevrey-chambertin-les-evocelles-domaine-de-la-vougeraie-burgundy","1059416","20198005289"
"Domaine de la Vougeraie","2020","Gevrey-Chambertin, Les Evocelles, Domaine de la Vougeraie, Burgundy","390","Case of 6 Bottles","https://www.bbr.com/products-20208005289-2020-gevrey-chambertin-les-evocelles-domaine-de-la-vougeraie-burgundy","1059416","20208005289"
"Domaine de la Vougeraie","2021","Gevrey-Chambertin, Les Evocelles, Domaine de la Vougeraie, Burgundy","397","Case of 6 Bottles","https://www.bbr.com/products-20218005289-2021-gevrey-chambertin-les-evocelles-domaine-de-la-vougeraie-burgundy","1059416","20218005289"
"Domaine de la Vougeraie","2022","Gevrey-Chambertin, Les Evocelles, Domaine de la Vougeraie, Burgundy","415","Case of 6 Bottles","https://www.bbr.com/products-20228005289-2022-gevrey-chambertin-les-evocelles-domaine-de-la-vougeraie-burgundy","1059416","20228005289"
"Domaine de la Vougeraie","2015","Gevrey-Chambertin, Les Evocelles, En Foule, Domaine de la Vougeraie,Burgundy","370","Case of 3 Magnums","https://www.bbr.com/products-20158020734-2015-gevrey-chambertin-les-evocelles-en-foule-domaine-de-la-vougeraie-burgundy","1171341","20158020734"
"Dugat-Py","2018","Gevrey-Chambertin, Les Evocelles, Tres Vieilles Vignes, Domaine Dugat-Py, Burgundy","1095","Case of 6 Bottles","https://www.bbr.com/products-20188122034-2018-gevrey-chambertin-les-evocelles-tres-vieilles-vignes-domaine-dugat-py-burgundy","1030224","20188122034"
"Domaine Joseph Roty","2008","Gevrey-Chambertin, Les Fontenys, 1er Cru, Domaine Joseph Roty, Burgundy","1100","Case of 12 Bottles","https://www.bbr.com/products-20088120173-2008-gevrey-chambertin-les-fontenys-1er-cru-domaine-joseph-roty-burgundy","1056385","20088120173"
"Domaine Joseph Roty","2009","Gevrey-Chambertin, Les Fontenys, 1er Cru, Domaine Joseph Roty, Burgundy","2000","Case of 12 Bottles","https://www.bbr.com/products-20098120173-2009-gevrey-chambertin-les-fontenys-1er-cru-domaine-joseph-roty-burgundy","1056385","20098120173"
"Domaine Joseph Roty","2010","Gevrey-Chambertin, Les Fontenys, 1er Cru, Domaine Joseph Roty, Burgundy","700","Case of 6 Bottles","https://www.bbr.com/products-20108120173-2010-gevrey-chambertin-les-fontenys-1er-cru-domaine-joseph-roty-burgundy","1056385","20108120173"
"Frederic Cossard","2019","Gevrey-Chambertin, Les Genevrieres, Frederic Cossard, Burgundy","680","Case of 6 Bottles","https://www.bbr.com/products-20198037884-2019-gevrey-chambertin-les-genevrieres-frederic-cossard-burgundy","1812554","20198037884"
"Benjamin Leroux","2016","Gevrey-Chambertin, Les Goulots, 1er Cru, Benjamin Leroux, Burgundy","399","Case of 6 Bottles","https://www.bbr.com/products-20161321065-2016-gevrey-chambertin-les-goulots-1er-cru-benjamin-leroux-burgundy","1321065","20161321065"
"Benjamin Leroux","2017","Gevrey-Chambertin, Les Goulots, 1er Cru, Benjamin Leroux, Burgundy","515","Case of 6 Bottles","https://www.bbr.com/products-20171321065-2017-gevrey-chambertin-les-goulots-1er-cru-benjamin-leroux-burgundy","1321065","20171321065"
"Tortochot","2017","Gevrey-Chambertin, Les Jeunes Rois, Domaine Tortochot, Burgundy","215","Case of 6 Bottles","https://www.bbr.com/products-20178168847-2017-gevrey-chambertin-les-jeunes-rois-domaine-tortochot-burgundy","1194355","20178168847"
"Tortochot","2019","Gevrey-Chambertin, Les Jeunes Rois, Domaine Tortochot, Burgundy","204","Case of 6 Bottles","https://www.bbr.com/products-20198168847-2019-gevrey-chambertin-les-jeunes-rois-domaine-tortochot-burgundy","1194355","20198168847"
"Domaine le Guellec-Ducouet","2021","Gevrey-Chambertin, Les Jeunes Rois, Domaine le Guellec-Ducouet, Burgundy","400","Case of 6 Bottles","https://www.bbr.com/products-20218316424-2021-gevrey-chambertin-les-jeunes-rois-domaine-le-guellec-ducouet-burgundy","2854054","20218316424"
"Gerard Quivy","2015","Gevrey-Chambertin, Les Journeaux, Gerard Quivy","250","Case of 6 Bottles","https://www.bbr.com/products-20158026592-2015-gevrey-chambertin-les-journeaux-gerard-quivy","1373699","20158026592"
"Gerard Quivy","2017","Gevrey-Chambertin, Les Journeaux, Gerard Quivy","250","Case of 6 Bottles","https://www.bbr.com/products-20178026592-2017-gevrey-chambertin-les-journeaux-gerard-quivy","1373699","20178026592"
"Domaine Pierre Naigeon","2021","Gevrey-Chambertin, Les Marchais, Domaine Les Astrelles, Burgundy","850","Case of 6 Bottles","https://www.bbr.com/products-20218179689-2021-gevrey-chambertin-les-marchais-domaine-les-astrelles-burgundy","2999687","20218179689"
"Domaine Guyon","2015","Gevrey-Chambertin, Les Platieres, Domaine Guyon, Burgundy","420","Case of 6 Bottles","https://www.bbr.com/products-20158013802-2015-gevrey-chambertin-les-platieres-domaine-guyon-burgundy","1315231","20158013802"
"Domaine Guyon","2016","Gevrey-Chambertin, Les Platieres, Domaine Guyon, Burgundy","408","Case of 6 Bottles","https://www.bbr.com/products-20168013802-2016-gevrey-chambertin-les-platieres-domaine-guyon-burgundy","1315231","20168013802"
"Domaine Guyon","2017","Gevrey-Chambertin, Les Platieres, Domaine Guyon, Burgundy","341.5","Case of 6 Bottles","https://www.bbr.com/products-20178013802-2017-gevrey-chambertin-les-platieres-domaine-guyon-burgundy","1315231","20178013802"
"Domaine Guyon","2018","Gevrey-Chambertin, Les Platieres, Domaine Guyon, Burgundy","365","Case of 6 Bottles","https://www.bbr.com/products-20188013802-2018-gevrey-chambertin-les-platieres-domaine-guyon-burgundy","1315231","20188013802"
"Domaine Guyon","2019","Gevrey-Chambertin, Les Platieres, Domaine Guyon, Burgundy","415","Case of 6 Bottles","https://www.bbr.com/products-20198013802-2019-gevrey-chambertin-les-platieres-domaine-guyon-burgundy","1315231","20198013802"
"Domaine Guyon","2020","Gevrey-Chambertin, Les Platieres, Domaine Guyon, Burgundy","359","Case of 6 Bottles","https://www.bbr.com/products-20208013802-2020-gevrey-chambertin-les-platieres-domaine-guyon-burgundy","1315231","20208013802"
"Domaine Guyon","2021","Gevrey-Chambertin, Les Platieres, Domaine Guyon, Burgundy","400","Case of 6 Bottles","https://www.bbr.com/products-20218013802-2021-gevrey-chambertin-les-platieres-domaine-guyon-burgundy","1315231","20218013802"
"Domaine Guyon","2022","Gevrey-Chambertin, Les Platieres, Domaine Guyon, Burgundy","580","Case of 6 Bottles","https://www.bbr.com/products-20228013802-2022-gevrey-chambertin-les-platieres-domaine-guyon-burgundy","1315231","20228013802"
"Domaine Robert Groffier","2019","Gevrey-Chambertin, Les Seuverees, Domaine Robert Groffier Pere & Fils, Burgundy","504","Case of 6 Bottles","https://www.bbr.com/products-20198111654-2019-gevrey-chambertin-les-seuverees-domaine-robert-groffier-pere-fils-burgundy","1225549","20198111654"
"Hubert Lignier","2016","Gevrey-Chambertin, Les Seuvrees, Domaine Hubert Lignier, Burgundy","300","Case of 6 Bottles","https://www.bbr.com/products-20168063386-2016-gevrey-chambertin-les-seuvrees-domaine-hubert-lignier-burgundy","1150937","20168063386"
"Domaine Robert Groffier","2021","Gevrey-Chambertin, Les Seuvrees, Domaine Robert Groffier Pere & Fils, Burgundy","888","Case of 6 Bottles","https://www.bbr.com/products-20218111654-2021-gevrey-chambertin-les-seuvrees-domaine-robert-groffier-pere-fils-burgundy","1225549","20218111654"
"Domaine Heresztyn","2015","Gevrey-Chambertin, Les Songes, Vieilles Vignes, Domaine Heresztyn- Mazzini, Burgundy","300","Case of 6 Bottles","https://www.bbr.com/products-20158160854-2015-gevrey-chambertin-les-songes-vieilles-vignes-domaine-heresztyn-mazzini-burgundy","1373165","20158160854"
"Domaine Denis Bachelet","2014","Gevrey-Chambertin, Les Evocelles, Vieilles Vignes, Domaine Denis Bachelet, Burgundy","900","Case of 6 Bottles","https://www.bbr.com/products-20148030205-2014-gevrey-chambertin-les-evocelles-vieilles-vignes-domaine-denis-bachelet-burgundy","1176607","20148030205"
"Domaine Denis Bachelet","2016","Gevrey-Chambertin, Les Evocelles, Vieilles Vignes, Domaine Denis Bachelet, Burgundy","360","Case of 1 Bottles","https://www.bbr.com/products-20168030205-2016-gevrey-chambertin-les-evocelles-vieilles-vignes-domaine-denis-bachelet-burgundy","1176607","20168030205"
"Louis Jadot","2021","Gevrey-Chambertin, Louis Jadot, Burgundy","255","Case of 3 Bottles","https://www.bbr.com/products-20218240307-2021-gevrey-chambertin-louis-jadot-burgundy","1038187","20218240307"
"Arnaud Mortet","2018","Gevrey-Chambertin, Ma Cuvee, Arnaud Mortet, Burgundy","348","Case of 6 Bottles","https://www.bbr.com/products-20188147909-2018-gevrey-chambertin-ma-cuvee-arnaud-mortet-burgundy","1975952","20188147909"
"Arnaud Mortet","2018","Gevrey-Chambertin, Ma Cuvee, Arnaud Mortet, Burgundy","350","Case of 3 Magnums","https://www.bbr.com/products-20188147909-2018-gevrey-chambertin-ma-cuvee-arnaud-mortet-burgundy","1975952","20188147909"
"Arnaud Mortet","2019","Gevrey-Chambertin, Ma Cuvee, Arnaud Mortet, Burgundy","450","Case of 6 Bottles","https://www.bbr.com/products-20191642540-2019-gevrey-chambertin-ma-cuvee-arnaud-mortet-burgundy","1642540","20191642540"
"Arnaud Mortet","2019","Gevrey-Chambertin, Ma Cuvee, Arnaud Mortet, Burgundy","460","Case of 3 Magnums","https://www.bbr.com/products-20191642540-2019-gevrey-chambertin-ma-cuvee-arnaud-mortet-burgundy","1642540","20191642540"
"Arnaud Mortet","2020","Gevrey-Chambertin, Ma Cuvee, Arnaud Mortet, Burgundy","545","Case of 6 Bottles","https://www.bbr.com/products-20201642540-2020-gevrey-chambertin-ma-cuvee-arnaud-mortet-burgundy","1642540","20201642540"
"Arnaud Mortet","2021","Gevrey-Chambertin, Ma Cuvee, Arnaud Mortet, Burgundy","2200","Case of 6 Bottles","https://www.bbr.com/products-20211642540-2021-gevrey-chambertin-ma-cuvee-arnaud-mortet-burgundy","1642540","20211642540"
"Arnaud Mortet","2022","Gevrey-Chambertin, Ma Cuvee, Arnaud Mortet, Burgundy","430","Case of 6 Bottles","https://www.bbr.com/products-20221642540-2022-gevrey-chambertin-ma-cuvee-arnaud-mortet-burgundy","1642540","20221642540"
"Arnaud Mortet","2022","Gevrey-Chambertin, Ma Cuvee, Arnaud Mortet, Burgundy","900","Case of 3 Magnums","https://www.bbr.com/products-20221642540-2022-gevrey-chambertin-ma-cuvee-arnaud-mortet-burgundy","1642540","20221642540"
"Denis Mortet","2013","Gevrey-Chambertin, Mes Cinq Terroirs, Domaine Denis Mortet, Burgundy","440","Case of 6 Bottles","https://www.bbr.com/products-20131224571-2013-gevrey-chambertin-mes-cinq-terroirs-domaine-denis-mortet-burgundy","1224571","20131224571"
"Denis Mortet","2014","Gevrey-Chambertin, Mes Cinq Terroirs, Domaine Denis Mortet, Burgundy","435","Case of 6 Bottles","https://www.bbr.com/products-20141224571-2014-gevrey-chambertin-mes-cinq-terroirs-domaine-denis-mortet-burgundy","1224571","20141224571"
"Denis Mortet","2015","Gevrey-Chambertin, Mes Cinq Terroirs, Domaine Denis Mortet, Burgundy","700","Case of 6 Bottles","https://www.bbr.com/products-20151224571-2015-gevrey-chambertin-mes-cinq-terroirs-domaine-denis-mortet-burgundy","1224571","20151224571"
"Denis Mortet","2015","Gevrey-Chambertin, Mes Cinq Terroirs, Domaine Denis Mortet, Burgundy","800","Case of 6 Bottles","https://www.bbr.com/products-20151224571-2015-gevrey-chambertin-mes-cinq-terroirs-domaine-denis-mortet-burgundy","1224571","20151224571"
"Denis Mortet","2017","Gevrey-Chambertin, Mes Cinq Terroirs, Domaine Denis Mortet, Burgundy","450","Case of 6 Bottles","https://www.bbr.com/products-20171224571-2017-gevrey-chambertin-mes-cinq-terroirs-domaine-denis-mortet-burgundy","1224571","20171224571"
"Denis Mortet","2018","Gevrey-Chambertin, Mes Cinq Terroirs, Domaine Denis Mortet, Burgundy","495","Case of 6 Bottles","https://www.bbr.com/products-20181224571-2018-gevrey-chambertin-mes-cinq-terroirs-domaine-denis-mortet-burgundy","1224571","20181224571"
"Denis Mortet","2019","Gevrey-Chambertin, Mes Cinq Terroirs, Domaine Denis Mortet, Burgundy","500","Case of 6 Bottles","https://www.bbr.com/products-20191224571-2019-gevrey-chambertin-mes-cinq-terroirs-domaine-denis-mortet-burgundy","1224571","20191224571"
"Denis Mortet","2022","Gevrey-Chambertin, Mes Cinq Terroirs, Domaine Denis Mortet, Burgundy","500","Case of 6 Bottles","https://www.bbr.com/products-20221224571-2022-gevrey-chambertin-mes-cinq-terroirs-domaine-denis-mortet-burgundy","1224571","20221224571"
"Domaine Jean-Luc & Eric Burguet","2005","Gevrey-Chambertin, Mes Favorites, Vieilles Vignes, Alain Burguet, Burgundy","1248","Case of 12 Bottles","https://www.bbr.com/products-20058008684-2005-gevrey-chambertin-mes-favorites-vieilles-vignes-alain-burguet-burgundy","1216932","20058008684"
"Domaine Jean-Luc & Eric Burguet","2010","Gevrey-Chambertin, Mes Favorites, Vieilles Vignes, Alain Burguet, Burgundy","620","Case of 12 Bottles","https://www.bbr.com/products-20108008684-2010-gevrey-chambertin-mes-favorites-vieilles-vignes-alain-burguet-burgundy","1216932","20108008684"
"Domaine Jean-Luc & Eric Burguet","2011","Gevrey-Chambertin, Mes Favorites, Vieilles Vignes, Alain Burguet, Burgundy","445","Case of 12 Bottles","https://www.bbr.com/products-20118008684-2011-gevrey-chambertin-mes-favorites-vieilles-vignes-alain-burguet-burgundy","1216932","20118008684"
"Domaine Jean-Luc & Eric Burguet","2012","Gevrey-Chambertin, Mes Favorites, Vieilles Vignes, Alain Burguet, Burgundy","520","Case of 12 Bottles","https://www.bbr.com/products-20128008684-2012-gevrey-chambertin-mes-favorites-vieilles-vignes-alain-burguet-burgundy","1216932","20128008684"
"Domaine Jean-Luc & Eric Burguet","2013","Gevrey-Chambertin, Mes Favorites, Vieilles Vignes, Alain Burguet, Burgundy","420","Case of 12 Bottles","https://www.bbr.com/products-20138008684-2013-gevrey-chambertin-mes-favorites-vieilles-vignes-alain-burguet-burgundy","1216932","20138008684"
"Domaine Trapet","2015","Gevrey-Chambertin, Ostrea, Domaine Trapet Pere & Fils, Burgundy","650","Case of 12 Bottles","https://www.bbr.com/products-20158120069-2015-gevrey-chambertin-ostrea-domaine-trapet-pere-fils-burgundy","1058637","20158120069"
"Domaine Trapet","2017","Gevrey-Chambertin, Ostrea, Domaine Trapet Pere & Fils, Burgundy","870","Case of 12 Bottles","https://www.bbr.com/products-20178120069-2017-gevrey-chambertin-ostrea-domaine-trapet-pere-fils-burgundy","1058637","20178120069"
"Domaine Marchand-Grillot","2019","Gevrey-Chambertin, Petite Chapelle, 1er Cru, Domaine Marchand-Grillot, Burgundy","120","Case of 1 Bottles","https://www.bbr.com/products-20198171960-2019-gevrey-chambertin-petite-chapelle-1er-cru-domaine-marchand-grillot-burgundy","1046133","20198171960"
"Domaine Rossignol-Trapet","2013","Gevrey-Chambertin, Petite Chapelle, 1er Cru, Domaine Rossignol- Trapet, Burgundy","1100","Case of 12 Bottles","https://www.bbr.com/products-20131055939-2013-gevrey-chambertin-petite-chapelle-1er-cru-domaine-rossignol-trapet-burgundy","1055939","20131055939"
"Domaine Rossignol-Trapet","2013","Gevrey-Chambertin, Petite Chapelle, 1er Cru, Domaine Rossignol- Trapet, Burgundy","450","Case of 6 Bottles","https://www.bbr.com/products-20131055939-2013-gevrey-chambertin-petite-chapelle-1er-cru-domaine-rossignol-trapet-burgundy","1055939","20131055939"
"Domaine Rossignol-Trapet","2008","Gevrey-Chambertin, Petite Chapelle, 1er Cru, Domaine Rossignol-Trapet, Burgundy","895","Case of 12 Bottles","https://www.bbr.com/products-20081055939-2008-gevrey-chambertin-petite-chapelle-1er-cru-domaine-rossignol-trapet-burgundy","1055939","20081055939"
"Domaine Rossignol-Trapet","2009","Gevrey-Chambertin, Petite Chapelle, 1er Cru, Domaine Rossignol-Trapet, Burgundy","1200","Case of 12 Bottles","https://www.bbr.com/products-20091055939-2009-gevrey-chambertin-petite-chapelle-1er-cru-domaine-rossignol-trapet-burgundy","1055939","20091055939"
"Domaine Rossignol-Trapet","2011","Gevrey-Chambertin, Petite Chapelle, 1er Cru, Domaine Rossignol-Trapet, Burgundy","860","Case of 12 Bottles","https://www.bbr.com/products-20111055939-2011-gevrey-chambertin-petite-chapelle-1er-cru-domaine-rossignol-trapet-burgundy","1055939","20111055939"
"Domaine Rossignol-Trapet","2011","Gevrey-Chambertin, Petite Chapelle, 1er Cru, Domaine Rossignol-Trapet, Burgundy","398","Case of 6 Bottles","https://www.bbr.com/products-20111055939-2011-gevrey-chambertin-petite-chapelle-1er-cru-domaine-rossignol-trapet-burgundy","1055939","20111055939"
"Domaine Rossignol-Trapet","2015","Gevrey-Chambertin, Petite Chapelle, 1er Cru, Domaine Rossignol-Trapet, Burgundy","370","Case of 6 Bottles","https://www.bbr.com/products-20151055939-2015-gevrey-chambertin-petite-chapelle-1er-cru-domaine-rossignol-trapet-burgundy","1055939","20151055939"
"Domaine Rossignol-Trapet","2017","Gevrey-Chambertin, Petite Chapelle, 1er Cru, Domaine Rossignol-Trapet, Burgundy","450","Case of 6 Bottles","https://www.bbr.com/products-20171055939-2017-gevrey-chambertin-petite-chapelle-1er-cru-domaine-rossignol-trapet-burgundy","1055939","20171055939"
"Domaine Rossignol-Trapet","2018","Gevrey-Chambertin, Petite Chapelle, 1er Cru, Domaine Rossignol-Trapet, Burgundy","420","Case of 6 Bottles","https://www.bbr.com/products-20181055939-2018-gevrey-chambertin-petite-chapelle-1er-cru-domaine-rossignol-trapet-burgundy","1055939","20181055939"
"Domaine Rossignol-Trapet","2018","Gevrey-Chambertin, Petite Chapelle, 1er Cru, Domaine Rossignol-Trapet, Burgundy","455","Case of 6 Bottles","https://www.bbr.com/products-20181055939-2018-gevrey-chambertin-petite-chapelle-1er-cru-domaine-rossignol-trapet-burgundy","1055939","20181055939"
"Domaine Rossignol-Trapet","2019","Gevrey-Chambertin, Petite Chapelle, 1er Cru, Domaine Rossignol-Trapet, Burgundy","480","Case of 6 Bottles","https://www.bbr.com/products-20191055939-2019-gevrey-chambertin-petite-chapelle-1er-cru-domaine-rossignol-trapet-burgundy","1055939","20191055939"
"Dugat-Py","2014","Gevrey-Chambertin, Petite Chapelle, 1er Cru, Vieilles Vignes, DomaineDugat-Py, Burgundy","1100","Case of 6 Bottles","https://www.bbr.com/products-20148122018-2014-gevrey-chambertin-petite-chapelle-1er-cru-vieilles-vignes-domainedugat-py-burgundy","1030240","20148122018"
"Dugat-Py","2019","Gevrey-Chambertin, Petite Chapelle, 1er Cru, Vieilles Vignes, DomaineDugat-Py, Burgundy","1995","Case of 6 Bottles","https://www.bbr.com/products-20198122018-2019-gevrey-chambertin-petite-chapelle-1er-cru-vieilles-vignes-domainedugat-py-burgundy","1030240","20198122018"
"Philippe Pacalet","2017","Gevrey-Chambertin, Philippe Pacalet, Burgundy","835","Case of 12 Bottles","https://www.bbr.com/products-20178218236-2017-gevrey-chambertin-philippe-pacalet-burgundy","1049961","20178218236"
"Philippe Pacalet","2018","Gevrey-Chambertin, Philippe Pacalet, Burgundy","903","Case of 12 Bottles","https://www.bbr.com/products-20188218236-2018-gevrey-chambertin-philippe-pacalet-burgundy","1049961","20188218236"
"Philippe Pacalet","2019","Gevrey-Chambertin, Philippe Pacalet, Burgundy","799","Case of 12 Bottles","https://www.bbr.com/products-20198218236-2019-gevrey-chambertin-philippe-pacalet-burgundy","1049961","20198218236"
"Philippe Pacalet","2020","Gevrey-Chambertin, Philippe Pacalet, Burgundy","1000","Case of 6 Magnums","https://www.bbr.com/products-20208218236-2020-gevrey-chambertin-philippe-pacalet-burgundy","1049961","20208218236"
"Domaine Duroche","2021","Gevrey-Chambertin, Pierre &amp; Marianne Duroche, Burgundy","195","Case of 3 Bottles","https://www.bbr.com/products-20218401443-2021-gevrey-chambertin-pierre-and-marianne-duroche-burgundy","2945147","20218401443"
"Rene Bouvier","2017","Gevrey-Chambertin, Racines du Temps, Tres Vieilles Vignes, Domaine Rene Bouvier, Burgundy","275","Case of 6 Bottles","https://www.bbr.com/products-20178209775-2017-gevrey-chambertin-racines-du-temps-tres-vieilles-vignes-domaine-rene-bouvier-burgundy","1198106","20178209775"
"Rene Bouvier","2021","Gevrey-Chambertin, Racines du Temps, Tres Vieilles Vignes, Domaine Rene Bouvier, Burgundy","444","Case of 6 Bottles","https://www.bbr.com/products-20218209775-2021-gevrey-chambertin-racines-du-temps-tres-vieilles-vignes-domaine-rene-bouvier-burgundy","1198106","20218209775"
"Rene Bouvier","2022","Gevrey-Chambertin, Racines du Temps, Tres Vieilles Vignes, Domaine Rene Bouvier, Burgundy","450","Case of 6 Bottles","https://www.bbr.com/products-20228209775-2022-gevrey-chambertin-racines-du-temps-tres-vieilles-vignes-domaine-rene-bouvier-burgundy","1198106","20228209775"
"Domaine Jean-Luc & Eric Burguet","2014","Gevrey-Chambertin, Symphonie, Jean-Luc &amp; Eric Burguet, Burgundy","395","Case of 12 Bottles","https://www.bbr.com/products-20148008697-2014-gevrey-chambertin-symphonie-jean-luc-and-eric-burguet-burgundy","1171048","20148008697"
"Domaine Jean-Luc & Eric Burguet","2015","Gevrey-Chambertin, Symphonie, Jean-Luc &amp; Eric Burguet, Burgundy","420","Case of 12 Bottles","https://www.bbr.com/products-20158008697-2015-gevrey-chambertin-symphonie-jean-luc-and-eric-burguet-burgundy","1171048","20158008697"
"Domaine Jean-Luc & Eric Burguet","2019","Gevrey-Chambertin, Symphonie, Jean-Luc &amp; Eric Burguet, Burgundy","499","Case of 12 Bottles","https://www.bbr.com/products-20198008697-2019-gevrey-chambertin-symphonie-jean-luc-and-eric-burguet-burgundy","1171048","20198008697"
"Domaine Fourrier","2009","Gevrey-Chambertin, Vieille Vigne, Domaine Fourrier, Burgundy","950","Case of 6 Bottles","https://www.bbr.com/products-20098227292-2009-gevrey-chambertin-vieille-vigne-domaine-fourrier-burgundy","1032361","20098227292"
"Domaine Fourrier","2022","Gevrey-Chambertin, Vieille Vigne, Domaine Fourrier, Burgundy","669","Case of 6 Bottles","https://www.bbr.com/products-20228227292-2022-gevrey-chambertin-vieille-vigne-domaine-fourrier-burgundy","1032361","20228227292"
"Domaine Fourrier","2023","Gevrey-Chambertin, Vieille Vigne, Domaine Fourrier, Burgundy","669","Case of 6 Bottles","https://www.bbr.com/products-20238227292-2023-gevrey-chambertin-vieille-vigne-domaine-fourrier-burgundy","1032361","20238227292"
"Domaine Denis Bachelet","2006","Gevrey-Chambertin, Vieilles Vignes, Domaine Denis Bachelet, Burgundy","1100","Case of 12 Bottles","https://www.bbr.com/products-20068005612-2006-gevrey-chambertin-vieilles-vignes-domaine-denis-bachelet-burgundy","1019272","20068005612"
"Domaine Denis Bachelet","2008","Gevrey-Chambertin, Vieilles Vignes, Domaine Denis Bachelet, Burgundy","750","Case of 12 Bottles","https://www.bbr.com/products-20088005612-2008-gevrey-chambertin-vieilles-vignes-domaine-denis-bachelet-burgundy","1019272","20088005612"
"Domaine Denis Bachelet","2010","Gevrey-Chambertin, Vieilles Vignes, Domaine Denis Bachelet, Burgundy","650","Case of 6 Bottles","https://www.bbr.com/products-20108005612-2010-gevrey-chambertin-vieilles-vignes-domaine-denis-bachelet-burgundy","1019272","20108005612"
"Domaine Denis Bachelet","2012","Gevrey-Chambertin, Vieilles Vignes, Domaine Denis Bachelet, Burgundy","350","Case of 6 Bottles","https://www.bbr.com/products-20128005612-2012-gevrey-chambertin-vieilles-vignes-domaine-denis-bachelet-burgundy","1019272","20128005612"
"Domaine Denis Bachelet","2013","Gevrey-Chambertin, Vieilles Vignes, Domaine Denis Bachelet, Burgundy","430","Case of 6 Bottles","https://www.bbr.com/products-20138005612-2013-gevrey-chambertin-vieilles-vignes-domaine-denis-bachelet-burgundy","1019272","20138005612"
"Domaine Denis Bachelet","2014","Gevrey-Chambertin, Vieilles Vignes, Domaine Denis Bachelet, Burgundy","498","Case of 6 Bottles","https://www.bbr.com/products-20148005612-2014-gevrey-chambertin-vieilles-vignes-domaine-denis-bachelet-burgundy","1019272","20148005612"
"Denis Mortet","2011","Gevrey-Chambertin, Vieilles Vignes, Domaine Denis Mortet, Burgundy","450","Case of 6 Bottles","https://www.bbr.com/products-20118018676-2011-gevrey-chambertin-vieilles-vignes-domaine-denis-mortet-burgundy","1241176","20118018676"
"Denis Mortet","2012","Gevrey-Chambertin, Vieilles Vignes, Domaine Denis Mortet, Burgundy","750","Case of 6 Bottles","https://www.bbr.com/products-20128018676-2012-gevrey-chambertin-vieilles-vignes-domaine-denis-mortet-burgundy","1241176","20128018676"
"Dugat-Py","2014","Gevrey-Chambertin, Vieilles Vignes, Domaine Dugat-Py, Burgundy","495","Case of 6 Bottles","https://www.bbr.com/products-20141030253-2014-gevrey-chambertin-vieilles-vignes-domaine-dugat-py-burgundy","1030253","20141030253"
"Dugat-Py","2016","Gevrey-Chambertin, Vieilles Vignes, Domaine Dugat-Py, Burgundy","1600","Case of 6 Bottles","https://www.bbr.com/products-20161030253-2016-gevrey-chambertin-vieilles-vignes-domaine-dugat-py-burgundy","1030253","20161030253"
"Dugat-Py","2017","Gevrey-Chambertin, Vieilles Vignes, Domaine Dugat-Py, Burgundy","465","Case of 6 Bottles","https://www.bbr.com/products-20171030253-2017-gevrey-chambertin-vieilles-vignes-domaine-dugat-py-burgundy","1030253","20171030253"
"Dugat-Py","2019","Gevrey-Chambertin, Vieilles Vignes, Domaine Dugat-Py, Burgundy","695","Case of 6 Bottles","https://www.bbr.com/products-20191030253-2019-gevrey-chambertin-vieilles-vignes-domaine-dugat-py-burgundy","1030253","20191030253"
"Dugat-Py","2020","Gevrey-Chambertin, Vieilles Vignes, Domaine Dugat-Py, Burgundy","525","Case of 6 Bottles","https://www.bbr.com/products-20201030253-2020-gevrey-chambertin-vieilles-vignes-domaine-dugat-py-burgundy","1030253","20201030253"
"Domaine Rossignol-Trapet","2009","Gevrey-Chambertin, Vieilles Vignes, Domaine Rossignol-Trapet, Burgundy","450","Case of 12 Bottles","https://www.bbr.com/products-20098009320-2009-gevrey-chambertin-vieilles-vignes-domaine-rossignol-trapet-burgundy","1055968","20098009320"
"Domaine Rossignol-Trapet","2010","Gevrey-Chambertin, Vieilles Vignes, Domaine Rossignol-Trapet, Burgundy","650","Case of 12 Bottles","https://www.bbr.com/products-20108009320-2010-gevrey-chambertin-vieilles-vignes-domaine-rossignol-trapet-burgundy","1055968","20108009320"
"Domaine Rossignol-Trapet","2013","Gevrey-Chambertin, Vieilles Vignes, Domaine Rossignol-Trapet, Burgundy","220","Case of 6 Bottles","https://www.bbr.com/products-20138009320-2013-gevrey-chambertin-vieilles-vignes-domaine-rossignol-trapet-burgundy","1055968","20138009320"
"Domaine Rossignol-Trapet","2015","Gevrey-Chambertin, Vieilles Vignes, Domaine Rossignol-Trapet, Burgundy","438","Case of 12 Bottles","https://www.bbr.com/products-20158009320-2015-gevrey-chambertin-vieilles-vignes-domaine-rossignol-trapet-burgundy","1055968","20158009320"
"Domaine Rossignol-Trapet","2015","Gevrey-Chambertin, Vieilles Vignes, Domaine Rossignol-Trapet, Burgundy","230","Case of 6 Bottles","https://www.bbr.com/products-20158009320-2015-gevrey-chambertin-vieilles-vignes-domaine-rossignol-trapet-burgundy","1055968","20158009320"
"Domaine Rossignol-Trapet","2016","Gevrey-Chambertin, Vieilles Vignes, Domaine Rossignol-Trapet, Burgundy","300","Case of 6 Bottles","https://www.bbr.com/products-20168009320-2016-gevrey-chambertin-vieilles-vignes-domaine-rossignol-trapet-burgundy","1055968","20168009320"
"Domaine Rossignol-Trapet","2019","Gevrey-Chambertin, Vieilles Vignes, Domaine Rossignol-Trapet, Burgundy","225","Case of 6 Bottles","https://www.bbr.com/products-20198009320-2019-gevrey-chambertin-vieilles-vignes-domaine-rossignol-trapet-burgundy","1055968","20198009320"
"Domaine Rossignol-Trapet","2020","Gevrey-Chambertin, Vieilles Vignes, Domaine Rossignol-Trapet, Burgundy","270","Case of 3 Magnums","https://www.bbr.com/products-20208009320-2020-gevrey-chambertin-vieilles-vignes-domaine-rossignol-trapet-burgundy","1055968","20208009320"
"Domaine Rossignol-Trapet","2021","Gevrey-Chambertin, Vieilles Vignes, Domaine Rossignol-Trapet, Burgundy","270","Case of 6 Bottles","https://www.bbr.com/products-20218009320-2021-gevrey-chambertin-vieilles-vignes-domaine-rossignol-trapet-burgundy","1055968","20218009320"
"Domaine Rossignol-Trapet","2022","Gevrey-Chambertin, Vieilles Vignes, Domaine Rossignol-Trapet, Burgundy","296","Case of 6 Bottles","https://www.bbr.com/products-20228009320-2022-gevrey-chambertin-vieilles-vignes-domaine-rossignol-trapet-burgundy","1055968","20228009320"
"Domaine Sylvie Esmonin","2009","Gevrey-Chambertin, Vieilles Vignes, Domaine Sylvie Esmonin, Burgundy","630","Case of 12 Bottles","https://www.bbr.com/products-20091031120-2009-gevrey-chambertin-vieilles-vignes-domaine-sylvie-esmonin-burgundy","1031120","20091031120"
"Domaine Sylvie Esmonin","2010","Gevrey-Chambertin, Vieilles Vignes, Domaine Sylvie Esmonin, Burgundy","1200","Case of 12 Bottles","https://www.bbr.com/products-20101031120-2010-gevrey-chambertin-vieilles-vignes-domaine-sylvie-esmonin-burgundy","1031120","20101031120"
"Domaine Sylvie Esmonin","2013","Gevrey-Chambertin, Vieilles Vignes, Domaine Sylvie Esmonin, Burgundy","515","Case of 12 Bottles","https://www.bbr.com/products-20131031120-2013-gevrey-chambertin-vieilles-vignes-domaine-sylvie-esmonin-burgundy","1031120","20131031120"
"Domaine Sylvie Esmonin","2014","Gevrey-Chambertin, Vieilles Vignes, Domaine Sylvie Esmonin, Burgundy","575","Case of 12 Bottles","https://www.bbr.com/products-20141031120-2014-gevrey-chambertin-vieilles-vignes-domaine-sylvie-esmonin-burgundy","1031120","20141031120"
"Domaine Sylvie Esmonin","2015","Gevrey-Chambertin, Vieilles Vignes, Domaine Sylvie Esmonin, Burgundy","850","Case of 12 Bottles","https://www.bbr.com/products-20151031120-2015-gevrey-chambertin-vieilles-vignes-domaine-sylvie-esmonin-burgundy","1031120","20151031120"
"Domaine Sylvie Esmonin","2018","Gevrey-Chambertin, Vieilles Vignes, Domaine Sylvie Esmonin, Burgundy","750","Case of 12 Bottles","https://www.bbr.com/products-20181031120-2018-gevrey-chambertin-vieilles-vignes-domaine-sylvie-esmonin-burgundy","1031120","20181031120"
"Domaine Sylvie Esmonin","2021","Gevrey-Chambertin, Vieilles Vignes, Domaine Sylvie Esmonin, Burgundy","460","Case of 6 Bottles","https://www.bbr.com/products-20211031120-2021-gevrey-chambertin-vieilles-vignes-domaine-sylvie-esmonin-burgundy","1031120","20211031120"
"Domaine Sylvie Esmonin","2023","Gevrey-Chambertin, Vieilles Vignes, Domaine Sylvie Esmonin, Burgundy","696","Case of 6 Bottles","https://www.bbr.com/products-20231031120-2023-gevrey-chambertin-vieilles-vignes-domaine-sylvie-esmonin-burgundy","1031120","20231031120"
"Domaine Serafin Pere & Fils","2007","Gevrey-Chambertin, Vieilles Vignes, Domaine Serafin Pere & Fils, Burgundy","795","Case of 12 Bottles","https://www.bbr.com/products-20078017738-2007-gevrey-chambertin-vieilles-vignes-domaine-serafin-pere-fils-burgundy","1057672","20078017738"
"Domaine Serafin Pere & Fils","2008","Gevrey-Chambertin, Vieilles Vignes, Domaine Serafin Pere & Fils, Burgundy","550","Case of 12 Bottles","https://www.bbr.com/products-20088017738-2008-gevrey-chambertin-vieilles-vignes-domaine-serafin-pere-fils-burgundy","1057672","20088017738"
"Domaine Serafin Pere & Fils","2002","Gevrey-Chambertin, Vieilles Vignes, Domaine Serafin Pere &amp; Fils, Burgundy","499","Case of 6 Bottles","https://www.bbr.com/products-20028017738-2002-gevrey-chambertin-vieilles-vignes-domaine-serafin-pere-and-fils-burgundy","1057672","20028017738"
"Domaine Serafin Pere & Fils","2010","Gevrey-Chambertin, Vieilles Vignes, Domaine Serafin Pere &amp; Fils, Burgundy","426","Case of 6 Bottles","https://www.bbr.com/products-20108017738-2010-gevrey-chambertin-vieilles-vignes-domaine-serafin-pere-and-fils-burgundy","1057672","20108017738"
"Domaine Serafin Pere & Fils","2010","Gevrey-Chambertin, Vieilles Vignes, Domaine Serafin Pere &amp; Fils, Burgundy","400","Case of 6 Bottles","https://www.bbr.com/products-20108017738-2010-gevrey-chambertin-vieilles-vignes-domaine-serafin-pere-and-fils-burgundy","1057672","20108017738"
"Domaine Serafin Pere & Fils","2012","Gevrey-Chambertin, Vieilles Vignes, Domaine Serafin Pere &amp; Fils, Burgundy","600","Case of 6 Bottles","https://www.bbr.com/products-20128017738-2012-gevrey-chambertin-vieilles-vignes-domaine-serafin-pere-and-fils-burgundy","1057672","20128017738"
"Domaine Serafin Pere & Fils","2015","Gevrey-Chambertin, Vieilles Vignes, Domaine Serafin Pere &amp; Fils, Burgundy","320","Case of 6 Bottles","https://www.bbr.com/products-20158017738-2015-gevrey-chambertin-vieilles-vignes-domaine-serafin-pere-and-fils-burgundy","1057672","20158017738"
"Domaine Serafin Pere & Fils","2016","Gevrey-Chambertin, Vieilles Vignes, Domaine Serafin Pere &amp; Fils, Burgundy","500","Case of 6 Bottles","https://www.bbr.com/products-20168017738-2016-gevrey-chambertin-vieilles-vignes-domaine-serafin-pere-and-fils-burgundy","1057672","20168017738"
"Domaine Serafin Pere & Fils","2021","Gevrey-Chambertin, Vieilles Vignes, Domaine Serafin Pere &amp; Fils, Burgundy","314","Case of 6 Bottles","https://www.bbr.com/products-20218017738-2021-gevrey-chambertin-vieilles-vignes-domaine-serafin-pere-and-fils-burgundy","1057672","20218017738"
"Tortochot","2018","Gevrey-Chambertin, Vieilles Vignes, Domaine Tortochot, Burgundy","228","Case of 6 Bottles","https://www.bbr.com/products-20188309101-2018-gevrey-chambertin-vieilles-vignes-domaine-tortochot-burgundy","1863673","20188309101"
"Tortochot","2019","Gevrey-Chambertin, Vieilles Vignes, Domaine Tortochot, Burgundy","225","Case of 6 Bottles","https://www.bbr.com/products-20198309101-2019-gevrey-chambertin-vieilles-vignes-domaine-tortochot-burgundy","1863673","20198309101"
"Domaine Tawse","2013","Gevrey-Chambertin, Village, Domaine Tawse, Burgundy","444","Case of 6 Bottles","https://www.bbr.com/products-20131426092-2013-gevrey-chambertin-village-domaine-tawse-burgundy","1426092","20131426092"
"Domaine Tawse","2019","Gevrey-Chambertin, Village, Domaine Tawse, Burgundy","230","Case of 6 Bottles","https://www.bbr.com/products-20191426092-2019-gevrey-chambertin-village-domaine-tawse-burgundy","1426092","20191426092"
"Olivier Bernstein","2009","Gevrey-Chambertin, Villages, Olivier Bernstein, Burgundy","580","Case of 6 Bottles","https://www.bbr.com/products-20091157037-2009-gevrey-chambertin-villages-olivier-bernstein-burgundy","1131686","20091157037"
"Olivier Bernstein","2009","Gevrey-Chambertin, Villages, Olivier Bernstein, Burgundy","680","Case of 6 Bottles","https://www.bbr.com/products-20091157037-2009-gevrey-chambertin-villages-olivier-bernstein-burgundy","1131686","20091157037"
"Domaine Zind Humbrecht","2020","Gewurztraminer, Clos Saint Urbain, Rangen de Thann, Grand Cru, Domaine Z","400","Case of 6 Bottles","https://www.bbr.com/products-20208111003-2020-gewurztraminer-clos-saint-urbain-rangen-de-thann-grand-cru-domaine-z","1248221","20208111003"
"Domaine Zind Humbrecht","2016","Gewurztraminer, Clos Saint Urbain, Rangen de Thann, Grand Cru, Domaine Zind-Humbrecht, Alsace","360","Case of 6 Bottles","https://www.bbr.com/products-20168111003-2016-gewurztraminer-clos-saint-urbain-rangen-de-thann-grand-cru-domaine-zind-humbrecht-alsace","1248221","20168111003"
"Domaine Zind Humbrecht","2006","Gewurztraminer, Clos Windsbuhl, Domaine Zind-Humbrecht, Alsace","250","Case of 6 Bottles","https://www.bbr.com/products-20068125976-2006-gewurztraminer-clos-windsbuhl-domaine-zind-humbrecht-alsace","1000535","20068125976"
"Trimbach","2013","Gewurztraminer, Cuvee des Seigneurs de Ribeaupierre, Trimbach, Alsace","225","Case of 6 Bottles","https://www.bbr.com/products-20138126120-2013-gewurztraminer-cuvee-des-seigneurs-de-ribeaupierre-trimbach-alsace","1000160","20138126120"
"Trimbach","2015","Gewurztraminer, Cuvee des Seigneurs de Ribeaupierre, Trimbach, Alsace","224","Case of 6 Bottles","https://www.bbr.com/products-20158126120-2015-gewurztraminer-cuvee-des-seigneurs-de-ribeaupierre-trimbach-alsace","1000160","20158126120"
"Trimbach","2016","Gewurztraminer, Cuvee des Seigneurs de Ribeaupierre, Trimbach, Alsace","265","Case of 6 Bottles","https://www.bbr.com/products-20168126120-2016-gewurztraminer-cuvee-des-seigneurs-de-ribeaupierre-trimbach-alsace","1000160","20168126120"
"Trimbach","2017","Gewurztraminer, Cuvee des Seigneurs de Ribeaupierre, Trimbach, Alsace","240","Case of 6 Bottles","https://www.bbr.com/products-20178126120-2017-gewurztraminer-cuvee-des-seigneurs-de-ribeaupierre-trimbach-alsace","1000160","20178126120"
"Domaine Zind Humbrecht","2010","Gewurztraminer, Hengst, Grand Cru, Domaine Zind-Humbrecht, Alsace","750","Case of 6 Bottles","https://www.bbr.com/products-20108126032-2010-gewurztraminer-hengst-grand-cru-domaine-zind-humbrecht-alsace","1000391","20108126032"
"Domaine Zind Humbrecht","2022","Gewurztraminer, Rangen de Thann, Clos Saint Urbain, Grand Cru, Domaine Zind-Humbrecht, Alsace","450","Case of 6 Bottles","https://www.bbr.com/products-20228111003-2022-gewurztraminer-rangen-de-thann-clos-saint-urbain-grand-cru-domaine-zind-humbrecht-alsace","1248221","20228111003"
"Trimbach","2018","Gewurztraminer, Selection de Grains Nobles, Trimbach, Alsace","720","Case of 6 Bottles","https://www.bbr.com/products-20188035444-2018-gewurztraminer-selection-de-grains-nobles-trimbach-alsace","1000173","20188035444"
"Hugel et Fils","2017","Gewurztraminer, Grossi Laue, Sporen, Grand Cru, Famille Hugel, Alsace","399","Case of 6 Bottles","https://www.bbr.com/products-20178251905-2017-gewurztraminer-grossi-laue-sporen-grand-cru-famille-hugel-alsace","3046311","20178251905"
"Giaconda Vineyard","2019","Giaconda, Estate Vineyard Chardonnay, Beechworth, Australia","1480","Case of 6 Bottles","https://www.bbr.com/products-20198000503-2019-giaconda-estate-vineyard-chardonnay-beechworth-australia","1002265","20198000503"
"Giaconda Vineyard","2022","Giaconda, Estate Vineyard Chardonnay, Beechworth, Australia","1350","Case of 6 Bottles","https://www.bbr.com/products-20228000503-2022-giaconda-estate-vineyard-chardonnay-beechworth-australia","1002265","20228000503"
"Giaconda Vineyard","2022","Giaconda, Estate Vineyard Chardonnay, Beechworth, Australia","600","Case of 1 Magnums","https://www.bbr.com/products-20228000503-2022-giaconda-estate-vineyard-chardonnay-beechworth-australia","1002265","20228000503"
"Giant Steps Winery","2021","Giant Steps, Fatal Shore, Pinot Noir, Coal River Valley, Tasmania, Austr","260","Case of 6 Bottles","https://www.bbr.com/products-20218307569-2021-giant-steps-fatal-shore-pinot-noir-coal-river-valley-tasmania-austr","2149141","20218307569"
"Giant Steps Winery","2022","Giant Steps, Fatal Shore, Pinot Noir, Coal River Valley, Tasmania, Austr","330","Case of 6 Bottles","https://www.bbr.com/products-20228307569-2022-giant-steps-fatal-shore-pinot-noir-coal-river-valley-tasmania-austr","2149141","20228307569"
"Giant Steps Winery","2018","Giant Steps, Wombat Creek Pinot Noir, Yarra Valley, Australia","180","Case of 6 Bottles","https://www.bbr.com/products-20188103608-2018-giant-steps-wombat-creek-pinot-noir-yarra-valley-australia","1745717","20188103608"
"Domaine Montirius","2015","Gigondas, Confidentiel, Domaine Montirius, Rhone","250","Case of 6 Bottles","https://www.bbr.com/products-20158015213-2015-gigondas-confidentiel-domaine-montirius-rhone","1134717","20158015213"
"Domaine Montirius","2016","Gigondas, Confidentiel, Domaine Montirius, Rhone","125","Case of 6 Bottles","https://www.bbr.com/products-20168015213-2016-gigondas-confidentiel-domaine-montirius-rhone","1134717","20168015213"
"Moulin de la Gardette","2020","Gigondas, Cuvee Tradition, Moulin de la Gardette, Rhone","150","Case of 6 Bottles","https://www.bbr.com/products-20208139692-2020-gigondas-cuvee-tradition-moulin-de-la-gardette-rhone","1114674","20208139692"
"Moulin de la Gardette","2021","Gigondas, Cuvee Tradition, Moulin de la Gardette, Rhone","145","Case of 6 Bottles","https://www.bbr.com/products-20218139692-2021-gigondas-cuvee-tradition-moulin-de-la-gardette-rhone","1114674","20218139692"
"Moulin de la Gardette","2021","Gigondas, Cuvee Ventabren, Moulin de la Gardette, Rhone","190","Case of 6 Bottles","https://www.bbr.com/products-20218139689-2021-gigondas-cuvee-ventabren-moulin-de-la-gardette-rhone","1114687","20218139689"
"Domaine du Cayron","2020","Gigondas, Domaine du Cayron, Rhone","120","Case of 6 Bottles","https://www.bbr.com/products-20208233345-2020-gigondas-domaine-du-cayron-rhone","1109326","20208233345"
"La Famille Perrin","2010","Gigondas, Domaine du Clos des Tourelles, Famille Perrin, Rhone","350","Case of 6 Bottles","https://www.bbr.com/products-20101145546-2010-gigondas-domaine-du-clos-des-tourelles-famille-perrin-rhone","1145546","20101145546"
"La Famille Perrin","2013","Gigondas, Domaine du Clos des Tourelles, Famille Perrin, Rhone","380","Case of 6 Bottles","https://www.bbr.com/products-20131145546-2013-gigondas-domaine-du-clos-des-tourelles-famille-perrin-rhone","1145546","20131145546"
"La Famille Perrin","2016","Gigondas, Domaine du Clos des Tourelles, Famille Perrin, Rhone","300","Case of 6 Bottles","https://www.bbr.com/products-20161145546-2016-gigondas-domaine-du-clos-des-tourelles-famille-perrin-rhone","1145546","20161145546"
"La Famille Perrin","2019","Gigondas, Domaine du Clos des Tourelles, Famille Perrin, Rhone","228","Case of 6 Bottles","https://www.bbr.com/products-20191145546-2019-gigondas-domaine-du-clos-des-tourelles-famille-perrin-rhone","1145546","20191145546"
"La Famille Perrin","2021","Gigondas, Domaine du Clos des Tourelles, Famille Perrin, Rhone","300","Case of 6 Bottles","https://www.bbr.com/products-20211145546-2021-gigondas-domaine-du-clos-des-tourelles-famille-perrin-rhone","1145546","20211145546"
"La Famille Perrin","2012","Gigondas, L'Argnee, Vieilles Vignes, Famille Perrin, Rhone","230","Case of 6 Bottles","https://www.bbr.com/products-20128003852-2012-gigondas-l-argnee-vieilles-vignes-famille-perrin-rhone","1392256","20128003852"
"La Famille Perrin","2019","Gigondas, L'Argnee, Vieilles Vignes, Famille Perrin, Rhone","208","Case of 6 Bottles","https://www.bbr.com/products-20198003852-2019-gigondas-l-argnee-vieilles-vignes-famille-perrin-rhone","1392256","20198003852"
"La Famille Perrin","2020","Gigondas, L'Argnee, Vieilles Vignes, Famille Perrin, Rhone","192","Case of 6 Bottles","https://www.bbr.com/products-20208003852-2020-gigondas-l-argnee-vieilles-vignes-famille-perrin-rhone","1392256","20208003852"
"La Bastide St. Vincent","2017","Gigondas, La Bastide Saint Vincent, Rhone","214","Case of 12 Bottles","https://www.bbr.com/products-20171176623-2017-gigondas-la-bastide-saint-vincent-rhone","1176623","20171176623"
"Domaine Saint Damien","2010","Gigondas, La Louisiane, Vieilles Vignes, Domaine Saint-Damien, Rhone","250","Case of 6 Bottles","https://www.bbr.com/products-20108205719-2010-gigondas-la-louisiane-vieilles-vignes-domaine-saint-damien-rhone","1338346","20108205719"
"Domaine Saint Damien","2020","Gigondas, La Louisiane, Vieilles Vignes, Domaine Saint-Damien, Rhone","190","Case of 6 Bottles","https://www.bbr.com/products-20208205719-2020-gigondas-la-louisiane-vieilles-vignes-domaine-saint-damien-rhone","1338346","20208205719"
"Chateau de Saint Cosme","2018","Gigondas, Le Poste, Chateau de Saint Cosme, Rhone","595","Case of 6 Bottles","https://www.bbr.com/products-20188116167-2018-gigondas-le-poste-chateau-de-saint-cosme-rhone","1116939","20188116167"
"Vieux Telegraphe","2016","Gigondas, Les Racines, Domaine Les Pallieres, Vignobles Brunier, Rhone","140","Case of 6 Bottles","https://www.bbr.com/products-20161115004-2016-gigondas-les-racines-domaine-les-pallieres-vignobles-brunier-rhone","1115004","20161115004"
"Vieux Telegraphe","2017","Gigondas, Les Racines, Domaine Les Pallieres, Vignobles Brunier, Rhone","115","Case of 6 Bottles","https://www.bbr.com/products-20171115004-2017-gigondas-les-racines-domaine-les-pallieres-vignobles-brunier-rhone","1115004","20171115004"
"Vieux Telegraphe","2019","Gigondas, Les Racines, Domaine Les Pallieres, Vignobles Brunier, Rhone","150","Case of 6 Bottles","https://www.bbr.com/products-20191115004-2019-gigondas-les-racines-domaine-les-pallieres-vignobles-brunier-rhone","1115004","20191115004"
"Vieux Telegraphe","2019","Gigondas, Les Racines, Domaine Les Pallieres, Vignobles Brunier, Rhone","165","Case of 6 Bottles","https://www.bbr.com/products-20191115004-2019-gigondas-les-racines-domaine-les-pallieres-vignobles-brunier-rhone","1115004","20191115004"
"Vieux Telegraphe","2020","Gigondas, Les Racines, Domaine Les Pallieres, Vignobles Brunier, Rhone","165","Case of 6 Bottles","https://www.bbr.com/products-20201115004-2020-gigondas-les-racines-domaine-les-pallieres-vignobles-brunier-rhone","1115004","20201115004"
"Domaine Saint Damien","2010","Gigondas, Les Souteyrades, Domaine Saint-Damien, Rhone","200","Case of 6 Bottles","https://www.bbr.com/products-20108207407-2010-gigondas-les-souteyrades-domaine-saint-damien-rhone","1269778","20108207407"
"Domaine Santa Duc","2007","Gigondas, Prestige des Hautes Garrigues, Domaine Santa Duc, Rhone","550","Case of 12 Bottles","https://www.bbr.com/products-20078030159-2007-gigondas-prestige-des-hautes-garrigues-domaine-santa-duc-rhone","1116304","20078030159"
"Domaine Santa Duc","2007","Gigondas, Prestige des Hautes Garrigues, Domaine Santa Duc, Rhone","550","Case of 12 Bottles","https://www.bbr.com/products-20078030159-2007-gigondas-prestige-des-hautes-garrigues-domaine-santa-duc-rhone","1116304","20078030159"
"Domaine Santa Duc","2009","Gigondas, Prestige des Hautes Garrigues, Domaine Santa Duc, Rhone","780","Case of 12 Bottles","https://www.bbr.com/products-20098030159-2009-gigondas-prestige-des-hautes-garrigues-domaine-santa-duc-rhone","1116304","20098030159"
"Domaine Santa Duc","2010","Gigondas, Prestige des Hautes Garrigues, Domaine Santa Duc, Rhone","230","Case of 6 Bottles","https://www.bbr.com/products-20108030159-2010-gigondas-prestige-des-hautes-garrigues-domaine-santa-duc-rhone","1116304","20108030159"
"Domaine Santa Duc","2007","Gigondas, Tradition, Domaine Santa Duc, Rhone","300","Case of 12 Bottles","https://www.bbr.com/products-20078030162-2007-gigondas-tradition-domaine-santa-duc-rhone","1116317","20078030162"
"Domaine Saint Damien","2007","Gigondas, Vieilles Vignes, Domaine Saint-Damien, Rhone","230","Case of 6 Bottles","https://www.bbr.com/products-20078181343-2007-gigondas-vieilles-vignes-domaine-saint-damien-rhone","1603811","20078181343"
"Domaine Saint Damien","2007","Gigondas, Vieilles Vignes, Domaine Saint-Damien, Rhone","230","Case of 6 Bottles","https://www.bbr.com/products-20078181343-2007-gigondas-vieilles-vignes-domaine-saint-damien-rhone","1603811","20078181343"
"La Famille Perrin","2009","Gigondas, Vieilles Vignes, Perrin & Fils, Rhone","388","Case of 6 Bottles","https://www.bbr.com/products-20098037770-2009-gigondas-vieilles-vignes-perrin-fils-rhone","1145546","20098037770"
"La Massa","2015","Giorgio Primo, La Massa, Tuscany, Italy","385","Case of 6 Bottles","https://www.bbr.com/products-20158214300-2015-giorgio-primo-la-massa-tuscany-italy","1101391","20158214300"
"La Massa","2016","Giorgio Primo, La Massa, Tuscany, Italy","340","Case of 6 Bottles","https://www.bbr.com/products-20168214300-2016-giorgio-primo-la-massa-tuscany-italy","1101391","20168214300"
"La Massa","2018","Giorgio Primo, La Massa, Tuscany, Italy","325","Case of 6 Bottles","https://www.bbr.com/products-20188214300-2018-giorgio-primo-la-massa-tuscany-italy","1101391","20188214300"
"Tua Rita","2006","Giusto di Notri, Tua Rita, Tuscany, Italy","370","Case of 6 Bottles","https://www.bbr.com/products-20068213462-2006-giusto-di-notri-tua-rita-tuscany-italy","1105807","20068213462"
"Tua Rita","2018","Giusto di Notri, Tua Rita, Tuscany, Italy","96","Case of 1 Magnums","https://www.bbr.com/products-20188213462-2018-giusto-di-notri-tua-rita-tuscany-italy","1105807","20188213462"
"Tua Rita","2019","Giusto di Notri, Tua Rita, Tuscany, Italy","250","Case of 6 Bottles","https://www.bbr.com/products-20198213462-2019-giusto-di-notri-tua-rita-tuscany-italy","1105807","20198213462"
"Tua Rita","2019","Giusto di Notri, Tua Rita, Tuscany, Italy","500","Case of 1 Imperials","https://www.bbr.com/products-20198213462-2019-giusto-di-notri-tua-rita-tuscany-italy","1105807","20198213462"
"Domaine Joblot","2019","Givry, Clos Marole, 1er Cru, Domaine Joblot, Burgundy","360","Case of 12 Bottles","https://www.bbr.com/products-20198242952-2019-givry-clos-marole-1er-cru-domaine-joblot-burgundy","1272644","20198242952"
"Domaine du Cellier aux Moines","2023","Givry, Clos du Cellier aux Moines, 1er Cru, Domaine du Cellier aux Moine","270","Case of 6 Bottles","https://www.bbr.com/products-20238061627-2023-givry-clos-du-cellier-aux-moines-1er-cru-domaine-du-cellier-aux-moine","1650394","20238061627"
"Domaine du Cellier aux Moines","2020","Givry, Clos du Cellier aux Moines, 1er Cru, Domaine du Cellier aux Moines, Burgundy","270","Case of 6 Bottles","https://www.bbr.com/products-20208061627-2020-givry-clos-du-cellier-aux-moines-1er-cru-domaine-du-cellier-aux-moines-burgundy","1650394","20208061627"
"Domaine Joblot","2019","Givry, Servoisine, 1er Cru, Domaine Joblot, Burgundy","390","Case of 12 Bottles","https://www.bbr.com/products-20198210894-2019-givry-servoisine-1er-cru-domaine-joblot-burgundy","1158702","20198210894"
"Glaetzer","2012","Glaetzer, Amon-Ra, Shiraz, Barossa Valley, Australia","400","Case of 6 Bottles","https://www.bbr.com/products-20128125934-2012-glaetzer-amon-ra-shiraz-barossa-valley-australia","1002379","20128125934"
"Glaetzer","2013","Glaetzer, Amon-Ra, Shiraz, Barossa Valley, Australia","360","Case of 6 Bottles","https://www.bbr.com/products-20138125934-2013-glaetzer-amon-ra-shiraz-barossa-valley-australia","1002379","20138125934"
"Glaetzer","2014","Glaetzer, Amon-Ra, Shiraz, Barossa Valley, Australia","325","Case of 6 Bottles","https://www.bbr.com/products-20148125934-2014-glaetzer-amon-ra-shiraz-barossa-valley-australia","1002379","20148125934"
"Glaetzer","2014","Glaetzer, Amon-Ra, Shiraz, Barossa Valley, Australia","400","Case of 6 Bottles","https://www.bbr.com/products-20148125934-2014-glaetzer-amon-ra-shiraz-barossa-valley-australia","1002379","20148125934"
"Glaetzer","2015","Glaetzer, Amon-Ra, Shiraz, Barossa Valley, Australia","312","Case of 6 Bottles","https://www.bbr.com/products-20158125934-2015-glaetzer-amon-ra-shiraz-barossa-valley-australia","1002379","20158125934"
"Glaetzer","2014","Glaetzer, Anaperenna, Barossa Valley, Australia","300","Case of 6 Bottles","https://www.bbr.com/products-20148125921-2014-glaetzer-anaperenna-barossa-valley-australia","1002382","20148125921"
"Glenelly Estate","2018","Glenelly, Lady May, Stellenbosch, South Africa","144","Case of 6 Bottles","https://www.bbr.com/products-20188139054-2018-glenelly-lady-may-stellenbosch-south-africa","1140118","20188139054"
"Van Volxem","2015","Goldberg Riesling Grosses Gewachs, Van Volxem, Mosel, Germany","380","Case of 12 Bottles","https://www.bbr.com/products-20158118116-2015-goldberg-riesling-grosses-gewachs-van-volxem-mosel-germany","1093241","20158118116"
"Van Volxem","2020","Goldberg Riesling Grosses Gewachs, Van Volxem, Mosel, Germany","150","Case of 6 Bottles","https://www.bbr.com/products-20208118116-2020-goldberg-riesling-grosses-gewachs-van-volxem-mosel-germany","1093241","20208118116"
"Weingut Willi Schaefer","2010","Graacher Domprobst Ausele *1, Weingut Willi Schaefer","390","Case of 12 Half Bottles","https://www.bbr.com/products-20108138930-2010-graacher-domprobst-ausele-1-weingut-willi-schaefer","1156069","20108138930"
"Graham","","Graham's 90, Very Old Tawny Port","800","Case of 1 Bottles","https://www.bbr.com/products-10008108124-graham-s-90-very-old-tawny-port","1378199","10008108124"
"Graham","","Graham's, 50-Year-Old, Tawny, Port, Portugal","495","Case of 1 Bottles","https://www.bbr.com/products-10008252771-graham-s-50-year-old-tawny-port-portugal","3052871","10008252771"
"Graham","1977","Graham's, Port, Portugal","1000","Case of 12 Bottles","https://www.bbr.com/products-19778002116-1977-graham-s-port-portugal","1107713","19778002116"
"Graham","2000","Graham's, Port, Portugal","395","Case of 6 Bottles","https://www.bbr.com/products-20008002116-2000-graham-s-port-portugal","1107713","20008002116"
"Graham","2003","Graham's, Port, Portugal","575","Case of 12 Bottles","https://www.bbr.com/products-20038002116-2003-graham-s-port-portugal","1107713","20038002116"
"Graham","2007","Graham's, Port, Portugal","350","Case of 6 Bottles","https://www.bbr.com/products-20078002116-2007-graham-s-port-portugal","1107713","20078002116"
"Graham","2007","Graham's, Port, Portugal","280","Case of 6 Bottles","https://www.bbr.com/products-20078002116-2007-graham-s-port-portugal","1107713","20078002116"
"Graham","2011","Graham's, Port, Portugal","345","Case of 6 Bottles","https://www.bbr.com/products-20118002116-2011-graham-s-port-portugal","1107713","20118002116"
"Graham","2016","Graham's, Port, Portugal","350","Case of 6 Bottles","https://www.bbr.com/products-20168002116-2016-graham-s-port-portugal","1107713","20168002116"
"Graham","2016","Graham's, Port, Portugal","215","Case of 6 Bottles","https://www.bbr.com/products-20168002116-2016-graham-s-port-portugal","1107713","20168002116"
"Graham","2017","Graham's, Port, Portugal","190","Case of 6 Bottles","https://www.bbr.com/products-20178002116-2017-graham-s-port-portugal","1107713","20178002116"
"Graham","1940","Graham's, Single Harvest Tawny Port, Portugal","1050","Case of 1 Bottles","https://www.bbr.com/products-19408114495-1940-graham-s-single-harvest-tawny-port-portugal","1141854","19408114495"
"Graham","1972","Graham's, Single Harvest Tawny Port, Portugal","345","Case of 1 Bottles","https://www.bbr.com/products-19728114495-1972-graham-s-single-harvest-tawny-port-portugal","1141854","19728114495"
"Graham","1972","Graham's, Single Harvest Tawny Port, Portugal","365","Case of 1 Bottles","https://www.bbr.com/products-19728114495-1972-graham-s-single-harvest-tawny-port-portugal","1141854","19728114495"
"Graham","1994","Graham's, Single Harvest Tawny Port, Portugal","890","Case of 1 Rehoboams","https://www.bbr.com/products-19948114495-1994-graham-s-single-harvest-tawny-port-portugal","1141854","19948114495"
"Graham","2015","Graham's, The Stone Terraces, Port, Portugal","450","Case of 3 Bottles","https://www.bbr.com/products-20158112143-2015-graham-s-the-stone-terraces-port-portugal","1215980","20158112143"
"Graham","2015","Graham's, The Stone Terraces, Port, Portugal","375","Case of 3 Bottles","https://www.bbr.com/products-20158112143-2015-graham-s-the-stone-terraces-port-portugal","1215980","20158112143"
"Graham","2016","Graham's, The Stone Terraces, Port, Portugal","570","Case of 3 Bottles","https://www.bbr.com/products-20168112143-2016-graham-s-the-stone-terraces-port-portugal","1215980","20168112143"
"Graham","2016","Graham's, The Stone Terraces, Port, Portugal","589","Case of 1 s","https://www.bbr.com/products-20168112143-2016-graham-s-the-stone-terraces-port-portugal","1215980","20168112143"
"Graham","2016","Graham's, The Stone Terraces, Port, Portugal","570","Case of 1 s","https://www.bbr.com/products-20168112143-2016-graham-s-the-stone-terraces-port-portugal","1215980","20168112143"
"Graham","2017","Graham's, The Stone Terraces, Port, Portugal","725","Case of 3 Bottles","https://www.bbr.com/products-20178112143-2017-graham-s-the-stone-terraces-port-portugal","1215980","20178112143"
"Graham","2017","Graham, Vintage Port, Tappit Hen, Portugal","395","Case of 1 s","https://www.bbr.com/products-20178105514-2017-graham-vintage-port-tappit-hen-portugal","1534038","20178105514"
"El Enemigo","2016","Gran Enemigo, Gualtallary Single Vineyard Cabernet Franc, Mendoza, Argentina","345","Case of 6 Bottles","https://www.bbr.com/products-20168205041-2016-gran-enemigo-gualtallary-single-vineyard-cabernet-franc-mendoza-argentina","1371897","20168205041"
"El Enemigo","2016","Gran Enemigo, Gualtallary Single Vineyard Cabernet Franc, Mendoza, Argentina","330","Case of 6 Bottles","https://www.bbr.com/products-20168205041-2016-gran-enemigo-gualtallary-single-vineyard-cabernet-franc-mendoza-argentina","1371897","20168205041"
"El Enemigo","2019","Gran Enemigo, Gualtallary Single Vineyard Cabernet Franc, Mendoza, Argentina","850","Case of 6 Bottles","https://www.bbr.com/products-20198205041-2019-gran-enemigo-gualtallary-single-vineyard-cabernet-franc-mendoza-argentina","1371897","20198205041"
"El Enemigo","2019","Gran Enemigo, Gualtallary Single Vineyard Cabernet Franc, Mendoza, Argentina","170","Case of 1 Magnums","https://www.bbr.com/products-20198205041-2019-gran-enemigo-gualtallary-single-vineyard-cabernet-franc-mendoza-argentina","1371897","20198205041"
"El Enemigo","2020","Gran Enemigo, Gualtallary Single Vineyard Cabernet Franc, Mendoza, Argentina","285","Case of 1 Double Magnums","https://www.bbr.com/products-20208205041-2020-gran-enemigo-gualtallary-single-vineyard-cabernet-franc-mendoza-argentina","1371897","20208205041"
"El Enemigo","2021","Gran Enemigo, Gualtallary Single Vineyard Cabernet Franc, Mendoza, Argentina","435","Case of 6 Bottles","https://www.bbr.com/products-20218205041-2021-gran-enemigo-gualtallary-single-vineyard-cabernet-franc-mendoza-argentina","1371897","20218205041"
"El Enemigo","2021","Gran Enemigo, Gualtallary Single Vineyard Cabernet Franc, Mendoza, Argentina","299","Case of 1 Double Magnums","https://www.bbr.com/products-20218205041-2021-gran-enemigo-gualtallary-single-vineyard-cabernet-franc-mendoza-argentina","1371897","20218205041"
"La Rioja Alta","1995","Gran Reserva 890, La Rioja Alta, Rioja, Spain","1100","Case of 6 Bottles","https://www.bbr.com/products-19958029652-1995-gran-reserva-890-la-rioja-alta-rioja-spain","1120987","19958029652"
"La Rioja Alta","2004","Gran Reserva 890, La Rioja Alta, Rioja, Spain","565","Case of 6 Bottles","https://www.bbr.com/products-20048029652-2004-gran-reserva-890-la-rioja-alta-rioja-spain","1120987","20048029652"
"La Rioja Alta","2004","Gran Reserva 890, La Rioja Alta, Rioja, Spain","610","Case of 3 Magnums","https://www.bbr.com/products-20048029652-2004-gran-reserva-890-la-rioja-alta-rioja-spain","1120987","20048029652"
"La Rioja Alta","2010","Gran Reserva 890, La Rioja Alta, Rioja, Spain","725","Case of 6 Bottles","https://www.bbr.com/products-20108029652-2010-gran-reserva-890-la-rioja-alta-rioja-spain","1120987","20108029652"
"La Rioja Alta","2011","Gran Reserva 890, La Rioja Alta, Rioja, Spain","459","Case of 3 Bottles","https://www.bbr.com/products-20118029652-2011-gran-reserva-890-la-rioja-alta-rioja-spain","1120987","20118029652"
"La Rioja Alta","2001","Gran Reserva 890, Seleccion Especial, La Rioja Alta, Rioja, Spain","875","Case of 6 Bottles","https://www.bbr.com/products-20018029652-2001-gran-reserva-890-seleccion-especial-la-rioja-alta-rioja-spain","1120987","20018029652"
"La Rioja Alta","2001","Gran Reserva 890, Seleccion Especial, La Rioja Alta, Rioja, Spain","895","Case of 6 Bottles","https://www.bbr.com/products-20018029652-2001-gran-reserva-890-seleccion-especial-la-rioja-alta-rioja-spain","1120987","20018029652"
"La Rioja Alta","2001","Gran Reserva 890, Seleccion Especial, La Rioja Alta, Rioja, Spain","900","Case of 6 Bottles","https://www.bbr.com/products-20018029652-2001-gran-reserva-890-seleccion-especial-la-rioja-alta-rioja-spain","1120987","20018029652"
"La Rioja Alta","2005","Gran Reserva 890, Seleccion Especial, La Rioja Alta, Rioja, Spain","630","Case of 6 Bottles","https://www.bbr.com/products-20058029652-2005-gran-reserva-890-seleccion-especial-la-rioja-alta-rioja-spain","1120987","20058029652"
"La Rioja Alta","1997","Gran Reserva 904, La Rioja Alta, Rioja, Spain","575","Case of 6 Bottles","https://www.bbr.com/products-19971120990-1997-gran-reserva-904-la-rioja-alta-rioja-spain","1120990","19971120990"
"La Rioja Alta","1998","Gran Reserva 904, La Rioja Alta, Rioja, Spain","2500","Case of 6 Magnums","https://www.bbr.com/products-19981120990-1998-gran-reserva-904-la-rioja-alta-rioja-spain","1120990","19981120990"
"La Rioja Alta","2000","Gran Reserva 904, La Rioja Alta, Rioja, Spain","615","Case of 6 Bottles","https://www.bbr.com/products-20001120990-2000-gran-reserva-904-la-rioja-alta-rioja-spain","1120990","20001120990"
"La Rioja Alta","2001","Gran Reserva 904, La Rioja Alta, Rioja, Spain","600","Case of 6 Bottles","https://www.bbr.com/products-20011120990-2001-gran-reserva-904-la-rioja-alta-rioja-spain","1120990","20011120990"
"La Rioja Alta","2001","Gran Reserva 904, La Rioja Alta, Rioja, Spain","1650","Case of 6 Magnums","https://www.bbr.com/products-20011120990-2001-gran-reserva-904-la-rioja-alta-rioja-spain","1120990","20011120990"
"La Rioja Alta","2001","Gran Reserva 904, La Rioja Alta, Rioja, Spain","1500","Case of 6 Magnums","https://www.bbr.com/products-20011120990-2001-gran-reserva-904-la-rioja-alta-rioja-spain","1120990","20011120990"
"La Rioja Alta","2004","Gran Reserva 904, La Rioja Alta, Rioja, Spain","377","Case of 6 Bottles","https://www.bbr.com/products-20041120990-2004-gran-reserva-904-la-rioja-alta-rioja-spain","1120990","20041120990"
"La Rioja Alta","2004","Gran Reserva 904, La Rioja Alta, Rioja, Spain","950","Case of 6 Magnums","https://www.bbr.com/products-20041120990-2004-gran-reserva-904-la-rioja-alta-rioja-spain","1120990","20041120990"
"La Rioja Alta","2005","Gran Reserva 904, La Rioja Alta, Rioja, Spain","300","Case of 6 Bottles","https://www.bbr.com/products-20051120990-2005-gran-reserva-904-la-rioja-alta-rioja-spain","1120990","20051120990"
"La Rioja Alta","2005","Gran Reserva 904, La Rioja Alta, Rioja, Spain","530","Case of 6 Magnums","https://www.bbr.com/products-20051120990-2005-gran-reserva-904-la-rioja-alta-rioja-spain","1120990","20051120990"
"La Rioja Alta","2007","Gran Reserva 904, La Rioja Alta, Rioja, Spain","275","Case of 6 Bottles","https://www.bbr.com/products-20071120990-2007-gran-reserva-904-la-rioja-alta-rioja-spain","1120990","20071120990"
"La Rioja Alta","2007","Gran Reserva 904, La Rioja Alta, Rioja, Spain","620","Case of 6 Magnums","https://www.bbr.com/products-20071120990-2007-gran-reserva-904-la-rioja-alta-rioja-spain","1120990","20071120990"
"La Rioja Alta","2009","Gran Reserva 904, La Rioja Alta, Rioja, Spain","280","Case of 6 Bottles","https://www.bbr.com/products-20091120990-2009-gran-reserva-904-la-rioja-alta-rioja-spain","1120990","20091120990"
"La Rioja Alta","2009","Gran Reserva 904, La Rioja Alta, Rioja, Spain","590","Case of 6 Magnums","https://www.bbr.com/products-20091120990-2009-gran-reserva-904-la-rioja-alta-rioja-spain","1120990","20091120990"
"La Rioja Alta","2010","Gran Reserva 904, La Rioja Alta, Rioja, Spain","350","Case of 6 Bottles","https://www.bbr.com/products-20101120990-2010-gran-reserva-904-la-rioja-alta-rioja-spain","1120990","20101120990"
"La Rioja Alta","2010","Gran Reserva 904, La Rioja Alta, Rioja, Spain","315","Case of 6 Bottles","https://www.bbr.com/products-20101120990-2010-gran-reserva-904-la-rioja-alta-rioja-spain","1120990","20101120990"
"La Rioja Alta","2010","Gran Reserva 904, La Rioja Alta, Rioja, Spain","645","Case of 6 Magnums","https://www.bbr.com/products-20101120990-2010-gran-reserva-904-la-rioja-alta-rioja-spain","1120990","20101120990"
"La Rioja Alta","2011","Gran Reserva 904, La Rioja Alta, Rioja, Spain","275","Case of 6 Bottles","https://www.bbr.com/products-20111120990-2011-gran-reserva-904-la-rioja-alta-rioja-spain","1120990","20111120990"
"La Rioja Alta","2011","Gran Reserva 904, La Rioja Alta, Rioja, Spain","700","Case of 6 Magnums","https://www.bbr.com/products-20111120990-2011-gran-reserva-904-la-rioja-alta-rioja-spain","1120990","20111120990"
"La Rioja Alta","2011","Gran Reserva 904, La Rioja Alta, Rioja, Spain","700","Case of 6 Magnums","https://www.bbr.com/products-20111120990-2011-gran-reserva-904-la-rioja-alta-rioja-spain","1120990","20111120990"
"La Rioja Alta","2016","Gran Reserva 904, La Rioja Alta, Rioja, Spain","400","Case of 6 Bottles","https://www.bbr.com/products-20161120990-2016-gran-reserva-904-la-rioja-alta-rioja-spain","1120990","20161120990"
"La Rioja Alta","2016","Gran Reserva 904, La Rioja Alta, Rioja, Spain","128","Case of 1 Magnums","https://www.bbr.com/products-20161120990-2016-gran-reserva-904-la-rioja-alta-rioja-spain","1120990","20161120990"
"La Rioja Alta","2015","Gran Reserva 904, Seleccion Especial, La Rioja Alta, Rioja, Spain","340","Case of 6 Bottles","https://www.bbr.com/products-20151120990-2015-gran-reserva-904-seleccion-especial-la-rioja-alta-rioja-spain","1120990","20151120990"
"La Rioja Alta","2015","Gran Reserva 904, Seleccion Especial, La Rioja Alta, Rioja, Spain","120","Case of 1 Magnums","https://www.bbr.com/products-20151120990-2015-gran-reserva-904-seleccion-especial-la-rioja-alta-rioja-spain","1120990","20151120990"
"Bodegas Remirez de Ganuza","2009","Gran Reserva, Bodegas F. Remirez de Ganuza, Rioja, Spain","330","Case of 6 Bottles","https://www.bbr.com/products-20098032889-2009-gran-reserva-bodegas-f-remirez-de-ganuza-rioja-spain","1120958","20098032889"
"Bodegas Remirez de Ganuza","2010","Gran Reserva, Bodegas F. Remirez de Ganuza, Rioja, Spain","320","Case of 6 Bottles","https://www.bbr.com/products-20108032889-2010-gran-reserva-bodegas-f-remirez-de-ganuza-rioja-spain","1120958","20108032889"
"Bodegas Remirez de Ganuza","2012","Gran Reserva, Bodegas F. Remirez de Ganuza, Rioja, Spain","265","Case of 6 Bottles","https://www.bbr.com/products-20128032889-2012-gran-reserva-bodegas-f-remirez-de-ganuza-rioja-spain","1120958","20128032889"
"Chateau Lafleur","2022","Grand Village, Bordeaux Superieur","100","Case of 6 Bottles","https://www.bbr.com/products-20228124197-2022-grand-village-bordeaux-superieur","1010804","20228124197"
"Domaine Anne Gros","2022","Grands Echezeaux, Grand Cru, Domaine Anne Gros, Burgundy","1050","Case of 3 Bottles","https://www.bbr.com/products-20228182991-2022-grands-echezeaux-grand-cru-domaine-anne-gros-burgundy","2999922","20228182991"
"Domaine Lamarche","2008","Grands Echezeaux, Grand Cru, Domaine Francois Lamarche, Burgundy","1490","Case of 6 Bottles","https://www.bbr.com/products-20081040186-2008-grands-echezeaux-grand-cru-domaine-francois-lamarche-burgundy","1040186","20081040186"
"Domaine Lamarche","2011","Grands Echezeaux, Grand Cru, Domaine Francois Lamarche, Burgundy","1190","Case of 6 Bottles","https://www.bbr.com/products-20111040186-2011-grands-echezeaux-grand-cru-domaine-francois-lamarche-burgundy","1040186","20111040186"
"Domaine Lamarche","2012","Grands Echezeaux, Grand Cru, Domaine Francois Lamarche, Burgundy","1200","Case of 6 Bottles","https://www.bbr.com/products-20121040186-2012-grands-echezeaux-grand-cru-domaine-francois-lamarche-burgundy","1040186","20121040186"
"Domaine Lamarche","2013","Grands Echezeaux, Grand Cru, Domaine Francois Lamarche, Burgundy","1450","Case of 6 Bottles","https://www.bbr.com/products-20131040186-2013-grands-echezeaux-grand-cru-domaine-francois-lamarche-burgundy","1040186","20131040186"
"Domaine Lamarche","2014","Grands Echezeaux, Grand Cru, Domaine Francois Lamarche, Burgundy","1900","Case of 6 Bottles","https://www.bbr.com/products-20141040186-2014-grands-echezeaux-grand-cru-domaine-francois-lamarche-burgundy","1040186","20141040186"
"Gros Frere et Soeur","2017","Grands Echezeaux, Grand Cru, Domaine Gros Frere & Soeur, Burgundy","1692","Case of 6 Bottles","https://www.bbr.com/products-20178219031-2017-grands-echezeaux-grand-cru-domaine-gros-frere-soeur-burgundy","1036356","20178219031"
"Gros Frere et Soeur","2018","Grands Echezeaux, Grand Cru, Domaine Gros Frere & Soeur, Burgundy","1918","Case of 6 Bottles","https://www.bbr.com/products-20188219031-2018-grands-echezeaux-grand-cru-domaine-gros-frere-soeur-burgundy","1036356","20188219031"
"Gros Frere et Soeur","2020","Grands Echezeaux, Grand Cru, Domaine Gros Frere &amp; Soeur, Burgundy","2580","Case of 6 Bottles","https://www.bbr.com/products-20208219031-2020-grands-echezeaux-grand-cru-domaine-gros-frere-and-soeur-burgundy","1036356","20208219031"
"Domaine d'Eugenie","2018","Grands Echezeaux, Grand Cru, Domaine d'Eugenie, Burgundy","1988","Case of 6 Bottles","https://www.bbr.com/products-20188023373-2018-grands-echezeaux-grand-cru-domaine-d-eugenie-burgundy","1031162","20188023373"
"Domaine d'Eugenie","2019","Grands Echezeaux, Grand Cru, Domaine d'Eugenie, Burgundy","830","Case of 1 Magnums","https://www.bbr.com/products-20198023373-2019-grands-echezeaux-grand-cru-domaine-d-eugenie-burgundy","1031162","20198023373"
"Lucien Le Moine","2018","Grands Echezeaux, Grand Cru, Lucien Le Moine, Burgundy","1750","Case of 6 Bottles","https://www.bbr.com/products-20188218669-2018-grands-echezeaux-grand-cru-lucien-le-moine-burgundy","1042669","20188218669"
"Lucien Le Moine","2020","Grands Echezeaux, Grand Cru, Lucien Le Moine, Burgundy","2707","Case of 6 Bottles","https://www.bbr.com/products-20208218669-2020-grands-echezeaux-grand-cru-lucien-le-moine-burgundy","1042669","20208218669"
"Maison Roche de Bellene","2021","Grands Echezeaux, Grand Cru, Maison Roche de Bellene, Burgundy","1920","Case of 3 Magnums","https://www.bbr.com/products-20218020327-2021-grands-echezeaux-grand-cru-maison-roche-de-bellene-burgundy","1124347","20218020327"
"Domaine Lamarche","2021","Grands Echezeaux, Grand Cru, Nicole Lamarche, Burgundy","890","Case of 3 Bottles","https://www.bbr.com/products-20211040186-2021-grands-echezeaux-grand-cru-nicole-lamarche-burgundy","1040186","20211040186"
"Domaine Mongeard-Mugneret","2017","Grands Echezeaux, Grand Cru, Domaine Mongeard-Mugneret, Burgundy","1800","Case of 6 Bottles","https://www.bbr.com/products-20178218324-2017-grands-echezeaux-grand-cru-domaine-mongeard-mugneret-burgundy","1047778","20178218324"
"Domaine de la Romanee-Conti (DRC)","2007","Grands Echezeaux, Grand Cru, Domaine de la Romanee-Conti, Burgundy","3333","Case of 1 Bottles","https://www.bbr.com/products-20078122177-2007-grands-echezeaux-grand-cru-domaine-de-la-romanee-conti-burgundy","1028661","20078122177"
"Domaine de la Romanee-Conti (DRC)","2007","Grands Echezeaux, Grand Cru, Domaine de la Romanee-Conti, Burgundy","3501","Case of 1 Bottles","https://www.bbr.com/products-20078122177-2007-grands-echezeaux-grand-cru-domaine-de-la-romanee-conti-burgundy","1028661","20078122177"
"Domaine de la Romanee-Conti (DRC)","2007","Grands Echezeaux, Grand Cru, Domaine de la Romanee-Conti, Burgundy","15000","Case of 6 Bottles","https://www.bbr.com/products-20078122177-2007-grands-echezeaux-grand-cru-domaine-de-la-romanee-conti-burgundy","1028661","20078122177"
"Albert Bichot","2017","Grands-Echezeaux, Grand Cru, Domaine du Clos Frantin, Albert Bichot, Burgundy","1350","Case of 6 Bottles","https://www.bbr.com/products-20178206556-2017-grands-echezeaux-grand-cru-domaine-du-clos-frantin-albert-bichot-burgundy","1311581","20178206556"
"Domaine Georges Noellat","2011","Grands-Echezeaux, Grand Cru, Georges Noellat, Burgundy","1875","Case of 3 Magnums","https://www.bbr.com/products-20118112286-2011-grands-echezeaux-grand-cru-georges-noellat-burgundy","1213638","20118112286"
"Maison Joseph Drouhin","2014","Grands-Echezeaux, Grand Cru, Joseph Drouhin, Burgundy","1300","Case of 6 Bottles","https://www.bbr.com/products-20148018966-2014-grands-echezeaux-grand-cru-joseph-drouhin-burgundy","1029134","20148018966"
"Maison Joseph Drouhin","2014","Grands-Echezeaux, Grand Cru, Joseph Drouhin, Burgundy","1410","Case of 6 Bottles","https://www.bbr.com/products-20148018966-2014-grands-echezeaux-grand-cru-joseph-drouhin-burgundy","1029134","20148018966"
"Maison Joseph Drouhin","2015","Grands-Echezeaux, Grand Cru, Joseph Drouhin, Burgundy","2425","Case of 6 Bottles","https://www.bbr.com/products-20158018966-2015-grands-echezeaux-grand-cru-joseph-drouhin-burgundy","1029134","20158018966"
"Maison Joseph Drouhin","2017","Grands-Echezeaux, Grand Cru, Joseph Drouhin, Burgundy","2145","Case of 6 Bottles","https://www.bbr.com/products-20178018966-2017-grands-echezeaux-grand-cru-joseph-drouhin-burgundy","1029134","20178018966"
"Domaine Georges Noellat","2009","Grands-Echezeaux, Grand Cru, Georges Noellat, Burgundy","2670","Case of 4 Bottles","https://www.bbr.com/products-20098209339-2009-grands-echezeaux-grand-cru-georges-noellat-burgundy","1213638","20098209339"
"Bruno Desaunay-Bissey","2020","Grands-Echezeaux, Grand Cru, Vieilles Vignes, Bruno Desaunay-Bissey, Burgundy","1920","Case of 6 Bottles","https://www.bbr.com/products-20208306692-2020-grands-echezeaux-grand-cru-vieilles-vignes-bruno-desaunay-bissey-burgundy","1223604","20208306692"
"Grange des Peres, Laurent Vaille","2018","Granges des Peres, Vin de Pays de L'Herault","1650","Case of 12 Bottles","https://www.bbr.com/products-20188205940-2018-granges-des-peres-vin-de-pays-de-l-herault","1323854","20188205940"
"Grant Burge","2016","Grant Burge, Meshach Shiraz, Barossa Valley, Australia","420","Case of 6 Bottles","https://www.bbr.com/products-20168312657-2016-grant-burge-meshach-shiraz-barossa-valley-australia","1001301","20168312657"
"Grant Burge","2017","Grant Burge, Nebu, Cabernet Shiraz, Barossa, Australia","195","Case of 6 Bottles","https://www.bbr.com/products-20178323428-2017-grant-burge-nebu-cabernet-shiraz-barossa-australia","1591040","20178323428"
"Alvaro Palacios","2015","Gratallops Vi de Vila, Alvaro Palacios, Priorat, Spain","300","Case of 6 Bottles","https://www.bbr.com/products-20158004947-2015-gratallops-vi-de-vila-alvaro-palacios-priorat-spain","1158571","20158004947"
"Alvaro Palacios","2016","Gratallops Vi de Vila, Alvaro Palacios, Priorat, Spain","292","Case of 6 Bottles","https://www.bbr.com/products-20168004947-2016-gratallops-vi-de-vila-alvaro-palacios-priorat-spain","1158571","20168004947"
"Alvaro Palacios","2017","Gratallops Vi de Vila, Alvaro Palacios, Priorat, Spain","210","Case of 6 Bottles","https://www.bbr.com/products-20178004947-2017-gratallops-vi-de-vila-alvaro-palacios-priorat-spain","1158571","20178004947"
"Alvaro Palacios","2018","Gratallops Vi de Vila, Alvaro Palacios, Priorat, Spain","288","Case of 6 Bottles","https://www.bbr.com/products-20188004947-2018-gratallops-vi-de-vila-alvaro-palacios-priorat-spain","1158571","20188004947"
"Grattamacco","2015","Grattamacco, Bolgheri Superiore, Tuscany, Italy","100","Case of 1 Magnums","https://www.bbr.com/products-20158034678-2015-grattamacco-bolgheri-superiore-tuscany-italy","1225536","20158034678"
"Grattamacco","2016","Grattamacco, Bolgheri Superiore, Tuscany, Italy","130","Case of 1 Magnums","https://www.bbr.com/products-20168034678-2016-grattamacco-bolgheri-superiore-tuscany-italy","1225536","20168034678"
"Grattamacco","2017","Grattamacco, Bolgheri Superiore, Tuscany, Italy","289","Case of 6 Bottles","https://www.bbr.com/products-20178034678-2017-grattamacco-bolgheri-superiore-tuscany-italy","1225536","20178034678"
"Grattamacco","2017","Grattamacco, Bolgheri Superiore, Tuscany, Italy","130","Case of 1 Magnums","https://www.bbr.com/products-20178034678-2017-grattamacco-bolgheri-superiore-tuscany-italy","1225536","20178034678"
"Grattamacco","2018","Grattamacco, Bolgheri Superiore, Tuscany, Italy","290","Case of 6 Bottles","https://www.bbr.com/products-20188034678-2018-grattamacco-bolgheri-superiore-tuscany-italy","1225536","20188034678"
"Grattamacco","2018","Grattamacco, Bolgheri Superiore, Tuscany, Italy","115","Case of 1 Magnums","https://www.bbr.com/products-20188034678-2018-grattamacco-bolgheri-superiore-tuscany-italy","1225536","20188034678"
"Grattamacco","2019","Grattamacco, Bolgheri Superiore, Tuscany, Italy","339","Case of 6 Bottles","https://www.bbr.com/products-20198034678-2019-grattamacco-bolgheri-superiore-tuscany-italy","1225536","20198034678"
"Grattamacco","2019","Grattamacco, Bolgheri Superiore, Tuscany, Italy","240","Case of 1 Double Magnums","https://www.bbr.com/products-20198034678-2019-grattamacco-bolgheri-superiore-tuscany-italy","1225536","20198034678"
"Grattamacco","2019","Grattamacco, Bolgheri Superiore, Tuscany, Italy","112","Case of 1 Magnums","https://www.bbr.com/products-20198034678-2019-grattamacco-bolgheri-superiore-tuscany-italy","1225536","20198034678"
"Grattamacco","2020","Grattamacco, Bolgheri Superiore, Tuscany, Italy","300","Case of 6 Bottles","https://www.bbr.com/products-20208034678-2020-grattamacco-bolgheri-superiore-tuscany-italy","1225536","20208034678"
"Grattamacco","2020","Grattamacco, Bolgheri Superiore, Tuscany, Italy","270","Case of 1 Double Magnums","https://www.bbr.com/products-20208034678-2020-grattamacco-bolgheri-superiore-tuscany-italy","1225536","20208034678"
"Grattamacco","2020","Grattamacco, Bolgheri Superiore, Tuscany, Italy","185","Case of 1 Magnums","https://www.bbr.com/products-20208034678-2020-grattamacco-bolgheri-superiore-tuscany-italy","1225536","20208034678"
"Grattamacco","2021","Grattamacco, Bolgheri Superiore, Tuscany, Italy","410","Case of 6 Bottles","https://www.bbr.com/products-20218034678-2021-grattamacco-bolgheri-superiore-tuscany-italy","1225536","20218034678"
"Grattamacco","2021","Grattamacco, Bolgheri Superiore, Tuscany, Italy","290","Case of 1 Double Magnums","https://www.bbr.com/products-20218034678-2021-grattamacco-bolgheri-superiore-tuscany-italy","1225536","20218034678"
"Fattoria Viticcio","2007","Greppi I Greppicante","1189","Case of 6 Bottles","https://www.bbr.com/products-20078210735-2007-greppi-i-greppicante","1165490","20078210735"
"Laurent Ponsot SAS","2019","Griotte-Chambertin Cuvee du Saule, Domaine Laurent Ponsot, Burgundy","2650","Case of 6 Bottles","https://www.bbr.com/products-20198226093-2019-griotte-chambertin-cuvee-du-saule-domaine-laurent-ponsot-burgundy","1628816","20198226093"
"Domaine Perrot-Minot","2015","Griotte-Chambertin, Grand Cru Domaine Perrot-Minot","999","Case of 1 Magnums","https://www.bbr.com/products-20158120593-2015-griotte-chambertin-grand-cru-domaine-perrot-minot","1050947","20158120593"
"Domaine Ponsot","2012","Griotte-Chambertin, Grand Cru, Domaine Ponsot, Burgundy","1680","Case of 6 Bottles","https://www.bbr.com/products-20128014421-2012-griotte-chambertin-grand-cru-domaine-ponsot-burgundy","1051595","20128014421"
"Domaine Ponsot","2012","Griotte-Chambertin, Grand Cru, Domaine Ponsot, Burgundy","1790","Case of 6 Bottles","https://www.bbr.com/products-20128014421-2012-griotte-chambertin-grand-cru-domaine-ponsot-burgundy","1051595","20128014421"
"Maison Joseph Drouhin","2014","Griotte-Chambertin, Grand Cru, Joseph Drouhin, Burgundy","1575","Case of 6 Bottles","https://www.bbr.com/products-20148019077-2014-griotte-chambertin-grand-cru-joseph-drouhin-burgundy","1029147","20148019077"
"Maison Joseph Drouhin","2014","Griotte-Chambertin, Grand Cru, Joseph Drouhin, Burgundy","1628","Case of 6 Bottles","https://www.bbr.com/products-20148019077-2014-griotte-chambertin-grand-cru-joseph-drouhin-burgundy","1029147","20148019077"
"Maison Joseph Drouhin","2016","Griotte-Chambertin, Grand Cru, Joseph Drouhin, Burgundy","1796","Case of 6 Bottles","https://www.bbr.com/products-20168019077-2016-griotte-chambertin-grand-cru-joseph-drouhin-burgundy","1029147","20168019077"
"Maison Joseph Drouhin","2018","Griotte-Chambertin, Grand Cru, Joseph Drouhin, Burgundy","1665","Case of 6 Bottles","https://www.bbr.com/products-20188019077-2018-griotte-chambertin-grand-cru-joseph-drouhin-burgundy","1029147","20188019077"
"Louis Jadot","2007","Griotte-Chambertin, Grand Cru, Louis Jadot, Burgundy","820","Case of 6 Bottles","https://www.bbr.com/products-20078022259-2007-griotte-chambertin-grand-cru-louis-jadot-burgundy","1038318","20078022259"
"Lucien Le Moine","2017","Griotte-Chambertin, Grand Cru, Lucien Le Moine, Burgundy","1665","Case of 6 Bottles","https://www.bbr.com/products-20178211181-2017-griotte-chambertin-grand-cru-lucien-le-moine-burgundy","1150793","20178211181"
"Lucien Le Moine","2018","Griotte-Chambertin, Grand Cru, Lucien Le Moine, Burgundy","1625","Case of 6 Bottles","https://www.bbr.com/products-20188211181-2018-griotte-chambertin-grand-cru-lucien-le-moine-burgundy","1150793","20188211181"
"Lucien Le Moine","2019","Griotte-Chambertin, Grand Cru, Lucien Le Moine, Burgundy","2060","Case of 6 Bottles","https://www.bbr.com/products-20198211181-2019-griotte-chambertin-grand-cru-lucien-le-moine-burgundy","1150793","20198211181"
"Pierre Girardin","2019","Griotte-Chambertin, Grand Cru, Pierre Girardin, Burgundy","1800","Case of 3 Bottles","https://www.bbr.com/products-20198147707-2019-griotte-chambertin-grand-cru-pierre-girardin-burgundy","1876666","20198147707"
"Benjamin Leroux","2011","Griottes-Chambertin, Grand Cru, Benjamin Leroux, Burgundy","1680","Case of 6 Magnums","https://www.bbr.com/products-20118025162-2011-griottes-chambertin-grand-cru-benjamin-leroux-burgundy","1358939","20118025162"
"Benjamin Leroux","2019","Griottes-Chambertin, Grand Cru, Benjamin Leroux, Burgundy","430","Case of 1 Magnums","https://www.bbr.com/products-20198025162-2019-griottes-chambertin-grand-cru-benjamin-leroux-burgundy","1358939","20198025162"
"Benjamin Leroux","2020","Griottes-Chambertin, Grand Cru, Benjamin Leroux, Burgundy","600","Case of 1 Magnums","https://www.bbr.com/products-20208025162-2020-griottes-chambertin-grand-cru-benjamin-leroux-burgundy","1358939","20208025162"
"Benjamin Leroux","2021","Griottes-Chambertin, Grand Cru, Benjamin Leroux, Burgundy","600","Case of 1 Magnums","https://www.bbr.com/products-20218025162-2021-griottes-chambertin-grand-cru-benjamin-leroux-burgundy","1358939","20218025162"
"Benjamin Leroux","2022","Griottes-Chambertin, Grand Cru, Benjamin Leroux, Burgundy","1359","Case of 1 Magnums","https://www.bbr.com/products-20228025162-2022-griottes-chambertin-grand-cru-benjamin-leroux-burgundy","1358939","20228025162"
"Grosset","2012","Grosset, Polish Hill Riesling, Clare Valley, Australia","525","Case of 12 Bottles","https://www.bbr.com/products-20128125905-2012-grosset-polish-hill-riesling-clare-valley-australia","1002568","20128125905"
"Grosset","2014","Grosset, Polish Hill Riesling, Clare Valley, Australia","390","Case of 12 Bottles","https://www.bbr.com/products-20148125905-2014-grosset-polish-hill-riesling-clare-valley-australia","1002568","20148125905"
"Grosset","2017","Grosset, Polish Hill Riesling, Clare Valley, Australia","405","Case of 12 Bottles","https://www.bbr.com/products-20178125905-2017-grosset-polish-hill-riesling-clare-valley-australia","1002568","20178125905"
"Grosset","2021","Grosset, Polish Hill Riesling, Clare Valley, Australia","285","Case of 6 Bottles","https://www.bbr.com/products-20218125905-2021-grosset-polish-hill-riesling-clare-valley-australia","1002568","20218125905"
"Grosset","2023","Grosset, Polish Hill Riesling, Clare Valley, Australia","240","Case of 6 Bottles","https://www.bbr.com/products-20238125905-2023-grosset-polish-hill-riesling-clare-valley-australia","1002568","20238125905"
"Grosset","2024","Grosset, Polish Hill Riesling, Clare Valley, Australia","248","Case of 6 Bottles","https://www.bbr.com/products-20248125905-2024-grosset-polish-hill-riesling-clare-valley-australia","1002568","20248125905"
"Maximin Grunhaus (Dr. Carl von Schubert)","2003","Grunhauser Abtsberg, Beerenauslese Von Schubert Maximin","1296","Case of 12 Half Bottles","https://www.bbr.com/products-20038215538-2003-grunhauser-abtsberg-beerenauslese-von-schubert-maximin","1093427","20038215538"
"Weingut Prager","2024","Gruner Veltliner, Federspiel, Hinter der Burg, Prager, Wachau, Austria","180","Case of 6 Bottles","https://www.bbr.com/products-20241401635-2024-gruner-veltliner-federspiel-hinter-der-burg-prager-wachau-austria","1401635","20241401635"
"Willi Brundlmayer","2018","Gruner Veltliner, Kamptaler Terrassen, Willi Brundlmayer, Kamptal, Austria","250","Case of 12 Bottles","https://www.bbr.com/products-20188003937-2018-gruner-veltliner-kamptaler-terrassen-willi-brundlmayer-kamptal-austria","1230028","20188003937"
"Weingut Prager","2022","Gruner Veltliner, Smaragd, Achleiten, Stockkultur, Prager, Wachau, Austria","260","Case of 6 Bottles","https://www.bbr.com/products-20221314654-2022-gruner-veltliner-smaragd-achleiten-stockkultur-prager-wachau-austria","1314654","20221314654"
"Weingut Prager","2022","Gruner Veltliner, Smaragd, Wachstum Bodenstein, Prager, Wachau, Austria","260","Case of 6 Bottles","https://www.bbr.com/products-20228136936-2022-gruner-veltliner-smaragd-wachstum-bodenstein-prager-wachau-austria","1314638","20228136936"
"Weingut Veyder-Malberg","2014","Gruner Veltliner, Wachauer Liebedich, Veyder-Malberg, Wachau, Austria","496","Case of 6 Bottles","https://www.bbr.com/products-20148202112-2014-gruner-veltliner-wachauer-liebedich-veyder-malberg-wachau-austria","1540426","20148202112"
"Weingut Veyder-Malberg","2014","Gruner Veltliner, Weissenkirchener Weitenberg, Veyder-Malberg, Wachau, Austria","2500","Case of 6 Magnums","https://www.bbr.com/products-20148202095-2014-gruner-veltliner-weissenkirchener-weitenberg-veyder-malberg-wachau-austria","1540471","20148202095"
"Antinori","2001","Guado al Tasso, Bolgheri Superiore, Antinori, Tuscany, Italy","870","Case of 6 Bottles","https://www.bbr.com/products-20018012339-2001-guado-al-tasso-bolgheri-superiore-antinori-tuscany-italy","1095362","20018012339"
"Antinori","2010","Guado al Tasso, Bolgheri Superiore, Antinori, Tuscany, Italy","590","Case of 6 Bottles","https://www.bbr.com/products-20108012339-2010-guado-al-tasso-bolgheri-superiore-antinori-tuscany-italy","1095362","20108012339"
"Antinori","2013","Guado al Tasso, Bolgheri Superiore, Antinori, Tuscany, Italy","570","Case of 6 Bottles","https://www.bbr.com/products-20138012339-2013-guado-al-tasso-bolgheri-superiore-antinori-tuscany-italy","1095362","20138012339"
"Antinori","2016","Guado al Tasso, Bolgheri Superiore, Antinori, Tuscany, Italy","625","Case of 6 Bottles","https://www.bbr.com/products-20168012339-2016-guado-al-tasso-bolgheri-superiore-antinori-tuscany-italy","1095362","20168012339"
"Antinori","2018","Guado al Tasso, Bolgheri Superiore, Antinori, Tuscany, Italy","550","Case of 6 Bottles","https://www.bbr.com/products-20188012339-2018-guado-al-tasso-bolgheri-superiore-antinori-tuscany-italy","1095362","20188012339"
"Antinori","2019","Guado al Tasso, Bolgheri Superiore, Antinori, Tuscany, Italy","575","Case of 6 Bottles","https://www.bbr.com/products-20198012339-2019-guado-al-tasso-bolgheri-superiore-antinori-tuscany-italy","1095362","20198012339"
"Antinori","2020","Guado al Tasso, Bolgheri Superiore, Antinori, Tuscany, Italy","485","Case of 6 Bottles","https://www.bbr.com/products-20208012339-2020-guado-al-tasso-bolgheri-superiore-antinori-tuscany-italy","1095362","20208012339"
"Antinori","2021","Guado al Tasso, Bolgheri Superiore, Antinori, Tuscany, Italy","630","Case of 6 Bottles","https://www.bbr.com/products-20218012339-2021-guado-al-tasso-bolgheri-superiore-antinori-tuscany-italy","1095362","20218012339"
"Sassicaia","2014","Guidalberto, Tenuta San Guido, Tuscany, Italy","431","Case of 6 Bottles","https://www.bbr.com/products-20148015675-2014-guidalberto-tenuta-san-guido-tuscany-italy","1104653","20148015675"
"Sassicaia","2017","Guidalberto, Tenuta San Guido, Tuscany, Italy","160","Case of 6 Bottles","https://www.bbr.com/products-20178015675-2017-guidalberto-tenuta-san-guido-tuscany-italy","1104653","20178015675"
"Sassicaia","2017","Guidalberto, Tenuta San Guido, Tuscany, Italy","220","Case of 6 Bottles","https://www.bbr.com/products-20178015675-2017-guidalberto-tenuta-san-guido-tuscany-italy","1104653","20178015675"
"Sassicaia","2017","Guidalberto, Tenuta San Guido, Tuscany, Italy","230","Case of 3 Magnums","https://www.bbr.com/products-20178015675-2017-guidalberto-tenuta-san-guido-tuscany-italy","1104653","20178015675"
"Sassicaia","2019","Guidalberto, Tenuta San Guido, Tuscany, Italy","269","Case of 6 Bottles","https://www.bbr.com/products-20198015675-2019-guidalberto-tenuta-san-guido-tuscany-italy","1104653","20198015675"
"Sassicaia","2019","Guidalberto, Tenuta San Guido, Tuscany, Italy","190","Case of 6 Bottles","https://www.bbr.com/products-20198015675-2019-guidalberto-tenuta-san-guido-tuscany-italy","1104653","20198015675"
"Sassicaia","2019","Guidalberto, Tenuta San Guido, Tuscany, Italy","180","Case of 3 Magnums","https://www.bbr.com/products-20198015675-2019-guidalberto-tenuta-san-guido-tuscany-italy","1104653","20198015675"
"Sassicaia","2020","Guidalberto, Tenuta San Guido, Tuscany, Italy","195","Case of 6 Bottles","https://www.bbr.com/products-20208015675-2020-guidalberto-tenuta-san-guido-tuscany-italy","1104653","20208015675"
"Sassicaia","2020","Guidalberto, Tenuta San Guido, Tuscany, Italy","200","Case of 6 Bottles","https://www.bbr.com/products-20208015675-2020-guidalberto-tenuta-san-guido-tuscany-italy","1104653","20208015675"
"Sassicaia","2021","Guidalberto, Tenuta San Guido, Tuscany, Italy","395","Case of 6 Bottles","https://www.bbr.com/products-20218015675-2021-guidalberto-tenuta-san-guido-tuscany-italy","1104653","20218015675"
"Sassicaia","2022","Guidalberto, Tenuta San Guido, Tuscany, Italy","200","Case of 6 Bottles","https://www.bbr.com/products-20228015675-2022-guidalberto-tenuta-san-guido-tuscany-italy","1104653","20228015675"
"Sassicaia","2022","Guidalberto, Tenuta San Guido, Tuscany, Italy","200","Case of 6 Bottles","https://www.bbr.com/products-20228015675-2022-guidalberto-tenuta-san-guido-tuscany-italy","1104653","20228015675"
"Guinaudeau Vignerons","2009","Guinaudeau G Acte 1, Bordeaux Superieur","180","Case of 6 Bottles","https://www.bbr.com/products-20098106827-2009-guinaudeau-g-acte-1-bordeaux-superieur","1451991","20098106827"
"Guinaudeau Vignerons","2010","Guinaudeau G Acte 2 Bordeaux Superieur","135","Case of 6 Bottles","https://www.bbr.com/products-20108106814-2010-guinaudeau-g-acte-2-bordeaux-superieur","1452002","20108106814"
"Gusbourne Estate","2016","Gusbourne Estate, 51 Degrees North, Brut, England","470","Case of 3 Bottles","https://www.bbr.com/products-20168162803-2016-gusbourne-estate-51-degrees-north-brut-england","2670210","20168162803"
"Gusbourne Estate","2018","Gusbourne Estate, Blanc de Blancs, Brut, Kent, England","350","Case of 6 Bottles","https://www.bbr.com/products-20188024699-2018-gusbourne-estate-blanc-de-blancs-brut-kent-england","1130461","20188024699"
"Gerard Bertrand","2020","Gerard Bertrand, Syrah, Grenache & Mourvedre, La Clape, Chateau L'Hospitalet, Languedoc-Roussillon","168","Case of 6 Bottles","https://www.bbr.com/products-20208181431-2020-gerard-bertrand-syrah-grenache-mourvedre-la-clape-chateau-l-hospitalet-languedoc-roussillon","1281815","20208181431"
"Bodegas Hacienda Monasterio","2010","Hacienda Monasterio, Reserva Especial, Ribera del Duero, Spain","420","Case of 6 Bottles","https://www.bbr.com/products-20108032531-2010-hacienda-monasterio-reserva-especial-ribera-del-duero-spain","1311406","20108032531"
"Bodegas Hacienda Monasterio","2012","Hacienda Monasterio, Reserva Especial, Ribera del Duero, Spain","420","Case of 6 Bottles","https://www.bbr.com/products-20128032531-2012-hacienda-monasterio-reserva-especial-ribera-del-duero-spain","1311406","20128032531"
"Bodegas Hacienda Monasterio","2014","Hacienda Monasterio, Reserva Especial, Ribera del Duero, Spain","380","Case of 6 Bottles","https://www.bbr.com/products-20148032531-2014-hacienda-monasterio-reserva-especial-ribera-del-duero-spain","1311406","20148032531"
"Bodegas Hacienda Monasterio","2015","Hacienda Monasterio, Reserva Especial, Ribera del Duero, Spain","463","Case of 6 Bottles","https://www.bbr.com/products-20158032531-2015-hacienda-monasterio-reserva-especial-ribera-del-duero-spain","1311406","20158032531"
"Bodegas Hacienda Monasterio","2016","Hacienda Monasterio, Reserva Especial, Ribera del Duero, Spain","500","Case of 6 Bottles","https://www.bbr.com/products-20168032531-2016-hacienda-monasterio-reserva-especial-ribera-del-duero-spain","1311406","20168032531"
"Bodegas Hacienda Monasterio","2018","Hacienda Monasterio, Reserva Especial, Ribera del Duero, Spain","435","Case of 6 Bottles","https://www.bbr.com/products-20188032531-2018-hacienda-monasterio-reserva-especial-ribera-del-duero-spain","1311406","20188032531"
"Bodegas Hacienda Monasterio","2010","Hacienda Monasterio, Reserva, Ribera del Duero, Spain","680","Case of 12 Bottles","https://www.bbr.com/products-20108032528-2010-hacienda-monasterio-reserva-ribera-del-duero-spain","1152074","20108032528"
"Bodegas Hacienda Monasterio","2015","Hacienda Monasterio, Reserva, Ribera del Duero, Spain","318","Case of 6 Bottles","https://www.bbr.com/products-20158032528-2015-hacienda-monasterio-reserva-ribera-del-duero-spain","1152074","20158032528"
"Bodegas Hacienda Monasterio","2016","Hacienda Monasterio, Reserva, Ribera del Duero, Spain","340","Case of 6 Bottles","https://www.bbr.com/products-20168032528-2016-hacienda-monasterio-reserva-ribera-del-duero-spain","1152074","20168032528"
"Bodegas Hacienda Monasterio","2019","Hacienda Monasterio, Reserva, Ribera del Duero, Spain","290","Case of 6 Bottles","https://www.bbr.com/products-20198032528-2019-hacienda-monasterio-reserva-ribera-del-duero-spain","1152074","20198032528"
"Bodegas Hacienda Monasterio","2014","Hacienda Monasterio, Ribera del Duero, Spain","220","Case of 6 Bottles","https://www.bbr.com/products-20148007791-2014-hacienda-monasterio-ribera-del-duero-spain","1380404","20148007791"
"Bodegas Hacienda Monasterio","2019","Hacienda Monasterio, Ribera del Duero, Spain","220","Case of 6 Bottles","https://www.bbr.com/products-20198007791-2019-hacienda-monasterio-ribera-del-duero-spain","1380404","20198007791"
"Halcon Vineyards","2018","Halcon Vineyards, Elevacion, Syrah, Yorkville Highlands, California, USA","329","Case of 12 Bottles","https://www.bbr.com/products-20188064787-2018-halcon-vineyards-elevacion-syrah-yorkville-highlands-california-usa","1933626","20188064787"
"Hambledon Vineyard","","Hambledon, Blanc de Blancs, Brut, Hampshire, England","310","Case of 6 Bottles","https://www.bbr.com/products-10008313234-hambledon-blanc-de-blancs-brut-hampshire-england","3069312","10008313234"
"Hambledon Vineyard","","Hambledon, Premiere Cuvee Rose, Sparkling, Hampshire, England","340","Case of 6 Bottles","https://www.bbr.com/products-10008242659-hambledon-premiere-cuvee-rose-sparkling-hampshire-england","2880237","10008242659"
"Hamilton Russell Vineyards","2021","Hamilton Russell Vineyards, Chardonnay, Hemel-en-Aarde Valley, South Afr","180","Case of 6 Bottles","https://www.bbr.com/products-20218114020-2021-hamilton-russell-vineyards-chardonnay-hemel-en-aarde-valley-south-afr","1149658","20218114020"
"Hamilton Russell Vineyards","2014","Hamilton Russell Vineyards, Chardonnay, Hemel-en-Aarde Valley, South Africa","195","Case of 6 Bottles","https://www.bbr.com/products-20148114020-2014-hamilton-russell-vineyards-chardonnay-hemel-en-aarde-valley-south-africa","1149658","20148114020"
"Hamilton Russell Vineyards","2021","Hamilton Russell Vineyards, Pinot Noir, Hemel-en-Aarde Valley, South Afr","205","Case of 6 Bottles","https://www.bbr.com/products-20218114017-2021-hamilton-russell-vineyards-pinot-noir-hemel-en-aarde-valley-south-afr","1149661","20218114017"
"Hamilton Russell Vineyards","2012","Hamilton Russell Vineyards, Pinot Noir, Hemel-en-Aarde Valley, South Africa","400","Case of 6 Bottles","https://www.bbr.com/products-20128114017-2012-hamilton-russell-vineyards-pinot-noir-hemel-en-aarde-valley-south-africa","1149661","20128114017"
"Hamilton Russell Vineyards","2022","Hamilton Russell Vineyards, Pinot Noir, Hemel-en-Aarde Valley, South Africa","330","Case of 6 Bottles","https://www.bbr.com/products-20228114017-2022-hamilton-russell-vineyards-pinot-noir-hemel-en-aarde-valley-south-africa","1149661","20228114017"
"Hamilton Russell Vineyards","2023","Hamilton Russell Vineyards, Pinot Noir, Hemel-en-Aarde Valley, South Africa","205","Case of 6 Bottles","https://www.bbr.com/products-20238114017-2023-hamilton-russell-vineyards-pinot-noir-hemel-en-aarde-valley-south-africa","1149661","20238114017"
"Haras de Pirque","2021","Haras de Pirque, Albis, Maipo Valley, Chile","150","Case of 6 Bottles","https://www.bbr.com/products-20218247801-2021-haras-de-pirque-albis-maipo-valley-chile","1301166","20218247801"
"Harlan Estate","2010","Harlan Estate, Napa Valley, California, USA","6000","Case of 6 Bottles","https://www.bbr.com/products-20108008352-2010-harlan-estate-napa-valley-california-usa","1122200","20108008352"
"Harlan Estate","2014","Harlan Estate, Napa Valley, California, USA","7945","Case of 6 Bottles","https://www.bbr.com/products-20148008352-2014-harlan-estate-napa-valley-california-usa","1122200","20148008352"
"Harlan Estate","2016","Harlan Estate, Napa Valley, California, USA","5400","Case of 3 Bottles","https://www.bbr.com/products-20168008352-2016-harlan-estate-napa-valley-california-usa","1122200","20168008352"
"Harlan Estate","2016","Harlan Estate, Napa Valley, California, USA","7500","Case of 6 Bottles","https://www.bbr.com/products-20168008352-2016-harlan-estate-napa-valley-california-usa","1122200","20168008352"
"Chateau Haut-Bailly","2019","Haut-Bailly II, Pessac-Leognan, Bordeaux","295","Case of 6 Bottles","https://www.bbr.com/products-20198037220-2019-haut-bailly-ii-pessac-leognan-bordeaux","1013720","20198037220"
"Chateau Haut-Bailly","2020","Haut-Bailly II, Pessac-Leognan, Bordeaux","132","Case of 6 Bottles","https://www.bbr.com/products-20208037220-2020-haut-bailly-ii-pessac-leognan-bordeaux","1013720","20208037220"
"Chateau Haut-Bailly","2020","Haut-Bailly II, Pessac-Leognan, Bordeaux","240","Case of 3 Magnums","https://www.bbr.com/products-20208037220-2020-haut-bailly-ii-pessac-leognan-bordeaux","1013720","20208037220"
"Chateau Haut-Bailly","2022","Haut-Bailly II, Pessac-Leognan, Bordeaux","170","Case of 6 Bottles","https://www.bbr.com/products-20228037220-2022-haut-bailly-ii-pessac-leognan-bordeaux","1013720","20228037220"
"Sebastien Magnien","2020","Hautes Cotes de Beaune, La Dalignere, Sebastien Magnien, Burgundy","192","Case of 12 Bottles","https://www.bbr.com/products-20208048264-2020-hautes-cotes-de-beaune-la-dalignere-sebastien-magnien-burgundy","1866443","20208048264"
"Sebastien Magnien","2021","Hautes Cotes de Beaune, La Dalignere, Sebastien Magnien, Burgundy","299","Case of 12 Bottles","https://www.bbr.com/products-20218048264-2021-hautes-cotes-de-beaune-la-dalignere-sebastien-magnien-burgundy","1866443","20218048264"
"Sebastien Magnien","2017","Hautes Cotes de Beaune, Vieilles Vignes, Cuvee 1, Sebastien Magnien, Burgundy","215","Case of 12 Bottles","https://www.bbr.com/products-20178017637-2017-hautes-cotes-de-beaune-vieilles-vignes-cuvee-1-sebastien-magnien-burgundy","","20178017637"
"Jeremy Carteret","2023","Hautes-Cotes de Beaune Blanc, Euphoria, Jeremy Carteret, Burgundy","475","Case of 3 Bottles","https://www.bbr.com/products-20238311461-2023-hautes-cotes-de-beaune-blanc-euphoria-jeremy-carteret-burgundy","3052552","20238311461"
"Domaine Thibault Liger-Belair","2017","Hautes-Cotes de Nuits, Le Clos du Prieure, Domaine Thibault Liger-Belair, Burgundy","180","Case of 3 Magnums","https://www.bbr.com/products-20178022552-2017-hautes-cotes-de-nuits-le-clos-du-prieure-domaine-thibault-liger-belair-burgundy","1044881","20178022552"
"Domaine Thibault Liger-Belair","2019","Hautes-Cotes de Nuits, Le Clos du Prieure, Domaine Thibault Liger-Belair, Burgundy","180","Case of 6 Bottles","https://www.bbr.com/products-20198022552-2019-hautes-cotes-de-nuits-le-clos-du-prieure-domaine-thibault-liger-belair-burgundy","1044881","20198022552"
"Heitz Wine Cellars","2016","Heitz Cellar, Cabernet Sauvignon, Napa Valley, California, USA","1385","Case of 12 Bottles","https://www.bbr.com/products-20168047212-2016-heitz-cellar-cabernet-sauvignon-napa-valley-california-usa","1122242","20168047212"
"Heitz Wine Cellars","2018","Heitz Cellar, Cabernet Sauvignon, Napa Valley, California, USA","780","Case of 12 Bottles","https://www.bbr.com/products-20188047212-2018-heitz-cellar-cabernet-sauvignon-napa-valley-california-usa","1122242","20188047212"
"Heitz Wine Cellars","2018","Heitz Cellar, Lot C-91, Cabernet Sauvignon, Napa Valley, California, USA","650","Case of 6 Bottles","https://www.bbr.com/products-20188054359-2018-heitz-cellar-lot-c-91-cabernet-sauvignon-napa-valley-california-usa","1873580","20188054359"
"Heitz Wine Cellars","2018","Heitz Cellar, Martha's Vineyard Cabernet Sauvignon, Oakville, Napa Valley, California, USA","1500","Case of 6 Bottles","https://www.bbr.com/products-20188039413-2018-heitz-cellar-martha-s-vineyard-cabernet-sauvignon-oakville-napa-valley-california-usa","1122268","20188039413"
"Heitz Wine Cellars","2017","Heitz Cellar, Trailside Vineyard Cabernet Sauvignon, Rutherford, Napa Valley, California, USA","760","Case of 6 Bottles","https://www.bbr.com/products-20178145471-2017-heitz-cellar-trailside-vineyard-cabernet-sauvignon-rutherford-napa-valley-california-usa","1122255","20178145471"
"Henschke","","Henschke Hill of Grace Shiraz, Museum Release, 1bt of 2005 & 2006","1200","Case of 1 Mixed Cases","https://www.bbr.com/products-10008125875-henschke-hill-of-grace-shiraz-museum-release-1bt-of-2005-2006","1002874","10008125875"
"Henschke","2014","Henschke Louis Semillon, Eden Valley","110","Case of 6 Bottles","https://www.bbr.com/products-20148114062-2014-henschke-louis-semillon-eden-valley","1149023","20148114062"
"Henschke","2015","Henschke, Cyril Henschke Cabernet Sauvignon, Eden Valley, Australia","600","Case of 6 Bottles","https://www.bbr.com/products-20158125888-2015-henschke-cyril-henschke-cabernet-sauvignon-eden-valley-australia","1002861","20158125888"
"Henschke","2018","Henschke, Henry's Seven, Barossa, Australia","268","Case of 6 Bottles","https://www.bbr.com/products-20188114769-2018-henschke-henry-s-seven-barossa-australia","1137024","20188114769"
"Henschke","2018","Henschke, Henry's Seven, Barossa, Australia","288","Case of 6 Bottles","https://www.bbr.com/products-20188114769-2018-henschke-henry-s-seven-barossa-australia","1137024","20188114769"
"Henschke","2009","Henschke, Hill of Grace Shiraz, Eden Valley, Australia","1200","Case of 3 Bottles","https://www.bbr.com/products-20098125875-2009-henschke-hill-of-grace-shiraz-eden-valley-australia","1002874","20098125875"
"Henschke","2010","Henschke, Hill of Grace Shiraz, Eden Valley, Australia","1299","Case of 3 Bottles","https://www.bbr.com/products-20108125875-2010-henschke-hill-of-grace-shiraz-eden-valley-australia","1002874","20108125875"
"Henschke","2012","Henschke, Hill of Grace Shiraz, Eden Valley, Australia","1490","Case of 3 Bottles","https://www.bbr.com/products-20128125875-2012-henschke-hill-of-grace-shiraz-eden-valley-australia","1002874","20128125875"
"Henschke","2013","Henschke, Hill of Grace Shiraz, Eden Valley, Australia","1280","Case of 3 Bottles","https://www.bbr.com/products-20138125875-2013-henschke-hill-of-grace-shiraz-eden-valley-australia","1002874","20138125875"
"Henschke","2015","Henschke, Hill of Grace Shiraz, Eden Valley, Australia","1350","Case of 3 Bottles","https://www.bbr.com/products-20158125875-2015-henschke-hill-of-grace-shiraz-eden-valley-australia","1002874","20158125875"
"Henschke","2016","Henschke, Hill of Grace Shiraz, Eden Valley, Australia","1400","Case of 3 Bottles","https://www.bbr.com/products-20168125875-2016-henschke-hill-of-grace-shiraz-eden-valley-australia","1002874","20168125875"
"Henschke","2017","Henschke, Hill of Grace Shiraz, Eden Valley, Australia","1895","Case of 3 Bottles","https://www.bbr.com/products-20178125875-2017-henschke-hill-of-grace-shiraz-eden-valley-australia","1002874","20178125875"
"Henschke","2019","Henschke, Hill of Grace Shiraz, Eden Valley, Australia","1600","Case of 3 Bottles","https://www.bbr.com/products-20198125875-2019-henschke-hill-of-grace-shiraz-eden-valley-australia","1002874","20198125875"
"Henschke","2018","Henschke, Hill of Roses Shiraz, Eden Valley, Australia","1100","Case of 3 Bottles","https://www.bbr.com/products-20188113371-2018-henschke-hill-of-roses-shiraz-eden-valley-australia","1175280","20188113371"
"Henschke","2021","Henschke, Julius Riesling, Eden Valley, Australia","180","Case of 6 Bottles","https://www.bbr.com/products-20218114756-2021-henschke-julius-riesling-eden-valley-australia","1137037","20218114756"
"Henschke","2017","Henschke, Keyneton Euphonium, Barossa Valley, Australia","190","Case of 6 Bottles","https://www.bbr.com/products-20178125859-2017-henschke-keyneton-euphonium-barossa-valley-australia","1002890","20178125859"
"Henschke","2008","Henschke, Mount Edelstone Shiraz, Eden Valley, Australia","725","Case of 6 Bottles","https://www.bbr.com/products-20088125846-2008-henschke-mount-edelstone-shiraz-eden-valley-australia","1002904","20088125846"
"Henschke","2010","Henschke, Mount Edelstone Shiraz, Eden Valley, Australia","600","Case of 6 Bottles","https://www.bbr.com/products-20108125846-2010-henschke-mount-edelstone-shiraz-eden-valley-australia","1002904","20108125846"
"Henschke","2012","Henschke, Mount Edelstone Shiraz, Eden Valley, Australia","730","Case of 6 Bottles","https://www.bbr.com/products-20128125846-2012-henschke-mount-edelstone-shiraz-eden-valley-australia","1002904","20128125846"
"Henschke","2014","Henschke, Mount Edelstone Shiraz, Eden Valley, Australia","640","Case of 6 Bottles","https://www.bbr.com/products-20148125846-2014-henschke-mount-edelstone-shiraz-eden-valley-australia","1002904","20148125846"
"Henschke","2017","Henschke, Mount Edelstone Shiraz, Eden Valley, Australia","895","Case of 6 Bottles","https://www.bbr.com/products-20178125846-2017-henschke-mount-edelstone-shiraz-eden-valley-australia","1002904","20178125846"
"Hentley Farm Wines","2014","Hentley Farm, Clos Otto Shiraz, Barossa Valley, Australia","650","Case of 6 Bottles","https://www.bbr.com/products-20148110439-2014-hentley-farm-clos-otto-shiraz-barossa-valley-australia","1278910","20148110439"
"Hentley Farm Wines","2015","Hentley Farm, Clos Otto Shiraz, Barossa Valley, Australia","650","Case of 6 Bottles","https://www.bbr.com/products-20158110439-2015-hentley-farm-clos-otto-shiraz-barossa-valley-australia","1278910","20158110439"
"Hentley Farm Wines","2014","Hentley Farm, The Beast Shiraz, Barossa Valley, Australia","300","Case of 6 Bottles","https://www.bbr.com/products-20148125833-2014-hentley-farm-the-beast-shiraz-barossa-valley-australia","1002920","20148125833"
"Hentley Farm Wines","2014","Hentley Farm, The Creation Shiraz, Barossa Valley, Australia","696","Case of 6 Bottles","https://www.bbr.com/products-20148107055-2014-hentley-farm-the-creation-shiraz-barossa-valley-australia","1430747","20148107055"
"Hentley Farm Wines","2015","Hentley Farm, The Old Legend Grenache, Barossa Valley, Australia","198","Case of 6 Bottles","https://www.bbr.com/products-20158107013-2015-hentley-farm-the-old-legend-grenache-barossa-valley-australia","1437805","20158107013"
"Maison Chapoutier","2013","Hermitage Blanc, Chante Alouette, M. Chapoutier, Rhone","440","Case of 6 Bottles","https://www.bbr.com/products-20138116691-2013-hermitage-blanc-chante-alouette-m-chapoutier-rhone","1109733","20138116691"
"Maison Chapoutier","2019","Hermitage Blanc, Chante Alouette, M. Chapoutier, Rhone","300","Case of 6 Bottles","https://www.bbr.com/products-20198116691-2019-hermitage-blanc-chante-alouette-m-chapoutier-rhone","1109733","20198116691"
"Domaine Emmanuel Darnaud","2021","Hermitage Blanc, Domaine Emmanuel Darnaud, Rhone","850","Case of 6 Bottles","https://www.bbr.com/products-20218248055-2021-hermitage-blanc-domaine-emmanuel-darnaud-rhone","","20218248055"
"Chave","2006","Hermitage Blanc, Domaine Jean-Louis Chave, Rhone","1000","Case of 6 Bottles","https://www.bbr.com/products-20061134603-2006-hermitage-blanc-domaine-jean-louis-chave-rhone","1134603","20061134603"
"Chave","2007","Hermitage Blanc, Domaine Jean-Louis Chave, Rhone","2000","Case of 12 Bottles","https://www.bbr.com/products-20071134603-2007-hermitage-blanc-domaine-jean-louis-chave-rhone","1134603","20071134603"
"Chave","2014","Hermitage Blanc, Domaine Jean-Louis Chave, Rhone","900","Case of 6 Bottles","https://www.bbr.com/products-20141134603-2014-hermitage-blanc-domaine-jean-louis-chave-rhone","1134603","20141134603"
"Chave","2017","Hermitage Blanc, Domaine Jean-Louis Chave, Rhone","1550","Case of 6 Bottles","https://www.bbr.com/products-20171134603-2017-hermitage-blanc-domaine-jean-louis-chave-rhone","1134603","20171134603"
"Domaine Marc Sorrel","2009","Hermitage Blanc, Domaine Marc Sorrel, Rhone","329","Case of 6 Bottles","https://www.bbr.com/products-20098015369-2009-hermitage-blanc-domaine-marc-sorrel-rhone","1116593","20098015369"
"Domaine Marc Sorrel","2012","Hermitage Blanc, Domaine Marc Sorrel, Rhone","500","Case of 6 Bottles","https://www.bbr.com/products-20128015369-2012-hermitage-blanc-domaine-marc-sorrel-rhone","1116593","20128015369"
"Chateau de Saint Cosme","2019","Hermitage Blanc, La Pierelle, Chateau de Saint Cosme, Rhone","275","Case of 6 Bottles","https://www.bbr.com/products-20198249371-2019-hermitage-blanc-la-pierelle-chateau-de-saint-cosme-rhone","3104668","20198249371"
"Jaboulet","2020","Hermitage Blanc, Le Chevalier de Sterimberg, Paul Jaboulet Aine, Rhone","430","Case of 6 Bottles","https://www.bbr.com/products-20208116314-2020-hermitage-blanc-le-chevalier-de-sterimberg-paul-jaboulet-aine-rhone","1113589","20208116314"
"Domaine Marc Sorrel","2011","Hermitage Blanc, Les Rocoules, Domaine Marc Sorrel, Rhone","425","Case of 6 Bottles","https://www.bbr.com/products-20111116607-2011-hermitage-blanc-les-rocoules-domaine-marc-sorrel-rhone","1116607","20111116607"
"Domaine Marc Sorrel","2014","Hermitage Blanc, Les Rocoules, Domaine Marc Sorrel, Rhone","700","Case of 6 Bottles","https://www.bbr.com/products-20141116607-2014-hermitage-blanc-les-rocoules-domaine-marc-sorrel-rhone","1116607","20141116607"
"Domaine Marc Sorrel","2015","Hermitage Blanc, Les Rocoules, Domaine Marc Sorrel, Rhone","520","Case of 6 Bottles","https://www.bbr.com/products-20151116607-2015-hermitage-blanc-les-rocoules-domaine-marc-sorrel-rhone","1116607","20151116607"
"Domaine Marc Sorrel","2016","Hermitage Blanc, Les Rocoules, Domaine Marc Sorrel, Rhone","678","Case of 6 Bottles","https://www.bbr.com/products-20161116607-2016-hermitage-blanc-les-rocoules-domaine-marc-sorrel-rhone","1116607","20161116607"
"Domaine Marc Sorrel","2017","Hermitage Blanc, Les Rocoules, Domaine Marc Sorrel, Rhone","695","Case of 6 Bottles","https://www.bbr.com/products-20171116607-2017-hermitage-blanc-les-rocoules-domaine-marc-sorrel-rhone","1116607","20171116607"
"Domaine Marc Sorrel","2021","Hermitage Blanc, Les Rocoules, Domaine Marc Sorrel, Rhone","1000","Case of 6 Bottles","https://www.bbr.com/products-20211116607-2021-hermitage-blanc-les-rocoules-domaine-marc-sorrel-rhone","1116607","20211116607"
"Domaine des Remizieres","2016","Hermitage Rouge, Cuvee Emilie, Domaine des Remizieres","320","Case of 6 Bottles","https://www.bbr.com/products-20168139575-2016-hermitage-rouge-cuvee-emilie-domaine-des-remizieres","1115932","20168139575"
"Chave","2000","Hermitage Rouge, Domaine Jean-Louis Chave, Rhone","3340","Case of 6 Bottles","https://www.bbr.com/products-20008008075-2000-hermitage-rouge-domaine-jean-louis-chave-rhone","1110012","20008008075"
"Chave","2001","Hermitage Rouge, Domaine Jean-Louis Chave, Rhone","2850","Case of 6 Bottles","https://www.bbr.com/products-20018008075-2001-hermitage-rouge-domaine-jean-louis-chave-rhone","1110012","20018008075"
"Chave","2005","Hermitage Rouge, Domaine Jean-Louis Chave, Rhone","500","Case of 1 Bottles","https://www.bbr.com/products-20058008075-2005-hermitage-rouge-domaine-jean-louis-chave-rhone","1110012","20058008075"
"Chave","2006","Hermitage Rouge, Domaine Jean-Louis Chave, Rhone","2199","Case of 6 Bottles","https://www.bbr.com/products-20068008075-2006-hermitage-rouge-domaine-jean-louis-chave-rhone","1110012","20068008075"
"Chave","2007","Hermitage Rouge, Domaine Jean-Louis Chave, Rhone","2299","Case of 6 Bottles","https://www.bbr.com/products-20078008075-2007-hermitage-rouge-domaine-jean-louis-chave-rhone","1110012","20078008075"
"Chave","2011","Hermitage Rouge, Domaine Jean-Louis Chave, Rhone","1450","Case of 6 Bottles","https://www.bbr.com/products-20118008075-2011-hermitage-rouge-domaine-jean-louis-chave-rhone","1110012","20118008075"
"Chave","2012","Hermitage Rouge, Domaine Jean-Louis Chave, Rhone","1390","Case of 6 Bottles","https://www.bbr.com/products-20128008075-2012-hermitage-rouge-domaine-jean-louis-chave-rhone","1110012","20128008075"
"Chave","2015","Hermitage Rouge, Domaine Jean-Louis Chave, Rhone","2220","Case of 6 Bottles","https://www.bbr.com/products-20158008075-2015-hermitage-rouge-domaine-jean-louis-chave-rhone","1110012","20158008075"
"Chave","2016","Hermitage Rouge, Domaine Jean-Louis Chave, Rhone","5000","Case of 12 Bottles","https://www.bbr.com/products-20168008075-2016-hermitage-rouge-domaine-jean-louis-chave-rhone","1110012","20168008075"
"Chave","2019","Hermitage Rouge, Domaine Jean-Louis Chave, Rhone","1600","Case of 6 Bottles","https://www.bbr.com/products-20198008075-2019-hermitage-rouge-domaine-jean-louis-chave-rhone","1110012","20198008075"
"Chave","2020","Hermitage Rouge, Domaine Jean-Louis Chave, Rhone","1500","Case of 6 Bottles","https://www.bbr.com/products-20208008075-2020-hermitage-rouge-domaine-jean-louis-chave-rhone","1110012","20208008075"
"Domaine Marc Sorrel","2007","Hermitage Rouge, Domaine Marc Sorrel, Rhone","295","Case of 6 Bottles","https://www.bbr.com/products-20078006938-2007-hermitage-rouge-domaine-marc-sorrel-rhone","1116580","20078006938"
"Domaine Marc Sorrel","2012","Hermitage Rouge, Domaine Marc Sorrel, Rhone","468","Case of 6 Bottles","https://www.bbr.com/products-20128006938-2012-hermitage-rouge-domaine-marc-sorrel-rhone","1116580","20128006938"
"Domaine Marc Sorrel","2013","Hermitage Rouge, Domaine Marc Sorrel, Rhone","380","Case of 6 Bottles","https://www.bbr.com/products-20138006938-2013-hermitage-rouge-domaine-marc-sorrel-rhone","1116580","20138006938"
"Domaine Marc Sorrel","2015","Hermitage Rouge, Domaine Marc Sorrel, Rhone","498","Case of 6 Bottles","https://www.bbr.com/products-20158006938-2015-hermitage-rouge-domaine-marc-sorrel-rhone","1116580","20158006938"
"Domaine Marc Sorrel","2016","Hermitage Rouge, Domaine Marc Sorrel, Rhone","500","Case of 6 Bottles","https://www.bbr.com/products-20168006938-2016-hermitage-rouge-domaine-marc-sorrel-rhone","1116580","20168006938"
"Domaine Marc Sorrel","2018","Hermitage Rouge, Domaine Marc Sorrel, Rhone","465","Case of 6 Bottles","https://www.bbr.com/products-20188006938-2018-hermitage-rouge-domaine-marc-sorrel-rhone","1116580","20188006938"
"Domaine Marc Sorrel","2019","Hermitage Rouge, Domaine Marc Sorrel, Rhone","360","Case of 6 Bottles","https://www.bbr.com/products-20198006938-2019-hermitage-rouge-domaine-marc-sorrel-rhone","1116580","20198006938"
"Domaine Marc Sorrel","2020","Hermitage Rouge, Domaine Marc Sorrel, Rhone","495","Case of 6 Bottles","https://www.bbr.com/products-20208006938-2020-hermitage-rouge-domaine-marc-sorrel-rhone","1116580","20208006938"
"Domaine Marc Sorrel","2021","Hermitage Rouge, Domaine Marc Sorrel, Rhone","500","Case of 6 Bottles","https://www.bbr.com/products-20218006938-2021-hermitage-rouge-domaine-marc-sorrel-rhone","1116580","20218006938"
"Domaine Marc Sorrel","2022","Hermitage Rouge, Domaine Marc Sorrel, Rhone","575","Case of 6 Bottles","https://www.bbr.com/products-20228006938-2022-hermitage-rouge-domaine-marc-sorrel-rhone","1116580","20228006938"
"Domaine Delas Freres","2010","Hermitage Rouge, Domaine des Tourettes, Delas Freres, Rhone","290","Case of 6 Bottles","https://www.bbr.com/products-20108107664-2010-hermitage-rouge-domaine-des-tourettes-delas-freres-rhone","1401488","20108107664"
"Domaine Delas Freres","2013","Hermitage Rouge, Domaine des Tourettes, Delas Freres, Rhone","175","Case of 6 Bottles","https://www.bbr.com/products-20138107664-2013-hermitage-rouge-domaine-des-tourettes-delas-freres-rhone","1401488","20138107664"
"Domaine du Colombier","2009","Hermitage Rouge, Domaine du Colombier, Rhone","420","Case of 12 Bottles","https://www.bbr.com/products-20091110650-2009-hermitage-rouge-domaine-du-colombier-rhone","1110650","20091110650"
"Domaine du Colombier","2010","Hermitage Rouge, Domaine du Colombier, Rhone","800","Case of 12 Bottles","https://www.bbr.com/products-20101110650-2010-hermitage-rouge-domaine-du-colombier-rhone","1110650","20101110650"
"Domaine du Colombier","2012","Hermitage Rouge, Domaine du Colombier, Rhone","200","Case of 6 Bottles","https://www.bbr.com/products-20121110650-2012-hermitage-rouge-domaine-du-colombier-rhone","1110650","20121110650"
"Domaine du Colombier","2014","Hermitage Rouge, Domaine du Colombier, Rhone","400","Case of 6 Magnums","https://www.bbr.com/products-20141110650-2014-hermitage-rouge-domaine-du-colombier-rhone","1110650","20141110650"
"Domaine du Colombier","2022","Hermitage Rouge, Domaine du Colombier, Rhone","400","Case of 6 Bottles","https://www.bbr.com/products-20221110650-2022-hermitage-rouge-domaine-du-colombier-rhone","1110650","20221110650"
"Maison Guigal","2019","Hermitage Rouge, E. Guigal, Rhone","407","Case of 6 Bottles","https://www.bbr.com/products-20198243281-2019-hermitage-rouge-e-guigal-rhone","1113273","20198243281"
"Bernard Faurie","2018","Hermitage Rouge, Greffieux/Bessards, Bernard Faurie, Rhone (White Capsule)","650","Case of 6 Bottles","https://www.bbr.com/products-20188007397-2018-hermitage-rouge-greffieux-bessards-bernard-faurie-rhone-white-capsule","1111758","20188007397"
"Bernard Faurie","2020","Hermitage Rouge, Greffieux/Bessards, Bernard Faurie, Rhone (White Capsule)","640","Case of 6 Bottles","https://www.bbr.com/products-20208007397-2020-hermitage-rouge-greffieux-bessards-bernard-faurie-rhone-white-capsule","1111758","20208007397"
"Bernard Faurie","2012","Hermitage Rouge, Greffieux/Bessards, Bernard Faurie, Rhone (WhiteCapsule)","690","Case of 6 Bottles","https://www.bbr.com/products-20128007397-2012-hermitage-rouge-greffieux-bessards-bernard-faurie-rhone-whitecapsule","1111758","20128007397"
"Domaine Marc Sorrel","2005","Hermitage Rouge, Le Greal, Domaine Marc Sorrel, Rhone","1285","Case of 6 Bottles","https://www.bbr.com/products-20058006925-2005-hermitage-rouge-le-greal-domaine-marc-sorrel-rhone","1116610","20058006925"
"Domaine Marc Sorrel","2009","Hermitage Rouge, Le Greal, Domaine Marc Sorrel, Rhone","740","Case of 6 Bottles","https://www.bbr.com/products-20098006925-2009-hermitage-rouge-le-greal-domaine-marc-sorrel-rhone","1116610","20098006925"
"Domaine Marc Sorrel","2010","Hermitage Rouge, Le Greal, Domaine Marc Sorrel, Rhone","800","Case of 6 Bottles","https://www.bbr.com/products-20108006925-2010-hermitage-rouge-le-greal-domaine-marc-sorrel-rhone","1116610","20108006925"
"Domaine Marc Sorrel","2010","Hermitage Rouge, Le Greal, Domaine Marc Sorrel, Rhone","760","Case of 6 Bottles","https://www.bbr.com/products-20108006925-2010-hermitage-rouge-le-greal-domaine-marc-sorrel-rhone","1116610","20108006925"
"Domaine Marc Sorrel","2011","Hermitage Rouge, Le Greal, Domaine Marc Sorrel, Rhone","560","Case of 6 Bottles","https://www.bbr.com/products-20118006925-2011-hermitage-rouge-le-greal-domaine-marc-sorrel-rhone","1116610","20118006925"
"Domaine Marc Sorrel","2013","Hermitage Rouge, Le Greal, Domaine Marc Sorrel, Rhone","580","Case of 6 Bottles","https://www.bbr.com/products-20138006925-2013-hermitage-rouge-le-greal-domaine-marc-sorrel-rhone","1116610","20138006925"
"Domaine Marc Sorrel","2014","Hermitage Rouge, Le Greal, Domaine Marc Sorrel, Rhone","725","Case of 6 Bottles","https://www.bbr.com/products-20148006925-2014-hermitage-rouge-le-greal-domaine-marc-sorrel-rhone","1116610","20148006925"
"Domaine Marc Sorrel","2015","Hermitage Rouge, Le Greal, Domaine Marc Sorrel, Rhone","780","Case of 6 Bottles","https://www.bbr.com/products-20158006925-2015-hermitage-rouge-le-greal-domaine-marc-sorrel-rhone","1116610","20158006925"
"Domaine Marc Sorrel","2016","Hermitage Rouge, Le Greal, Domaine Marc Sorrel, Rhone","899","Case of 6 Bottles","https://www.bbr.com/products-20168006925-2016-hermitage-rouge-le-greal-domaine-marc-sorrel-rhone","1116610","20168006925"
"Domaine Marc Sorrel","2017","Hermitage Rouge, Le Greal, Domaine Marc Sorrel, Rhone","750","Case of 6 Bottles","https://www.bbr.com/products-20178006925-2017-hermitage-rouge-le-greal-domaine-marc-sorrel-rhone","1116610","20178006925"
"Domaine Marc Sorrel","2018","Hermitage Rouge, Le Greal, Domaine Marc Sorrel, Rhone","1568","Case of 12 Bottles","https://www.bbr.com/products-20188006925-2018-hermitage-rouge-le-greal-domaine-marc-sorrel-rhone","1116610","20188006925"
"Domaine Marc Sorrel","2018","Hermitage Rouge, Le Greal, Domaine Marc Sorrel, Rhone","650","Case of 6 Bottles","https://www.bbr.com/products-20188006925-2018-hermitage-rouge-le-greal-domaine-marc-sorrel-rhone","1116610","20188006925"
"Domaine Marc Sorrel","2019","Hermitage Rouge, Le Greal, Domaine Marc Sorrel, Rhone","799","Case of 6 Bottles","https://www.bbr.com/products-20198006925-2019-hermitage-rouge-le-greal-domaine-marc-sorrel-rhone","1116610","20198006925"
"Domaine Marc Sorrel","2019","Hermitage Rouge, Le Greal, Domaine Marc Sorrel, Rhone","690","Case of 6 Bottles","https://www.bbr.com/products-20198006925-2019-hermitage-rouge-le-greal-domaine-marc-sorrel-rhone","1116610","20198006925"
"Domaine Marc Sorrel","2020","Hermitage Rouge, Le Greal, Domaine Marc Sorrel, Rhone","999","Case of 6 Bottles","https://www.bbr.com/products-20208006925-2020-hermitage-rouge-le-greal-domaine-marc-sorrel-rhone","1116610","20208006925"
"Maison Ferraton","2010","Hermitage Rouge, Les Miaux, Ferraton Pere &amp; Fils, Rhone","239","Case of 6 Bottles","https://www.bbr.com/products-20108025029-2010-hermitage-rouge-les-miaux-ferraton-pere-and-fils-rhone","1111921","20108025029"
"Domaine Tardieu Laurent","1999","Hermitage Rouge, Tardieu-Laurent, Rhone","150","Case of 1 Bottles","https://www.bbr.com/products-19998212801-1999-hermitage-rouge-tardieu-laurent-rhone","1117239","19998212801"
"Domaine Tardieu Laurent","2009","Hermitage Rouge, Tardieu-Laurent, Rhone","600","Case of 12 Bottles","https://www.bbr.com/products-20098212801-2009-hermitage-rouge-tardieu-laurent-rhone","1117239","20098212801"
"Domaine Tardieu Laurent","2010","Hermitage Rouge, Tardieu-Laurent, Rhone","600","Case of 12 Bottles","https://www.bbr.com/products-20108212801-2010-hermitage-rouge-tardieu-laurent-rhone","1117239","20108212801"
"Bernard Faurie","2015","Hermitage, Bernard Faurie, Rhone","1600","Case of 12 Bottles","https://www.bbr.com/products-20158055239-2015-hermitage-bernard-faurie-rhone","1111716","20158055239"
"Bernard Faurie","2017","Hermitage, Bessards/Meal, Bernard Faurie, Rhone (Gold Capsule)","780","Case of 6 Bottles","https://www.bbr.com/products-20178007401-2017-hermitage-bessards-meal-bernard-faurie-rhone-gold-capsule","1134658","20178007401"
"Bernard Faurie","2020","Hermitage, Bessards/Meal, Bernard Faurie, Rhone (Gold Capsule)","900","Case of 6 Bottles","https://www.bbr.com/products-20208007401-2020-hermitage-bessards-meal-bernard-faurie-rhone-gold-capsule","1134658","20208007401"
"Domaine de La Chapelle","2021","Hermitage, La Chapelle, Domaine de La Chapelle, Rhone","1500","Case of 3 Bottles","https://www.bbr.com/products-20218175418-2021-hermitage-la-chapelle-domaine-de-la-chapelle-rhone","1113563","20218175418"
"Domaine de La Chapelle","2016","Hermitage, La Chapelle, Domaine de la Chapelle, Rhone","540","Case of 6 Bottles","https://www.bbr.com/products-20168175418-2016-hermitage-la-chapelle-domaine-de-la-chapelle-rhone","1113563","20168175418"
"Jaboulet","1961","Hermitage, La Chapelle, Paul Jaboulet Aine, Rhone","13500","Case of 1 Bottles","https://www.bbr.com/products-19618116330-1961-hermitage-la-chapelle-paul-jaboulet-aine-rhone","1113563","19618116330"
"Jaboulet","1961","Hermitage, La Chapelle, Paul Jaboulet Aine, Rhone","44000","Case of 3 Bottles","https://www.bbr.com/products-19618116330-1961-hermitage-la-chapelle-paul-jaboulet-aine-rhone","1113563","19618116330"
"Jaboulet","1990","Hermitage, La Chapelle, Paul Jaboulet Aine, Rhone","550","Case of 1 Bottles","https://www.bbr.com/products-19908116330-1990-hermitage-la-chapelle-paul-jaboulet-aine-rhone","1113563","19908116330"
"Jaboulet","1991","Hermitage, La Chapelle, Paul Jaboulet Aine, Rhone","2500","Case of 6 Bottles","https://www.bbr.com/products-19918116330-1991-hermitage-la-chapelle-paul-jaboulet-aine-rhone","1113563","19918116330"
"Jaboulet","2003","Hermitage, La Chapelle, Paul Jaboulet Aine, Rhone","550","Case of 6 Bottles","https://www.bbr.com/products-20038116330-2003-hermitage-la-chapelle-paul-jaboulet-aine-rhone","1113563","20038116330"
"Jaboulet","2006","Hermitage, La Chapelle, Paul Jaboulet Aine, Rhone","799","Case of 6 Bottles","https://www.bbr.com/products-20068116330-2006-hermitage-la-chapelle-paul-jaboulet-aine-rhone","1113563","20068116330"
"Jaboulet","2006","Hermitage, La Chapelle, Paul Jaboulet Aine, Rhone","799","Case of 3 Magnums","https://www.bbr.com/products-20068116330-2006-hermitage-la-chapelle-paul-jaboulet-aine-rhone","1113563","20068116330"
"Jaboulet","2009","Hermitage, La Chapelle, Paul Jaboulet Aine, Rhone","799","Case of 6 Bottles","https://www.bbr.com/products-20098116330-2009-hermitage-la-chapelle-paul-jaboulet-aine-rhone","1113563","20098116330"
"Jaboulet","2009","Hermitage, La Chapelle, Paul Jaboulet Aine, Rhone","780","Case of 6 Bottles","https://www.bbr.com/products-20098116330-2009-hermitage-la-chapelle-paul-jaboulet-aine-rhone","1113563","20098116330"
"Jaboulet","2009","Hermitage, La Chapelle, Paul Jaboulet Aine, Rhone","899","Case of 3 Magnums","https://www.bbr.com/products-20098116330-2009-hermitage-la-chapelle-paul-jaboulet-aine-rhone","1113563","20098116330"
"Jaboulet","2010","Hermitage, La Chapelle, Paul Jaboulet Aine, Rhone","725","Case of 6 Bottles","https://www.bbr.com/products-20108116330-2010-hermitage-la-chapelle-paul-jaboulet-aine-rhone","1113563","20108116330"
"Jaboulet","2010","Hermitage, La Chapelle, Paul Jaboulet Aine, Rhone","899","Case of 3 Magnums","https://www.bbr.com/products-20108116330-2010-hermitage-la-chapelle-paul-jaboulet-aine-rhone","1113563","20108116330"
"Jaboulet","2011","Hermitage, La Chapelle, Paul Jaboulet Aine, Rhone","515","Case of 6 Bottles","https://www.bbr.com/products-20118116330-2011-hermitage-la-chapelle-paul-jaboulet-aine-rhone","1113563","20118116330"
"Jaboulet","2011","Hermitage, La Chapelle, Paul Jaboulet Aine, Rhone","500","Case of 3 Magnums","https://www.bbr.com/products-20118116330-2011-hermitage-la-chapelle-paul-jaboulet-aine-rhone","1113563","20118116330"
"Jaboulet","2012","Hermitage, La Chapelle, Paul Jaboulet Aine, Rhone","520","Case of 6 Bottles","https://www.bbr.com/products-20128116330-2012-hermitage-la-chapelle-paul-jaboulet-aine-rhone","1113563","20128116330"
"Jaboulet","2012","Hermitage, La Chapelle, Paul Jaboulet Aine, Rhone","495","Case of 6 Bottles","https://www.bbr.com/products-20128116330-2012-hermitage-la-chapelle-paul-jaboulet-aine-rhone","1113563","20128116330"
"Jaboulet","2013","Hermitage, La Chapelle, Paul Jaboulet Aine, Rhone","600","Case of 6 Bottles","https://www.bbr.com/products-20138116330-2013-hermitage-la-chapelle-paul-jaboulet-aine-rhone","1113563","20138116330"
"Jaboulet","2013","Hermitage, La Chapelle, Paul Jaboulet Aine, Rhone","620","Case of 6 Bottles","https://www.bbr.com/products-20138116330-2013-hermitage-la-chapelle-paul-jaboulet-aine-rhone","1113563","20138116330"
"Jaboulet","2014","Hermitage, La Chapelle, Paul Jaboulet Aine, Rhone","490","Case of 6 Bottles","https://www.bbr.com/products-20148116330-2014-hermitage-la-chapelle-paul-jaboulet-aine-rhone","1113563","20148116330"
"Jaboulet","2014","Hermitage, La Chapelle, Paul Jaboulet Aine, Rhone","500","Case of 3 Magnums","https://www.bbr.com/products-20148116330-2014-hermitage-la-chapelle-paul-jaboulet-aine-rhone","1113563","20148116330"
"Jaboulet","2015","Hermitage, La Chapelle, Paul Jaboulet Aine, Rhone","810","Case of 6 Bottles","https://www.bbr.com/products-20158116330-2015-hermitage-la-chapelle-paul-jaboulet-aine-rhone","1113563","20158116330"
"Jaboulet","2015","Hermitage, La Chapelle, Paul Jaboulet Aine, Rhone","1180","Case of 6 Bottles","https://www.bbr.com/products-20158116330-2015-hermitage-la-chapelle-paul-jaboulet-aine-rhone","1113563","20158116330"
"Jaboulet","2015","Hermitage, La Chapelle, Paul Jaboulet Aine, Rhone","925","Case of 6 Bottles","https://www.bbr.com/products-20158116330-2015-hermitage-la-chapelle-paul-jaboulet-aine-rhone","1113563","20158116330"
"Jaboulet","2015","Hermitage, La Chapelle, Paul Jaboulet Aine, Rhone","275","Case of 1 Magnums","https://www.bbr.com/products-20158116330-2015-hermitage-la-chapelle-paul-jaboulet-aine-rhone","1113563","20158116330"
"Jaboulet","2016","Hermitage, La Chapelle, Paul Jaboulet Aine, Rhone","499","Case of 6 Bottles","https://www.bbr.com/products-20168116330-2016-hermitage-la-chapelle-paul-jaboulet-aine-rhone","1113563","20168116330"
"Jaboulet","2017","Hermitage, La Chapelle, Paul Jaboulet Aine, Rhone","472","Case of 6 Bottles","https://www.bbr.com/products-20178116330-2017-hermitage-la-chapelle-paul-jaboulet-aine-rhone","1113563","20178116330"
"Jaboulet","2018","Hermitage, La Chapelle, Paul Jaboulet Aine, Rhone","523","Case of 6 Bottles","https://www.bbr.com/products-20188116330-2018-hermitage-la-chapelle-paul-jaboulet-aine-rhone","1113563","20188116330"
"Jaboulet","2018","Hermitage, La Chapelle, Paul Jaboulet Aine, Rhone","725","Case of 3 Magnums","https://www.bbr.com/products-20188116330-2018-hermitage-la-chapelle-paul-jaboulet-aine-rhone","1113563","20188116330"
"Jaboulet","2019","Hermitage, La Chapelle, Paul Jaboulet Aine, Rhone","653","Case of 6 Bottles","https://www.bbr.com/products-20198116330-2019-hermitage-la-chapelle-paul-jaboulet-aine-rhone","1113563","20198116330"
"Jaboulet","2019","Hermitage, La Chapelle, Paul Jaboulet Aine, Rhone","1700","Case of 3 Magnums","https://www.bbr.com/products-20198116330-2019-hermitage-la-chapelle-paul-jaboulet-aine-rhone","1113563","20198116330"
"Jaboulet","2020","Hermitage, La Chapelle, Paul Jaboulet Aine, Rhone","485","Case of 6 Bottles","https://www.bbr.com/products-20208116330-2020-hermitage-la-chapelle-paul-jaboulet-aine-rhone","1113563","20208116330"
"Jaboulet","2020","Hermitage, La Chapelle, Paul Jaboulet Aine, Rhone","1600","Case of 3 Magnums","https://www.bbr.com/products-20208116330-2020-hermitage-la-chapelle-paul-jaboulet-aine-rhone","1113563","20208116330"
"Jaboulet","2015","Hermitage, La Maison Bleue, Domaine Paul Jaboulet Aine, Rhone","275","Case of 6 Bottles","https://www.bbr.com/products-20158106074-2015-hermitage-la-maison-bleue-domaine-paul-jaboulet-aine-rhone","1514849","20158106074"
"Jaboulet","2016","Hermitage, La Maison Bleue, Domaine Paul Jaboulet Aine, Rhone","210","Case of 6 Bottles","https://www.bbr.com/products-20168106074-2016-hermitage-la-maison-bleue-domaine-paul-jaboulet-aine-rhone","1514849","20168106074"
"Jaboulet","2016","Hermitage, La Maison Bleue, Domaine Paul Jaboulet Aine, Rhone","240","Case of 6 Bottles","https://www.bbr.com/products-20168106074-2016-hermitage-la-maison-bleue-domaine-paul-jaboulet-aine-rhone","1514849","20168106074"
"Jaboulet","2017","Hermitage, La Maison Bleue, Domaine Paul Jaboulet Aine, Rhone","230","Case of 6 Bottles","https://www.bbr.com/products-20178106074-2017-hermitage-la-maison-bleue-domaine-paul-jaboulet-aine-rhone","1514849","20178106074"
"Jaboulet","2017","Hermitage, La Maison Bleue, Domaine Paul Jaboulet Aine, Rhone","225","Case of 6 Bottles","https://www.bbr.com/products-20178106074-2017-hermitage-la-maison-bleue-domaine-paul-jaboulet-aine-rhone","1514849","20178106074"
"Jaboulet","2018","Hermitage, La Maison Bleue, Domaine Paul Jaboulet Aine, Rhone","222","Case of 6 Bottles","https://www.bbr.com/products-20188106074-2018-hermitage-la-maison-bleue-domaine-paul-jaboulet-aine-rhone","1514849","20188106074"
"Jaboulet","2019","Hermitage, La Maison Bleue, Domaine Paul Jaboulet Aine, Rhone","198","Case of 6 Bottles","https://www.bbr.com/products-20198106074-2019-hermitage-la-maison-bleue-domaine-paul-jaboulet-aine-rhone","1514849","20198106074"
"Jaboulet","2020","Hermitage, La Maison Bleue, Domaine Paul Jaboulet Aine, Rhone","240","Case of 6 Bottles","https://www.bbr.com/products-20208106074-2020-hermitage-la-maison-bleue-domaine-paul-jaboulet-aine-rhone","1514849","20208106074"
"Jaboulet","2021","Hermitage, La Maison Bleue, Domaine Paul Jaboulet Aine, Rhone","250","Case of 6 Bottles","https://www.bbr.com/products-20218106074-2021-hermitage-la-maison-bleue-domaine-paul-jaboulet-aine-rhone","1514849","20218106074"
"Domaine Delas Freres","2007","Hermitage, Les Bessards, Delas Freres, Rhone","508","Case of 6 Bottles","https://www.bbr.com/products-20078034001-2007-hermitage-les-bessards-delas-freres-rhone","1111497","20078034001"
"Domaine Delas Freres","2009","Hermitage, Les Bessards, Delas Freres, Rhone","900","Case of 6 Bottles","https://www.bbr.com/products-20098034001-2009-hermitage-les-bessards-delas-freres-rhone","1111497","20098034001"
"Domaine Delas Freres","2010","Hermitage, Les Bessards, Delas Freres, Rhone","990","Case of 6 Bottles","https://www.bbr.com/products-20108034001-2010-hermitage-les-bessards-delas-freres-rhone","1111497","20108034001"
"Domaine Delas Freres","2010","Hermitage, Les Bessards, Delas Freres, Rhone","1150","Case of 6 Bottles","https://www.bbr.com/products-20108034001-2010-hermitage-les-bessards-delas-freres-rhone","1111497","20108034001"
"Domaine Delas Freres","2012","Hermitage, Les Bessards, Delas Freres, Rhone","615","Case of 6 Bottles","https://www.bbr.com/products-20128034001-2012-hermitage-les-bessards-delas-freres-rhone","1111497","20128034001"
"Domaine Delas Freres","2013","Hermitage, Les Bessards, Delas Freres, Rhone","592","Case of 6 Bottles","https://www.bbr.com/products-20138034001-2013-hermitage-les-bessards-delas-freres-rhone","1111497","20138034001"
"Domaine Delas Freres","2014","Hermitage, Les Bessards, Delas Freres, Rhone","478","Case of 6 Bottles","https://www.bbr.com/products-20148034001-2014-hermitage-les-bessards-delas-freres-rhone","1111497","20148034001"
"Domaine Delas Freres","2015","Hermitage, Les Bessards, Delas Freres, Rhone","727","Case of 6 Bottles","https://www.bbr.com/products-20158034001-2015-hermitage-les-bessards-delas-freres-rhone","1111497","20158034001"
"Domaine Delas Freres","2016","Hermitage, Les Bessards, Delas Freres, Rhone","450","Case of 6 Bottles","https://www.bbr.com/products-20168034001-2016-hermitage-les-bessards-delas-freres-rhone","1111497","20168034001"
"Domaine Delas Freres","2016","Hermitage, Les Bessards, Delas Freres, Rhone","620","Case of 6 Bottles","https://www.bbr.com/products-20168034001-2016-hermitage-les-bessards-delas-freres-rhone","1111497","20168034001"
"Les Vins De Vienne","2006","Hermitage, Les Chirats De St Christophe, Vins de Vienne","500","Case of 12 Bottles","https://www.bbr.com/products-20068026635-2006-hermitage-les-chirats-de-st-christophe-vins-de-vienne","1316788","20068026635"
"Les Vins De Vienne","2009","Hermitage, Les Chirats de St Christophe, Les Vins de Vienne","550","Case of 12 Bottles","https://www.bbr.com/products-20098026635-2009-hermitage-les-chirats-de-st-christophe-les-vins-de-vienne","1316788","20098026635"
"Domaine Delas Freres","2018","Hermitage, Ligne de Crete, Les Grandes Vignes, Delas Freres, Rhone","800","Case of 6 Bottles","https://www.bbr.com/products-20188151087-2018-hermitage-ligne-de-crete-les-grandes-vignes-delas-freres-rhone","1973365","20188151087"
"Maison Chapoutier","2010","Hermitage, Monier de la Sizeranne, M. Chapoutier, Rhone","360","Case of 6 Bottles","https://www.bbr.com/products-20108007124-2010-hermitage-monier-de-la-sizeranne-m-chapoutier-rhone","1109762","20108007124"
"Maison Chapoutier","2011","Hermitage, Monier de la Sizeranne, M. Chapoutier, Rhone","380","Case of 6 Bottles","https://www.bbr.com/products-20118007124-2011-hermitage-monier-de-la-sizeranne-m-chapoutier-rhone","1109762","20118007124"
"Maison Chapoutier","2012","Hermitage, Monier de la Sizeranne, M. Chapoutier, Rhone","350","Case of 6 Bottles","https://www.bbr.com/products-20128007124-2012-hermitage-monier-de-la-sizeranne-m-chapoutier-rhone","1109762","20128007124"
"Maison Chapoutier","2015","Hermitage, Monier de la Sizeranne, M. Chapoutier, Rhone","375","Case of 6 Bottles","https://www.bbr.com/products-20158007124-2015-hermitage-monier-de-la-sizeranne-m-chapoutier-rhone","1109762","20158007124"
"Maison Chapoutier","2016","Hermitage, Monier de la Sizeranne, M. Chapoutier, Rhone","270","Case of 6 Bottles","https://www.bbr.com/products-20168007124-2016-hermitage-monier-de-la-sizeranne-m-chapoutier-rhone","1109762","20168007124"
"Maison Chapoutier","2017","Hermitage, Monier de la Sizeranne, M. Chapoutier, Rhone","235","Case of 6 Bottles","https://www.bbr.com/products-20178007124-2017-hermitage-monier-de-la-sizeranne-m-chapoutier-rhone","1109762","20178007124"
"Maison Chapoutier","2018","Hermitage, Monier de la Sizeranne, M. Chapoutier, Rhone","285","Case of 6 Bottles","https://www.bbr.com/products-20188007124-2018-hermitage-monier-de-la-sizeranne-m-chapoutier-rhone","1109762","20188007124"
"Maximin Grunhaus (Dr. Carl von Schubert)","2016","Herrenberg GG (09-17), Schlosskellerei, C von Schubert","200","Case of 6 Bottles","https://www.bbr.com/products-20168222385-2016-herrenberg-gg-09-17-schlosskellerei-c-von-schubert","","20168222385"
"Hewitson","2018","Hewitson, Old Garden, Mourvedre, Barossa Valley, Australia","317","Case of 6 Bottles","https://www.bbr.com/products-20181179871-2018-hewitson-old-garden-mourvedre-barossa-valley-australia","1179871","20181179871"
"Weingut Kuhling-Gillot","2016","Hipping *36, Weingut Kuhling-Gillot","180","Case of 6 Bottles","https://www.bbr.com/products-20168225142-2016-hipping-36-weingut-kuhling-gillot","1838022","20168225142"
"Hirsch Vineyards","2018","Hirsch Vineyards, Reserve, Pinot Noir, Sonoma Coast, California, USA","420","Case of 6 Bottles","https://www.bbr.com/products-20188177483-2018-hirsch-vineyards-reserve-pinot-noir-sonoma-coast-california-usa","1585317","20188177483"
"Hirsch Vineyards","2019","Hirsch Vineyards, San Andreas Fault Estate Pinot Noir, Sonoma Coast, California, USA","700","Case of 12 Bottles","https://www.bbr.com/products-20198205458-2019-hirsch-vineyards-san-andreas-fault-estate-pinot-noir-sonoma-coast-california-usa","1354683","20198205458"
"Chateau Palmer","","Historical XIX Century Wine, Chateau Palmer (L20.10)","588","Case of 3 Bottles","https://www.bbr.com/products-10008053293-historical-xix-century-wine-chateau-palmer-l20-10","1282812","10008053293"
"Chateau Palmer","","Historical XIX Century Wine, Chateau Palmer (L20.13)","460","Case of 3 Bottles","https://www.bbr.com/products-10008040369-historical-xix-century-wine-chateau-palmer-l20-13","1282812","10008040369"
"Chateau Palmer","","Historical XIX Century Wine, Chateau Palmer (L20.16)","480","Case of 3 Bottles","https://www.bbr.com/products-10008053307-historical-xix-century-wine-chateau-palmer-l20-16","1282812","10008053307"
"Chateau Palmer","","Historical XIX Century Wine, Chateau Palmer (L20.17)","315","Case of 3 Bottles","https://www.bbr.com/products-10008053440-historical-xix-century-wine-chateau-palmer-l20-17","1282812","10008053440"
"Chateau Palmer","","Historical XIX Century Wine, Chateau Palmer (L20.19)","600","Case of 3 Bottles","https://www.bbr.com/products-10008152680-historical-xix-century-wine-chateau-palmer-l20-19","1282812","10008152680"
"Chateau Palmer","","Historical XIX Century Wine, Chateau Palmer (L20.19)","160","Case of 1 Bottles","https://www.bbr.com/products-10008152680-historical-xix-century-wine-chateau-palmer-l20-19","1282812","10008152680"
"Chateau Palmer","","Historical XIX Century Wine, Chateau Palmer (L20.19)","590","Case of 3 Bottles","https://www.bbr.com/products-10008152680-historical-xix-century-wine-chateau-palmer-l20-19","1282812","10008152680"
"Chateau Palmer","","Historical XIX Century Wine, Chateau Palmer (L20.20)","500","Case of 3 Bottles","https://www.bbr.com/products-10008240828-historical-xix-century-wine-chateau-palmer-l20-20","1282812","10008240828"
"Chateau les Carmes Haut-Brion","2017","Hommage au Siecle, Chateau les Carmes Haut-Brion, Pessac-Leognan, Bordeaux","1300","Case of 1 Marie-Jeannes","https://www.bbr.com/products-20178076207-2017-hommage-au-siecle-chateau-les-carmes-haut-brion-pessac-leognan-bordeaux","2964241","20178076207"
"Hors Categorie Vineyards","2014","Hors Categorie Syrah Christophe Baron De Cayuse","450","Case of 1 Bottles","https://www.bbr.com/products-20148104546-2014-hors-categorie-syrah-christophe-baron-de-cayuse","1608076","20148104546"
"Horsepower Vineyards","2018","Horsepower, High Contrast Vineyard Syrah, Walla Walla Valley, Washington, USA","285","Case of 3 Bottles","https://www.bbr.com/products-20188145804-2018-horsepower-high-contrast-vineyard-syrah-walla-walla-valley-washington-usa","1844120","20188145804"
"Horsepower Vineyards","2018","Horsepower, Sur Echalas Vineyard Grenache, Walla Walla Valley, Washington, USA","234","Case of 3 Bottles","https://www.bbr.com/products-20188108414-2018-horsepower-sur-echalas-vineyard-grenache-walla-walla-valley-washington-usa","1365975","20188108414"
"Horsepower Vineyards","2012","Horsepower, The Tribe Vineyard Syrah, Walla Walla Valley, Washington, USA","470","Case of 3 Bottles","https://www.bbr.com/products-20128012052-2012-horsepower-the-tribe-vineyard-syrah-walla-walla-valley-washington-usa","1360127","20128012052"
"Horsepower Vineyards","2013","Horsepower, The Tribe Vineyard Syrah, Walla Walla Valley, Washington, USA","525","Case of 3 Bottles","https://www.bbr.com/products-20138012052-2013-horsepower-the-tribe-vineyard-syrah-walla-walla-valley-washington-usa","1360127","20138012052"
"Horsepower Vineyards","2014","Horsepower, The Tribe Vineyard Syrah, Walla Walla Valley, Washington, USA","446","Case of 3 Bottles","https://www.bbr.com/products-20148012052-2014-horsepower-the-tribe-vineyard-syrah-walla-walla-valley-washington-usa","1360127","20148012052"
"Horsepower Vineyards","2015","Horsepower, The Tribe Vineyard Syrah, Walla Walla Valley, Washington, USA","360","Case of 3 Bottles","https://www.bbr.com/products-20158012052-2015-horsepower-the-tribe-vineyard-syrah-walla-walla-valley-washington-usa","1360127","20158012052"
"Horsepower Vineyards","2015","Horsepower, The Tribe Vineyard Syrah, Walla Walla Valley, Washington, USA","390","Case of 3 Bottles","https://www.bbr.com/products-20158012052-2015-horsepower-the-tribe-vineyard-syrah-walla-walla-valley-washington-usa","1360127","20158012052"
"Horsepower Vineyards","2016","Horsepower, The Tribe Vineyard Syrah, Walla Walla Valley, Washington, USA","520","Case of 3 Bottles","https://www.bbr.com/products-20168012052-2016-horsepower-the-tribe-vineyard-syrah-walla-walla-valley-washington-usa","1360127","20168012052"
"Horsepower Vineyards","2018","Horsepower, The Tribe Vineyard Syrah, Walla Walla Valley, Washington, USA","295","Case of 3 Bottles","https://www.bbr.com/products-20188012052-2018-horsepower-the-tribe-vineyard-syrah-walla-walla-valley-washington-usa","1360127","20188012052"
"Hospices de Beaune","2020","Hospices de Beaune, Clos de la Roche, Grand Cru, Cuvee Cyrot Chaudron, Comte Liger Belair, Burgundy","5250","Case of 6 Bottles","https://www.bbr.com/products-20208243177-2020-hospices-de-beaune-clos-de-la-roche-grand-cru-cuvee-cyrot-chaudron-comte-liger-belair-burgundy","2668976","20208243177"
"Houghton Wines","2014","Houghton, Jack Mann, Cabernet Sauvignon, Frankland River, Australia","775","Case of 6 Bottles","https://www.bbr.com/products-20148079572-2014-houghton-jack-mann-cabernet-sauvignon-frankland-river-australia","1154283","20148079572"
"Domaine Hudelot-Baillet","2016","Hudelot Baillet Mixed Assortment (12bt BM,CC,CVV,C,HCDB,BR)","1100","Case of 1 Mixed case (12x75cl)s","https://www.bbr.com/products-20168200886-2016-hudelot-baillet-mixed-assortment-12bt-bm-cc-cvv-c-hcdb-br","1680344","20168200886"
"Hundred Acre Winery","2009","Hundred Acre, Ark Vineyard Cabernet Sauvignon, Napa Valley, California, USA","1300","Case of 3 Bottles","https://www.bbr.com/products-20098008293-2009-hundred-acre-ark-vineyard-cabernet-sauvignon-napa-valley-california-usa","1141229","20098008293"
"Hundred Acre Winery","2013","Hundred Acre, Kayli Morgan Vineyard Cabernet Sauvignon, Napa Valley, California, USA","1569","Case of 3 Bottles","https://www.bbr.com/products-20138114567-2013-hundred-acre-kayli-morgan-vineyard-cabernet-sauvignon-napa-valley-california-usa","1141203","20138114567"
"Hundred Acre Winery","2013","Hundred Acre, Kayli Morgan Vineyard Cabernet Sauvignon, Napa Valley, California, USA","1125","Case of 3 Bottles","https://www.bbr.com/products-20138114567-2013-hundred-acre-kayli-morgan-vineyard-cabernet-sauvignon-napa-valley-california-usa","1141203","20138114567"
"Hundred Acre Winery","2014","Hundred Acre, Wraith, Cabernet Sauvignon, Napa Valley, California, USA","1490","Case of 3 Bottles","https://www.bbr.com/products-20148106481-2014-hundred-acre-wraith-cabernet-sauvignon-napa-valley-california-usa","1482951","20148106481"
"Hundred Acre Winery","2016","Hundred Acre, Wraith, Cabernet Sauvignon, Napa Valley, California, USA","1500","Case of 3 Bottles","https://www.bbr.com/products-20168106481-2016-hundred-acre-wraith-cabernet-sauvignon-napa-valley-california-usa","1482951","20168106481"
"Hunter's Wine","2023","Hunter's, Pinot Noir, Marlborough, New Zealand","160","Case of 12 Bottles","https://www.bbr.com/products-20238402147-2023-hunter-s-pinot-noir-marlborough-new-zealand","1149586","20238402147"
"Hyde de Villaine Wines (HDV)","2017","Hyde de Villaine, Ygnacia, Pinot Noir, Los Carneros, Napa Valley, California, USA","1350","Case of 12 Bottles","https://www.bbr.com/products-20178076366-2017-hyde-de-villaine-ygnacia-pinot-noir-los-carneros-napa-valley-california-usa","1771192","20178076366"
"Hyde de Villaine Wines (HDV)","2018","Hyde de Villaine, Ygnacia, Pinot Noir, Los Carneros, Napa Valley, California, USA","1350","Case of 12 Bottles","https://www.bbr.com/products-20188076366-2018-hyde-de-villaine-ygnacia-pinot-noir-los-carneros-napa-valley-california-usa","1771192","20188076366"
"Hyde de Villaine Wines (HDV)","2013","Hyde de Villaine, Ysabel, Pinot Noir, Sonoma Mountain, California, USA","950","Case of 12 Bottles","https://www.bbr.com/products-20138164012-2013-hyde-de-villaine-ysabel-pinot-noir-sonoma-mountain-california-usa","1378157","20138164012"
"Hyde de Villaine Wines (HDV)","2017","Hyde de Villaine, Ysabel, Pinot Noir, Sonoma Mountain, California, USA","900","Case of 12 Bottles","https://www.bbr.com/products-20178164012-2017-hyde-de-villaine-ysabel-pinot-noir-sonoma-mountain-california-usa","1378157","20178164012"
"Domini Castellare Di Castellina","2016","I Sodi di S. Niccolo, Castellare di Castellina, Tuscany, Italy","264","Case of 6 Bottles","https://www.bbr.com/products-20168215004-2016-i-sodi-di-s-niccolo-castellare-di-castellina-tuscany-italy","1097337","20168215004"
"Domini Castellare Di Castellina","2016","I Sodi di S. Niccolo, Castellare di Castellina, Tuscany, Italy","264","Case of 6 Bottles","https://www.bbr.com/products-20168215004-2016-i-sodi-di-s-niccolo-castellare-di-castellina-tuscany-italy","1097337","20168215004"
"Domini Castellare Di Castellina","2016","I Sodi di S. Niccolo, Castellare di Castellina, Tuscany, Italy","254","Case of 6 Bottles","https://www.bbr.com/products-20168215004-2016-i-sodi-di-s-niccolo-castellare-di-castellina-tuscany-italy","1097337","20168215004"
"Domini Castellare Di Castellina","2016","I Sodi di S. Niccolo, Castellare di Castellina, Tuscany, Italy","125","Case of 1 Magnums","https://www.bbr.com/products-20168215004-2016-i-sodi-di-s-niccolo-castellare-di-castellina-tuscany-italy","1097337","20168215004"
"Domini Castellare Di Castellina","2017","I Sodi di S. Niccolo, Castellare di Castellina, Tuscany, Italy","300","Case of 6 Bottles","https://www.bbr.com/products-20178215004-2017-i-sodi-di-s-niccolo-castellare-di-castellina-tuscany-italy","1097337","20178215004"
"Domini Castellare Di Castellina","2018","I Sodi di S. Niccolo, Castellare di Castellina, Tuscany, Italy","214","Case of 6 Bottles","https://www.bbr.com/products-20188215004-2018-i-sodi-di-s-niccolo-castellare-di-castellina-tuscany-italy","1097337","20188215004"
"Domini Castellare Di Castellina","2018","I Sodi di S. Niccolo, Castellare di Castellina, Tuscany, Italy","214","Case of 6 Bottles","https://www.bbr.com/products-20188215004-2018-i-sodi-di-s-niccolo-castellare-di-castellina-tuscany-italy","1097337","20188215004"
"Domini Castellare Di Castellina","2018","I Sodi di S. Niccolo, Castellare di Castellina, Tuscany, Italy","220","Case of 6 Bottles","https://www.bbr.com/products-20188215004-2018-i-sodi-di-s-niccolo-castellare-di-castellina-tuscany-italy","1097337","20188215004"
"Domini Castellare Di Castellina","2019","I Sodi di S. Niccolo, Castellare di Castellina, Tuscany, Italy","250","Case of 6 Bottles","https://www.bbr.com/products-20198215004-2019-i-sodi-di-s-niccolo-castellare-di-castellina-tuscany-italy","1097337","20198215004"
"Domini Castellare Di Castellina","2019","I Sodi di S. Niccolo, Castellare di Castellina, Tuscany, Italy","250","Case of 6 Bottles","https://www.bbr.com/products-20198215004-2019-i-sodi-di-s-niccolo-castellare-di-castellina-tuscany-italy","1097337","20198215004"
"Domini Castellare Di Castellina","2020","I Sodi di S. Niccolo, Castellare di Castellina, Tuscany, Italy","345","Case of 6 Bottles","https://www.bbr.com/products-20208215004-2020-i-sodi-di-s-niccolo-castellare-di-castellina-tuscany-italy","1097337","20208215004"
"Iggy Wines","2023","Iggy, Deda, Barossa Valley, Australia","225","Case of 6 Bottles","https://www.bbr.com/products-20238324076-2023-iggy-deda-barossa-valley-australia","3101553","20238324076"
"Iggy Wines","2022","Iggy, Springton, Syrah, Eden Valley, Australia","250","Case of 6 Bottles","https://www.bbr.com/products-20228324092-2022-iggy-springton-syrah-eden-valley-australia","3016752","20228324092"
"Tenimenti Luigi d'Alessandro","2007","Il Bosco, Syrah, Cortona, Luigi d'Alessandro, Tuscany, Italy","198","Case of 6 Bottles","https://www.bbr.com/products-20078202242-2007-il-bosco-syrah-cortona-luigi-d-alessandro-tuscany-italy","1533796","20078202242"
"Tenimenti Luigi d'Alessandro","2007","Il Bosco, Syrah, Cortona, Luigi d'Alessandro, Tuscany, Italy","198","Case of 6 Bottles","https://www.bbr.com/products-20078202242-2007-il-bosco-syrah-cortona-luigi-d-alessandro-tuscany-italy","1533796","20078202242"
"Antinori","2018","Il Bruciato, Bolgheri, Guado al Tasso, Antinori, Tuscany, Italy","195","Case of 6 Bottles","https://www.bbr.com/products-20188115375-2018-il-bruciato-bolgheri-guado-al-tasso-antinori-tuscany-italy","1125722","20188115375"
"Antinori","2021","Il Bruciato, Bolgheri, Guado al Tasso, Antinori, Tuscany, Italy","225","Case of 6 Bottles","https://www.bbr.com/products-20218115375-2021-il-bruciato-bolgheri-guado-al-tasso-antinori-tuscany-italy","1125722","20218115375"
"Antinori","2021","Il Bruciato, Bolgheri, Guado al Tasso, Antinori, Tuscany, Italy","350","Case of 6 Bottles","https://www.bbr.com/products-20218115375-2021-il-bruciato-bolgheri-guado-al-tasso-antinori-tuscany-italy","1125722","20218115375"
"Podere Il Carnasciale","2010","Il Caberlot, Podere Il Carnasciale, Tuscany","585","Case of 3 Magnums","https://www.bbr.com/products-20108211817-2010-il-caberlot-podere-il-carnasciale-tuscany","1139161","20108211817"
"Poggio Scalette","2013","Il Carbonaione, Poggio Scalette, Tuscany, Italy","195","Case of 6 Bottles","https://www.bbr.com/products-20138214065-2013-il-carbonaione-poggio-scalette-tuscany-italy","1103063","20138214065"
"Poggio Scalette","2013","Il Carbonaione, Poggio Scalette, Tuscany, Italy","75","Case of 1 Magnums","https://www.bbr.com/products-20138214065-2013-il-carbonaione-poggio-scalette-tuscany-italy","1103063","20138214065"
"Tenuta di Carleone","2022","Il Guercio, Tenuta di Carleone, Tuscany, Italy","240","Case of 6 Bottles","https://www.bbr.com/products-20228323675-2022-il-guercio-tenuta-di-carleone-tuscany-italy","1820601","20228323675"
"Tenuta di Biserno","2017","Il Pino di Biserno, Tenuta di Biserno, Tuscany, Italy","275","Case of 6 Bottles","https://www.bbr.com/products-20178113674-2017-il-pino-di-biserno-tenuta-di-biserno-tuscany-italy","1169717","20178113674"
"Nervi","2021","Il Rosato, Nervi Conterno, Piedmont, Italy","100","Case of 6 Bottles","https://www.bbr.com/products-20218065465-2021-il-rosato-nervi-conterno-piedmont-italy","1952762","20218065465"
"Cantine Del Notaio","2010","Il Sigillo, Cantine Del Notaio, Basilicata, Italy","170","Case of 6 Bottles","https://www.bbr.com/products-20108238470-2010-il-sigillo-cantine-del-notaio-basilicata-italy","1260052","20108238470"
"C.V.N.E.","2010","Imperial, Gran Reserva, C.V.N.E., Rioja, Spain","225","Case of 3 Magnums","https://www.bbr.com/products-20108030856-2010-imperial-gran-reserva-c-v-n-e-rioja-spain","1120046","20108030856"
"C.V.N.E.","2011","Imperial, Gran Reserva, C.V.N.E., Rioja, Spain","243","Case of 6 Bottles","https://www.bbr.com/products-20118030856-2011-imperial-gran-reserva-c-v-n-e-rioja-spain","1120046","20118030856"
"C.V.N.E.","2012","Imperial, Gran Reserva, C.V.N.E., Rioja, Spain","200","Case of 6 Bottles","https://www.bbr.com/products-20128030856-2012-imperial-gran-reserva-c-v-n-e-rioja-spain","1120046","20128030856"
"C.V.N.E.","2014","Imperial, Gran Reserva, C.V.N.E., Rioja, Spain","200","Case of 6 Bottles","https://www.bbr.com/products-20148030856-2014-imperial-gran-reserva-c-v-n-e-rioja-spain","1120046","20148030856"
"C.V.N.E.","2015","Imperial, Gran Reserva, C.V.N.E., Rioja, Spain","235","Case of 6 Bottles","https://www.bbr.com/products-20158030856-2015-imperial-gran-reserva-c-v-n-e-rioja-spain","1120046","20158030856"
"C.V.N.E.","2015","Imperial, Gran Reserva, C.V.N.E., Rioja, Spain","235","Case of 3 Magnums","https://www.bbr.com/products-20158030856-2015-imperial-gran-reserva-c-v-n-e-rioja-spain","1120046","20158030856"
"C.V.N.E.","2016","Imperial, Gran Reserva, C.V.N.E., Rioja, Spain","225","Case of 6 Bottles","https://www.bbr.com/products-20168030856-2016-imperial-gran-reserva-c-v-n-e-rioja-spain","1120046","20168030856"
"C.V.N.E.","2017","Imperial, Gran Reserva, C.V.N.E., Rioja, Spain","230","Case of 6 Bottles","https://www.bbr.com/products-20178030856-2017-imperial-gran-reserva-c-v-n-e-rioja-spain","1120046","20178030856"
"Tenuta Sette Cieli","2018","Indaco, Tenuta Sette Cieli, Tuscany, Italy","260","Case of 6 Bottles","https://www.bbr.com/products-20188043719-2018-indaco-tenuta-sette-cieli-tuscany-italy","1466236","20188043719"
"Inglenook","2014","Inglenook, Cabernet Sauvignon, Rutherford, Napa Valley, California, USA","395","Case of 6 Bottles","https://www.bbr.com/products-20148106218-2014-inglenook-cabernet-sauvignon-rutherford-napa-valley-california-usa","1508275","20148106218"
"Inglenook","2020","Inglenook, Cabernet Sauvignon, Rutherford, Napa Valley, California, USA","399","Case of 6 Bottles","https://www.bbr.com/products-20208106218-2020-inglenook-cabernet-sauvignon-rutherford-napa-valley-california-usa","1508275","20208106218"
"Inglenook","2012","Inglenook, Rubicon, Rutherford, Napa Valley, California, USA","605","Case of 6 Bottles","https://www.bbr.com/products-20128114411-2012-inglenook-rubicon-rutherford-napa-valley-california-usa","1142747","20128114411"
"Inglenook","2013","Inglenook, Rubicon, Rutherford, Napa Valley, California, USA","666","Case of 6 Bottles","https://www.bbr.com/products-20138114411-2013-inglenook-rubicon-rutherford-napa-valley-california-usa","1142747","20138114411"
"Inglenook","2013","Inglenook, Rubicon, Rutherford, Napa Valley, California, USA","660","Case of 3 Magnums","https://www.bbr.com/products-20138114411-2013-inglenook-rubicon-rutherford-napa-valley-california-usa","1142747","20138114411"
"Inglenook","2017","Inglenook, Rubicon, Rutherford, Napa Valley, California, USA","650","Case of 6 Bottles","https://www.bbr.com/products-20178114411-2017-inglenook-rubicon-rutherford-napa-valley-california-usa","1142747","20178114411"
"Inglenook","2019","Inglenook, Rubicon, Rutherford, Napa Valley, California, USA","735","Case of 6 Bottles","https://www.bbr.com/products-20198114411-2019-inglenook-rubicon-rutherford-napa-valley-california-usa","1142747","20198114411"
"Ink Grade","2018","Ink Grade, Andosol, Napa Valley, California, USA","350","Case of 6 Bottles","https://www.bbr.com/products-20188175463-2018-ink-grade-andosol-napa-valley-california-usa","2819567","20188175463"
"Ink Grade","2019","Ink Grade, Cabernet Sauvignon, Napa Valley, California, USA","548.5","Case of 6 Bottles","https://www.bbr.com/products-20198175447-2019-ink-grade-cabernet-sauvignon-napa-valley-california-usa","2871590","20198175447"
"Jacquesson","2013","Jacquesson (3x Champ Cain, 1x Vauzelle Terme), Four-Bottle Assortment Case","888","Case of 1 Mixed Cases","https://www.bbr.com/products-20138079165-2013-jacquesson-3x-champ-cain-1x-vauzelle-terme-four-bottle-assortment-case","","20138079165"
"Jim Barry Wines","2010","Jim Barry, The Armagh Shiraz, Clare Valley, Australia","700","Case of 6 Bottles","https://www.bbr.com/products-20108125963-2010-jim-barry-the-armagh-shiraz-clare-valley-australia","1000971","20108125963"
"Jim Barry Wines","2012","Jim Barry, The Armagh Shiraz, Clare Valley, Australia","800","Case of 6 Bottles","https://www.bbr.com/products-20128125963-2012-jim-barry-the-armagh-shiraz-clare-valley-australia","1000971","20128125963"
"Jim Barry Wines","2016","Jim Barry, The Armagh Shiraz, Clare Valley, Australia","950","Case of 6 Bottles","https://www.bbr.com/products-20168125963-2016-jim-barry-the-armagh-shiraz-clare-valley-australia","1000971","20168125963"
"Jim Barry Wines","2016","Jim Barry, The Armagh Shiraz, Clare Valley, Australia","750","Case of 1 Magnums","https://www.bbr.com/products-20168125963-2016-jim-barry-the-armagh-shiraz-clare-valley-australia","1000971","20168125963"
"Tensley Wines","2021","Joey Tensley, Fundamental Red, Central Coast, California, USA","225","Case of 12 Bottles","https://www.bbr.com/products-20218162832-2021-joey-tensley-fundamental-red-central-coast-california-usa","2178820","20218162832"
"John Duval","2012","John Duval Wines, Entity Shiraz, Barossa Valley, Australia","220","Case of 6 Bottles","https://www.bbr.com/products-20128224624-2012-john-duval-wines-entity-shiraz-barossa-valley-australia","1002063","20128224624"
"John Duval","2018","John Duval, Integro, Barossa, Australia","750","Case of 6 Bottles","https://www.bbr.com/products-20188167345-2018-john-duval-integro-barossa-australia","1942480","20188167345"
"Jonata","","Jonata, La Sangre de Jonata Vertical (2 each: 2005, 2006, 2009), Six-Bottle Assortment Case","500","Case of 1 6 Bottle Assortments","https://www.bbr.com/products-10008324180-jonata-la-sangre-de-jonata-vertical-2-each-2005-2006-2009-six-bottle-assortment-case","","10008324180"
"Joseph Phelps","2013","Joseph Phelps, Freestone Vineyard Pinot Noir, Sonoma Coast, California, USA","250","Case of 6 Bottles","https://www.bbr.com/products-20138107589-2013-joseph-phelps-freestone-vineyard-pinot-noir-sonoma-coast-california-usa","1404913","20138107589"
"Joseph Phelps","2012","Joseph Phelps, Insignia, Napa Valley, California, USA","900","Case of 6 Bottles","https://www.bbr.com/products-20128115636-2012-joseph-phelps-insignia-napa-valley-california-usa","1122981","20128115636"
"Joseph Phelps","2013","Joseph Phelps, Insignia, Napa Valley, California, USA","1120","Case of 6 Bottles","https://www.bbr.com/products-20138115636-2013-joseph-phelps-insignia-napa-valley-california-usa","1122981","20138115636"
"Joseph Phelps","2013","Joseph Phelps, Insignia, Napa Valley, California, USA","1100","Case of 6 Bottles","https://www.bbr.com/products-20138115636-2013-joseph-phelps-insignia-napa-valley-california-usa","1122981","20138115636"
"Joseph Phelps","2014","Joseph Phelps, Insignia, Napa Valley, California, USA","1800","Case of 6 Bottles","https://www.bbr.com/products-20148115636-2014-joseph-phelps-insignia-napa-valley-california-usa","1122981","20148115636"
"Joseph Phelps","2017","Joseph Phelps, Insignia, Napa Valley, California, USA","1250","Case of 6 Bottles","https://www.bbr.com/products-20178115636-2017-joseph-phelps-insignia-napa-valley-california-usa","1122981","20178115636"
"Julie Balagny","2018","Julie Balagny, Docteur Buchaille, Vin de France","450","Case of 1 Magnums","https://www.bbr.com/products-20188044745-2018-julie-balagny-docteur-buchaille-vin-de-france","1860959","20188044745"
"Kalleske","2008","Kalleske, Eduard Old Vines Shiraz, Barossa Valley, Australia","345","Case of 6 Bottles","https://www.bbr.com/products-20088207931-2008-kalleske-eduard-old-vines-shiraz-barossa-valley-australia","1243109","20088207931"
"Kanonkop","2017","Kanonkop, Estate Cabernet Sauvignon, Stellenbosch, South Africa","160","Case of 6 Bottles","https://www.bbr.com/products-20178044077-2017-kanonkop-estate-cabernet-sauvignon-stellenbosch-south-africa","1316283","20178044077"
"Kanonkop","2018","Kanonkop, Estate Cabernet Sauvignon, Stellenbosch, South Africa","189","Case of 6 Bottles","https://www.bbr.com/products-20188044077-2018-kanonkop-estate-cabernet-sauvignon-stellenbosch-south-africa","1316283","20188044077"
"Kanonkop","2020","Kanonkop, Estate Cabernet Sauvignon, Stellenbosch, South Africa","190","Case of 6 Bottles","https://www.bbr.com/products-20208044077-2020-kanonkop-estate-cabernet-sauvignon-stellenbosch-south-africa","1316283","20208044077"
"Kapcsandy Family Winery","2015","Kapcsandy Family Winery, Estate Cuvee, State Lane Vineyard Cabernet Sauv","195","Case of 3 Bottles","https://www.bbr.com/products-20158036920-2015-kapcsandy-family-winery-estate-cuvee-state-lane-vineyard-cabernet-sauv","1270422","20158036920"
"Kapcsandy Family Winery","2015","Kapcsandy Family Winery, Grand Vin, State Lane Vineyard, Cabernet Sauvignon, Yountville, Napa Valley, California, USA","618","Case of 3 Bottles","https://www.bbr.com/products-20158036904-2015-kapcsandy-family-winery-grand-vin-state-lane-vineyard-cabernet-sauvignon-yountville-napa-valley-california-usa","1380013","20158036904"
"Kapcsandy Family Winery","2013","Kapcsandy Family Winery, Roberta's Reserve, State Lane VineyardMerlot, Yountville, Napa Valley, California, USA","985","Case of 3 Bottles","https://www.bbr.com/products-20138110598-2013-kapcsandy-family-winery-roberta-s-reserve-state-lane-vineyardmerlot-yountville-napa-valley-california-usa","1270419","20138110598"
"Kapcsandy Family Winery","2013","Kapcsandy Family Winery, State Lane Vineyard Cabernet Sauvignon, Grand Vin, Napa Valley, California, USA","525","Case of 3 Bottles","https://www.bbr.com/products-20138184487-2013-kapcsandy-family-winery-state-lane-vineyard-cabernet-sauvignon-grand-vin-napa-valley-california-usa","1380013","20138184487"
"Kapcsandy Family Winery","2016","Kapcsandy Family Winery, State Lane Vineyard Cabernet Sauvignon, Grand Vin, Napa Valley, California, USA","900","Case of 3 Bottles","https://www.bbr.com/products-20168184487-2016-kapcsandy-family-winery-state-lane-vineyard-cabernet-sauvignon-grand-vin-napa-valley-california-usa","1380013","20168184487"
"Keermont Vineyards","2012","Keermont, Syrah, Stellenbosch, South Africa","130","Case of 6 Bottles","https://www.bbr.com/products-20128137496-2012-keermont-syrah-stellenbosch-south-africa","1249518","20128137496"
"Keermont Vineyards","2014","Keermont, Syrah, Stellenbosch, South Africa","150","Case of 6 Bottles","https://www.bbr.com/products-20148137496-2014-keermont-syrah-stellenbosch-south-africa","1249518","20148137496"
"Weingut Keller","2014","Keller, Horizontal (2xG-Max, 2xAbts GG, 3xWM, 1xNP, 1xH.M., 1xKirch, 1xHub,1x Abts RA), 12-Bottle Assortment Case","5500","Case of 1 Mixed case (12x75cl)s","https://www.bbr.com/products-20148100131-2014-keller-horizontal-2xg-max-2xabts-gg-3xwm-1xnp-1xh-m-1xkirch-1xhub-1x-abts-ra-12-bottle-assortment-case","9005121","20148100131"
"Weingut Keller","2021","Keller, Kellerkiste (Abts Erde/G-Max/Hipping/Hubacker/Kirchspiel/Morstein), Six-Bottle Assortment Case","2600","Case of 1 6 Bottle Assortments","https://www.bbr.com/products-20218084686-2021-keller-kellerkiste-abts-erde-g-max-hipping-hubacker-kirchspiel-morstein-six-bottle-assortment-case","","20218084686"
"Weingut Keller","2016","Keller, Von den Grossen Lagen (2 x Hip, 2 x Hub, 2 x Kirch, 2 x Mor, 2 x G-Max, 2 x AE), 12-Bottle Assortment Case","5800","Case of 1 Mixed case (12x75cl)s","https://www.bbr.com/products-20168067140-2016-keller-von-den-grossen-lagen-2-x-hip-2-x-hub-2-x-kirch-2-x-mor-2-x-g-max-2-x-ae-12-bottle-assortment-case","1455276","20168067140"
"Kelley Fox Wines","2021","Kelley Fox Wines, Carter Vineyard Pinot Noir, Eola-Amity Hills, Oregon, USA","550","Case of 12 Bottles","https://www.bbr.com/products-20218315225-2021-kelley-fox-wines-carter-vineyard-pinot-noir-eola-amity-hills-oregon-usa","2875598","20218315225"
"Kelley Fox Wines","2021","Kelley Fox Wines, Weber Vineyard Pinot Noir, Dundee Hills, Oregon, USA","550","Case of 12 Bottles","https://www.bbr.com/products-20218315212-2021-kelley-fox-wines-weber-vineyard-pinot-noir-dundee-hills-oregon-usa","2303741","20218315212"
"Kinsman Eades","2016","Kinsman Eades, Anjea, Cabernet Sauvignon, Napa Valley, California, USA","1688","Case of 3 Bottles","https://www.bbr.com/products-20168060125-2016-kinsman-eades-anjea-cabernet-sauvignon-napa-valley-california-usa","1806674","20168060125"
"Kinsman Eades","2016","Kinsman Eades, Anjea, Cabernet Sauvignon, Napa Valley, California, USA","1698","Case of 3 Bottles","https://www.bbr.com/products-20168060125-2016-kinsman-eades-anjea-cabernet-sauvignon-napa-valley-california-usa","1806674","20168060125"
"Kinsman Eades","2018","Kinsman Eades, Anjea, Cabernet Sauvignon, Napa Valley, California, USA","670","Case of 3 Bottles","https://www.bbr.com/products-20188060125-2018-kinsman-eades-anjea-cabernet-sauvignon-napa-valley-california-usa","1806674","20188060125"
"Kinsman Eades","2018","Kinsman Eades, La Voleuse du Chagrin, Cabernet Sauvignon, Napa Valley, California, USA","1190","Case of 3 Bottles","https://www.bbr.com/products-20188170194-2018-kinsman-eades-la-voleuse-du-chagrin-cabernet-sauvignon-napa-valley-california-usa","2668732","20188170194"
"Kinsman Eades","2016","Kinsman Eades, Rhadamanthus, Cabernet Sauvignon, Napa Valley,California, USA","1488","Case of 3 Bottles","https://www.bbr.com/products-20168060112-2016-kinsman-eades-rhadamanthus-cabernet-sauvignon-napa-valley-california-usa","1806687","20168060112"
"Kistler Vineyard","2016","Kistler, Hyde Vineyard Chardonnay, Carneros, California, USA","1200","Case of 12 Bottles","https://www.bbr.com/products-20168115779-2016-kistler-hyde-vineyard-chardonnay-carneros-california-usa","1122460","20168115779"
"Kistler Vineyard","2014","Kistler, Vine Hill Vineyard Chardonnay, Russian River Valley, California, USA","1425","Case of 12 Bottles","https://www.bbr.com/products-20148114541-2014-kistler-vine-hill-vineyard-chardonnay-russian-river-valley-california-usa","1141245","20148114541"
"Klein Constantia","2006","Klein Constantia, Vin de Constance, Constantia, South Africa","395","Case of 6 Half Litres","https://www.bbr.com/products-20068006055-2006-klein-constantia-vin-de-constance-constantia-south-africa","1118542","20068006055"
"Klein Constantia","2007","Klein Constantia, Vin de Constance, Constantia, South Africa","335","Case of 6 Half Litres","https://www.bbr.com/products-20078006055-2007-klein-constantia-vin-de-constance-constantia-south-africa","1118542","20078006055"
"Klein Constantia","2008","Klein Constantia, Vin de Constance, Constantia, South Africa","320","Case of 6 Half Litres","https://www.bbr.com/products-20088006055-2008-klein-constantia-vin-de-constance-constantia-south-africa","1118542","20088006055"
"Klein Constantia","2008","Klein Constantia, Vin de Constance, Constantia, South Africa","395","Case of 6 Half Litres","https://www.bbr.com/products-20088006055-2008-klein-constantia-vin-de-constance-constantia-south-africa","1118542","20088006055"
"Klein Constantia","2008","Klein Constantia, Vin de Constance, Constantia, South Africa","195","Case of 1 Magnums","https://www.bbr.com/products-20088006055-2008-klein-constantia-vin-de-constance-constantia-south-africa","1118542","20088006055"
"Klein Constantia","2009","Klein Constantia, Vin de Constance, Constantia, South Africa","315","Case of 6 Half Litres","https://www.bbr.com/products-20098006055-2009-klein-constantia-vin-de-constance-constantia-south-africa","1118542","20098006055"
"Klein Constantia","2012","Klein Constantia, Vin de Constance, Constantia, South Africa","325","Case of 6 Half Litres","https://www.bbr.com/products-20128006055-2012-klein-constantia-vin-de-constance-constantia-south-africa","1118542","20128006055"
"Klein Constantia","2013","Klein Constantia, Vin de Constance, Constantia, South Africa","280","Case of 6 Half Litres","https://www.bbr.com/products-20138006055-2013-klein-constantia-vin-de-constance-constantia-south-africa","1118542","20138006055"
"Klein Constantia","2014","Klein Constantia, Vin de Constance, Constantia, South Africa","240","Case of 6 Half Litres","https://www.bbr.com/products-20148006055-2014-klein-constantia-vin-de-constance-constantia-south-africa","1118542","20148006055"
"Klein Constantia","2015","Klein Constantia, Vin de Constance, Constantia, South Africa","260","Case of 6 Half Litres","https://www.bbr.com/products-20158006055-2015-klein-constantia-vin-de-constance-constantia-south-africa","1118542","20158006055"
"Klein Constantia","2016","Klein Constantia, Vin de Constance, Constantia, South Africa","300","Case of 6 Half Litres","https://www.bbr.com/products-20168006055-2016-klein-constantia-vin-de-constance-constantia-south-africa","1118542","20168006055"
"Klein Constantia","2016","Klein Constantia, Vin de Constance, Constantia, South Africa","688","Case of 3 Magnums","https://www.bbr.com/products-20168006055-2016-klein-constantia-vin-de-constance-constantia-south-africa","1118542","20168006055"
"Klein Constantia","2017","Klein Constantia, Vin de Constance, Constantia, South Africa","290","Case of 6 Half Litres","https://www.bbr.com/products-20178006055-2017-klein-constantia-vin-de-constance-constantia-south-africa","1118542","20178006055"
"Klein Constantia","2017","Klein Constantia, Vin de Constance, Constantia, South Africa","395","Case of 3 Magnums","https://www.bbr.com/products-20178006055-2017-klein-constantia-vin-de-constance-constantia-south-africa","1118542","20178006055"
"Klein Constantia","2018","Klein Constantia, Vin de Constance, Constantia, South Africa","252","Case of 6 Half Litres","https://www.bbr.com/products-20188006055-2018-klein-constantia-vin-de-constance-constantia-south-africa","1118542","20188006055"
"Klein Constantia","2018","Klein Constantia, Vin de Constance, Constantia, South Africa","395","Case of 3 Magnums","https://www.bbr.com/products-20188006055-2018-klein-constantia-vin-de-constance-constantia-south-africa","1118542","20188006055"
"Klein Constantia","2018","Klein Constantia, Vin de Constance, Constantia, South Africa","390","Case of 3 Magnums","https://www.bbr.com/products-20188006055-2018-klein-constantia-vin-de-constance-constantia-south-africa","1118542","20188006055"
"Klein Constantia","2019","Klein Constantia, Vin de Constance, Constantia, South Africa","275","Case of 6 Half Litres","https://www.bbr.com/products-20198006055-2019-klein-constantia-vin-de-constance-constantia-south-africa","1118542","20198006055"
"Klein Constantia","2019","Klein Constantia, Vin de Constance, Constantia, South Africa","390","Case of 3 Magnums","https://www.bbr.com/products-20198006055-2019-klein-constantia-vin-de-constance-constantia-south-africa","1118542","20198006055"
"Klein Constantia","2019","Klein Constantia, Vin de Constance, Constantia, South Africa","395","Case of 3 Magnums","https://www.bbr.com/products-20198006055-2019-klein-constantia-vin-de-constance-constantia-south-africa","1118542","20198006055"
"Klein Constantia","2020","Klein Constantia, Vin de Constance, Constantia, South Africa","290","Case of 6 Half Litres","https://www.bbr.com/products-20208006055-2020-klein-constantia-vin-de-constance-constantia-south-africa","1118542","20208006055"
"Klein Constantia","2020","Klein Constantia, Vin de Constance, Constantia, South Africa","1000","Case of 3 Magnums","https://www.bbr.com/products-20208006055-2020-klein-constantia-vin-de-constance-constantia-south-africa","1118542","20208006055"
"Klein Constantia","2020","Klein Constantia, Vin de Constance, Constantia, South Africa","395","Case of 3 Magnums","https://www.bbr.com/products-20208006055-2020-klein-constantia-vin-de-constance-constantia-south-africa","1118542","20208006055"
"Kosta Browne","2018","Kosta Browne, Keefer Ranch Pinot Noir, Russian River Valley, California, USA","450","Case of 6 Bottles","https://www.bbr.com/products-20188104650-2018-kosta-browne-keefer-ranch-pinot-noir-russian-river-valley-california-usa","1564697","20188104650"
"Kosta Browne","2021","Kosta Browne, Pinot Noir, Anderson Valley, California, USA","550","Case of 6 Bottles","https://www.bbr.com/products-20218171423-2021-kosta-browne-pinot-noir-anderson-valley-california-usa","","20218171423"
"Kosta Browne","2018","Kosta Browne, Pinot Noir, Sonoma Coast, California, USA","650","Case of 6 Bottles","https://www.bbr.com/products-20188104575-2018-kosta-browne-pinot-noir-sonoma-coast-california-usa","1343102","20188104575"
"Powell & Son","2015","Kraehe Shiraz Powell and Son","1995","Case of 6 Bottles","https://www.bbr.com/products-20158106944-2015-kraehe-shiraz-powell-and-son","1441387","20158106944"
"Kumeu River","2017","Kumeu River, Coddington Chardonnay, Kumeu, New Zealand","190","Case of 6 Bottles","https://www.bbr.com/products-20178008248-2017-kumeu-river-coddington-chardonnay-kumeu-new-zealand","1107348","20178008248"
"Kumeu River","2018","Kumeu River, Coddington Chardonnay, Kumeu, New Zealand","240","Case of 6 Bottles","https://www.bbr.com/products-20188008248-2018-kumeu-river-coddington-chardonnay-kumeu-new-zealand","1107348","20188008248"
"Kumeu River","2019","Kumeu River, Coddington Chardonnay, Kumeu, New Zealand","200","Case of 6 Bottles","https://www.bbr.com/products-20198008248-2019-kumeu-river-coddington-chardonnay-kumeu-new-zealand","1107348","20198008248"
"Kumeu River","2020","Kumeu River, Coddington Chardonnay, Kumeu, New Zealand","200","Case of 6 Bottles","https://www.bbr.com/products-20208008248-2020-kumeu-river-coddington-chardonnay-kumeu-new-zealand","1107348","20208008248"
"Kumeu River","2022","Kumeu River, Coddington Chardonnay, Kumeu, New Zealand","295","Case of 6 Bottles","https://www.bbr.com/products-20228008248-2022-kumeu-river-coddington-chardonnay-kumeu-new-zealand","1107348","20228008248"
"Kumeu River","2022","Kumeu River, Coddington Chardonnay, Kumeu, New Zealand","285","Case of 6 Bottles","https://www.bbr.com/products-20228008248-2022-kumeu-river-coddington-chardonnay-kumeu-new-zealand","1107348","20228008248"
"Kumeu River","2023","Kumeu River, Coddington Chardonnay, Kumeu, New Zealand","170","Case of 6 Bottles","https://www.bbr.com/products-20238008248-2023-kumeu-river-coddington-chardonnay-kumeu-new-zealand","1107348","20238008248"
"Kumeu River","2015","Kumeu River, Estate Chardonnay, Kumeu, New Zealand","360","Case of 12 Bottles","https://www.bbr.com/products-20158008251-2015-kumeu-river-estate-chardonnay-kumeu-new-zealand","1107351","20158008251"
"Kumeu River","2016","Kumeu River, Estate Chardonnay, Kumeu, New Zealand","325","Case of 12 Bottles","https://www.bbr.com/products-20168008251-2016-kumeu-river-estate-chardonnay-kumeu-new-zealand","1107351","20168008251"
"Kumeu River","2020","Kumeu River, Estate Chardonnay, Kumeu, New Zealand","240","Case of 12 Bottles","https://www.bbr.com/products-20208008251-2020-kumeu-river-estate-chardonnay-kumeu-new-zealand","1107351","20208008251"
"Kumeu River","2021","Kumeu River, Estate Chardonnay, Kumeu, New Zealand","114","Case of 6 Bottles","https://www.bbr.com/products-20218008251-2021-kumeu-river-estate-chardonnay-kumeu-new-zealand","1107351","20218008251"
"Kumeu River","2022","Kumeu River, Estate Chardonnay, Kumeu, New Zealand","205","Case of 12 Bottles","https://www.bbr.com/products-20228008251-2022-kumeu-river-estate-chardonnay-kumeu-new-zealand","1107351","20228008251"
"Kumeu River","2023","Kumeu River, Estate Chardonnay, Kumeu, New Zealand","95","Case of 6 Bottles","https://www.bbr.com/products-20238008251-2023-kumeu-river-estate-chardonnay-kumeu-new-zealand","1107351","20238008251"
"Kumeu River","2024","Kumeu River, Estate Chardonnay, Kumeu, New Zealand","110","Case of 6 Bottles","https://www.bbr.com/products-20248008251-2024-kumeu-river-estate-chardonnay-kumeu-new-zealand","1107351","20248008251"
"Kumeu River","2014","Kumeu River, Hunting Hill Chardonnay, Kumeu, New Zealand","420","Case of 12 Bottles","https://www.bbr.com/products-20148029131-2014-kumeu-river-hunting-hill-chardonnay-kumeu-new-zealand","1129935","20148029131"
"Kumeu River","2017","Kumeu River, Hunting Hill Chardonnay, Kumeu, New Zealand","324","Case of 6 Bottles","https://www.bbr.com/products-20178029131-2017-kumeu-river-hunting-hill-chardonnay-kumeu-new-zealand","1129935","20178029131"
"Kumeu River","2018","Kumeu River, Hunting Hill Chardonnay, Kumeu, New Zealand","200","Case of 6 Bottles","https://www.bbr.com/products-20188029131-2018-kumeu-river-hunting-hill-chardonnay-kumeu-new-zealand","1129935","20188029131"
"Kumeu River","2019","Kumeu River, Hunting Hill Chardonnay, Kumeu, New Zealand","265","Case of 6 Bottles","https://www.bbr.com/products-20198029131-2019-kumeu-river-hunting-hill-chardonnay-kumeu-new-zealand","1129935","20198029131"
"Kumeu River","2019","Kumeu River, Hunting Hill Chardonnay, Kumeu, New Zealand","270","Case of 6 Bottles","https://www.bbr.com/products-20198029131-2019-kumeu-river-hunting-hill-chardonnay-kumeu-new-zealand","1129935","20198029131"
"Kumeu River","2020","Kumeu River, Hunting Hill Chardonnay, Kumeu, New Zealand","287","Case of 6 Bottles","https://www.bbr.com/products-20208029131-2020-kumeu-river-hunting-hill-chardonnay-kumeu-new-zealand","1129935","20208029131"
"Kumeu River","2020","Kumeu River, Hunting Hill Chardonnay, Kumeu, New Zealand","390","Case of 3 Magnums","https://www.bbr.com/products-20208029131-2020-kumeu-river-hunting-hill-chardonnay-kumeu-new-zealand","1129935","20208029131"
"Kumeu River","2021","Kumeu River, Hunting Hill Chardonnay, Kumeu, New Zealand","224","Case of 6 Bottles","https://www.bbr.com/products-20218029131-2021-kumeu-river-hunting-hill-chardonnay-kumeu-new-zealand","1129935","20218029131"
"Kumeu River","2022","Kumeu River, Hunting Hill Chardonnay, Kumeu, New Zealand","250","Case of 6 Bottles","https://www.bbr.com/products-20228029131-2022-kumeu-river-hunting-hill-chardonnay-kumeu-new-zealand","1129935","20228029131"
"Kumeu River","2022","Kumeu River, Hunting Hill Chardonnay, Kumeu, New Zealand","350","Case of 3 Magnums","https://www.bbr.com/products-20228029131-2022-kumeu-river-hunting-hill-chardonnay-kumeu-new-zealand","1129935","20228029131"
"Kumeu River","2023","Kumeu River, Hunting Hill Chardonnay, Kumeu, New Zealand","245","Case of 6 Bottles","https://www.bbr.com/products-20238029131-2023-kumeu-river-hunting-hill-chardonnay-kumeu-new-zealand","1129935","20238029131"
"Kumeu River","2023","Kumeu River, Hunting Hill Chardonnay, Kumeu, New Zealand","245","Case of 6 Bottles","https://www.bbr.com/products-20238029131-2023-kumeu-river-hunting-hill-chardonnay-kumeu-new-zealand","1129935","20238029131"
"Kumeu River","2024","Kumeu River, Hunting Hill Chardonnay, Kumeu, New Zealand","370","Case of 6 Bottles","https://www.bbr.com/products-20248029131-2024-kumeu-river-hunting-hill-chardonnay-kumeu-new-zealand","1129935","20248029131"
"Kumeu River","2019","Kumeu River, Hunting Hill Pinot Noir, Auckland, New Zealand","275","Case of 12 Bottles","https://www.bbr.com/products-20198038852-2019-kumeu-river-hunting-hill-pinot-noir-auckland-new-zealand","1335000","20198038852"
"Kumeu River","2017","Kumeu River, Mate's Vineyard Chardonnay, Kumeu, New Zealand","225","Case of 6 Bottles","https://www.bbr.com/products-20178029144-2017-kumeu-river-mate-s-vineyard-chardonnay-kumeu-new-zealand","1107393","20178029144"
"Kumeu River","2018","Kumeu River, Mate's Vineyard Chardonnay, Kumeu, New Zealand","340","Case of 6 Bottles","https://www.bbr.com/products-20188029144-2018-kumeu-river-mate-s-vineyard-chardonnay-kumeu-new-zealand","1107393","20188029144"
"Kumeu River","2019","Kumeu River, Mate's Vineyard Chardonnay, Kumeu, New Zealand","275","Case of 6 Bottles","https://www.bbr.com/products-20198029144-2019-kumeu-river-mate-s-vineyard-chardonnay-kumeu-new-zealand","1107393","20198029144"
"Kumeu River","2020","Kumeu River, Mate's Vineyard Chardonnay, Kumeu, New Zealand","335","Case of 6 Bottles","https://www.bbr.com/products-20208029144-2020-kumeu-river-mate-s-vineyard-chardonnay-kumeu-new-zealand","1107393","20208029144"
"Kumeu River","2021","Kumeu River, Mate's Vineyard Chardonnay, Kumeu, New Zealand","270","Case of 6 Bottles","https://www.bbr.com/products-20218029144-2021-kumeu-river-mate-s-vineyard-chardonnay-kumeu-new-zealand","1107393","20218029144"
"Kumeu River","2021","Kumeu River, Mate's Vineyard Chardonnay, Kumeu, New Zealand","300","Case of 6 Bottles","https://www.bbr.com/products-20218029144-2021-kumeu-river-mate-s-vineyard-chardonnay-kumeu-new-zealand","1107393","20218029144"
"Kumeu River","2022","Kumeu River, Mate's Vineyard Chardonnay, Kumeu, New Zealand","260","Case of 6 Bottles","https://www.bbr.com/products-20228029144-2022-kumeu-river-mate-s-vineyard-chardonnay-kumeu-new-zealand","1107393","20228029144"
"Kumeu River","2022","Kumeu River, Mate's Vineyard Chardonnay, Kumeu, New Zealand","249","Case of 6 Bottles","https://www.bbr.com/products-20228029144-2022-kumeu-river-mate-s-vineyard-chardonnay-kumeu-new-zealand","1107393","20228029144"
"Kumeu River","2022","Kumeu River, Mate's Vineyard Chardonnay, Kumeu, New Zealand","400","Case of 3 Magnums","https://www.bbr.com/products-20228029144-2022-kumeu-river-mate-s-vineyard-chardonnay-kumeu-new-zealand","1107393","20228029144"
"Kumeu River","2023","Kumeu River, Mate's Vineyard Chardonnay, Kumeu, New Zealand","295","Case of 6 Bottles","https://www.bbr.com/products-20238029144-2023-kumeu-river-mate-s-vineyard-chardonnay-kumeu-new-zealand","1107393","20238029144"
"Kumeu River","2023","Kumeu River, Mate's Vineyard Chardonnay, Kumeu, New Zealand","290","Case of 6 Bottles","https://www.bbr.com/products-20238029144-2023-kumeu-river-mate-s-vineyard-chardonnay-kumeu-new-zealand","1107393","20238029144"
"Kumeu River","2024","Kumeu River, Mate's Vineyard Chardonnay, Kumeu, New Zealand","300","Case of 6 Bottles","https://www.bbr.com/products-20248029144-2024-kumeu-river-mate-s-vineyard-chardonnay-kumeu-new-zealand","1107393","20248029144"
"Kumeu River","2019","Kumeu River, Rays Road Chardonnay, Hawkes Bay, New Zealand","185","Case of 12 Bottles","https://www.bbr.com/products-20198042031-2019-kumeu-river-rays-road-chardonnay-hawkes-bay-new-zealand","1856855","20198042031"
"Kumeu River","2022","Kumeu River, Rays Road Chardonnay, Hawkes Bay, New Zealand","150","Case of 6 Bottles","https://www.bbr.com/products-20228042031-2022-kumeu-river-rays-road-chardonnay-hawkes-bay-new-zealand","1856855","20228042031"
"Kumeu River","2023","Kumeu River, Rays Road Chardonnay, Hawkes Bay, New Zealand","135","Case of 6 Bottles","https://www.bbr.com/products-20238042031-2023-kumeu-river-rays-road-chardonnay-hawkes-bay-new-zealand","1856855","20238042031"
"Kumeu River","2018","Kumeu River, Rays Road Pinot Noir, Hawkes Bay, New Zealand","125","Case of 12 Bottles","https://www.bbr.com/products-20188042044-2018-kumeu-river-rays-road-pinot-noir-hawkes-bay-new-zealand","1850983","20188042044"
"Kumeu River","2019","Kumeu River, Rays Road Pinot Noir, Hawkes Bay, New Zealand","200","Case of 12 Bottles","https://www.bbr.com/products-20198042044-2019-kumeu-river-rays-road-pinot-noir-hawkes-bay-new-zealand","1850983","20198042044"
"Kumeu River","2021","Kumeu River, Village Chardonnay, Auckland, New Zealand","96","Case of 12 Bottles","https://www.bbr.com/products-20218056526-2021-kumeu-river-village-chardonnay-auckland-new-zealand","1214387","20218056526"
"Weingut Peter Lauer . Ayl","2017","Kupp Kabinett, Fass 8, (08-18), Weingut Peter Lauer, Mosel, Germany","128","Case of 6 Bottles","https://www.bbr.com/products-20178224060-2017-kupp-kabinett-fass-8-08-18-weingut-peter-lauer-mosel-germany","","20178224060"
"Kusuda Wines","2014","Kusuda Wines, Pinot Noir, Martinborough, New Zealand","940","Case of 6 Bottles","https://www.bbr.com/products-20148000545-2014-kusuda-wines-pinot-noir-martinborough-new-zealand","1241411","20148000545"
"Kusuda Wines","2016","Kusuda Wines, Pinot Noir, Martinborough, New Zealand","855","Case of 6 Bottles","https://www.bbr.com/products-20168000545-2016-kusuda-wines-pinot-noir-martinborough-new-zealand","1241411","20168000545"
"Kusuda Wines","2017","Kusuda Wines, Pinot Noir, Martinborough, New Zealand","870","Case of 6 Bottles","https://www.bbr.com/products-20178000545-2017-kusuda-wines-pinot-noir-martinborough-new-zealand","1241411","20178000545"
"Kusuda Wines","2017","Kusuda Wines, Pinot Noir, Martinborough, New Zealand","800","Case of 6 Bottles","https://www.bbr.com/products-20178000545-2017-kusuda-wines-pinot-noir-martinborough-new-zealand","1241411","20178000545"
"Kusuda Wines","2018","Kusuda Wines, Pinot Noir, Martinborough, New Zealand","849","Case of 6 Bottles","https://www.bbr.com/products-20188000545-2018-kusuda-wines-pinot-noir-martinborough-new-zealand","1241411","20188000545"
"Kusuda Wines","2019","Kusuda Wines, Pinot Noir, Martinborough, New Zealand","900","Case of 6 Bottles","https://www.bbr.com/products-20198000545-2019-kusuda-wines-pinot-noir-martinborough-new-zealand","1241411","20198000545"
"Kusuda Wines","2020","Kusuda Wines, Pinot Noir, Martinborough, New Zealand","825","Case of 6 Bottles","https://www.bbr.com/products-20208000545-2020-kusuda-wines-pinot-noir-martinborough-new-zealand","1241411","20208000545"
"Kusuda Wines","2022","Kusuda Wines, Pinot Noir, Martinborough, New Zealand","750","Case of 6 Bottles","https://www.bbr.com/products-20228000545-2022-kusuda-wines-pinot-noir-martinborough-new-zealand","1241411","20228000545"
"Kusuda Wines","2023","Kusuda Wines, Pinot Noir, Martinborough, New Zealand","865","Case of 6 Bottles","https://www.bbr.com/products-20238000545-2023-kusuda-wines-pinot-noir-martinborough-new-zealand","1241411","20238000545"
"Kusuda Wines","2017","Kusuda Wines, Riesling, Martinborough, New Zealand","210","Case of 6 Bottles","https://www.bbr.com/products-20178000561-2017-kusuda-wines-riesling-martinborough-new-zealand","1246810","20178000561"
"Kusuda Wines","2019","Kusuda Wines, Riesling, Martinborough, New Zealand","250","Case of 6 Bottles","https://www.bbr.com/products-20198000561-2019-kusuda-wines-riesling-martinborough-new-zealand","1246810","20198000561"
"Kusuda Wines","2020","Kusuda Wines, Riesling, Martinborough, New Zealand","220","Case of 6 Bottles","https://www.bbr.com/products-20208000561-2020-kusuda-wines-riesling-martinborough-new-zealand","1246810","20208000561"
"Kusuda Wines","2021","Kusuda Wines, Riesling, Martinborough, New Zealand","210","Case of 6 Bottles","https://www.bbr.com/products-20218000561-2021-kusuda-wines-riesling-martinborough-new-zealand","1246810","20218000561"
"Kusuda Wines","2022","Kusuda Wines, Riesling, Martinborough, New Zealand","220","Case of 6 Bottles","https://www.bbr.com/products-20228000561-2022-kusuda-wines-riesling-martinborough-new-zealand","1246810","20228000561"
"Kusuda Wines","2023","Kusuda Wines, Riesling, Martinborough, New Zealand","184","Case of 6 Bottles","https://www.bbr.com/products-20238000561-2023-kusuda-wines-riesling-martinborough-new-zealand","1246810","20238000561"
"Kusuda Wines","2024","Kusuda Wines, Riesling, Martinborough, New Zealand","205","Case of 6 Bottles","https://www.bbr.com/products-20248000561-2024-kusuda-wines-riesling-martinborough-new-zealand","1246810","20248000561"
"Kusuda Wines","2012","Kusuda Wines, Syrah, Martinborough, New Zealand","475","Case of 6 Bottles","https://www.bbr.com/products-20121242463-2012-kusuda-wines-syrah-martinborough-new-zealand","1242463","20121242463"
"Kusuda Wines","2013","Kusuda Wines, Syrah, Martinborough, New Zealand","550","Case of 6 Bottles","https://www.bbr.com/products-20131242463-2013-kusuda-wines-syrah-martinborough-new-zealand","1242463","20131242463"
"Kusuda Wines","2014","Kusuda Wines, Syrah, Martinborough, New Zealand","395","Case of 6 Bottles","https://www.bbr.com/products-20141242463-2014-kusuda-wines-syrah-martinborough-new-zealand","1242463","20141242463"
"Kusuda Wines","2016","Kusuda Wines, Syrah, Martinborough, New Zealand","360","Case of 6 Bottles","https://www.bbr.com/products-20161242463-2016-kusuda-wines-syrah-martinborough-new-zealand","1242463","20161242463"
"Kusuda Wines","2017","Kusuda Wines, Syrah, Martinborough, New Zealand","345","Case of 6 Bottles","https://www.bbr.com/products-20171242463-2017-kusuda-wines-syrah-martinborough-new-zealand","1242463","20171242463"
"Kusuda Wines","2018","Kusuda Wines, Syrah, Martinborough, New Zealand","369","Case of 6 Bottles","https://www.bbr.com/products-20181242463-2018-kusuda-wines-syrah-martinborough-new-zealand","1242463","20181242463"
"Kusuda Wines","2019","Kusuda Wines, Syrah, Martinborough, New Zealand","425","Case of 6 Bottles","https://www.bbr.com/products-20191242463-2019-kusuda-wines-syrah-martinborough-new-zealand","1242463","20191242463"
"Kusuda Wines","2020","Kusuda Wines, Syrah, Martinborough, New Zealand","370","Case of 6 Bottles","https://www.bbr.com/products-20201242463-2020-kusuda-wines-syrah-martinborough-new-zealand","1242463","20201242463"
"Kutch Wines","2015","Kutch, Chardonnay, Sonoma Coast, California, USA","680","Case of 12 Bottles","https://www.bbr.com/products-20158106609-2015-kutch-chardonnay-sonoma-coast-california-usa","1470402","20158106609"
"Kutch Wines","2016","Kutch, McDougall Ranch Pinot Noir, Sonoma Coast, California, USA","1100","Case of 12 Bottles","https://www.bbr.com/products-20168108717-2016-kutch-mcdougall-ranch-pinot-noir-sonoma-coast-california-usa","1354713","20168108717"
"Kutch Wines","2021","Kutch, McDougall Ranch Pinot Noir, Sonoma Coast, California, USA","425","Case of 12 Bottles","https://www.bbr.com/products-20218108717-2021-kutch-mcdougall-ranch-pinot-noir-sonoma-coast-california-usa","1354713","20218108717"
"Domaine Stephane Ogier","2010","L'Ame Soeur, Syrah de Seyssuel, Stephane Ogier, Rhone","195","Case of 6 Bottles","https://www.bbr.com/products-20108007427-2010-l-ame-soeur-syrah-de-seyssuel-stephane-ogier-rhone","1309872","20108007427"
"Domaine Stephane Ogier","2011","L'Ame Soeur, Syrah de Seyssuel, Stephane Ogier, Rhone","132","Case of 6 Bottles","https://www.bbr.com/products-20118007427-2011-l-ame-soeur-syrah-de-seyssuel-stephane-ogier-rhone","1309872","20118007427"
"Domaine Stephane Ogier","2015","L'Ame Soeur, Syrah de Seyssuel, Stephane Ogier, Rhone","175","Case of 6 Bottles","https://www.bbr.com/products-20158007427-2015-l-ame-soeur-syrah-de-seyssuel-stephane-ogier-rhone","1309872","20158007427"
"Domaine Stephane Ogier","2016","L'Ame Soeur, Syrah de Seyssuel, Stephane Ogier, Rhone","160","Case of 6 Bottles","https://www.bbr.com/products-20168007427-2016-l-ame-soeur-syrah-de-seyssuel-stephane-ogier-rhone","1309872","20168007427"
"Domaine Stephane Ogier","2017","L'Ame Soeur, Syrah de Seyssuel, Stephane Ogier, Rhone","198","Case of 6 Bottles","https://www.bbr.com/products-20178007427-2017-l-ame-soeur-syrah-de-seyssuel-stephane-ogier-rhone","1309872","20178007427"
"Castello di Ama","2017","L'Apparita, Castello di Ama, Tuscany, Italy","680","Case of 6 Bottles","https://www.bbr.com/products-20178031198-2017-l-apparita-castello-di-ama-tuscany-italy","1097366","20178031198"
"Castello di Ama","2018","L'Apparita, Castello di Ama, Tuscany, Italy","335","Case of 1 Magnums","https://www.bbr.com/products-20188031198-2018-l-apparita-castello-di-ama-tuscany-italy","1097366","20188031198"
"L'Aventure","2021","L'Aventure, Estate Cuvee, Paso Robles, California, USA","390","Case of 6 Bottles","https://www.bbr.com/products-20218212377-2021-l-aventure-estate-cuvee-paso-robles-california-usa","1125849","20218212377"
"Alvaro Palacios","2016","L'Ermita, Alvaro Palacios, Priorat, Spain","2600","Case of 3 Bottles","https://www.bbr.com/products-20168004950-2016-l-ermita-alvaro-palacios-priorat-spain","1120815","20168004950"
"Alvaro Palacios","2016","L'Ermita, Alvaro Palacios, Priorat, Spain","2600","Case of 3 Bottles","https://www.bbr.com/products-20168004950-2016-l-ermita-alvaro-palacios-priorat-spain","1120815","20168004950"
"Alvaro Palacios","2017","L'Ermita, Alvaro Palacios, Priorat, Spain","1998","Case of 3 Bottles","https://www.bbr.com/products-20178004950-2017-l-ermita-alvaro-palacios-priorat-spain","1120815","20178004950"
"Alvaro Palacios","2019","L'Ermita, Alvaro Palacios, Priorat, Spain","2900","Case of 3 Bottles","https://www.bbr.com/products-20198004950-2019-l-ermita-alvaro-palacios-priorat-spain","1120815","20198004950"
"Alvaro Palacios","2021","L'Ermita, Alvaro Palacios, Priorat, Spain","2555","Case of 3 Bottles","https://www.bbr.com/products-20218004950-2021-l-ermita-alvaro-palacios-priorat-spain","1120815","20218004950"
"Chateau Doisy-Daene","2005","L'Extravagant de Doisy Daene, Sauternes, Bordeaux","120","Case of 1 Half Bottles","https://www.bbr.com/products-20058123028-2005-l-extravagant-de-doisy-daene-sauternes-bordeaux","1016893","20058123028"
"Chateau Doisy-Daene","2007","L'Extravagant de Doisy Daene, Sauternes, Bordeaux","90","Case of 1 Half Bottles","https://www.bbr.com/products-20078123028-2007-l-extravagant-de-doisy-daene-sauternes-bordeaux","1016893","20078123028"
"Chateau Doisy-Daene","2009","L'Extravagant de Doisy Daene, Sauternes, Bordeaux","2200","Case of 12 Half Bottles","https://www.bbr.com/products-20098123028-2009-l-extravagant-de-doisy-daene-sauternes-bordeaux","1016893","20098123028"
"Chateau Doisy-Daene","2010","L'Extravagant de Doisy Daene, Sauternes, Bordeaux","100","Case of 1 Half Bottles","https://www.bbr.com/products-20108123028-2010-l-extravagant-de-doisy-daene-sauternes-bordeaux","1016893","20108123028"
"Chateau Doisy-Daene","2011","L'Extravagant de Doisy Daene, Sauternes, Bordeaux","100","Case of 1 Half Bottles","https://www.bbr.com/products-20118123028-2011-l-extravagant-de-doisy-daene-sauternes-bordeaux","1016893","20118123028"
"Chateau Doisy-Daene","2013","L'Extravagant de Doisy Daene, Sauternes, Bordeaux","79","Case of 1 Half Bottles","https://www.bbr.com/products-20138123028-2013-l-extravagant-de-doisy-daene-sauternes-bordeaux","1016893","20138123028"
"Chateau Doisy-Daene","2014","L'Extravagant de Doisy Daene, Sauternes, Bordeaux","100","Case of 1 Half Bottles","https://www.bbr.com/products-20148123028-2014-l-extravagant-de-doisy-daene-sauternes-bordeaux","1016893","20148123028"
"Chateau Doisy-Daene","2015","L'Extravagant de Doisy Daene, Sauternes, Bordeaux","128","Case of 1 Half Bottles","https://www.bbr.com/products-20158123028-2015-l-extravagant-de-doisy-daene-sauternes-bordeaux","1016893","20158123028"
"Chateau Doisy-Daene","2020","L'Extravagant de Doisy Daene, Sauternes, Bordeaux","430","Case of 1 Bottles","https://www.bbr.com/products-20208123028-2020-l-extravagant-de-doisy-daene-sauternes-bordeaux","1016893","20208123028"
"Chateau Doisy-Daene","2020","L'Extravagant de Doisy Daene, Sauternes, Bordeaux","218","Case of 1 Half Bottles","https://www.bbr.com/products-20208123028-2020-l-extravagant-de-doisy-daene-sauternes-bordeaux","1016893","20208123028"
"Chateau Doisy-Daene","2021","L'Extravagant de Doisy Daene, Sauternes, Bordeaux","210","Case of 1 Bottles","https://www.bbr.com/products-20218123028-2021-l-extravagant-de-doisy-daene-sauternes-bordeaux","1016893","20218123028"
"Chateau Gazin","2009","L'Hospitalet de Gazin, Pomerol, Bordeaux","570","Case of 12 Bottles","https://www.bbr.com/products-20098033105-2009-l-hospitalet-de-gazin-pomerol-bordeaux","1011609","20098033105"
"L'Hetre","2016","L'Hetre, Castillon Cotes de Bordeaux","99","Case of 6 Bottles","https://www.bbr.com/products-20168014942-2016-l-hetre-castillon-cotes-de-bordeaux","1684267","20168014942"
"L'If","2013","L'If, St Emilion, Bordeaux","225","Case of 3 Bottles","https://www.bbr.com/products-20138013570-2013-l-if-st-emilion-bordeaux","1191992","20138013570"
"L'If","2014","L'If, St Emilion, Bordeaux","210","Case of 3 Bottles","https://www.bbr.com/products-20148013570-2014-l-if-st-emilion-bordeaux","1191992","20148013570"
"L'If","2014","L'If, St Emilion, Bordeaux","550","Case of 6 Bottles","https://www.bbr.com/products-20148013570-2014-l-if-st-emilion-bordeaux","1191992","20148013570"
"L'If","2017","L'If, St Emilion, Bordeaux","378","Case of 6 Bottles","https://www.bbr.com/products-20178013570-2017-l-if-st-emilion-bordeaux","1191992","20178013570"
"L'If","2018","L'If, St Emilion, Bordeaux","75","Case of 1 Bottles","https://www.bbr.com/products-20188013570-2018-l-if-st-emilion-bordeaux","1191992","20188013570"
"L'If","2019","L'If, St Emilion, Bordeaux","1000","Case of 6 Bottles","https://www.bbr.com/products-20198013570-2019-l-if-st-emilion-bordeaux","1191992","20198013570"
"L'If","2020","L'If, St Emilion, Bordeaux","378","Case of 3 Bottles","https://www.bbr.com/products-20208013570-2020-l-if-st-emilion-bordeaux","1191992","20208013570"
"L'If","2021","L'If, St Emilion, Bordeaux","250","Case of 3 Bottles","https://www.bbr.com/products-20218013570-2021-l-if-st-emilion-bordeaux","1191992","20218013570"
"L'If","2022","L'If, St Emilion, Bordeaux","820","Case of 6 Bottles","https://www.bbr.com/products-20228013570-2022-l-if-st-emilion-bordeaux","1191992","20228013570"
"L'If","2022","L'If, St Emilion, Bordeaux","778","Case of 3 Bottles","https://www.bbr.com/products-20228013570-2022-l-if-st-emilion-bordeaux","1191992","20228013570"
"L'If","2022","L'If, St Emilion, Bordeaux","545","Case of 6 Bottles","https://www.bbr.com/products-20228013570-2022-l-if-st-emilion-bordeaux","1191992","20228013570"
"L'If","2022","L'If, St Emilion, Bordeaux","840","Case of 3 Magnums","https://www.bbr.com/products-20228013570-2022-l-if-st-emilion-bordeaux","1191992","20228013570"
"Telmo Rodriguez","2020","LG Valbuxan, Tinto, Telmo Rodriguez, Valdeorras, Spain","125","Case of 6 Bottles","https://www.bbr.com/products-20208069939-2020-lg-valbuxan-tinto-telmo-rodriguez-valdeorras-spain","2433055","20208069939"
"Alvaro Palacios","2018","La Baixada, Alvaro Palacios, Priorat, Spain","390","Case of 3 Bottles","https://www.bbr.com/products-20188022868-2018-la-baixada-alvaro-palacios-priorat-spain","1813997","20188022868"
"Alvaro Palacios","2019","La Baixada, Alvaro Palacios, Priorat, Spain","475","Case of 3 Bottles","https://www.bbr.com/products-20198022868-2019-la-baixada-alvaro-palacios-priorat-spain","1813997","20198022868"
"Chateau La Mission-Haut-Brion","2011","La Chapelle de la Mission Haut-Brion, Pessac-Leognan, Bordeaux","500","Case of 12 Bottles","https://www.bbr.com/products-20118124953-2011-la-chapelle-de-la-mission-haut-brion-pessac-leognan-bordeaux","1008007","20118124953"
"Chateau La Mission-Haut-Brion","2012","La Chapelle de la Mission Haut-Brion, Pessac-Leognan, Bordeaux","225","Case of 6 Bottles","https://www.bbr.com/products-20128124953-2012-la-chapelle-de-la-mission-haut-brion-pessac-leognan-bordeaux","1008007","20128124953"
"Chateau La Mission-Haut-Brion","2016","La Chapelle de la Mission Haut-Brion, Pessac-Leognan, Bordeaux","508","Case of 6 Bottles","https://www.bbr.com/products-20168124953-2016-la-chapelle-de-la-mission-haut-brion-pessac-leognan-bordeaux","1008007","20168124953"
"Chateau La Mission-Haut-Brion","2019","La Chapelle de la Mission Haut-Brion, Pessac-Leognan, Bordeaux","260","Case of 6 Bottles","https://www.bbr.com/products-20198124953-2019-la-chapelle-de-la-mission-haut-brion-pessac-leognan-bordeaux","1008007","20198124953"
"Chateau La Mission-Haut-Brion","2020","La Chapelle de la Mission Haut-Brion, Pessac-Leognan, Bordeaux","395","Case of 3 Magnums","https://www.bbr.com/products-20208124953-2020-la-chapelle-de-la-mission-haut-brion-pessac-leognan-bordeaux","1008007","20208124953"
"Chateau La Mission-Haut-Brion","2023","La Chapelle de la Mission Haut-Brion, Pessac-Leognan, Bordeaux","270","Case of 6 Bottles","https://www.bbr.com/products-20238124953-2023-la-chapelle-de-la-mission-haut-brion-pessac-leognan-bordeaux","1008007","20238124953"
"Chateau Haut-Brion","2020","La Clarte de Haut-Brion, Graves, Bordeaux","600","Case of 3 Magnums","https://www.bbr.com/products-20208123103-2020-la-clarte-de-haut-brion-graves-bordeaux","1016688","20208123103"
"Chateau Haut-Brion","2021","La Clarte de Haut-Brion, Graves, Bordeaux","350","Case of 6 Bottles","https://www.bbr.com/products-20218123103-2021-la-clarte-de-haut-brion-graves-bordeaux","1016688","20218123103"
"Familia Nin-Ortiz","2017","La Coma d'en Romeu, Familia Nin-Ortiz, Priorat, Spain","540","Case of 6 Bottles","https://www.bbr.com/products-20178061135-2017-la-coma-d-en-romeu-familia-nin-ortiz-priorat-spain","1622885","20178061135"
"Chateau Ducru-Beaucaillou","2009","La Croix Ducru-Beaucaillou, St Julien, Bordeaux","250","Case of 6 Bottles","https://www.bbr.com/products-20098015095-2009-la-croix-ducru-beaucaillou-st-julien-bordeaux","1008951","20098015095"
"Chateau Ducru-Beaucaillou","2010","La Croix Ducru-Beaucaillou, St Julien, Bordeaux","750","Case of 12 Bottles","https://www.bbr.com/products-20108015095-2010-la-croix-ducru-beaucaillou-st-julien-bordeaux","1008951","20108015095"
"Chateau Ducru-Beaucaillou","2014","La Croix Ducru-Beaucaillou, St Julien, Bordeaux","250","Case of 6 Bottles","https://www.bbr.com/products-20148015095-2014-la-croix-ducru-beaucaillou-st-julien-bordeaux","1008951","20148015095"
"Chateau Ducru-Beaucaillou","2019","La Croix Ducru-Beaucaillou, St Julien, Bordeaux","224","Case of 6 Bottles","https://www.bbr.com/products-20198015095-2019-la-croix-ducru-beaucaillou-st-julien-bordeaux","1008951","20198015095"
"Chateau Ducru-Beaucaillou","2019","La Croix Ducru-Beaucaillou, St Julien, Bordeaux","445","Case of 12 Bottles","https://www.bbr.com/products-20198015095-2019-la-croix-ducru-beaucaillou-st-julien-bordeaux","1008951","20198015095"
"Chateau Ducru-Beaucaillou","2020","La Croix Ducru-Beaucaillou, St Julien, Bordeaux","290","Case of 12 Bottles","https://www.bbr.com/products-20208015095-2020-la-croix-ducru-beaucaillou-st-julien-bordeaux","1008951","20208015095"
"Chateau Ducru-Beaucaillou","2022","La Croix Ducru-Beaucaillou, St Julien, Bordeaux","400","Case of 6 Bottles","https://www.bbr.com/products-20228015095-2022-la-croix-ducru-beaucaillou-st-julien-bordeaux","1008951","20228015095"
"Bodega Contador","2011","La Cueva del Contador, Rioja, Spain","300","Case of 6 Bottles","https://www.bbr.com/products-20118030058-2011-la-cueva-del-contador-rioja-spain","1135596","20118030058"
"Chateau Lascombes","2022","La Cote Lascombes, Margaux, Bordeaux","480","Case of 3 Bottles","https://www.bbr.com/products-20228321886-2022-la-cote-lascombes-margaux-bordeaux","3077137","20228321886"
"Domaines Lupier","2014","La Dama, Domaines Lupier, Navarra, Spain","175","Case of 6 Bottles","https://www.bbr.com/products-20141293713-2014-la-dama-domaines-lupier-navarra-spain","1293713","20141293713"
"Domaines Lupier","2015","La Dama, Domaines Lupier, Navarra, Spain","225","Case of 6 Bottles","https://www.bbr.com/products-20151293713-2015-la-dama-domaines-lupier-navarra-spain","1293713","20151293713"
"Domaines Lupier","2016","La Dama, Domaines Lupier, Navarra, Spain","170","Case of 6 Bottles","https://www.bbr.com/products-20161293713-2016-la-dama-domaines-lupier-navarra-spain","1293713","20161293713"
"Chateau Montrose","2000","La Dame de Montrose, St Estephe, Bordeaux","480","Case of 12 Bottles","https://www.bbr.com/products-20008124618-2000-la-dame-de-montrose-st-estephe-bordeaux","1009235","20008124618"
"Chateau Montrose","2016","La Dame de Montrose, St Estephe, Bordeaux","180","Case of 6 Bottles","https://www.bbr.com/products-20168124618-2016-la-dame-de-montrose-st-estephe-bordeaux","1009235","20168124618"
"Chateau Montrose","2016","La Dame de Montrose, St Estephe, Bordeaux","174","Case of 3 Magnums","https://www.bbr.com/products-20168124618-2016-la-dame-de-montrose-st-estephe-bordeaux","1009235","20168124618"
"Chateau Montrose","2017","La Dame de Montrose, St Estephe, Bordeaux","165","Case of 6 Bottles","https://www.bbr.com/products-20178124618-2017-la-dame-de-montrose-st-estephe-bordeaux","1009235","20178124618"
"Chateau Montrose","2018","La Dame de Montrose, St Estephe, Bordeaux","200","Case of 6 Bottles","https://www.bbr.com/products-20188124618-2018-la-dame-de-montrose-st-estephe-bordeaux","1009235","20188124618"
"Chateau Montrose","2019","La Dame de Montrose, St Estephe, Bordeaux","195","Case of 6 Bottles","https://www.bbr.com/products-20198124618-2019-la-dame-de-montrose-st-estephe-bordeaux","1009235","20198124618"
"Chateau Montrose","2020","La Dame de Montrose, St Estephe, Bordeaux","250","Case of 6 Bottles","https://www.bbr.com/products-20208124618-2020-la-dame-de-montrose-st-estephe-bordeaux","1009235","20208124618"
"Chateau Montrose","2020","La Dame de Montrose, St Estephe, Bordeaux","140","Case of 3 Magnums","https://www.bbr.com/products-20208124618-2020-la-dame-de-montrose-st-estephe-bordeaux","1009235","20208124618"
"Chateau Montrose","2021","La Dame de Montrose, St Estephe, Bordeaux","170","Case of 6 Bottles","https://www.bbr.com/products-20218124618-2021-la-dame-de-montrose-st-estephe-bordeaux","1009235","20218124618"
"Chateau Montrose","2022","La Dame de Montrose, St Estephe, Bordeaux","230","Case of 6 Bottles","https://www.bbr.com/products-20228124618-2022-la-dame-de-montrose-st-estephe-bordeaux","1009235","20228124618"
"Bodegas y Vi?edos Ponce","2018","La Estrecha, Ponce, Manchuela, Spain","390","Case of 12 Bottles","https://www.bbr.com/products-20188126250-2018-la-estrecha-ponce-manchuela-spain","2292498","20188126250"
"La Falize","2021","La Falize, Chardonnay, Belgium","350","Case of 6 Bottles","https://www.bbr.com/products-20218132420-2021-la-falize-chardonnay-belgium","1999846","20218132420"
"Descendientes de Palacios","2019","La Faraona, Descendientes de J. Palacios, Bierzo, Spain","2500","Case of 3 Bottles","https://www.bbr.com/products-20198005537-2019-la-faraona-descendientes-de-j-palacios-bierzo-spain","1212598","20198005537"
"Descendientes de Palacios","2020","La Faraona, Descendientes de J. Palacios, Bierzo, Spain","2400","Case of 3 Bottles","https://www.bbr.com/products-20208005537-2020-la-faraona-descendientes-de-j-palacios-bierzo-spain","1212598","20208005537"
"Domaine Lamarche","2006","La Grande Rue, Grand Cru, Domaine Francois Lamarche, Burgundy","3750","Case of 12 Bottles","https://www.bbr.com/products-20061040258-2006-la-grande-rue-grand-cru-domaine-francois-lamarche-burgundy","1040258","20061040258"
"Domaine Lamarche","2007","La Grande Rue, Grand Cru, Domaine Francois Lamarche, Burgundy","2250","Case of 6 Bottles","https://www.bbr.com/products-20071040258-2007-la-grande-rue-grand-cru-domaine-francois-lamarche-burgundy","1040258","20071040258"
"Domaine Lamarche","2008","La Grande Rue, Grand Cru, Domaine Francois Lamarche, Burgundy","4800","Case of 12 Bottles","https://www.bbr.com/products-20081040258-2008-la-grande-rue-grand-cru-domaine-francois-lamarche-burgundy","1040258","20081040258"
"Domaine Lamarche","2008","La Grande Rue, Grand Cru, Domaine Francois Lamarche, Burgundy","1995","Case of 6 Bottles","https://www.bbr.com/products-20081040258-2008-la-grande-rue-grand-cru-domaine-francois-lamarche-burgundy","1040258","20081040258"
"Domaine Lamarche","2009","La Grande Rue, Grand Cru, Domaine Francois Lamarche, Burgundy","2900","Case of 6 Bottles","https://www.bbr.com/products-20091040258-2009-la-grande-rue-grand-cru-domaine-francois-lamarche-burgundy","1040258","20091040258"
"Domaine Lamarche","2010","La Grande Rue, Grand Cru, Domaine Francois Lamarche, Burgundy","6400","Case of 12 Bottles","https://www.bbr.com/products-20101040258-2010-la-grande-rue-grand-cru-domaine-francois-lamarche-burgundy","1040258","20101040258"
"Domaine Lamarche","2011","La Grande Rue, Grand Cru, Domaine Francois Lamarche, Burgundy","1590","Case of 6 Bottles","https://www.bbr.com/products-20111040258-2011-la-grande-rue-grand-cru-domaine-francois-lamarche-burgundy","1040258","20111040258"
"Domaine Lamarche","2012","La Grande Rue, Grand Cru, Domaine Francois Lamarche, Burgundy","1700","Case of 6 Bottles","https://www.bbr.com/products-20121040258-2012-la-grande-rue-grand-cru-domaine-francois-lamarche-burgundy","1040258","20121040258"
"Domaine Lamarche","2013","La Grande Rue, Grand Cru, Domaine Francois Lamarche, Burgundy","1800","Case of 6 Bottles","https://www.bbr.com/products-20131040258-2013-la-grande-rue-grand-cru-domaine-francois-lamarche-burgundy","1040258","20131040258"
"Domaine Lamarche","2013","La Grande Rue, Grand Cru, Domaine Francois Lamarche, Burgundy","1920","Case of 6 Bottles","https://www.bbr.com/products-20131040258-2013-la-grande-rue-grand-cru-domaine-francois-lamarche-burgundy","1040258","20131040258"
"Domaine Lamarche","2015","La Grande Rue, Grand Cru, Domaine Francois Lamarche, Burgundy","1800","Case of 6 Bottles","https://www.bbr.com/products-20151040258-2015-la-grande-rue-grand-cru-domaine-francois-lamarche-burgundy","1040258","20151040258"
"Domaine Lamarche","2017","La Grande Rue, Grand Cru, Domaine Francois Lamarche, Burgundy","1298","Case of 3 Bottles","https://www.bbr.com/products-20171040258-2017-la-grande-rue-grand-cru-domaine-francois-lamarche-burgundy","1040258","20171040258"
"Domaine Lamarche","2020","La Grande Rue, Grand Cru, Nicole Lamarche, Burgundy","1399","Case of 3 Bottles","https://www.bbr.com/products-20201040258-2020-la-grande-rue-grand-cru-nicole-lamarche-burgundy","1040258","20201040258"
"Domaine Lamarche","2021","La Grande Rue, Grand Cru, Nicole Lamarche, Burgundy","1790","Case of 3 Bottles","https://www.bbr.com/products-20211040258-2021-la-grande-rue-grand-cru-nicole-lamarche-burgundy","1040258","20211040258"
"La Granja Ntra. Sra. de Remelluri","2009","La Granja, Gran Reserva, Remelluri, Rioja, Spain","290","Case of 6 Bottles","https://www.bbr.com/products-20098128007-2009-la-granja-gran-reserva-remelluri-rioja-spain","1628946","20098128007"
"La Granja Ntra. Sra. de Remelluri","2012","La Granja, Gran Reserva, Remelluri, Rioja, Spain","260","Case of 6 Bottles","https://www.bbr.com/products-20128128007-2012-la-granja-gran-reserva-remelluri-rioja-spain","1628946","20128128007"
"La Granja Ntra. Sra. de Remelluri","2014","La Granja, Gran Reserva, Remelluri, Rioja, Spain","249","Case of 6 Bottles","https://www.bbr.com/products-20148128007-2014-la-granja-gran-reserva-remelluri-rioja-spain","1628946","20148128007"
"Vieux Chateau Certan","2016","La Gravette de Certan, Pomerol, Bordeaux","595","Case of 12 Bottles","https://www.bbr.com/products-20168124171-2016-la-gravette-de-certan-pomerol-bordeaux","1010992","20168124171"
"Vieux Chateau Certan","2018","La Gravette de Certan, Pomerol, Bordeaux","280","Case of 6 Bottles","https://www.bbr.com/products-20188124171-2018-la-gravette-de-certan-pomerol-bordeaux","1010992","20188124171"
"Vieux Chateau Certan","2019","La Gravette de Certan, Pomerol, Bordeaux","295","Case of 6 Bottles","https://www.bbr.com/products-20198124171-2019-la-gravette-de-certan-pomerol-bordeaux","1010992","20198124171"
"La Jota Vineyard","2010","La Jota Vineyard Co., Cabernet Franc, Howell Mountain, Napa Valley, California, USA","470","Case of 6 Bottles","https://www.bbr.com/products-20108151061-2010-la-jota-vineyard-co-cabernet-franc-howell-mountain-napa-valley-california-usa","1158340","20108151061"
"La Jota Vineyard","2010","La Jota Vineyard Co., Cabernet Sauvignon, Howell Mountain, Napa Valley, California, USA","525","Case of 6 Bottles","https://www.bbr.com/products-20108069229-2010-la-jota-vineyard-co-cabernet-sauvignon-howell-mountain-napa-valley-california-usa","1122372","20108069229"
"La Mondotte","2005","La Mondotte, St Emilion, Bordeaux","1500","Case of 6 Bottles","https://www.bbr.com/products-20058123712-2005-la-mondotte-st-emilion-bordeaux","1013225","20058123712"
"La Mondotte","2010","La Mondotte, St Emilion, Bordeaux","1168","Case of 6 Bottles","https://www.bbr.com/products-20108123712-2010-la-mondotte-st-emilion-bordeaux","1013225","20108123712"
"La Mondotte","2015","La Mondotte, St Emilion, Bordeaux","649","Case of 6 Bottles","https://www.bbr.com/products-20158123712-2015-la-mondotte-st-emilion-bordeaux","1013225","20158123712"
"La Mondotte","2016","La Mondotte, St Emilion, Bordeaux","1080","Case of 6 Bottles","https://www.bbr.com/products-20168123712-2016-la-mondotte-st-emilion-bordeaux","1013225","20168123712"
"La Mondotte","2017","La Mondotte, St Emilion, Bordeaux","400","Case of 6 Bottles","https://www.bbr.com/products-20178123712-2017-la-mondotte-st-emilion-bordeaux","1013225","20178123712"
"La Mondotte","2019","La Mondotte, St Emilion, Bordeaux","370","Case of 6 Bottles","https://www.bbr.com/products-20198123712-2019-la-mondotte-st-emilion-bordeaux","1013225","20198123712"
"La Mondotte","2020","La Mondotte, St Emilion, Bordeaux","500","Case of 6 Bottles","https://www.bbr.com/products-20208123712-2020-la-mondotte-st-emilion-bordeaux","1013225","20208123712"
"La Mondotte","2020","La Mondotte, St Emilion, Bordeaux","800","Case of 6 Bottles","https://www.bbr.com/products-20208123712-2020-la-mondotte-st-emilion-bordeaux","1013225","20208123712"
"La Mondotte","2022","La Mondotte, St Emilion, Bordeaux","600","Case of 6 Bottles","https://www.bbr.com/products-20228123712-2022-la-mondotte-st-emilion-bordeaux","1013225","20228123712"
"Chateau L'Eglise-Clinet","2010","La Petite Eglise, Pomerol, Bordeaux","350","Case of 6 Bottles","https://www.bbr.com/products-20108123523-2010-la-petite-eglise-pomerol-bordeaux","1014020","20108123523"
"Chateau L'Eglise-Clinet","2010","La Petite Eglise, Pomerol, Bordeaux","625","Case of 12 Bottles","https://www.bbr.com/products-20108123523-2010-la-petite-eglise-pomerol-bordeaux","1014020","20108123523"
"Chateau L'Eglise-Clinet","2012","La Petite Eglise, Pomerol, Bordeaux","200","Case of 6 Bottles","https://www.bbr.com/products-20128123523-2012-la-petite-eglise-pomerol-bordeaux","1014020","20128123523"
"Chateau L'Eglise-Clinet","2021","La Petite Eglise, Pomerol, Bordeaux","200","Case of 6 Bottles","https://www.bbr.com/products-20218123523-2021-la-petite-eglise-pomerol-bordeaux","1014020","20218123523"
"Artadi","2009","La Poza de Ballesteros, Artadi, Rioja, Spain","350","Case of 6 Bottles","https://www.bbr.com/products-20098008668-2009-la-poza-de-ballesteros-artadi-rioja-spain","1135336","20098008668"
"Artadi","2009","La Poza de Ballesteros, Artadi, Rioja, Spain","295.8","Case of 6 Bottles","https://www.bbr.com/products-20098008668-2009-la-poza-de-ballesteros-artadi-rioja-spain","1135336","20098008668"
"Artadi","2011","La Poza de Ballesteros, Artadi, Rioja, Spain","385","Case of 6 Bottles","https://www.bbr.com/products-20118008668-2011-la-poza-de-ballesteros-artadi-rioja-spain","1135336","20118008668"
"Artadi","2014","La Poza de Ballesteros, Artadi, Rioja, Spain","290","Case of 6 Bottles","https://www.bbr.com/products-20148008668-2014-la-poza-de-ballesteros-artadi-rioja-spain","1135336","20148008668"
"Artadi","2015","La Poza de Ballesteros, Artadi, Rioja, Spain","360","Case of 6 Bottles","https://www.bbr.com/products-20158008668-2015-la-poza-de-ballesteros-artadi-rioja-spain","1135336","20158008668"
"Artadi","2015","La Poza de Ballesteros, Artadi, Rioja, Spain","150","Case of 1 Magnums","https://www.bbr.com/products-20158008668-2015-la-poza-de-ballesteros-artadi-rioja-spain","1135336","20158008668"
"La Peira","2020","La Peira en Damaisela, Pays d'Herault, Languedoc","400","Case of 6 Bottles","https://www.bbr.com/products-20208317681-2020-la-peira-en-damaisela-pays-d-herault-languedoc","2716387","20208317681"
"San Giusto a Rentennano","2015","La Ricolma, San Giusto a Rentennano, Tuscany, Italy","1550","Case of 6 Bottles","https://www.bbr.com/products-20158211396-2015-la-ricolma-san-giusto-a-rentennano-tuscany-italy","1144927","20158211396"
"San Giusto a Rentennano","2019","La Ricolma, San Giusto a Rentennano, Tuscany, Italy","525","Case of 3 Bottles","https://www.bbr.com/products-20198211396-2019-la-ricolma-san-giusto-a-rentennano-tuscany-italy","1144927","20198211396"
"San Giusto a Rentennano","2021","La Ricolma, San Giusto a Rentennano, Tuscany, Italy","995","Case of 3 Bottles","https://www.bbr.com/products-20218211396-2021-la-ricolma-san-giusto-a-rentennano-tuscany-italy","1144927","20218211396"
"San Giusto a Rentennano","2022","La Ricolma, San Giusto a Rentennano, Tuscany, Italy","270","Case of 3 Bottles","https://www.bbr.com/products-20228211396-2022-la-ricolma-san-giusto-a-rentennano-tuscany-italy","1144927","20228211396"
"M. Ant. De la Riva","2022","La Riva, Blanco, San Cayetano, Macharnudo, M. Ant. de la Riva, Andalucia, Spain","245","Case of 6 Bottles","https://www.bbr.com/products-20228175535-2022-la-riva-blanco-san-cayetano-macharnudo-m-ant-de-la-riva-andalucia-spain","2917683","20228175535"
"M. Ant. De la Riva","2022","La Riva, Blanco, San Cayetano, Macharnudo, M. Ant. de la Riva, Andalucia, Spain","240","Case of 6 Bottles","https://www.bbr.com/products-20228175535-2022-la-riva-blanco-san-cayetano-macharnudo-m-ant-de-la-riva-andalucia-spain","2917683","20228175535"
"Bouchard Pere & Fils","2001","La Romanee, Grand Cru, Bouchard Pere &amp; Fils, Burgundy","2800","Case of 3 Bottles","https://www.bbr.com/products-20018020024-2001-la-romanee-grand-cru-bouchard-pere-and-fils-burgundy","1022034","20018020024"
"Domaine du Comte Liger-Belair","2011","La Romanee, Grand Cru, Domaine du Comte Liger-Belair, Burgundy","30000","Case of 6 Bottles","https://www.bbr.com/products-20118122337-2011-la-romanee-grand-cru-domaine-du-comte-liger-belair-burgundy","1026579","20118122337"
"Domaine du Comte Liger-Belair","2013","La Romanee, Grand Cru, Domaine du Comte Liger-Belair, Burgundy","15000","Case of 3 Bottles","https://www.bbr.com/products-20138122337-2013-la-romanee-grand-cru-domaine-du-comte-liger-belair-burgundy","1026579","20138122337"
"Domaine du Comte Liger-Belair","2015","La Romanee, Grand Cru, Domaine du Comte Liger-Belair, Burgundy","17500","Case of 3 Bottles","https://www.bbr.com/products-20158122337-2015-la-romanee-grand-cru-domaine-du-comte-liger-belair-burgundy","1026579","20158122337"
"Domaine du Comte Liger-Belair","2018","La Romanee, Grand Cru, Domaine du Comte Liger-Belair, Burgundy","12750","Case of 3 Bottles","https://www.bbr.com/products-20188122337-2018-la-romanee-grand-cru-domaine-du-comte-liger-belair-burgundy","1026579","20188122337"
"Chateau Malartic-Lagraviere","2018","La Reserve de Malartic, Pessac-Leognan, Bordeaux","130","Case of 6 Bottles","https://www.bbr.com/products-20188256388-2018-la-reserve-de-malartic-pessac-leognan-bordeaux","1173374","20188256388"
"Domaine de la Romanee-Conti (DRC)","2005","La Tache, Grand Cru, Domaine de la Romanee-Conti, Burgundy","35000","Case of 6 Bottles","https://www.bbr.com/products-20058009463-2005-la-tache-grand-cru-domaine-de-la-romanee-conti-burgundy","1028704","20058009463"
"Domaine de la Romanee-Conti (DRC)","2009","La Tache, Grand Cru, Domaine de la Romanee-Conti, Burgundy","27500","Case of 6 Bottles","https://www.bbr.com/products-20098009463-2009-la-tache-grand-cru-domaine-de-la-romanee-conti-burgundy","1028704","20098009463"
"Bodega Contador","2009","La Vi?a de Andres Romeo, Bodega Contador, Rioja, Spain","575","Case of 6 Bottles","https://www.bbr.com/products-20098030061-2009-la-vi-a-de-andres-romeo-bodega-contador-rioja-spain","1395101","20098030061"
"Bodega Contador","2010","La Vi?a de Andres Romeo, Bodega Contador, Rioja, Spain","495","Case of 6 Bottles","https://www.bbr.com/products-20108030061-2010-la-vi-a-de-andres-romeo-bodega-contador-rioja-spain","1395101","20108030061"
"Alessandro & Gian Natale Fantino","2016","Laboro Disobedient, A. & G. Natale Fantino, Piedmont, Italy","190","Case of 6 Bottles","https://www.bbr.com/products-20168229225-2016-laboro-disobedient-a-g-natale-fantino-piedmont-italy","1356876","20168229225"
"Chateau Grand-Puy-Lacoste","2022","Lacoste Borie, Pauillac, Bordeaux","245","Case of 6 Bottles","https://www.bbr.com/products-20228017725-2022-lacoste-borie-pauillac-bordeaux","1011827","20228017725"
"Chateau Grand-Puy-Lacoste","2022","Lacoste Borie, Pauillac, Bordeaux","283","Case of 6 Bottles","https://www.bbr.com/products-20228017725-2022-lacoste-borie-pauillac-bordeaux","1011827","20228017725"
"Philippe Pacalet","2018","Ladoix Blanc, Philippe Pacalet, Burgundy","620","Case of 12 Bottles","https://www.bbr.com/products-20188149466-2018-ladoix-blanc-philippe-pacalet-burgundy","1866241","20188149466"
"Philippe Pacalet","2019","Ladoix Rouge, Philippe Pacalet, Burgundy","750","Case of 12 Bottles","https://www.bbr.com/products-20198149479-2019-ladoix-rouge-philippe-pacalet-burgundy","1592773","20198149479"
"Domaine Gaston Pierre Ravaut","2017","Ladoix, Domaine Gaston Pierre Ravaut, Burgundy","300","Case of 6 Bottles","https://www.bbr.com/products-20178231211-2017-ladoix-domaine-gaston-pierre-ravaut-burgundy","1834125","20178231211"
"Domaine Jean Guiton","2022","Ladoix, La Corvee, 1er Cru, Domaine Jean Guiton, Burgundy","180","Case of 6 Bottles","https://www.bbr.com/products-20228014388-2022-ladoix-la-corvee-1er-cru-domaine-jean-guiton-burgundy","1336603","20228014388"
"Domaine du Prieure Roch","2015","Ladoix, Le Cloud, Domaine Prieure Roch, Burgundy","2250","Case of 6 Bottles","https://www.bbr.com/products-20158108834-2015-ladoix-le-cloud-domaine-prieure-roch-burgundy","1341456","20158108834"
"Domaine du Prieure Roch","2019","Ladoix, Le Cloud, Domaine Prieure Roch, Burgundy","700","Case of 3 Bottles","https://www.bbr.com/products-20198108834-2019-ladoix-le-cloud-domaine-prieure-roch-burgundy","1341456","20198108834"
"Sylvain Loichet","2013","Ladoix, Les Grechons, 1er Cru, Sylvain Loichet, Burgundy","490","Case of 12 Bottles","https://www.bbr.com/products-20138014001-2013-ladoix-les-grechons-1er-cru-sylvain-loichet-burgundy","1232181","20138014001"
"Meo-Camuzet","2019","Ladoix, Meo-Camuzet Frere & Soeurs, Burgundy","225","Case of 6 Bottles","https://www.bbr.com/products-20198053857-2019-ladoix-meo-camuzet-frere-soeurs-burgundy","1478802","20198053857"
"Domaine des Comtes Lafon","2010","Lafon Assortment case(3xMV, 3xCdlB, 2xCh, 2xGd'O, 1xG, 1xP)","3700","Case of 1 Mixed case (12x75cl)s","https://www.bbr.com/products-20108126540-2010-lafon-assortment-case-3xmv-3xcdlb-2xch-2xgd-o-1xg-1xp","9004443","20108126540"
"Azienda Agricola Paitin","2021","Langhe Freisa, Bonina, Paitin, Piedmont, Italy","109","Case of 6 Bottles","https://www.bbr.com/products-20218310725-2021-langhe-freisa-bonina-paitin-piedmont-italy","1952498","20218310725"
"G. D. Vajra","2016","Langhe Freisa, Kye, G.D. Vajra, Piedmont, Italy","135","Case of 6 Bottles","https://www.bbr.com/products-20168054971-2016-langhe-freisa-kye-g-d-vajra-piedmont-italy","1105908","20168054971"
"Luigi Giordano","2022","Langhe Freisa, Valle dei Salici, Luigi Giordano, Piedmont, Italy","99","Case of 6 Bottles","https://www.bbr.com/products-20228170598-2022-langhe-freisa-valle-dei-salici-luigi-giordano-piedmont-italy","2842664","20228170598"
"Cantina Bartolo Mascarello","2012","Langhe Nebbiolo, Bartolo Mascarello, Piedmont, Italy","315","Case of 6 Bottles","https://www.bbr.com/products-20128009896-2012-langhe-nebbiolo-bartolo-mascarello-piedmont-italy","1213003","20128009896"
"Cantina Bartolo Mascarello","2014","Langhe Nebbiolo, Bartolo Mascarello, Piedmont, Italy","290","Case of 6 Bottles","https://www.bbr.com/products-20148009896-2014-langhe-nebbiolo-bartolo-mascarello-piedmont-italy","1213003","20148009896"
"Cantina Bartolo Mascarello","2015","Langhe Nebbiolo, Bartolo Mascarello, Piedmont, Italy","316","Case of 6 Bottles","https://www.bbr.com/products-20158009896-2015-langhe-nebbiolo-bartolo-mascarello-piedmont-italy","1213003","20158009896"
"Cascina Fontana","2013","Langhe Nebbiolo, Cascina Fontana, Piedmont, Italy","216","Case of 6 Bottles","https://www.bbr.com/products-20131171846-2013-langhe-nebbiolo-cascina-fontana-piedmont-italy","1171846","20131171846"
"Castrum Roche di Costamagna Isacco","2022","Langhe Nebbiolo, Castrum Roche, Piedmont, Italy","385","Case of 12 Bottles","https://www.bbr.com/products-20228301293-2022-langhe-nebbiolo-castrum-roche-piedmont-italy","2949103","20228301293"
"Gaja","2007","Langhe Nebbiolo, Conteisa, Gaja, Piedmont, Italy","825","Case of 6 Bottles","https://www.bbr.com/products-20078115261-2007-langhe-nebbiolo-conteisa-gaja-piedmont-italy","1099719","20078115261"
"Gaja","2008","Langhe Nebbiolo, Conteisa, Gaja, Piedmont, Italy","825","Case of 6 Bottles","https://www.bbr.com/products-20088115261-2008-langhe-nebbiolo-conteisa-gaja-piedmont-italy","1099719","20088115261"
"Gaja","2009","Langhe Nebbiolo, Conteisa, Gaja, Piedmont, Italy","1500","Case of 6 Bottles","https://www.bbr.com/products-20098115261-2009-langhe-nebbiolo-conteisa-gaja-piedmont-italy","1099719","20098115261"
"Gaja","2000","Langhe Nebbiolo, Costa Russi, Gaja, Piedmont, Italy","1600","Case of 6 Bottles","https://www.bbr.com/products-20008117757-2000-langhe-nebbiolo-costa-russi-gaja-piedmont-italy","1099722","20008117757"
"Gaja","2001","Langhe Nebbiolo, Costa Russi, Gaja, Piedmont, Italy","1680","Case of 6 Bottles","https://www.bbr.com/products-20018117757-2001-langhe-nebbiolo-costa-russi-gaja-piedmont-italy","1099722","20018117757"
"Gaja","2004","Langhe Nebbiolo, Costa Russi, Gaja, Piedmont, Italy","1300","Case of 6 Bottles","https://www.bbr.com/products-20048117757-2004-langhe-nebbiolo-costa-russi-gaja-piedmont-italy","1099722","20048117757"
"Gaja","2007","Langhe Nebbiolo, Costa Russi, Gaja, Piedmont, Italy","2150","Case of 6 Bottles","https://www.bbr.com/products-20078117757-2007-langhe-nebbiolo-costa-russi-gaja-piedmont-italy","1099722","20078117757"
"Gaja","2008","Langhe Nebbiolo, Costa Russi, Gaja, Piedmont, Italy","1450","Case of 6 Bottles","https://www.bbr.com/products-20088117757-2008-langhe-nebbiolo-costa-russi-gaja-piedmont-italy","1099722","20088117757"
"Gaja","2010","Langhe Nebbiolo, Costa Russi, Gaja, Piedmont, Italy","2450","Case of 6 Bottles","https://www.bbr.com/products-20108117757-2010-langhe-nebbiolo-costa-russi-gaja-piedmont-italy","1099722","20108117757"
"Gaja","2010","Langhe Nebbiolo, Costa Russi, Gaja, Piedmont, Italy","2400","Case of 6 Bottles","https://www.bbr.com/products-20108117757-2010-langhe-nebbiolo-costa-russi-gaja-piedmont-italy","1099722","20108117757"
"Diego e Damiano Barale","2020","Langhe Nebbiolo, Diego e Damiano Barale, Piedmont, Italy","160","Case of 6 Bottles","https://www.bbr.com/products-20208065478-2020-langhe-nebbiolo-diego-e-damiano-barale-piedmont-italy","2093170","20208065478"
"Diego e Damiano Barale","2021","Langhe Nebbiolo, Diego e Damiano Barale, Piedmont, Italy","160","Case of 6 Bottles","https://www.bbr.com/products-20218065478-2021-langhe-nebbiolo-diego-e-damiano-barale-piedmont-italy","2093170","20218065478"
"Giovanni Canonica Azienda Agricola","2021","Langhe Nebbiolo, Giovanni Canonica, Piedmont, Italy","420","Case of 6 Bottles","https://www.bbr.com/products-20218121037-2021-langhe-nebbiolo-giovanni-canonica-piedmont-italy","1442267","20218121037"
"Giovanni Rosso","2015","Langhe Nebbiolo, Giovanni Rosso, Piedmont, Italy","140","Case of 6 Bottles","https://www.bbr.com/products-20151176652-2015-langhe-nebbiolo-giovanni-rosso-piedmont-italy","1176652","20151176652"
"Giovanni Rosso","2019","Langhe Nebbiolo, Giovanni Rosso, Piedmont, Italy","108","Case of 6 Bottles","https://www.bbr.com/products-20191176652-2019-langhe-nebbiolo-giovanni-rosso-piedmont-italy","1176652","20191176652"
"Giovanni Rosso","2020","Langhe Nebbiolo, Giovanni Rosso, Piedmont, Italy","120","Case of 6 Bottles","https://www.bbr.com/products-20201176652-2020-langhe-nebbiolo-giovanni-rosso-piedmont-italy","1176652","20201176652"
"Giovanni Rosso","2021","Langhe Nebbiolo, Giovanni Rosso, Piedmont, Italy","126","Case of 6 Bottles","https://www.bbr.com/products-20211176652-2021-langhe-nebbiolo-giovanni-rosso-piedmont-italy","1176652","20211176652"
"Giovanni Rosso","2022","Langhe Nebbiolo, Giovanni Rosso, Piedmont, Italy","126","Case of 6 Bottles","https://www.bbr.com/products-20221176652-2022-langhe-nebbiolo-giovanni-rosso-piedmont-italy","1176652","20221176652"
"Marcarini","2019","Langhe Nebbiolo, Lasarin, Marcarini, Piedmont, Italy","110","Case of 6 Bottles","https://www.bbr.com/products-20191101069-2019-langhe-nebbiolo-lasarin-marcarini-piedmont-italy","1101069","20191101069"
"Giuseppe Mascarello e Figli","2018","Langhe Nebbiolo, Mascarello Giuseppe & Figli, Piedmont, Italy","468","Case of 12 Bottles","https://www.bbr.com/products-20188032049-2018-langhe-nebbiolo-mascarello-giuseppe-figli-piedmont-italy","1101359","20188032049"
"Giuseppe Mascarello e Figli","2014","Langhe Nebbiolo, Mascarello Giuseppe &amp; Figli, Piedmont, Italy","490","Case of 12 Bottles","https://www.bbr.com/products-20148032049-2014-langhe-nebbiolo-mascarello-giuseppe-and-figli-piedmont-italy","1101359","20148032049"
"Produttori Del Barbaresco","2019","Langhe Nebbiolo, Produttori del Barbaresco, Piedmont, Italy","100","Case of 6 Bottles","https://www.bbr.com/products-20198061656-2019-langhe-nebbiolo-produttori-del-barbaresco-piedmont-italy","1315938","20198061656"
"Produttori Del Barbaresco","2022","Langhe Nebbiolo, Produttori del Barbaresco, Piedmont, Italy","170","Case of 6 Bottles","https://www.bbr.com/products-20228061656-2022-langhe-nebbiolo-produttori-del-barbaresco-piedmont-italy","1315938","20228061656"
"Renzo Seghesio","2021","Langhe Nebbiolo, Ruri, Renzo Seghesio, Piedmont, Italy","101","Case of 6 Bottles","https://www.bbr.com/products-20218078836-2021-langhe-nebbiolo-ruri-renzo-seghesio-piedmont-italy","2892005","20218078836"
"Gaja","2000","Langhe Nebbiolo, Sori San Lorenzo, Gaja, Piedmont, Italy","2100","Case of 6 Bottles","https://www.bbr.com/products-20008113397-2000-langhe-nebbiolo-sori-san-lorenzo-gaja-piedmont-italy","1174889","20008113397"
"Gaja","2004","Langhe Nebbiolo, Sori San Lorenzo, Gaja, Piedmont, Italy","2050","Case of 6 Bottles","https://www.bbr.com/products-20048113397-2004-langhe-nebbiolo-sori-san-lorenzo-gaja-piedmont-italy","1174889","20048113397"
"Gaja","2007","Langhe Nebbiolo, Sori San Lorenzo, Gaja, Piedmont, Italy","1950","Case of 6 Bottles","https://www.bbr.com/products-20078113397-2007-langhe-nebbiolo-sori-san-lorenzo-gaja-piedmont-italy","1174889","20078113397"
"Gaja","2009","Langhe Nebbiolo, Sori San Lorenzo, Gaja, Piedmont, Italy","1750","Case of 6 Bottles","https://www.bbr.com/products-20098113397-2009-langhe-nebbiolo-sori-san-lorenzo-gaja-piedmont-italy","1174889","20098113397"
"Gaja","2009","Langhe Nebbiolo, Sori San Lorenzo, Gaja, Piedmont, Italy","1895","Case of 6 Bottles","https://www.bbr.com/products-20098113397-2009-langhe-nebbiolo-sori-san-lorenzo-gaja-piedmont-italy","1174889","20098113397"
"Gaja","2000","Langhe Nebbiolo, Sori Tildin, Gaja, Piedmont, Italy","1850","Case of 6 Bottles","https://www.bbr.com/products-20008015659-2000-langhe-nebbiolo-sori-tildin-gaja-piedmont-italy","1099777","20008015659"
"Gaja","2008","Langhe Nebbiolo, Sori Tildin, Gaja, Piedmont, Italy","2150","Case of 6 Bottles","https://www.bbr.com/products-20088015659-2008-langhe-nebbiolo-sori-tildin-gaja-piedmont-italy","1099777","20088015659"
"Gaja","2009","Langhe Nebbiolo, Sori Tildin, Gaja, Piedmont, Italy","1430","Case of 6 Bottles","https://www.bbr.com/products-20098015659-2009-langhe-nebbiolo-sori-tildin-gaja-piedmont-italy","1099777","20098015659"
"Gaja","2010","Langhe Nebbiolo, Sori Tildin, Gaja, Piedmont, Italy","1675","Case of 6 Bottles","https://www.bbr.com/products-20108015659-2010-langhe-nebbiolo-sori-tildin-gaja-piedmont-italy","1099777","20108015659"
"Gaja","2005","Langhe Nebbiolo, Sperss, Gaja, Piedmont, Italy","1200","Case of 6 Bottles","https://www.bbr.com/products-20058117816-2005-langhe-nebbiolo-sperss-gaja-piedmont-italy","1099634","20058117816"
"Gaja","2007","Langhe Nebbiolo, Sperss, Gaja, Piedmont, Italy","1400","Case of 6 Bottles","https://www.bbr.com/products-20078117816-2007-langhe-nebbiolo-sperss-gaja-piedmont-italy","1099634","20078117816"
"Gaja","2008","Langhe Nebbiolo, Sperss, Gaja, Piedmont, Italy","1250","Case of 6 Bottles","https://www.bbr.com/products-20088117816-2008-langhe-nebbiolo-sperss-gaja-piedmont-italy","1099634","20088117816"
"Gaja","2009","Langhe Nebbiolo, Sperss, Gaja, Piedmont, Italy","1450","Case of 6 Bottles","https://www.bbr.com/products-20098117816-2009-langhe-nebbiolo-sperss-gaja-piedmont-italy","1099634","20098117816"
"Gaja","2010","Langhe Nebbiolo, Sperss, Gaja, Piedmont, Italy","1300","Case of 6 Bottles","https://www.bbr.com/products-20108117816-2010-langhe-nebbiolo-sperss-gaja-piedmont-italy","1099634","20108117816"
"Gaja","2011","Langhe Nebbiolo, Sperss, Gaja, Piedmont, Italy","1490","Case of 6 Bottles","https://www.bbr.com/products-20118117816-2011-langhe-nebbiolo-sperss-gaja-piedmont-italy","1099634","20118117816"
"Gaja","2011","Langhe Nebbiolo, Sperss, Gaja, Piedmont, Italy","695","Case of 1 Magnums","https://www.bbr.com/products-20118117816-2011-langhe-nebbiolo-sperss-gaja-piedmont-italy","1099634","20118117816"
"Trediberri","2016","Langhe Nebbiolo, Trediberri, Piedmont, Italy","340","Case of 6 Bottles","https://www.bbr.com/products-20161368758-2016-langhe-nebbiolo-trediberri-piedmont-italy","1368758","20161368758"
"Trediberri","2024","Langhe Nebbiolo, Trediberri, Piedmont, Italy","85","Case of 6 Bottles","https://www.bbr.com/products-20241368758-2024-langhe-nebbiolo-trediberri-piedmont-italy","1368758","20241368758"
"Gaja","2007","Langhe, Darmagi, Gaja, Piedmont, Italy","1500","Case of 6 Bottles","https://www.bbr.com/products-20078117744-2007-langhe-darmagi-gaja-piedmont-italy","1099735","20078117744"
"Gaja","2011","Langhe, Darmagi, Gaja, Piedmont, Italy","800","Case of 6 Bottles","https://www.bbr.com/products-20118117744-2011-langhe-darmagi-gaja-piedmont-italy","1099735","20118117744"
"Gaja","2018","Langhe, Gaia &amp; Rey, Gaja, Piedmont, Italy","1800","Case of 6 Bottles","https://www.bbr.com/products-20188117786-2018-langhe-gaia-and-rey-gaja-piedmont-italy","1099692","20188117786"
"Telmo Rodriguez","2015","Las Beatas, Telmo Rodriguez, Rioja, Spain","3100","Case of 6 Bottles","https://www.bbr.com/products-20158005481-2015-las-beatas-telmo-rodriguez-rioja-spain","1338997","20158005481"
"Daniel Gomez Jimenez-Landi","2015","Las Iruelas, Daniel Gomez Jimenez-Landi, Castilla y Leon, Spain","475","Case of 6 Bottles","https://www.bbr.com/products-20158201492-2015-las-iruelas-daniel-gomez-jimenez-landi-castilla-y-leon-spain","1597765","20158201492"
"Daniel Gomez Jimenez-Landi","2019","Las Iruelas, Daniel Gomez Jimenez-Landi, Castilla y Leon, Spain","330","Case of 3 Bottles","https://www.bbr.com/products-20198201492-2019-las-iruelas-daniel-gomez-jimenez-landi-castilla-y-leon-spain","1597765","20198201492"
"Daniel Gomez Jimenez-Landi","2019","Las Iruelas, Daniel Gomez Jimenez-Landi, Castilla y Leon, Spain","345","Case of 3 Bottles","https://www.bbr.com/products-20198201492-2019-las-iruelas-daniel-gomez-jimenez-landi-castilla-y-leon-spain","1597765","20198201492"
"Descendientes de Palacios","2016","Las Lamas, Descendientes de J. Palacios, Bierzo, Spain","220","Case of 3 Bottles","https://www.bbr.com/products-20168005540-2016-las-lamas-descendientes-de-j-palacios-bierzo-spain","1140987","20168005540"
"Descendientes de Palacios","2018","Las Lamas, Descendientes de J. Palacios, Bierzo, Spain","210","Case of 3 Bottles","https://www.bbr.com/products-20188005540-2018-las-lamas-descendientes-de-j-palacios-bierzo-spain","1140987","20188005540"
"Descendientes de Palacios","2019","Las Lamas, Descendientes de J. Palacios, Bierzo, Spain","345","Case of 3 Bottles","https://www.bbr.com/products-20198005540-2019-las-lamas-descendientes-de-j-palacios-bierzo-spain","1140987","20198005540"
"Descendientes de Palacios","2019","Las Lamas, Descendientes de J. Palacios, Bierzo, Spain","350","Case of 3 Bottles","https://www.bbr.com/products-20198005540-2019-las-lamas-descendientes-de-j-palacios-bierzo-spain","1140987","20198005540"
"Descendientes de Palacios","2020","Las Lamas, Descendientes de J. Palacios, Bierzo, Spain","210","Case of 3 Bottles","https://www.bbr.com/products-20208005540-2020-las-lamas-descendientes-de-j-palacios-bierzo-spain","1140987","20208005540"
"Descendientes de Palacios","2021","Las Lamas, Descendientes de J. Palacios, Bierzo, Spain","250","Case of 3 Bottles","https://www.bbr.com/products-20218005540-2021-las-lamas-descendientes-de-j-palacios-bierzo-spain","1140987","20218005540"
"Bodegas Suertes del Marques","2020","Las Suertes, Suertes del Marques, Canary Islands, Spain","255","Case of 6 Bottles","https://www.bbr.com/products-20208068105-2020-las-suertes-suertes-del-marques-canary-islands-spain","2248280","20208068105"
"Daniel Gomez Jimenez-Landi","2018","Las Uvas de la Ira, Daniel Gomez Jimenez-Landi, Mentrida, Spain","249","Case of 12 Bottles","https://www.bbr.com/products-20188103725-2018-las-uvas-de-la-ira-daniel-gomez-jimenez-landi-mentrida-spain","1641093","20188103725"
"Albert Bichot","2018","Latricieres-Chambertin, Grand Cru, Albert Bichot, Burgundy","900","Case of 6 Bottles","https://www.bbr.com/products-20188160809-2018-latricieres-chambertin-grand-cru-albert-bichot-burgundy","1126266","20188160809"
"Maison Camille Giroud","2008","Latricieres-Chambertin, Grand Cru, Camille Giroud, Burgundy","560","Case of 6 Bottles","https://www.bbr.com/products-20088023924-2008-latricieres-chambertin-grand-cru-camille-giroud-burgundy","1034844","20088023924"
"Maison Camille Giroud","2010","Latricieres-Chambertin, Grand Cru, Camille Giroud, Burgundy","1710","Case of 6 Bottles","https://www.bbr.com/products-20108023924-2010-latricieres-chambertin-grand-cru-camille-giroud-burgundy","1034844","20108023924"
"David Duband","2014","Latricieres-Chambertin, Grand Cru, David Duband, Burgundy","1070","Case of 6 Bottles","https://www.bbr.com/products-20148209052-2014-latricieres-chambertin-grand-cru-david-duband-burgundy","1216929","20148209052"
"David Duband","2018","Latricieres-Chambertin, Grand Cru, David Duband, Burgundy","1354","Case of 6 Bottles","https://www.bbr.com/products-20188209052-2018-latricieres-chambertin-grand-cru-david-duband-burgundy","1216929","20188209052"
"Domaine Arnoux-Lachaux","2018","Latricieres-Chambertin, Grand Cru, Domaine Arnoux-Lachaux, Burgundy","2395","Case of 3 Bottles","https://www.bbr.com/products-20188025683-2018-latricieres-chambertin-grand-cru-domaine-arnoux-lachaux-burgundy","1018738","20188025683"
"Domaine Chantal Remy","2016","Latricieres-Chambertin, Grand Cru, Domaine Chantal Remy, Burgundy","1000","Case of 6 Bottles","https://www.bbr.com/products-20168017972-2016-latricieres-chambertin-grand-cru-domaine-chantal-remy-burgundy","1274534","20168017972"
"Domaine Chantal Remy","2017","Latricieres-Chambertin, Grand Cru, Domaine Chantal Remy, Burgundy","708","Case of 6 Bottles","https://www.bbr.com/products-20178017972-2017-latricieres-chambertin-grand-cru-domaine-chantal-remy-burgundy","1274534","20178017972"
"Domaine Chantal Remy","2019","Latricieres-Chambertin, Grand Cru, Domaine Chantal Remy, Burgundy","880","Case of 6 Bottles","https://www.bbr.com/products-20198017972-2019-latricieres-chambertin-grand-cru-domaine-chantal-remy-burgundy","1274534","20198017972"
"Domaine Chantal Remy","2021","Latricieres-Chambertin, Grand Cru, Domaine Chantal Remy, Burgundy","2400","Case of 6 Bottles","https://www.bbr.com/products-20218017972-2021-latricieres-chambertin-grand-cru-domaine-chantal-remy-burgundy","1274534","20218017972"
"Drouhin-Laroze","2014","Latricieres-Chambertin, Grand Cru, Domaine Drouhin-Laroze, Burgundy","1230","Case of 12 Bottles","https://www.bbr.com/products-20141029596-2014-latricieres-chambertin-grand-cru-domaine-drouhin-laroze-burgundy","1029596","20141029596"
"Drouhin-Laroze","2018","Latricieres-Chambertin, Grand Cru, Domaine Drouhin-Laroze, Burgundy","499","Case of 6 Bottles","https://www.bbr.com/products-20181029596-2018-latricieres-chambertin-grand-cru-domaine-drouhin-laroze-burgundy","1029596","20181029596"
"Domaine Duroche","1996","Latricieres-Chambertin, Grand Cru, Domaine Duroche, Burgundy","3750","Case of 6 Bottles","https://www.bbr.com/products-19968208374-1996-latricieres-chambertin-grand-cru-domaine-duroche-burgundy","1227989","19968208374"
"Domaine Duroche","2018","Latricieres-Chambertin, Grand Cru, Domaine Duroche, Burgundy","1500","Case of 1 Magnums","https://www.bbr.com/products-20188208374-2018-latricieres-chambertin-grand-cru-domaine-duroche-burgundy","1227989","20188208374"
"Domaine Joseph Faiveley","2017","Latricieres-Chambertin, Grand Cru, Domaine Faiveley, Burgundy","720","Case of 6 Bottles","https://www.bbr.com/products-20178021119-2017-latricieres-chambertin-grand-cru-domaine-faiveley-burgundy","1031452","20178021119"
"Domaine Joseph Faiveley","2018","Latricieres-Chambertin, Grand Cru, Domaine Faiveley, Burgundy","1004","Case of 6 Bottles","https://www.bbr.com/products-20188021119-2018-latricieres-chambertin-grand-cru-domaine-faiveley-burgundy","1031452","20188021119"
"Domaine Joseph Faiveley","2020","Latricieres-Chambertin, Grand Cru, Domaine Faiveley, Burgundy","1415","Case of 6 Bottles","https://www.bbr.com/products-20208021119-2020-latricieres-chambertin-grand-cru-domaine-faiveley-burgundy","1031452","20208021119"
"Domaine Launay-Horiot","2018","Latricieres-Chambertin, Grand Cru, Domaine Launay-Horiot, Burgundy","1000","Case of 6 Bottles","https://www.bbr.com/products-20188027472-2018-latricieres-chambertin-grand-cru-domaine-launay-horiot-burgundy","1415494","20188027472"
"Domaine Launay-Horiot","2018","Latricieres-Chambertin, Grand Cru, Domaine Launay-Horiot, Burgundy","1000","Case of 3 Magnums","https://www.bbr.com/products-20188027472-2018-latricieres-chambertin-grand-cru-domaine-launay-horiot-burgundy","1415494","20188027472"
"Domaine Leroy","2014","Latricieres-Chambertin, Grand Cru, Domaine Leroy, Burgundy","36500","Case of 6 Bottles","https://www.bbr.com/products-20148121239-2014-latricieres-chambertin-grand-cru-domaine-leroy-burgundy","1044096","20148121239"
"Domaine Rossignol-Trapet","2005","Latricieres-Chambertin, Grand Cru, Domaine Rossignol-Trapet, Burgundy","3780","Case of 12 Bottles","https://www.bbr.com/products-20058030276-2005-latricieres-chambertin-grand-cru-domaine-rossignol-trapet-burgundy","1055971","20058030276"
"Domaine Rossignol-Trapet","2008","Latricieres-Chambertin, Grand Cru, Domaine Rossignol-Trapet, Burgundy","1700","Case of 12 Bottles","https://www.bbr.com/products-20088030276-2008-latricieres-chambertin-grand-cru-domaine-rossignol-trapet-burgundy","1055971","20088030276"
"Domaine Rossignol-Trapet","2008","Latricieres-Chambertin, Grand Cru, Domaine Rossignol-Trapet, Burgundy","2000","Case of 12 Bottles","https://www.bbr.com/products-20088030276-2008-latricieres-chambertin-grand-cru-domaine-rossignol-trapet-burgundy","1055971","20088030276"
"Domaine Rossignol-Trapet","2009","Latricieres-Chambertin, Grand Cru, Domaine Rossignol-Trapet, Burgundy","2400","Case of 12 Bottles","https://www.bbr.com/products-20098030276-2009-latricieres-chambertin-grand-cru-domaine-rossignol-trapet-burgundy","1055971","20098030276"
"Domaine Rossignol-Trapet","2009","Latricieres-Chambertin, Grand Cru, Domaine Rossignol-Trapet, Burgundy","960","Case of 6 Bottles","https://www.bbr.com/products-20098030276-2009-latricieres-chambertin-grand-cru-domaine-rossignol-trapet-burgundy","1055971","20098030276"
"Domaine Rossignol-Trapet","2011","Latricieres-Chambertin, Grand Cru, Domaine Rossignol-Trapet, Burgundy","575","Case of 6 Bottles","https://www.bbr.com/products-20118030276-2011-latricieres-chambertin-grand-cru-domaine-rossignol-trapet-burgundy","1055971","20118030276"
"Domaine Rossignol-Trapet","2012","Latricieres-Chambertin, Grand Cru, Domaine Rossignol-Trapet, Burgundy","803","Case of 6 Bottles","https://www.bbr.com/products-20128030276-2012-latricieres-chambertin-grand-cru-domaine-rossignol-trapet-burgundy","1055971","20128030276"
"Domaine Rossignol-Trapet","2013","Latricieres-Chambertin, Grand Cru, Domaine Rossignol-Trapet, Burgundy","550","Case of 6 Bottles","https://www.bbr.com/products-20138030276-2013-latricieres-chambertin-grand-cru-domaine-rossignol-trapet-burgundy","1055971","20138030276"
"Domaine Rossignol-Trapet","2013","Latricieres-Chambertin, Grand Cru, Domaine Rossignol-Trapet, Burgundy","580","Case of 6 Bottles","https://www.bbr.com/products-20138030276-2013-latricieres-chambertin-grand-cru-domaine-rossignol-trapet-burgundy","1055971","20138030276"
"Domaine Rossignol-Trapet","2014","Latricieres-Chambertin, Grand Cru, Domaine Rossignol-Trapet, Burgundy","498","Case of 6 Bottles","https://www.bbr.com/products-20148030276-2014-latricieres-chambertin-grand-cru-domaine-rossignol-trapet-burgundy","1055971","20148030276"
"Domaine Rossignol-Trapet","2014","Latricieres-Chambertin, Grand Cru, Domaine Rossignol-Trapet, Burgundy","1260","Case of 12 Bottles","https://www.bbr.com/products-20148030276-2014-latricieres-chambertin-grand-cru-domaine-rossignol-trapet-burgundy","1055971","20148030276"
"Domaine Rossignol-Trapet","2015","Latricieres-Chambertin, Grand Cru, Domaine Rossignol-Trapet, Burgundy","885","Case of 6 Bottles","https://www.bbr.com/products-20158030276-2015-latricieres-chambertin-grand-cru-domaine-rossignol-trapet-burgundy","1055971","20158030276"
"Domaine Rossignol-Trapet","2015","Latricieres-Chambertin, Grand Cru, Domaine Rossignol-Trapet, Burgundy","730","Case of 6 Bottles","https://www.bbr.com/products-20158030276-2015-latricieres-chambertin-grand-cru-domaine-rossignol-trapet-burgundy","1055971","20158030276"
"Domaine Rossignol-Trapet","2016","Latricieres-Chambertin, Grand Cru, Domaine Rossignol-Trapet, Burgundy","800","Case of 6 Bottles","https://www.bbr.com/products-20168030276-2016-latricieres-chambertin-grand-cru-domaine-rossignol-trapet-burgundy","1055971","20168030276"
"Domaine Rossignol-Trapet","2017","Latricieres-Chambertin, Grand Cru, Domaine Rossignol-Trapet, Burgundy","733","Case of 6 Bottles","https://www.bbr.com/products-20178030276-2017-latricieres-chambertin-grand-cru-domaine-rossignol-trapet-burgundy","1055971","20178030276"
"Domaine Rossignol-Trapet","2017","Latricieres-Chambertin, Grand Cru, Domaine Rossignol-Trapet, Burgundy","700","Case of 6 Bottles","https://www.bbr.com/products-20178030276-2017-latricieres-chambertin-grand-cru-domaine-rossignol-trapet-burgundy","1055971","20178030276"
"Domaine Rossignol-Trapet","2018","Latricieres-Chambertin, Grand Cru, Domaine Rossignol-Trapet, Burgundy","710","Case of 6 Bottles","https://www.bbr.com/products-20188030276-2018-latricieres-chambertin-grand-cru-domaine-rossignol-trapet-burgundy","1055971","20188030276"
"Domaine Rossignol-Trapet","2018","Latricieres-Chambertin, Grand Cru, Domaine Rossignol-Trapet, Burgundy","790","Case of 6 Bottles","https://www.bbr.com/products-20188030276-2018-latricieres-chambertin-grand-cru-domaine-rossignol-trapet-burgundy","1055971","20188030276"
"Domaine Rossignol-Trapet","2019","Latricieres-Chambertin, Grand Cru, Domaine Rossignol-Trapet, Burgundy","675","Case of 6 Bottles","https://www.bbr.com/products-20198030276-2019-latricieres-chambertin-grand-cru-domaine-rossignol-trapet-burgundy","1055971","20198030276"
"Domaine Rossignol-Trapet","2019","Latricieres-Chambertin, Grand Cru, Domaine Rossignol-Trapet, Burgundy","1000","Case of 6 Bottles","https://www.bbr.com/products-20198030276-2019-latricieres-chambertin-grand-cru-domaine-rossignol-trapet-burgundy","1055971","20198030276"
"Domaine Rossignol-Trapet","2020","Latricieres-Chambertin, Grand Cru, Domaine Rossignol-Trapet, Burgundy","730","Case of 6 Bottles","https://www.bbr.com/products-20208030276-2020-latricieres-chambertin-grand-cru-domaine-rossignol-trapet-burgundy","1055971","20208030276"
"Domaine Rossignol-Trapet","2021","Latricieres-Chambertin, Grand Cru, Domaine Rossignol-Trapet, Burgundy","800","Case of 6 Bottles","https://www.bbr.com/products-20218030276-2021-latricieres-chambertin-grand-cru-domaine-rossignol-trapet-burgundy","1055971","20218030276"
"Domaine Rossignol-Trapet","2022","Latricieres-Chambertin, Grand Cru, Domaine Rossignol-Trapet, Burgundy","2984","Case of 6 Bottles","https://www.bbr.com/products-20228030276-2022-latricieres-chambertin-grand-cru-domaine-rossignol-trapet-burgundy","1055971","20228030276"
"Domaine Trapet","2009","Latricieres-Chambertin, Grand Cru, Domaine Trapet Pere & Fils,Burgundy","3600","Case of 12 Bottles","https://www.bbr.com/products-20098120043-2009-latricieres-chambertin-grand-cru-domaine-trapet-pere-fils-burgundy","1058666","20098120043"
"Domaine Francois Feuillet","2013","Latricieres-Chambertin, Grand Cru, Francois Feuillet, Burgundy","550","Case of 6 Bottles","https://www.bbr.com/products-20138208521-2013-latricieres-chambertin-grand-cru-francois-feuillet-burgundy","1225363","20138208521"
"Domaine Louis Remy","2007","Latricieres-Chambertin, Grand Cru, Heritiere Louis Remy, Burgundy","698","Case of 6 Bottles","https://www.bbr.com/products-20078067430-2007-latricieres-chambertin-grand-cru-heritiere-louis-remy-burgundy","1054798","20078067430"
"Lucien Le Moine","2014","Latricieres-Chambertin, Grand Cru, Lucien Le Moine, Burgundy","1815","Case of 6 Bottles","https://www.bbr.com/products-20148205100-2014-latricieres-chambertin-grand-cru-lucien-le-moine-burgundy","1370832","20148205100"
"Lucien Le Moine","2019","Latricieres-Chambertin, Grand Cru, Lucien Le Moine, Burgundy","1408","Case of 6 Bottles","https://www.bbr.com/products-20198205100-2019-latricieres-chambertin-grand-cru-lucien-le-moine-burgundy","1370832","20198205100"
"Domaine Fourrier","2019","Latricieres-Chambertin, Grand Cru, Vieille Vigne, Jean-Marie Fourrier, Burgundy","1995","Case of 3 Magnums","https://www.bbr.com/products-20198026941-2019-latricieres-chambertin-grand-cru-vieille-vigne-jean-marie-fourrier-burgundy","1383564","20198026941"
"Clos Erasmus, Clos I Terrasses","2020","Laurel, Clos I Terrasses, Priorat, Spain","486","Case of 12 Bottles","https://www.bbr.com/products-20208209153-2020-laurel-clos-i-terrasses-priorat-spain","1215137","20208209153"
"Chateau les Carmes Haut-Brion","2016","Le C des Carmes Haut-Brion, Pessac-Leognan, Bordeaux","198","Case of 6 Bottles","https://www.bbr.com/products-20168003171-2016-le-c-des-carmes-haut-brion-pessac-leognan-bordeaux","1611216","20168003171"
"Chateau les Carmes Haut-Brion","2019","Le C des Carmes Haut-Brion, Pessac-Leognan, Bordeaux","249","Case of 6 Bottles","https://www.bbr.com/products-20198003171-2019-le-c-des-carmes-haut-brion-pessac-leognan-bordeaux","1611216","20198003171"
"Chateau les Carmes Haut-Brion","2021","Le C des Carmes Haut-Brion, Pessac-Leognan, Bordeaux","195","Case of 6 Bottles","https://www.bbr.com/products-20218003171-2021-le-c-des-carmes-haut-brion-pessac-leognan-bordeaux","1611216","20218003171"
"Chateau Haut-Brion","2009","Le Clarence de Haut-Brion, Pessac-Leognan, Bordeaux","800","Case of 6 Bottles","https://www.bbr.com/products-20098014317-2009-le-clarence-de-haut-brion-pessac-leognan-bordeaux","1008153","20098014317"
"Chateau Haut-Brion","2010","Le Clarence de Haut-Brion, Pessac-Leognan, Bordeaux","550","Case of 6 Bottles","https://www.bbr.com/products-20108014317-2010-le-clarence-de-haut-brion-pessac-leognan-bordeaux","1008153","20108014317"
"Chateau Haut-Brion","2014","Le Clarence de Haut-Brion, Pessac-Leognan, Bordeaux","400","Case of 6 Bottles","https://www.bbr.com/products-20148014317-2014-le-clarence-de-haut-brion-pessac-leognan-bordeaux","1008153","20148014317"
"Chateau Haut-Brion","2015","Le Clarence de Haut-Brion, Pessac-Leognan, Bordeaux","525","Case of 6 Bottles","https://www.bbr.com/products-20158014317-2015-le-clarence-de-haut-brion-pessac-leognan-bordeaux","1008153","20158014317"
"Chateau Haut-Brion","2018","Le Clarence de Haut-Brion, Pessac-Leognan, Bordeaux","400","Case of 6 Bottles","https://www.bbr.com/products-20188014317-2018-le-clarence-de-haut-brion-pessac-leognan-bordeaux","1008153","20188014317"
"Chateau Haut-Brion","2019","Le Clarence de Haut-Brion, Pessac-Leognan, Bordeaux","648","Case of 6 Bottles","https://www.bbr.com/products-20198014317-2019-le-clarence-de-haut-brion-pessac-leognan-bordeaux","1008153","20198014317"
"Chateau Haut-Brion","2020","Le Clarence de Haut-Brion, Pessac-Leognan, Bordeaux","720","Case of 6 Bottles","https://www.bbr.com/products-20208014317-2020-le-clarence-de-haut-brion-pessac-leognan-bordeaux","1008153","20208014317"
"Domaine du Clos des Fees","2007","Le Clos des Fees, Herve Bizeul, Cotes du Roussillon Villages","800","Case of 6 Bottles","https://www.bbr.com/products-20078330305-2007-le-clos-des-fees-herve-bizeul-cotes-du-roussillon-villages","1317150","20078330305"
"Domaine Naudin-Ferrand","2020","Le Clou 34, Domaine Naudin-Ferrand, Vin de France","199","Case of 12 Bottles","https://www.bbr.com/products-20201528204-2020-le-clou-34-domaine-naudin-ferrand-vin-de-france","1528204","20201528204"
"Bouchard Pere & Fils","2012","Le Corton, Grand Cru, Domaine Bouchard Pere & Fils, Burgundy","995","Case of 6 Bottles","https://www.bbr.com/products-20128019992-2012-le-corton-grand-cru-domaine-bouchard-pere-fils-burgundy","1021691","20128019992"
"Bouchard Pere & Fils","2015","Le Corton, Grand Cru, Domaine Bouchard Pere &amp; Fils, Burgundy","440","Case of 6 Bottles","https://www.bbr.com/products-20158019992-2015-le-corton-grand-cru-domaine-bouchard-pere-and-fils-burgundy","1021691","20158019992"
"Bouchard Pere & Fils","2016","Le Corton, Grand Cru, Domaine Bouchard Pere &amp; Fils, Burgundy","525","Case of 6 Bottles","https://www.bbr.com/products-20168019992-2016-le-corton-grand-cru-domaine-bouchard-pere-and-fils-burgundy","1021691","20168019992"
"Bouchard Pere & Fils","2016","Le Corton, Grand Cru, Domaine Bouchard Pere &amp; Fils, Burgundy","190","Case of 1 Magnums","https://www.bbr.com/products-20168019992-2016-le-corton-grand-cru-domaine-bouchard-pere-and-fils-burgundy","1021691","20168019992"
"Bouchard Pere & Fils","2017","Le Corton, Grand Cru, Domaine Bouchard Pere &amp; Fils, Burgundy","440","Case of 6 Bottles","https://www.bbr.com/products-20178019992-2017-le-corton-grand-cru-domaine-bouchard-pere-and-fils-burgundy","1021691","20178019992"
"Bouchard Pere & Fils","2018","Le Corton, Grand Cru, Domaine Bouchard Pere &amp; Fils, Burgundy","450","Case of 6 Bottles","https://www.bbr.com/products-20188019992-2018-le-corton-grand-cru-domaine-bouchard-pere-and-fils-burgundy","1021691","20188019992"
"Bouchard Pere & Fils","2018","Le Corton, Grand Cru, Domaine Bouchard Pere &amp; Fils, Burgundy","160","Case of 1 Magnums","https://www.bbr.com/products-20188019992-2018-le-corton-grand-cru-domaine-bouchard-pere-and-fils-burgundy","1021691","20188019992"
"Bouchard Pere & Fils","2019","Le Corton, Grand Cru, Domaine Bouchard Pere &amp; Fils, Burgundy","375","Case of 3 Bottles","https://www.bbr.com/products-20198019992-2019-le-corton-grand-cru-domaine-bouchard-pere-and-fils-burgundy","1021691","20198019992"
"Bouchard Pere & Fils","2020","Le Corton, Grand Cru, Domaine Bouchard Pere &amp; Fils, Burgundy","600","Case of 3 Bottles","https://www.bbr.com/products-20208019992-2020-le-corton-grand-cru-domaine-bouchard-pere-and-fils-burgundy","1021691","20208019992"
"Bouchard Pere & Fils","2021","Le Corton, Grand Cru, Domaine Bouchard Pere &amp; Fils, Burgundy","285","Case of 3 Bottles","https://www.bbr.com/products-20218019992-2021-le-corton-grand-cru-domaine-bouchard-pere-and-fils-burgundy","1021691","20218019992"
"Tenuta di Trinoro","2018","Le Cupole, Tenuta di Trinoro, Tuscany, Italy","175","Case of 3 Magnums","https://www.bbr.com/products-20188213534-2018-le-cupole-tenuta-di-trinoro-tuscany-italy","1105777","20188213534"
"Sassicaia","2017","Le Difese, Tenuta San Guido, Tuscany, Italy","90","Case of 6 Bottles","https://www.bbr.com/products-20178117395-2017-le-difese-tenuta-san-guido-tuscany-italy","1104640","20178117395"
"Sassicaia","2019","Le Difese, Tenuta San Guido, Tuscany, Italy","90","Case of 6 Bottles","https://www.bbr.com/products-20198117395-2019-le-difese-tenuta-san-guido-tuscany-italy","1104640","20198117395"
"Sassicaia","2022","Le Difese, Tenuta San Guido, Tuscany, Italy","100","Case of 6 Bottles","https://www.bbr.com/products-20228117395-2022-le-difese-tenuta-san-guido-tuscany-italy","1104640","20228117395"
"Chateau Quintus","2021","Le Dragon de Quintus, St Emilion, Bordeaux","299","Case of 6 Bottles","https://www.bbr.com/products-20218113629-2021-le-dragon-de-quintus-st-emilion-bordeaux","1170924","20218113629"
"Le Dome","1996","Le Dome, St Emilion, Bordeaux","850","Case of 12 Bottles","https://www.bbr.com/products-19968124546-1996-le-dome-st-emilion-bordeaux","1009424","19968124546"
"Le Dome","2009","Le Dome, St Emilion, Bordeaux","970","Case of 6 Bottles","https://www.bbr.com/products-20098124546-2009-le-dome-st-emilion-bordeaux","1009424","20098124546"
"Le Dome","2010","Le Dome, St Emilion, Bordeaux","1750","Case of 12 Bottles","https://www.bbr.com/products-20108124546-2010-le-dome-st-emilion-bordeaux","1009424","20108124546"
"Chiara Condello","2019","Le Lucciole, Sangiovese Predappio, Riserva, Chiara Condello, Romagna,Italy","250","Case of 6 Bottles","https://www.bbr.com/products-20198052498-2019-le-lucciole-sangiovese-predappio-riserva-chiara-condello-romagna-italy","1095391","20198052498"
"Chateau Calon-Segur","2015","Le Marquis de Calon Segur, St Estephe, Bordeaux","290","Case of 12 Bottles","https://www.bbr.com/products-20158123770-2015-le-marquis-de-calon-segur-st-estephe-bordeaux","1012824","20158123770"
"Chateau Calon-Segur","2016","Le Marquis de Calon Segur, St Estephe, Bordeaux","210","Case of 6 Bottles","https://www.bbr.com/products-20168123770-2016-le-marquis-de-calon-segur-st-estephe-bordeaux","1012824","20168123770"
"Chateau Calon-Segur","2017","Le Marquis de Calon Segur, St Estephe, Bordeaux","110","Case of 6 Bottles","https://www.bbr.com/products-20178123770-2017-le-marquis-de-calon-segur-st-estephe-bordeaux","1012824","20178123770"
"Chateau Calon-Segur","2019","Le Marquis de Calon Segur, St Estephe, Bordeaux","114","Case of 6 Bottles","https://www.bbr.com/products-20198123770-2019-le-marquis-de-calon-segur-st-estephe-bordeaux","1012824","20198123770"
"Chateau Calon-Segur","2020","Le Marquis de Calon Segur, St Estephe, Bordeaux","215","Case of 12 Bottles","https://www.bbr.com/products-20208123770-2020-le-marquis-de-calon-segur-st-estephe-bordeaux","1012824","20208123770"
"Chateau Calon-Segur","2021","Le Marquis de Calon Segur, St Estephe, Bordeaux","120","Case of 6 Bottles","https://www.bbr.com/products-20218123770-2021-le-marquis-de-calon-segur-st-estephe-bordeaux","1012824","20218123770"
"Chateau Calon-Segur","2023","Le Marquis de Calon Segur, St Estephe, Bordeaux","149","Case of 6 Bottles","https://www.bbr.com/products-20238123770-2023-le-marquis-de-calon-segur-st-estephe-bordeaux","1012824","20238123770"
"Le Mesnil","2002","Le Mesnil, Blanc de Blancs, Grand Cru","800","Case of 12 Bottles","https://www.bbr.com/products-20028002855-2002-le-mesnil-blanc-de-blancs-grand-cru","1182066","20028002855"
"Domaine Fontaine-Gagnard","2023","Le Montrachet, Grand Cru, Domaine Fontaine-Gagnard, Burgundy","730","Case of 1 Bottles","https://www.bbr.com/products-20238216913-2023-le-montrachet-grand-cru-domaine-fontaine-gagnard-burgundy","1068616","20238216913"
"Domaine des Comtes Lafon","2009","Le Montrachet, Grand Cru, Domaine des Comtes Lafon, Burgundy","2830","Case of 1 Bottles","https://www.bbr.com/products-20098004989-2009-le-montrachet-grand-cru-domaine-des-comtes-lafon-burgundy","1066032","20098004989"
"Domaine des Comtes Lafon","2014","Le Montrachet, Grand Cru, Domaine des Comtes Lafon, Burgundy","3150","Case of 1 Bottles","https://www.bbr.com/products-20148004989-2014-le-montrachet-grand-cru-domaine-des-comtes-lafon-burgundy","1066032","20148004989"
"Domaine des Comtes Lafon","2015","Le Montrachet, Grand Cru, Domaine des Comtes Lafon, Burgundy","2700","Case of 1 Bottles","https://www.bbr.com/products-20158004989-2015-le-montrachet-grand-cru-domaine-des-comtes-lafon-burgundy","1066032","20158004989"
"Maison Roche de Bellene","2012","Le Montrachet, Grand Cru, Maison Roche de Bellene, Burgundy","3100","Case of 6 Bottles","https://www.bbr.com/products-20121079689-2012-le-montrachet-grand-cru-maison-roche-de-bellene-burgundy","1079689","20121079689"
"Maison Roche de Bellene","2013","Le Montrachet, Grand Cru, Maison Roche de Bellene, Burgundy","4200","Case of 6 Bottles","https://www.bbr.com/products-20131079689-2013-le-montrachet-grand-cru-maison-roche-de-bellene-burgundy","1079689","20131079689"
"Montevertine","2016","Le Pergole Torte, Montevertine, Tuscany, Italy","1600","Case of 6 Bottles","https://www.bbr.com/products-20168027528-2016-le-pergole-torte-montevertine-tuscany-italy","1101900","20168027528"
"Montevertine","2016","Le Pergole Torte, Montevertine, Tuscany, Italy","1500","Case of 1 Double Magnums","https://www.bbr.com/products-20168027528-2016-le-pergole-torte-montevertine-tuscany-italy","1101900","20168027528"
"Montevertine","2016","Le Pergole Torte, Montevertine, Tuscany, Italy","890","Case of 1 Magnums","https://www.bbr.com/products-20168027528-2016-le-pergole-torte-montevertine-tuscany-italy","1101900","20168027528"
"Chateau Cheval Blanc","2014","Le Petit Cheval Blanc, Bordeaux","425","Case of 3 Bottles","https://www.bbr.com/products-20148013642-2014-le-petit-cheval-blanc-bordeaux","1406005","20148013642"
"Chateau Cheval Blanc","2018","Le Petit Cheval Blanc, Bordeaux","250","Case of 3 Bottles","https://www.bbr.com/products-20188013642-2018-le-petit-cheval-blanc-bordeaux","1406005","20188013642"
"Chateau Cheval Blanc","2019","Le Petit Cheval Blanc, Bordeaux","345","Case of 3 Bottles","https://www.bbr.com/products-20198013642-2019-le-petit-cheval-blanc-bordeaux","1406005","20198013642"
"Chateau Cheval Blanc","2019","Le Petit Cheval Blanc, Bordeaux","249","Case of 3 Bottles","https://www.bbr.com/products-20198013642-2019-le-petit-cheval-blanc-bordeaux","1406005","20198013642"
"Chateau Cheval Blanc","2020","Le Petit Cheval Blanc, Bordeaux","420","Case of 6 Bottles","https://www.bbr.com/products-20208013642-2020-le-petit-cheval-blanc-bordeaux","1406005","20208013642"
"Chateau Cheval Blanc","2020","Le Petit Cheval Blanc, Bordeaux","315","Case of 3 Bottles","https://www.bbr.com/products-20208013642-2020-le-petit-cheval-blanc-bordeaux","1406005","20208013642"
"Chateau Cheval Blanc","2021","Le Petit Cheval Blanc, Bordeaux","250","Case of 3 Bottles","https://www.bbr.com/products-20218013642-2021-le-petit-cheval-blanc-bordeaux","1406005","20218013642"
"Chateau Cheval Blanc","2021","Le Petit Cheval Blanc, Bordeaux","315","Case of 3 Bottles","https://www.bbr.com/products-20218013642-2021-le-petit-cheval-blanc-bordeaux","1406005","20218013642"
"Chateau Cheval Blanc","2022","Le Petit Cheval Blanc, Bordeaux","260","Case of 3 Bottles","https://www.bbr.com/products-20228013642-2022-le-petit-cheval-blanc-bordeaux","1406005","20228013642"
"Chateau Cheval Blanc","2018","Le Petit Cheval, St Emilion, Bordeaux","300","Case of 3 Bottles","https://www.bbr.com/products-20188123565-2018-le-petit-cheval-st-emilion-bordeaux","1013951","20188123565"
"Chateau Smith Haut Lafitte","2020","Le Petit Haut Lafitte Blanc, Pessac-Leognan, Bordeaux","140","Case of 6 Bottles","https://www.bbr.com/products-20208145862-2020-le-petit-haut-lafitte-blanc-pessac-leognan-bordeaux","1304327","20208145862"
"Chateau Leoville Las Cases","2008","Le Petit Lion du Marquis de Las Cases, St Julien, Bordeaux","260","Case of 6 Bottles","https://www.bbr.com/products-20088007948-2008-le-petit-lion-du-marquis-de-las-cases-st-julien-bordeaux","1013993","20088007948"
"Chateau Leoville Las Cases","2008","Le Petit Lion du Marquis de Las Cases, St Julien, Bordeaux","560","Case of 12 Bottles","https://www.bbr.com/products-20088007948-2008-le-petit-lion-du-marquis-de-las-cases-st-julien-bordeaux","1013993","20088007948"
"Chateau Leoville Las Cases","2014","Le Petit Lion du Marquis de Las Cases, St Julien, Bordeaux","615","Case of 12 Bottles","https://www.bbr.com/products-20148007948-2014-le-petit-lion-du-marquis-de-las-cases-st-julien-bordeaux","1013993","20148007948"
"Chateau Leoville Las Cases","2019","Le Petit Lion du Marquis de Las Cases, St Julien, Bordeaux","295","Case of 6 Bottles","https://www.bbr.com/products-20198007948-2019-le-petit-lion-du-marquis-de-las-cases-st-julien-bordeaux","1013993","20198007948"
"Chateau Leoville Las Cases","2020","Le Petit Lion du Marquis de Las Cases, St Julien, Bordeaux","320","Case of 3 Magnums","https://www.bbr.com/products-20208007948-2020-le-petit-lion-du-marquis-de-las-cases-st-julien-bordeaux","1013993","20208007948"
"Chateau Leoville Las Cases","2021","Le Petit Lion du Marquis de Las Cases, St Julien, Bordeaux","198","Case of 6 Bottles","https://www.bbr.com/products-20218007948-2021-le-petit-lion-du-marquis-de-las-cases-st-julien-bordeaux","1013993","20218007948"
"Chateau Mouton Rothschild","2009","Le Petit Mouton de Mouton Rothschild, Pauillac, Bordeaux","880","Case of 6 Bottles","https://www.bbr.com/products-20098123549-2009-le-petit-mouton-de-mouton-rothschild-pauillac-bordeaux","1014004","20098123549"
"Chateau Mouton Rothschild","2009","Le Petit Mouton de Mouton Rothschild, Pauillac, Bordeaux","880","Case of 6 Bottles","https://www.bbr.com/products-20098123549-2009-le-petit-mouton-de-mouton-rothschild-pauillac-bordeaux","1014004","20098123549"
"Chateau Mouton Rothschild","2009","Le Petit Mouton de Mouton Rothschild, Pauillac, Bordeaux","1880","Case of 6 Magnums","https://www.bbr.com/products-20098123549-2009-le-petit-mouton-de-mouton-rothschild-pauillac-bordeaux","1014004","20098123549"
"Chateau Mouton Rothschild","2010","Le Petit Mouton de Mouton Rothschild, Pauillac, Bordeaux","1375","Case of 6 Bottles","https://www.bbr.com/products-20108123549-2010-le-petit-mouton-de-mouton-rothschild-pauillac-bordeaux","1014004","20108123549"
"Chateau Mouton Rothschild","2011","Le Petit Mouton de Mouton Rothschild, Pauillac, Bordeaux","900","Case of 6 Bottles","https://www.bbr.com/products-20118123549-2011-le-petit-mouton-de-mouton-rothschild-pauillac-bordeaux","1014004","20118123549"
"Chateau Mouton Rothschild","2013","Le Petit Mouton de Mouton Rothschild, Pauillac, Bordeaux","750","Case of 6 Bottles","https://www.bbr.com/products-20138123549-2013-le-petit-mouton-de-mouton-rothschild-pauillac-bordeaux","1014004","20138123549"
"Chateau Mouton Rothschild","2014","Le Petit Mouton de Mouton Rothschild, Pauillac, Bordeaux","730","Case of 6 Bottles","https://www.bbr.com/products-20148123549-2014-le-petit-mouton-de-mouton-rothschild-pauillac-bordeaux","1014004","20148123549"
"Chateau Mouton Rothschild","2015","Le Petit Mouton de Mouton Rothschild, Pauillac, Bordeaux","890","Case of 6 Bottles","https://www.bbr.com/products-20158123549-2015-le-petit-mouton-de-mouton-rothschild-pauillac-bordeaux","1014004","20158123549"
"Chateau Mouton Rothschild","2016","Le Petit Mouton de Mouton Rothschild, Pauillac, Bordeaux","1000","Case of 6 Bottles","https://www.bbr.com/products-20168123549-2016-le-petit-mouton-de-mouton-rothschild-pauillac-bordeaux","1014004","20168123549"
"Chateau Mouton Rothschild","2017","Le Petit Mouton de Mouton Rothschild, Pauillac, Bordeaux","750","Case of 6 Bottles","https://www.bbr.com/products-20178123549-2017-le-petit-mouton-de-mouton-rothschild-pauillac-bordeaux","1014004","20178123549"
"Chateau Mouton Rothschild","2018","Le Petit Mouton de Mouton Rothschild, Pauillac, Bordeaux","750","Case of 6 Bottles","https://www.bbr.com/products-20188123549-2018-le-petit-mouton-de-mouton-rothschild-pauillac-bordeaux","1014004","20188123549"
"Chateau Mouton Rothschild","2018","Le Petit Mouton de Mouton Rothschild, Pauillac, Bordeaux","1069","Case of 6 Bottles","https://www.bbr.com/products-20188123549-2018-le-petit-mouton-de-mouton-rothschild-pauillac-bordeaux","1014004","20188123549"
"Chateau Mouton Rothschild","2019","Le Petit Mouton de Mouton Rothschild, Pauillac, Bordeaux","690","Case of 6 Bottles","https://www.bbr.com/products-20198123549-2019-le-petit-mouton-de-mouton-rothschild-pauillac-bordeaux","1014004","20198123549"
"Chateau Mouton Rothschild","2019","Le Petit Mouton de Mouton Rothschild, Pauillac, Bordeaux","750","Case of 6 Bottles","https://www.bbr.com/products-20198123549-2019-le-petit-mouton-de-mouton-rothschild-pauillac-bordeaux","1014004","20198123549"
"Chateau Mouton Rothschild","2019","Le Petit Mouton de Mouton Rothschild, Pauillac, Bordeaux","755","Case of 6 Bottles","https://www.bbr.com/products-20198123549-2019-le-petit-mouton-de-mouton-rothschild-pauillac-bordeaux","1014004","20198123549"
"Chateau Mouton Rothschild","2020","Le Petit Mouton de Mouton Rothschild, Pauillac, Bordeaux","969","Case of 6 Bottles","https://www.bbr.com/products-20208123549-2020-le-petit-mouton-de-mouton-rothschild-pauillac-bordeaux","1014004","20208123549"
"Chateau Mouton Rothschild","2020","Le Petit Mouton de Mouton Rothschild, Pauillac, Bordeaux","940","Case of 6 Bottles","https://www.bbr.com/products-20208123549-2020-le-petit-mouton-de-mouton-rothschild-pauillac-bordeaux","1014004","20208123549"
"Chateau Mouton Rothschild","2020","Le Petit Mouton de Mouton Rothschild, Pauillac, Bordeaux","569","Case of 3 Bottles","https://www.bbr.com/products-20208123549-2020-le-petit-mouton-de-mouton-rothschild-pauillac-bordeaux","1014004","20208123549"
"Chateau Mouton Rothschild","2021","Le Petit Mouton de Mouton Rothschild, Pauillac, Bordeaux","1250","Case of 6 Bottles","https://www.bbr.com/products-20218123549-2021-le-petit-mouton-de-mouton-rothschild-pauillac-bordeaux","1014004","20218123549"
"Chateau Mouton Rothschild","2022","Le Petit Mouton de Mouton Rothschild, Pauillac, Bordeaux","370","Case of 3 Bottles","https://www.bbr.com/products-20228123549-2022-le-petit-mouton-de-mouton-rothschild-pauillac-bordeaux","1014004","20228123549"
"Chateau Mouton Rothschild","2022","Le Petit Mouton de Mouton Rothschild, Pauillac, Bordeaux","1288","Case of 6 Bottles","https://www.bbr.com/products-20228123549-2022-le-petit-mouton-de-mouton-rothschild-pauillac-bordeaux","1014004","20228123549"
"Chateau Mouton Rothschild","2022","Le Petit Mouton de Mouton Rothschild, Pauillac, Bordeaux","660","Case of 6 Bottles","https://www.bbr.com/products-20228123549-2022-le-petit-mouton-de-mouton-rothschild-pauillac-bordeaux","1014004","20228123549"
"Chateau Mouton Rothschild","2023","Le Petit Mouton de Mouton Rothschild, Pauillac, Bordeaux","328","Case of 3 Bottles","https://www.bbr.com/products-20238123549-2023-le-petit-mouton-de-mouton-rothschild-pauillac-bordeaux","1014004","20238123549"
"Chateau Smith Haut Lafitte","2020","Le Petit Smith Haut Lafitte, Pessac-Leognan, Bordeaux","184","Case of 6 Bottles","https://www.bbr.com/products-20208113935-2020-le-petit-smith-haut-lafitte-pessac-leognan-bordeaux","1153143","20208113935"
"Le Pin","2004","Le Pin, Pomerol, Bordeaux","11000","Case of 6 Bottles","https://www.bbr.com/products-20041014192-2004-le-pin-pomerol-bordeaux","1014192","20041014192"
"Le Pin","2009","Le Pin, Pomerol, Bordeaux","19500","Case of 6 Bottles","https://www.bbr.com/products-20091014192-2009-le-pin-pomerol-bordeaux","1014192","20091014192"
"Le Pin","2011","Le Pin, Pomerol, Bordeaux","11750","Case of 6 Bottles","https://www.bbr.com/products-20111014192-2011-le-pin-pomerol-bordeaux","1014192","20111014192"
"Le Pin","2011","Le Pin, Pomerol, Bordeaux","12500","Case of 6 Bottles","https://www.bbr.com/products-20111014192-2011-le-pin-pomerol-bordeaux","1014192","20111014192"
"Le Pin","2012","Le Pin, Pomerol, Bordeaux","11000","Case of 6 Bottles","https://www.bbr.com/products-20121014192-2012-le-pin-pomerol-bordeaux","1014192","20121014192"
"Le Pin","2014","Le Pin, Pomerol, Bordeaux","5000","Case of 3 Bottles","https://www.bbr.com/products-20141014192-2014-le-pin-pomerol-bordeaux","1014192","20141014192"
"Le Pin","2014","Le Pin, Pomerol, Bordeaux","2860","Case of 1 Bottles","https://www.bbr.com/products-20141014192-2014-le-pin-pomerol-bordeaux","1014192","20141014192"
"Le Pin","2014","Le Pin, Pomerol, Bordeaux","5440","Case of 3 Bottles","https://www.bbr.com/products-20141014192-2014-le-pin-pomerol-bordeaux","1014192","20141014192"
"Le Pin","2015","Le Pin, Pomerol, Bordeaux","6100","Case of 3 Bottles","https://www.bbr.com/products-20151014192-2015-le-pin-pomerol-bordeaux","1014192","20151014192"
"Le Pin","2017","Le Pin, Pomerol, Bordeaux","4790","Case of 3 Bottles","https://www.bbr.com/products-20171014192-2017-le-pin-pomerol-bordeaux","1014192","20171014192"
"Le Pin","2018","Le Pin, Pomerol, Bordeaux","5800","Case of 3 Bottles","https://www.bbr.com/products-20181014192-2018-le-pin-pomerol-bordeaux","1014192","20181014192"
"Le Pin","2019","Le Pin, Pomerol, Bordeaux","1970","Case of 1 Bottles","https://www.bbr.com/products-20191014192-2019-le-pin-pomerol-bordeaux","1014192","20191014192"
"Le Pin","2020","Le Pin, Pomerol, Bordeaux","2888","Case of 1 Bottles","https://www.bbr.com/products-20201014192-2020-le-pin-pomerol-bordeaux","1014192","20201014192"
"Le Pin","2020","Le Pin, Pomerol, Bordeaux","6900","Case of 3 Bottles","https://www.bbr.com/products-20201014192-2020-le-pin-pomerol-bordeaux","1014192","20201014192"
"Le Pin","2021","Le Pin, Pomerol, Bordeaux","5000","Case of 1 Magnums","https://www.bbr.com/products-20211014192-2021-le-pin-pomerol-bordeaux","1014192","20211014192"
"Le Pin","2022","Le Pin, Pomerol, Bordeaux","9500","Case of 3 Bottles","https://www.bbr.com/products-20221014192-2022-le-pin-pomerol-bordeaux","1014192","20221014192"
"Le Pin","2022","Le Pin, Pomerol, Bordeaux","2100","Case of 1 Bottles","https://www.bbr.com/products-20221014192-2022-le-pin-pomerol-bordeaux","1014192","20221014192"
"Le Pin","2022","Le Pin, Pomerol, Bordeaux","2595","Case of 1 Bottles","https://www.bbr.com/products-20221014192-2022-le-pin-pomerol-bordeaux","1014192","20221014192"
"Chateau du Retout","2013","Le Retout Blanc, Vin de France","170","Case of 12 Bottles","https://www.bbr.com/products-20138150992-2013-le-retout-blanc-vin-de-france","1223079","20138150992"
"Le Riche Wines","2020","Le Riche, Reserve Cabernet Sauvignon, Stellenbosch, South Africa","520","Case of 6 Bottles","https://www.bbr.com/products-20208300645-2020-le-riche-reserve-cabernet-sauvignon-stellenbosch-south-africa","1377857","20208300645"
"Chateau Montrose","2012","Le Saint-Estephe de Montrose, St Estephe, Bordeaux","130","Case of 6 Bottles","https://www.bbr.com/products-20128016816-2012-le-saint-estephe-de-montrose-st-estephe-bordeaux","1308758","20128016816"
"Chateau Montrose","2012","Le Saint-Estephe de Montrose, St Estephe, Bordeaux","260","Case of 12 Bottles","https://www.bbr.com/products-20128016816-2012-le-saint-estephe-de-montrose-st-estephe-bordeaux","1308758","20128016816"
"Chateau Montrose","2015","Le Saint-Estephe de Montrose, St Estephe, Bordeaux","150","Case of 6 Bottles","https://www.bbr.com/products-20158016816-2015-le-saint-estephe-de-montrose-st-estephe-bordeaux","1308758","20158016816"
"Le Secret des Grands Chefs","2009","Le Secret des Grands Chefs Collection (2 x Medoc, 2 x Pomerol, 2 x St- Emilion), Six-Bottle Assortment Case","1800","Case of 1 6 Bottle Assortments","https://www.bbr.com/products-20098162643-2009-le-secret-des-grands-chefs-collection-2-x-medoc-2-x-pomerol-2-x-st-emilion-six-bottle-assortment-case","1802865","20098162643"
"Le Secret des Grands Chefs","2010","Le Secret des Grands Chefs Collection (2 x Medoc, 2 x Pomerol, 2 x St- Emilion), Six-Bottle Assortment Case","1800","Case of 1 6 Bottle Assortments","https://www.bbr.com/products-20108162643-2010-le-secret-des-grands-chefs-collection-2-x-medoc-2-x-pomerol-2-x-st-emilion-six-bottle-assortment-case","1802865","20108162643"
"Le Secret des Grands Chefs","2010","Le Secret des Grands Chefs Collection (2 x Medoc, 2 x Pomerol, 2 x St- Emilion), Six-Bottle Assortment Case","2988","Case of 1 6 Bottle Assortments","https://www.bbr.com/products-20108162643-2010-le-secret-des-grands-chefs-collection-2-x-medoc-2-x-pomerol-2-x-st-emilion-six-bottle-assortment-case","1802865","20108162643"
"Ornellaia","2016","Le Serre Nuove dell'Ornellaia, Bolgheri, Tuscany, Italy","240","Case of 6 Bottles","https://www.bbr.com/products-20168012081-2016-le-serre-nuove-dell-ornellaia-bolgheri-tuscany-italy","1102200","20168012081"
"Ornellaia","2018","Le Serre Nuove dell'Ornellaia, Bolgheri, Tuscany, Italy","216","Case of 6 Bottles","https://www.bbr.com/products-20188012081-2018-le-serre-nuove-dell-ornellaia-bolgheri-tuscany-italy","1102200","20188012081"
"Ornellaia","2019","Le Serre Nuove dell'Ornellaia, Bolgheri, Tuscany, Italy","230","Case of 6 Bottles","https://www.bbr.com/products-20198012081-2019-le-serre-nuove-dell-ornellaia-bolgheri-tuscany-italy","1102200","20198012081"
"Ornellaia","2020","Le Serre Nuove dell'Ornellaia, Bolgheri, Tuscany, Italy","205","Case of 6 Bottles","https://www.bbr.com/products-20208012081-2020-le-serre-nuove-dell-ornellaia-bolgheri-tuscany-italy","1102200","20208012081"
"Ornellaia","2020","Le Serre Nuove dell'Ornellaia, Bolgheri, Tuscany, Italy","125","Case of 1 Magnums","https://www.bbr.com/products-20208012081-2020-le-serre-nuove-dell-ornellaia-bolgheri-tuscany-italy","1102200","20208012081"
"Ornellaia","2021","Le Serre Nuove dell'Ornellaia, Bolgheri, Tuscany, Italy","365","Case of 6 Bottles","https://www.bbr.com/products-20218012081-2021-le-serre-nuove-dell-ornellaia-bolgheri-tuscany-italy","1102200","20218012081"
"Ornellaia","2021","Le Serre Nuove dell'Ornellaia, Bolgheri, Tuscany, Italy","295","Case of 1 Magnums","https://www.bbr.com/products-20218012081-2021-le-serre-nuove-dell-ornellaia-bolgheri-tuscany-italy","1102200","20218012081"
"Ornellaia","2022","Le Serre Nuove dell'Ornellaia, Bolgheri, Tuscany, Italy","350","Case of 6 Bottles","https://www.bbr.com/products-20228012081-2022-le-serre-nuove-dell-ornellaia-bolgheri-tuscany-italy","1102200","20228012081"
"Ornellaia","2020","Le Volte dell'Ornellaia, Tuscany, Italy","100","Case of 6 Bottles","https://www.bbr.com/products-20201102213-2020-le-volte-dell-ornellaia-tuscany-italy","1102213","20201102213"
"Ornellaia","2022","Le Volte dell'Ornellaia, Tuscany, Italy","225","Case of 3 Magnums","https://www.bbr.com/products-20221102213-2022-le-volte-dell-ornellaia-tuscany-italy","1102213","20221102213"
"Leeuwin Estate","2007","Leeuwin Estate, Art Series Cabernet Sauvignon, Margaret River, Australia","400","Case of 12 Bottles","https://www.bbr.com/products-20071003608-2007-leeuwin-estate-art-series-cabernet-sauvignon-margaret-river-australia","1003608","20071003608"
"Leeuwin Estate","2009","Leeuwin Estate, Art Series Chardonnay, Margaret River, Australia","875","Case of 12 Bottles","https://www.bbr.com/products-20091003611-2009-leeuwin-estate-art-series-chardonnay-margaret-river-australia","1003611","20091003611"
"Leeuwin Estate","2015","Leeuwin Estate, Art Series Chardonnay, Margaret River, Australia","750","Case of 12 Bottles","https://www.bbr.com/products-20151003611-2015-leeuwin-estate-art-series-chardonnay-margaret-river-australia","1003611","20151003611"
"Leeuwin Estate","2017","Leeuwin Estate, Art Series Chardonnay, Margaret River, Australia","780","Case of 12 Bottles","https://www.bbr.com/products-20171003611-2017-leeuwin-estate-art-series-chardonnay-margaret-river-australia","1003611","20171003611"
"Leeuwin Estate","2018","Leeuwin Estate, Art Series Chardonnay, Margaret River, Australia","900","Case of 12 Bottles","https://www.bbr.com/products-20181003611-2018-leeuwin-estate-art-series-chardonnay-margaret-river-australia","1003611","20181003611"
"Leeuwin Estate","2019","Leeuwin Estate, Art Series Chardonnay, Margaret River, Australia","700","Case of 12 Bottles","https://www.bbr.com/products-20191003611-2019-leeuwin-estate-art-series-chardonnay-margaret-river-australia","1003611","20191003611"
"Leeuwin Estate","2020","Leeuwin Estate, Art Series Chardonnay, Margaret River, Australia","1000","Case of 12 Bottles","https://www.bbr.com/products-20201003611-2020-leeuwin-estate-art-series-chardonnay-margaret-river-australia","1003611","20201003611"
"Leeuwin Estate","2015","Leeuwin Estate, Art Series Shiraz, Margaret River, Australia","350","Case of 12 Bottles","https://www.bbr.com/products-20158007834-2015-leeuwin-estate-art-series-shiraz-margaret-river-australia","1340651","20158007834"
"Weingut Peter Jakob Kuhn","2016","Lenchen Auslese #12, Weingut Peter-Jakob Kuhn","140","Case of 6 Half Bottles","https://www.bbr.com/products-20168201030-2016-lenchen-auslese-12-weingut-peter-jakob-kuhn","1679599","20168201030"
"Weingut Peter Jakob Kuhn","2016","Lenchen Spatlese #11, Weingut Peter-Jakob Kuhn","160","Case of 6 Bottles","https://www.bbr.com/products-20168201014-2016-lenchen-spatlese-11-weingut-peter-jakob-kuhn","1679616","20168201014"
"Chateau Lagrange","2022","Les Arums de Lagrange, Bordeaux","165","Case of 6 Bottles","https://www.bbr.com/products-20228123158-2022-les-arums-de-lagrange-bordeaux","1016415","20228123158"
"Les Asteries","2009","Les Asteries, St Emilion, Bordeaux","625","Case of 6 Bottles","https://www.bbr.com/products-20098221580-2009-les-asteries-st-emilion-bordeaux","1006175","20098221580"
"Guinaudeau Vignerons","2022","Les Champs Libres, Guinaudeau, Bordeaux","170","Case of 3 Bottles","https://www.bbr.com/products-20228110051-2022-les-champs-libres-guinaudeau-bordeaux","1446395","20228110051"
"Guinaudeau Vignerons","2023","Les Champs Libres, Guinaudeau, Bordeaux","185","Case of 3 Bottles","https://www.bbr.com/products-20238110051-2023-les-champs-libres-guinaudeau-bordeaux","1446395","20238110051"
"Guinaudeau Vignerons","2023","Les Champs Libres, Guinaudeau, Bordeaux","360","Case of 3 Magnums","https://www.bbr.com/products-20238110051-2023-les-champs-libres-guinaudeau-bordeaux","1446395","20238110051"
"Chateau Latour","2005","Les Forts de Latour, Pauillac, Bordeaux","1650","Case of 12 Bottles","https://www.bbr.com/products-20058012414-2005-les-forts-de-latour-pauillac-bordeaux","1010309","20058012414"
"Chateau Latour","2005","Les Forts de Latour, Pauillac, Bordeaux","1845","Case of 12 Bottles","https://www.bbr.com/products-20058012414-2005-les-forts-de-latour-pauillac-bordeaux","1010309","20058012414"
"Chateau Latour","2006","Les Forts de Latour, Pauillac, Bordeaux","1650","Case of 12 Bottles","https://www.bbr.com/products-20068012414-2006-les-forts-de-latour-pauillac-bordeaux","1010309","20068012414"
"Chateau Latour","2008","Les Forts de Latour, Pauillac, Bordeaux","635","Case of 6 Bottles","https://www.bbr.com/products-20088012414-2008-les-forts-de-latour-pauillac-bordeaux","1010309","20088012414"
"Chateau Latour","2009","Les Forts de Latour, Pauillac, Bordeaux","800","Case of 6 Bottles","https://www.bbr.com/products-20098012414-2009-les-forts-de-latour-pauillac-bordeaux","1010309","20098012414"
"Chateau Latour","2009","Les Forts de Latour, Pauillac, Bordeaux","795","Case of 6 Bottles","https://www.bbr.com/products-20098012414-2009-les-forts-de-latour-pauillac-bordeaux","1010309","20098012414"
"Chateau Latour","2009","Les Forts de Latour, Pauillac, Bordeaux","850","Case of 6 Bottles","https://www.bbr.com/products-20098012414-2009-les-forts-de-latour-pauillac-bordeaux","1010309","20098012414"
"Chateau Latour","2010","Les Forts de Latour, Pauillac, Bordeaux","900","Case of 6 Bottles","https://www.bbr.com/products-20108012414-2010-les-forts-de-latour-pauillac-bordeaux","1010309","20108012414"
"Chateau Latour","2010","Les Forts de Latour, Pauillac, Bordeaux","1100","Case of 6 Bottles","https://www.bbr.com/products-20108012414-2010-les-forts-de-latour-pauillac-bordeaux","1010309","20108012414"
"Chateau Latour","2010","Les Forts de Latour, Pauillac, Bordeaux","800","Case of 6 Bottles","https://www.bbr.com/products-20108012414-2010-les-forts-de-latour-pauillac-bordeaux","1010309","20108012414"
"Chateau Latour","2011","Les Forts de Latour, Pauillac, Bordeaux","750","Case of 6 Bottles","https://www.bbr.com/products-20118012414-2011-les-forts-de-latour-pauillac-bordeaux","1010309","20118012414"
"Chateau Latour","2011","Les Forts de Latour, Pauillac, Bordeaux","680","Case of 6 Bottles","https://www.bbr.com/products-20118012414-2011-les-forts-de-latour-pauillac-bordeaux","1010309","20118012414"
"Chateau Latour","2014","Les Forts de Latour, Pauillac, Bordeaux","990","Case of 6 Bottles","https://www.bbr.com/products-20148012414-2014-les-forts-de-latour-pauillac-bordeaux","1010309","20148012414"
"Chateau Latour","2015","Les Forts de Latour, Pauillac, Bordeaux","775","Case of 6 Bottles","https://www.bbr.com/products-20158012414-2015-les-forts-de-latour-pauillac-bordeaux","1010309","20158012414"
"Chateau Latour","2015","Les Forts de Latour, Pauillac, Bordeaux","1175","Case of 6 Bottles","https://www.bbr.com/products-20158012414-2015-les-forts-de-latour-pauillac-bordeaux","1010309","20158012414"
"Chateau Latour","2016","Les Forts de Latour, Pauillac, Bordeaux","945","Case of 6 Bottles","https://www.bbr.com/products-20168012414-2016-les-forts-de-latour-pauillac-bordeaux","1010309","20168012414"
"Chateau Latour","2016","Les Forts de Latour, Pauillac, Bordeaux","1500","Case of 3 Magnums","https://www.bbr.com/products-20168012414-2016-les-forts-de-latour-pauillac-bordeaux","1010309","20168012414"
"Chateau Latour","2017","Les Forts de Latour, Pauillac, Bordeaux","630","Case of 6 Bottles","https://www.bbr.com/products-20178012414-2017-les-forts-de-latour-pauillac-bordeaux","1010309","20178012414"
"Chateau Latour","2018","Les Forts de Latour, Pauillac, Bordeaux","1170","Case of 6 Bottles","https://www.bbr.com/products-20188012414-2018-les-forts-de-latour-pauillac-bordeaux","1010309","20188012414"
"Maison Nicolas Potel","2006","Les Grands Echezeaux, Grand Cru, Nicolas Potel, Burgundy","1900","Case of 6 Bottles","https://www.bbr.com/products-20068140623-2006-les-grands-echezeaux-grand-cru-nicolas-potel-burgundy","1052172","20068140623"
"Chateau Pichon-Longueville Baron","2016","Les Griffons de Pichon Baron, Pauillac, Bordeaux","240","Case of 6 Bottles","https://www.bbr.com/products-20168110107-2016-les-griffons-de-pichon-baron-pauillac-bordeaux","1310092","20168110107"
"Chateau Pontet-Canet","2011","Les Hauts de Pontet-Canet, Pauillac, Bordeaux","190","Case of 6 Bottles","https://www.bbr.com/products-20118015112-2011-les-hauts-de-pontet-canet-pauillac-bordeaux","1011511","20118015112"
"Les Jardins Vivants","","Les Jardins Vivants, Tino Kuban (Reipes Res Blc 19, Buzigny Blc 19, Reipes Blc 20, Gouttes Blc 20, Gamet Rg 20, Belle Rose Rg 20), Six-Bottle Assortment Case","15000","Case of 1 6 Bottle Assortments","https://www.bbr.com/products-10008073118-les-jardins-vivants-tino-kuban-reipes-res-blc-19-buzigny-blc-19-reipes-blc-20-gouttes-blc-20-gamet-rg-20-belle-rose-rg-20-six-bottle-assortment-case","2215819","10008073118"
"Les Jardins Vivants","2019","Les Jardins Vivants, Tino Kuban, Les Reipes, Vin de France","15500","Case of 6 Bottles","https://www.bbr.com/products-20198301150-2019-les-jardins-vivants-tino-kuban-les-reipes-vin-de-france","2215792","20198301150"
"Terroir Al Limit","2016","Les Manyes, Terroir al Limit, Priorat, Spain","1600","Case of 6 Bottles","https://www.bbr.com/products-20168041959-2016-les-manyes-terroir-al-limit-priorat-spain","1314423","20168041959"
"Chateau Lafleur","2018","Les Perrieres de Lafleur, Pomerol, Bordeaux","400","Case of 6 Bottles","https://www.bbr.com/products-20188037376-2018-les-perrieres-de-lafleur-pomerol-bordeaux","1821770","20188037376"
"Chateau Lafleur","2018","Les Perrieres de Lafleur, Pomerol, Bordeaux","421","Case of 6 Bottles","https://www.bbr.com/products-20188037376-2018-les-perrieres-de-lafleur-pomerol-bordeaux","1821770","20188037376"
"Chateau Lafleur","2020","Les Perrieres de Lafleur, Pomerol, Bordeaux","280","Case of 6 Bottles","https://www.bbr.com/products-20208037376-2020-les-perrieres-de-lafleur-pomerol-bordeaux","1821770","20208037376"
"Chateau Lafleur","2020","Les Perrieres de Lafleur, Pomerol, Bordeaux","180","Case of 3 Bottles","https://www.bbr.com/products-20208037376-2020-les-perrieres-de-lafleur-pomerol-bordeaux","1821770","20208037376"
"Chateau Lafleur","2022","Les Perrieres de Lafleur, Pomerol, Bordeaux","325","Case of 6 Bottles","https://www.bbr.com/products-20228037376-2022-les-perrieres-de-lafleur-pomerol-bordeaux","1821770","20228037376"
"Chateau Lafleur","2023","Les Perrieres de Lafleur, Pomerol, Bordeaux","350","Case of 6 Bottles","https://www.bbr.com/products-20238037376-2023-les-perrieres-de-lafleur-pomerol-bordeaux","1821770","20238037376"
"Terroir Al Limit","2014","Les Tosses, Terroir Al Limit, Priorat","675","Case of 6 Bottles","https://www.bbr.com/products-20148206846-2014-les-tosses-terroir-al-limit-priorat","1308370","20148206846"
"Terroir Al Limit","2016","Les Tosses, Terroir Al Limit, Priorat, Spain","895","Case of 6 Bottles","https://www.bbr.com/products-20168206846-2016-les-tosses-terroir-al-limit-priorat-spain","1308370","20168206846"
"Terroir Al Limit","2017","Les Tosses, Terroir al Limit, Priorat, Spain","985","Case of 6 Bottles","https://www.bbr.com/products-20178206846-2017-les-tosses-terroir-al-limit-priorat-spain","1308370","20178206846"
"Chateau Pichon-Longueville Baron","2009","Les Tourelles de Longueville, Pauillac, Bordeaux","450","Case of 12 Bottles","https://www.bbr.com/products-20091015812-2009-les-tourelles-de-longueville-pauillac-bordeaux","1015812","20091015812"
"Chateau Pichon-Longueville Baron","2011","Les Tourelles de Longueville, Pauillac, Bordeaux","270","Case of 12 Bottles","https://www.bbr.com/products-20111015812-2011-les-tourelles-de-longueville-pauillac-bordeaux","1015812","20111015812"
"Chateau Pichon-Longueville Baron","2011","Les Tourelles de Longueville, Pauillac, Bordeaux","320","Case of 6 Magnums","https://www.bbr.com/products-20111015812-2011-les-tourelles-de-longueville-pauillac-bordeaux","1015812","20111015812"
"Chateau Pichon-Longueville Baron","2022","Les Tourelles de Longueville, Pauillac, Bordeaux","150","Case of 6 Bottles","https://www.bbr.com/products-20221015812-2022-les-tourelles-de-longueville-pauillac-bordeaux","1015812","20221015812"
"Chateau Pichon-Longueville Baron","2022","Les Tourelles de Longueville, Pauillac, Bordeaux","198","Case of 12 Half Bottles","https://www.bbr.com/products-20221015812-2022-les-tourelles-de-longueville-pauillac-bordeaux","1015812","20221015812"
"Liber Pater","2011","Liber Pater Blanc, Graves, Bordeaux","4900","Case of 1 Bottles","https://www.bbr.com/products-20118174639-2011-liber-pater-blanc-graves-bordeaux","1866355","20118174639"
"Liber Pater","2018","Liber Pater, Denarius, Vin de France","1400","Case of 3 Bottles","https://www.bbr.com/products-20188067557-2018-liber-pater-denarius-vin-de-france","1945436","20188067557"
"Liber Pater","2009","Liber Pater, Graves, Bordeaux","2890","Case of 1 Bottles","https://www.bbr.com/products-20098069564-2009-liber-pater-graves-bordeaux","1350975","20098069564"
"Liber Pater","2011","Liber Pater, Graves, Bordeaux","3333","Case of 1 Bottles","https://www.bbr.com/products-20118069564-2011-liber-pater-graves-bordeaux","1350975","20118069564"
"Lagar de Fornelos","2022","Lindeiros, Albari?o, Lagar de Fornelos, Rias Baixas, Spain","418","Case of 6 Bottles","https://www.bbr.com/products-20228318314-2022-lindeiros-albari-o-lagar-de-fornelos-rias-baixas-spain","3088328","20228318314"
"Lingua Franca","2019","Lingua Franca, Avni, Chardonnay, Willamette Valley, Oregon, USA","350","Case of 12 Bottles","https://www.bbr.com/products-20191526297-2019-lingua-franca-avni-chardonnay-willamette-valley-oregon-usa","1526297","20191526297"
"Lingua Franca","2022","Lingua Franca, Avni, Chardonnay, Willamette Valley, Oregon, USA","170","Case of 6 Bottles","https://www.bbr.com/products-20221526297-2022-lingua-franca-avni-chardonnay-willamette-valley-oregon-usa","1526297","20221526297"
"Lingua Franca","2015","Lingua Franca, Avni, Pinot Noir, Willamette Valley, Oregon, USA","475","Case of 12 Bottles","https://www.bbr.com/products-20151526314-2015-lingua-franca-avni-pinot-noir-willamette-valley-oregon-usa","1526314","20151526314"
"Lingua Franca","2021","Lingua Franca, Bunker Hill, Chardonnay, Willamette Valley, USA","380","Case of 6 Bottles","https://www.bbr.com/products-20218029405-2021-lingua-franca-bunker-hill-chardonnay-willamette-valley-usa","1682191","20218029405"
"Lingua Franca","2019","Lingua Franca, Estate Chardonnay, Eola-Amity Hills, Oregon, USA","300","Case of 6 Bottles","https://www.bbr.com/products-20198068235-2019-lingua-franca-estate-chardonnay-eola-amity-hills-oregon-usa","2124221","20198068235"
"Lingua Franca","2021","Lingua Franca, Estate Chardonnay, Eola-Amity Hills, Oregon, USA","423","Case of 6 Bottles","https://www.bbr.com/products-20218068235-2021-lingua-franca-estate-chardonnay-eola-amity-hills-oregon-usa","2124221","20218068235"
"Lingua Franca","2019","Lingua Franca, Estate Pinot Noir, Eola-Amity Hills, Oregon, USA","230","Case of 6 Bottles","https://www.bbr.com/products-20198016500-2019-lingua-franca-estate-pinot-noir-eola-amity-hills-oregon-usa","1682205","20198016500"
"Lingua Franca","2019","Lingua Franca, Mimi's Mind Pinot Noir, Eola-Amity Hills, Oregon, USA","490","Case of 6 Bottles","https://www.bbr.com/products-20191526330-2019-lingua-franca-mimi-s-mind-pinot-noir-eola-amity-hills-oregon-usa","1526330","20191526330"
"Lingua Franca","2016","Lingua Franca, Sisters Chardonnay, Willamette Valley, Oregon, USA","225","Case of 6 Bottles","https://www.bbr.com/products-20168029421-2016-lingua-franca-sisters-chardonnay-willamette-valley-oregon-usa","1526356","20168029421"
"Lingua Franca","2018","Lingua Franca, Sisters Chardonnay, Willamette Valley, Oregon, USA","400","Case of 6 Bottles","https://www.bbr.com/products-20188029421-2018-lingua-franca-sisters-chardonnay-willamette-valley-oregon-usa","1526356","20188029421"
"Lingua Franca","2019","Lingua Franca, The Plow, Pinot Noir, Eola-Amity Hills, Oregon, USA","310","Case of 6 Bottles","https://www.bbr.com/products-20198029434-2019-lingua-franca-the-plow-pinot-noir-eola-amity-hills-oregon-usa","1526343","20198029434"
"Lingua Franca","2021","Lingua Franca, The Plow, Pinot Noir, Eola-Amity Hills, Oregon, USA","420","Case of 6 Bottles","https://www.bbr.com/products-20218029434-2021-lingua-franca-the-plow-pinot-noir-eola-amity-hills-oregon-usa","1526343","20218029434"
"Chateau Batailley","2014","Lions de Batailley, Pauillac, Bordeaux","210","Case of 6 Bottles","https://www.bbr.com/products-20148106843-2014-lions-de-batailley-pauillac-bordeaux","1448357","20148106843"
"Liquid Farm","2018","Liquid Farm, Radian Vineyard Pinot Noir, Santa Rita Hills, California, USA","1495","Case of 12 Bottles","https://www.bbr.com/products-20188229179-2018-liquid-farm-radian-vineyard-pinot-noir-santa-rita-hills-california-usa","1508839","20188229179"
"Assortment Mixed Cases","2003","Liquid Gold Assortment Case 2003 Sauternes (12 x 75cl)","390","Case of 1 Mixed case (12x75cl)s","https://www.bbr.com/products-20038141356-2003-liquid-gold-assortment-case-2003-sauternes-12-x-75cl","1149052","20038141356"
"Assortment Mixed Cases","2009","Liquid Gold Assortment Case Sauternes","425","Case of 1 Mixed case (12x75cl)s","https://www.bbr.com/products-20098226859-2009-liquid-gold-assortment-case-sauternes","1149052","20098226859"
"Assortment Mixed Cases","2009","Liquid Gold Assortment Case Sauternes","425","Case of 1 s","https://www.bbr.com/products-20098226859-2009-liquid-gold-assortment-case-sauternes","1149052","20098226859"
"Assortment Mixed Cases","2011","Liquid Gold Assortment Case Sauternes","400","Case of 1 s","https://www.bbr.com/products-20118051882-2011-liquid-gold-assortment-case-sauternes","1149052","20118051882"
"Assortment Mixed Cases","2007","Liquid Gold Assortment Case Sauternes (12x75cl)","595","Case of 1 Mixed case (12x75cl)s","https://www.bbr.com/products-20078141385-2007-liquid-gold-assortment-case-sauternes-12x75cl","1149052","20078141385"
"Assortment Mixed Cases","2007","Liquid Gold Assortment Case Sauternes (24x37.5cl)","375","Case of 1 Mixed case (12x75cl)s","https://www.bbr.com/products-20078141372-2007-liquid-gold-assortment-case-sauternes-24x37-5cl","1149052","20078141372"
"Chateau Mont-Redon","2021","Lirac Rouge, Chateau Mont-Redon, Rhone","160","Case of 12 Bottles","https://www.bbr.com/products-20218301756-2021-lirac-rouge-chateau-mont-redon-rhone","1114456","20218301756"
"Domaine de Marcoux","2015","Lirac, La Lorentine, Domaine de Marcoux, Rhone","100","Case of 6 Bottles","https://www.bbr.com/products-20151145490-2015-lirac-la-lorentine-domaine-de-marcoux-rhone","1145490","20151145490"
"Domaine de Marcoux","2019","Lirac, La Lorentine, Domaine de Marcoux, Rhone","90","Case of 6 Bottles","https://www.bbr.com/products-20191145490-2019-lirac-la-lorentine-domaine-de-marcoux-rhone","1145490","20191145490"
"Domaine de Marcoux","2020","Lirac, La Lorentine, Domaine de Marcoux, Rhone","95","Case of 6 Bottles","https://www.bbr.com/products-20201145490-2020-lirac-la-lorentine-domaine-de-marcoux-rhone","1145490","20201145490"
"Domaine de Marcoux","2021","Lirac, La Lorentine, Domaine de Marcoux, Rhone","100","Case of 6 Bottles","https://www.bbr.com/products-20211145490-2021-lirac-la-lorentine-domaine-de-marcoux-rhone","1145490","20211145490"
"Domaine de Marcoux","2023","Lirac, La Lorentine, Domaine de Marcoux, Rhone","95","Case of 6 Bottles","https://www.bbr.com/products-20231145490-2023-lirac-la-lorentine-domaine-de-marcoux-rhone","1145490","20231145490"
"Lismore Estate Vineyards","2023","Lismore, Viognier, The Age of Grace, Cape South Coast, South Africa","250","Case of 6 Bottles","https://www.bbr.com/products-20238243685-2023-lismore-viognier-the-age-of-grace-cape-south-coast-south-africa","1728297","20238243685"
"Littorai Wine Estate","2018","Littorai, The Haven Vineyard Pinot Noir, Sonoma Coast, California, USA","745","Case of 6 Bottles","https://www.bbr.com/products-20188114235-2018-littorai-the-haven-vineyard-pinot-noir-sonoma-coast-california-usa","1146110","20188114235"
"Chiara Condello","2020","Lo Stralisco, Chiara Condello, Emilia-Romagna, Italy","240","Case of 3 Bottles","https://www.bbr.com/products-20208068088-2020-lo-stralisco-chiara-condello-emilia-romagna-italy","2212111","20208068088"
"Tenuta di Biserno","2017","Lodovico, Tenuta di Biserno, Tuscany, Italy","525","Case of 3 Bottles","https://www.bbr.com/products-20178110703-2017-lodovico-tenuta-di-biserno-tuscany-italy","1266634","20178110703"
"Tenuta di Biserno","2018","Lodovico, Tenuta di Biserno, Tuscany, Italy","645","Case of 3 Bottles","https://www.bbr.com/products-20188110703-2018-lodovico-tenuta-di-biserno-tuscany-italy","1266634","20188110703"
"Tenuta di Biserno","2019","Lodovico, Tenuta di Biserno, Tuscany, Italy","690","Case of 3 Bottles","https://www.bbr.com/products-20198110703-2019-lodovico-tenuta-di-biserno-tuscany-italy","1266634","20198110703"
"Lokoya","2013","Lokoya, Cabernet Sauvignon, Mount Veeder, Napa Valley, California, USA","3445","Case of 6 Bottles","https://www.bbr.com/products-20138114525-2013-lokoya-cabernet-sauvignon-mount-veeder-napa-valley-california-usa","1141261","20138114525"
"Louis M. Martini Winery","2016","Louis M. Martini, Gnarly Vine, Monte Rosso Vineyard Zinfandel, Sonoma Valley, California, USA","298","Case of 6 Bottles","https://www.bbr.com/products-20168063520-2016-louis-m-martini-gnarly-vine-monte-rosso-vineyard-zinfandel-sonoma-valley-california-usa","1683198","20168063520"
"Lourens Family Wines","2020","Lourens Family Wines, Lindi Carien, Western Cape, South Africa","150","Case of 6 Bottles","https://www.bbr.com/products-20208055196-2020-lourens-family-wines-lindi-carien-western-cape-south-africa","1440579","20208055196"
"Rafael Palacios","2023","Louro do Bolo, Godello, Rafael Palacios, Valdeorras, Spain","300","Case of 6 Bottles","https://www.bbr.com/products-20231263444-2023-louro-do-bolo-godello-rafael-palacios-valdeorras-spain","1263444","20231263444"
"Rafael Palacios","2024","Louro do Bolo, Godello, Rafael Palacios, Valdeorras, Spain","375","Case of 6 Bottles","https://www.bbr.com/products-20241263444-2024-louro-do-bolo-godello-rafael-palacios-valdeorras-spain","1263444","20241263444"
"Luke Lambert","2018","Luke Lambert Syrah, Yarra Valley Australia","250","Case of 6 Bottles","https://www.bbr.com/products-20188047124-2018-luke-lambert-syrah-yarra-valley-australia","1478541","20188047124"
"Castello del Terriccio","2010","Lupicaia, Castello del Terriccio, G. A. Rossi di Medelana, Tuscany, Italy","660","Case of 6 Bottles","https://www.bbr.com/products-20108010739-2010-lupicaia-castello-del-terriccio-g-a-rossi-di-medelana-tuscany-italy","1105676","20108010739"
"Castello del Terriccio","2015","Lupicaia, Castello del Terriccio, G. A. Rossi di Medelana, Tuscany, Italy","450","Case of 6 Bottles","https://www.bbr.com/products-20158010739-2015-lupicaia-castello-del-terriccio-g-a-rossi-di-medelana-tuscany-italy","1105676","20158010739"
"Maison Chapoutier","2011","M. Chapoutier, Domaine Bila-Haut, R.I., Cotes du Roussillon VillagesLesquerde","225","Case of 6 Bottles","https://www.bbr.com/products-20118109639-2011-m-chapoutier-domaine-bila-haut-r-i-cotes-du-roussillon-villageslesquerde","1317163","20118109639"
"Maison Chapoutier","2011","M. Chapoutier, Domaine Bila-Haut, V.I.T., Cotes du Roussillon Villages Latour de France","245","Case of 6 Bottles","https://www.bbr.com/products-20118109655-2011-m-chapoutier-domaine-bila-haut-v-i-t-cotes-du-roussillon-villages-latour-de-france","1317121","20118109655"
"Maison Chapoutier","2012","M. Chapoutier, Domaine Bila-Haut, V.I.T., Cotes du Roussillon Villages Latour de France","225","Case of 6 Bottles","https://www.bbr.com/products-20128109655-2012-m-chapoutier-domaine-bila-haut-v-i-t-cotes-du-roussillon-villages-latour-de-france","1317121","20128109655"
"Maison Chapoutier","2015","M. Chapoutier, Domaine Bila-Haut, V.I.T., Cotes du Roussillon Villages Latour de France","245","Case of 6 Bottles","https://www.bbr.com/products-20158109655-2015-m-chapoutier-domaine-bila-haut-v-i-t-cotes-du-roussillon-villages-latour-de-france","1317121","20158109655"
"Bodegas Rothschild & Vega Sicilia","2016","Macan Clasico, Bodegas Benjamin de Rothschild &amp; Vega Sicilia, Rioja, Spain","185","Case of 6 Bottles","https://www.bbr.com/products-20161215124-2016-macan-clasico-bodegas-benjamin-de-rothschild-and-vega-sicilia-rioja-spain","1215124","20161215124"
"Bodegas Rothschild & Vega Sicilia","2017","Macan Clasico, Bodegas Benjamin de Rothschild &amp; Vega Sicilia, Rioja, Spain","200","Case of 6 Bottles","https://www.bbr.com/products-20171215124-2017-macan-clasico-bodegas-benjamin-de-rothschild-and-vega-sicilia-rioja-spain","1215124","20171215124"
"Bodegas Rothschild & Vega Sicilia","2020","Macan Clasico, Bodegas Benjamin de Rothschild &amp; Vega Sicilia, Rioja, Spain","174","Case of 6 Bottles","https://www.bbr.com/products-20201215124-2020-macan-clasico-bodegas-benjamin-de-rothschild-and-vega-sicilia-rioja-spain","1215124","20201215124"
"Bodegas Rothschild & Vega Sicilia","2015","Macan, Bodegas Benjamin de Rothschild & Vega Sicilia, Rioja, Spain","375","Case of 6 Bottles","https://www.bbr.com/products-20151215111-2015-macan-bodegas-benjamin-de-rothschild-vega-sicilia-rioja-spain","1215111","20151215111"
"Bodegas Rothschild & Vega Sicilia","2011","Macan, Bodegas Benjamin de Rothschild &amp; Vega Sicilia, Rioja, Spain","395","Case of 6 Bottles","https://www.bbr.com/products-20111215111-2011-macan-bodegas-benjamin-de-rothschild-and-vega-sicilia-rioja-spain","1215111","20111215111"
"Bodegas Rothschild & Vega Sicilia","2012","Macan, Bodegas Benjamin de Rothschild &amp; Vega Sicilia, Rioja, Spain","325","Case of 6 Bottles","https://www.bbr.com/products-20121215111-2012-macan-bodegas-benjamin-de-rothschild-and-vega-sicilia-rioja-spain","1215111","20121215111"
"Bodegas Rothschild & Vega Sicilia","2013","Macan, Bodegas Benjamin de Rothschild &amp; Vega Sicilia, Rioja, Spain","310","Case of 6 Bottles","https://www.bbr.com/products-20131215111-2013-macan-bodegas-benjamin-de-rothschild-and-vega-sicilia-rioja-spain","1215111","20131215111"
"Bodegas Rothschild & Vega Sicilia","2016","Macan, Bodegas Benjamin de Rothschild &amp; Vega Sicilia, Rioja, Spain","310","Case of 6 Bottles","https://www.bbr.com/products-20161215111-2016-macan-bodegas-benjamin-de-rothschild-and-vega-sicilia-rioja-spain","1215111","20161215111"
"Bodegas Rothschild & Vega Sicilia","2016","Macan, Bodegas Benjamin de Rothschild &amp; Vega Sicilia, Rioja, Spain","115","Case of 1 Magnums","https://www.bbr.com/products-20161215111-2016-macan-bodegas-benjamin-de-rothschild-and-vega-sicilia-rioja-spain","1215111","20161215111"
"Domaine Gaston Huet","","Magnums 1989, Domaine Gaston Huet, Assortment Case, 2014 Release(3Mgs)","500","Case of 1 Mixed Cases","https://www.bbr.com/products-10008100216-magnums-1989-domaine-gaston-huet-assortment-case-2014-release-3mgs","9005020","10008100216"
"Mail Road Wines","2014","Mail Road, Mt Carmel Vineyard Blocks 3, 5 Pinot Noir, Santa Rita Hills, California, USA","940","Case of 6 Bottles","https://www.bbr.com/products-20148103389-2014-mail-road-mt-carmel-vineyard-blocks-3-5-pinot-noir-santa-rita-hills-california-usa","1713910","20148103389"
"Mail Road Wines","2017","Mail Road, Mt Carmel Vineyard Pinot Noir, Santa Rita Hills,California, USA","420","Case of 6 Bottles","https://www.bbr.com/products-20178201346-2017-mail-road-mt-carmel-vineyard-pinot-noir-santa-rita-hills-california-usa","1609868","20178201346"
"Champagne Mailly","1998","Mailly Grand Cru, Magnum Collection","180","Case of 1 Magnums","https://www.bbr.com/products-19988002288-1998-mailly-grand-cru-magnum-collection","1413689","19988002288"
"Maison Glandien","2021","Maison Glandien, L'Overture, Vin de France","1100","Case of 6 Bottles","https://www.bbr.com/products-20218163640-2021-maison-glandien-l-overture-vin-de-france","2697004","20218163640"
"Borgo del Tiglio Nicola Manferrari","2020","Malvasia Italo & Bruno, Collio, Borgo del Tiglio, Friuli-Venezia Giulia, Italy","500","Case of 6 Bottles","https://www.bbr.com/products-20208168296-2020-malvasia-italo-bruno-collio-borgo-del-tiglio-friuli-venezia-giulia-italy","2071613","20208168296"
"Chateau le Gay","2020","Manoir de Gay, Pomerol, Bordeaux","290","Case of 12 Bottles","https://www.bbr.com/products-20208123813-2020-manoir-de-gay-pomerol-bordeaux","1012749","20208123813"
"Rene Barbier","2019","Manyetes, Gratallops, Clos Mogador, Rene Barbier, Priorat, Spain","350","Case of 6 Bottles","https://www.bbr.com/products-20198306517-2019-manyetes-gratallops-clos-mogador-rene-barbier-priorat-spain","1119826","20198306517"
"Domaine Bachelet-Monnot","2016","Maranges Rouge, La Fussiere, 1er Cru, Domaine Bachelet-Monnot, Burgundy","165","Case of 6 Bottles","https://www.bbr.com/products-20161201929-2016-maranges-rouge-la-fussiere-1er-cru-domaine-bachelet-monnot-burgundy","1201929","20161201929"
"Domaine Bachelet-Monnot","2021","Maranges Rouge, La Fussiere, 1er Cru, Domaine Bachelet-Monnot, Burgundy","180","Case of 6 Bottles","https://www.bbr.com/products-20211201929-2021-maranges-rouge-la-fussiere-1er-cru-domaine-bachelet-monnot-burgundy","1201929","20211201929"
"David Moreau","2018","Maranges, David Moreau, Burgundy","95","Case of 6 Bottles","https://www.bbr.com/products-20181171136-2018-maranges-david-moreau-burgundy","1171136","20181171136"
"Maison Camille Giroud","2009","Maranges, Le Croix Moines, 1er Cru, Camille Giroud, Burgundy","510","Case of 6 Bottles","https://www.bbr.com/products-20098023937-2009-maranges-le-croix-moines-1er-cru-camille-giroud-burgundy","1034857","20098023937"
"Maison Camille Giroud","2010","Maranges, Le Croix Moines, 1er Cru, Camille Giroud, Burgundy","195","Case of 6 Bottles","https://www.bbr.com/products-20108023937-2010-maranges-le-croix-moines-1er-cru-camille-giroud-burgundy","1034857","20108023937"
"Maison Camille Giroud","2012","Maranges, Le Croix Moines, 1er Cru, Camille Giroud, Burgundy","252","Case of 6 Bottles","https://www.bbr.com/products-20128023937-2012-maranges-le-croix-moines-1er-cru-camille-giroud-burgundy","1034857","20128023937"
"Maison Camille Giroud","2013","Maranges, Le Croix Moines, 1er Cru, Camille Giroud, Burgundy","315","Case of 6 Bottles","https://www.bbr.com/products-20138023937-2013-maranges-le-croix-moines-1er-cru-camille-giroud-burgundy","1034857","20138023937"
"Maison Camille Giroud","2013","Maranges, Le Croix Moines, 1er Cru, Camille Giroud, Burgundy","335","Case of 6 Bottles","https://www.bbr.com/products-20138023937-2013-maranges-le-croix-moines-1er-cru-camille-giroud-burgundy","1034857","20138023937"
"Maison Camille Giroud","2018","Maranges, Le Croix Moines, 1er Cru, Camille Giroud, Burgundy","198","Case of 6 Bottles","https://www.bbr.com/products-20188023937-2018-maranges-le-croix-moines-1er-cru-camille-giroud-burgundy","1034857","20188023937"
"Maison Camille Giroud","2020","Maranges, Le Croix Moines, 1er Cru, Camille Giroud, Burgundy","230","Case of 6 Bottles","https://www.bbr.com/products-20208023937-2020-maranges-le-croix-moines-1er-cru-camille-giroud-burgundy","1034857","20208023937"
"Maison Camille Giroud","2022","Maranges, Le Croix Moines, 1er Cru, Camille Giroud, Burgundy","185","Case of 6 Bottles","https://www.bbr.com/products-20228023937-2022-maranges-le-croix-moines-1er-cru-camille-giroud-burgundy","1034857","20228023937"
"Maison Camille Giroud","2023","Maranges, Le Croix Moines, 1er Cru, Camille Giroud, Burgundy","349","Case of 6 Bottles","https://www.bbr.com/products-20238023937-2023-maranges-le-croix-moines-1er-cru-camille-giroud-burgundy","1034857","20238023937"
"Domaine Bachelet-Monnot","2019","Maranges, Vieilles Vignes, Domaine Bachelet-Monnot, Burgundy","170","Case of 6 Bottles","https://www.bbr.com/products-20198048033-2019-maranges-vieilles-vignes-domaine-bachelet-monnot-burgundy","1931518","20198048033"
"Federico Graziani","2019","Mareneve, Fedegraziani, Sicily, Italy","260","Case of 6 Bottles","https://www.bbr.com/products-20198081500-2019-mareneve-fedegraziani-sicily-italy","1830387","20198081500"
"Domaine Jean Fournier","2013","Marsannay Rouge, Clos du Roy, Domaine Jean Fournier, Burgundy","399","Case of 12 Bottles","https://www.bbr.com/products-20131228090-2013-marsannay-rouge-clos-du-roy-domaine-jean-fournier-burgundy","1228090","20131228090"
"Domaine Jean Fournier","2015","Marsannay Rouge, Clos du Roy, Domaine Jean Fournier, Burgundy","222","Case of 6 Bottles","https://www.bbr.com/products-20151228090-2015-marsannay-rouge-clos-du-roy-domaine-jean-fournier-burgundy","1228090","20151228090"
"Domaine Jean Fournier","2018","Marsannay Rouge, Clos du Roy, Domaine Jean Fournier, Burgundy","150","Case of 6 Bottles","https://www.bbr.com/products-20181228090-2018-marsannay-rouge-clos-du-roy-domaine-jean-fournier-burgundy","1228090","20181228090"
"Domaine Jean Fournier","2020","Marsannay Rouge, Clos du Roy, Domaine Jean Fournier, Burgundy","200","Case of 6 Bottles","https://www.bbr.com/products-20201228090-2020-marsannay-rouge-clos-du-roy-domaine-jean-fournier-burgundy","1228090","20201228090"
"Domaine Jean Fournier","2021","Marsannay Rouge, Clos du Roy, Domaine Jean Fournier, Burgundy","300","Case of 6 Bottles","https://www.bbr.com/products-20211228090-2021-marsannay-rouge-clos-du-roy-domaine-jean-fournier-burgundy","1228090","20211228090"
"Domaine Jean Fournier","2023","Marsannay Rouge, Clos du Roy, Domaine Jean Fournier, Burgundy","200","Case of 6 Bottles","https://www.bbr.com/products-20231228090-2023-marsannay-rouge-clos-du-roy-domaine-jean-fournier-burgundy","1228090","20231228090"
"Domaine Sylvain Pataille","2013","Marsannay Rouge, Clos du Roy, Domaine Sylvain Pataille, Burgundy","510","Case of 12 Bottles","https://www.bbr.com/products-20138158956-2013-marsannay-rouge-clos-du-roy-domaine-sylvain-pataille-burgundy","1309609","20138158956"
"Domaine Jean Fournier","2015","Marsannay Rouge, Cuvee Saint-Urbain, Domaine Jean Fournier, Burgundy","175","Case of 6 Bottles","https://www.bbr.com/products-20151325395-2015-marsannay-rouge-cuvee-saint-urbain-domaine-jean-fournier-burgundy","1325395","20151325395"
"Domaine Jean Fournier","2019","Marsannay Rouge, Cuvee Saint-Urbain, Domaine Jean Fournier, Burgundy","120","Case of 6 Bottles","https://www.bbr.com/products-20191325395-2019-marsannay-rouge-cuvee-saint-urbain-domaine-jean-fournier-burgundy","1325395","20191325395"
"Domaine Jean Fournier","2021","Marsannay Rouge, Cuvee Saint-Urbain, Domaine Jean Fournier, Burgundy","137","Case of 6 Bottles","https://www.bbr.com/products-20211325395-2021-marsannay-rouge-cuvee-saint-urbain-domaine-jean-fournier-burgundy","1325395","20211325395"
"Domaine Jean Fournier","2019","Marsannay Rouge, Es Chezots, Domaine Jean Fournier, Burgundy","150","Case of 6 Bottles","https://www.bbr.com/products-20191228104-2019-marsannay-rouge-es-chezots-domaine-jean-fournier-burgundy","1228104","20191228104"
"Domaine Jean Fournier","2020","Marsannay Rouge, Es Chezots, Domaine Jean Fournier, Burgundy","173","Case of 6 Bottles","https://www.bbr.com/products-20201228104-2020-marsannay-rouge-es-chezots-domaine-jean-fournier-burgundy","1228104","20201228104"
"Domaine Jean Fournier","2021","Marsannay Rouge, Es Chezots, Domaine Jean Fournier, Burgundy","150","Case of 6 Bottles","https://www.bbr.com/products-20211228104-2021-marsannay-rouge-es-chezots-domaine-jean-fournier-burgundy","1228104","20211228104"
"Domaine Jean Fournier","2022","Marsannay Rouge, Es Chezots, Domaine Jean Fournier, Burgundy","165","Case of 6 Bottles","https://www.bbr.com/products-20221228104-2022-marsannay-rouge-es-chezots-domaine-jean-fournier-burgundy","1228104","20221228104"
"Domaine Jean Fournier","2023","Marsannay Rouge, Es Chezots, Domaine Jean Fournier, Burgundy","205","Case of 6 Bottles","https://www.bbr.com/products-20231228104-2023-marsannay-rouge-es-chezots-domaine-jean-fournier-burgundy","1228104","20231228104"
"Domaine Sylvain Pataille","2021","Marsannay Rouge, La Montagne, Domaine Sylvain Pataille, Burgundy","400","Case of 6 Bottles","https://www.bbr.com/products-20218158839-2021-marsannay-rouge-la-montagne-domaine-sylvain-pataille-burgundy","1332142","20218158839"
"Domaine Jean Fournier","2019","Marsannay Rouge, Le Chapitre, Domaine Jean Fournier, Burgundy","150","Case of 6 Bottles","https://www.bbr.com/products-20198119184-2019-marsannay-rouge-le-chapitre-domaine-jean-fournier-burgundy","1970364","20198119184"
"Domaine Jean Fournier","2022","Marsannay Rouge, Le Chapitre, Domaine Jean Fournier, Burgundy","185","Case of 6 Bottles","https://www.bbr.com/products-20228119184-2022-marsannay-rouge-le-chapitre-domaine-jean-fournier-burgundy","1970364","20228119184"
"Bruno Clair","2014","Marsannay Rouge, Les Longeroies, Domaine Bruno Clair, Burgundy","452","Case of 12 Bottles","https://www.bbr.com/products-20148122395-2014-marsannay-rouge-les-longeroies-domaine-bruno-clair-burgundy","1025527","20148122395"
"Bruno Clair","2022","Marsannay Rouge, Les Longeroies, Domaine Bruno Clair, Burgundy","220","Case of 6 Bottles","https://www.bbr.com/products-20228122395-2022-marsannay-rouge-les-longeroies-domaine-bruno-clair-burgundy","1025527","20228122395"
"Domaine Jean Fournier","2019","Marsannay Rouge, Les Longeroies, Domaine Jean Fournier, Burgundy","170","Case of 6 Bottles","https://www.bbr.com/products-20191322453-2019-marsannay-rouge-les-longeroies-domaine-jean-fournier-burgundy","1322453","20191322453"
"Domaine Jean Fournier","2020","Marsannay Rouge, Les Longeroies, Domaine Jean Fournier, Burgundy","220","Case of 6 Bottles","https://www.bbr.com/products-20201322453-2020-marsannay-rouge-les-longeroies-domaine-jean-fournier-burgundy","1322453","20201322453"
"Domaine Jean Fournier","2021","Marsannay Rouge, Les Longeroies, Domaine Jean Fournier, Burgundy","185","Case of 6 Bottles","https://www.bbr.com/products-20211322453-2021-marsannay-rouge-les-longeroies-domaine-jean-fournier-burgundy","1322453","20211322453"
"Domaine Jean Fournier","2022","Marsannay Rouge, Les Longeroies, Domaine Jean Fournier, Burgundy","180","Case of 6 Bottles","https://www.bbr.com/products-20221322453-2022-marsannay-rouge-les-longeroies-domaine-jean-fournier-burgundy","1322453","20221322453"
"Domaine Jean Fournier","2023","Marsannay Rouge, Les Longeroies, Domaine Jean Fournier, Burgundy","175","Case of 6 Bottles","https://www.bbr.com/products-20231322453-2023-marsannay-rouge-les-longeroies-domaine-jean-fournier-burgundy","1322453","20231322453"
"Domaine Sylvain Pataille","2019","Marsannay Rouge, Les Longeroies, Domaine Sylvain Pataille, Burgundy","325","Case of 6 Bottles","https://www.bbr.com/products-20198158826-2019-marsannay-rouge-les-longeroies-domaine-sylvain-pataille-burgundy","1309625","20198158826"
"Domaine Jean Fournier","2021","Marsannay Rouge, Trois Terres, Vieilles Vignes, Domaine Jean Fournier, Burgundy","299","Case of 6 Bottles","https://www.bbr.com/products-20218132130-2021-marsannay-rouge-trois-terres-vieilles-vignes-domaine-jean-fournier-burgundy","1541683","20218132130"
"Domaine Jean Fournier","2022","Marsannay Rouge, Trois Terres, Vieilles Vignes, Domaine Jean Fournier, Burgundy","250","Case of 6 Bottles","https://www.bbr.com/products-20228132130-2022-marsannay-rouge-trois-terres-vieilles-vignes-domaine-jean-fournier-burgundy","1541683","20228132130"
"Maison Gautheron d'Anost Winery","2022","Marsannay, Au Quartier, Maison Gautheron d'Anost, Burgundy","240","Case of 6 Bottles","https://www.bbr.com/products-20228173498-2022-marsannay-au-quartier-maison-gautheron-d-anost-burgundy","2847731","20228173498"
"Chateau de Marsannay","2022","Marsannay, Clos de Jeu, Chateau de Marsannay, Burgundy","180","Case of 6 Bottles","https://www.bbr.com/products-20228400882-2022-marsannay-clos-de-jeu-chateau-de-marsannay-burgundy","1889721","20228400882"
"Domaine Charles Audoin","2020","Marsannay, Clos du Roy, Domaine Charles Audoin, Burgundy","190","Case of 6 Bottles","https://www.bbr.com/products-20208209834-2020-marsannay-clos-du-roy-domaine-charles-audoin-burgundy","1197268","20208209834"
"Jerome Galeyrand","2022","Marsannay, Clos du Roy, Jerome Galeyrand, Burgundy","520","Case of 6 Bottles","https://www.bbr.com/products-20228077204-2022-marsannay-clos-du-roy-jerome-galeyrand-burgundy","2945466","20228077204"
"Jerome Galeyrand","2023","Marsannay, Clos du Roy, Jerome Galeyrand, Burgundy","750","Case of 6 Bottles","https://www.bbr.com/products-20238077204-2023-marsannay-clos-du-roy-jerome-galeyrand-burgundy","2945466","20238077204"
"Meo-Camuzet","2021","Marsannay, Domaine Meo-Camuzet, Burgundy","280","Case of 6 Bottles","https://www.bbr.com/products-20218149017-2021-marsannay-domaine-meo-camuzet-burgundy","8149017","20218149017"
"Domaine Sylvain Pataille","2022","Marsannay, L'Ancestrale, Domaine Sylvain Pataille, Burgundy","750","Case of 6 Bottles","https://www.bbr.com/products-20228148140-2022-marsannay-l-ancestrale-domaine-sylvain-pataille-burgundy","1320013","20228148140"
"Denis Mortet","2016","Marsannay, Les Longeroies, Domaine Denis Mortet, Burgundy","450","Case of 6 Bottles","https://www.bbr.com/products-20161049235-2016-marsannay-les-longeroies-domaine-denis-mortet-burgundy","1049235","20161049235"
"Denis Mortet","2022","Marsannay, Les Longeroies, Domaine Denis Mortet, Burgundy","320","Case of 6 Bottles","https://www.bbr.com/products-20221049235-2022-marsannay-les-longeroies-domaine-denis-mortet-burgundy","1049235","20221049235"
"Domaine Regis Bouvier","2022","Marsannay, Les Longeroies, Vieilles Vignes, Regis Bouvier, Burgundy","300","Case of 6 Bottles","https://www.bbr.com/products-20228325608-2022-marsannay-les-longeroies-vieilles-vignes-regis-bouvier-burgundy","1922334","20228325608"
"Martinez","1994","Martinez Vintage Port, Portugal","505","Case of 12 Bottles","https://www.bbr.com/products-19948106045-1994-martinez-vintage-port-portugal","1516393","19948106045"
"Mas de Daumas Gassac","2009","Mas de Daumas Gassac, Blanc, St Guilhem-le-Desert Cite d'Aniane, Languedoc","330","Case of 6 Bottles","https://www.bbr.com/products-20098026521-2009-mas-de-daumas-gassac-blanc-st-guilhem-le-desert-cite-d-aniane-languedoc","1119334","20098026521"
"Mas de Daumas Gassac","2013","Mas de Daumas Gassac, Blanc, St Guilhem-le-Desert Cite d'Aniane, Languedoc","280","Case of 6 Bottles","https://www.bbr.com/products-20138026521-2013-mas-de-daumas-gassac-blanc-st-guilhem-le-desert-cite-d-aniane-languedoc","1119334","20138026521"
"Mas de Daumas Gassac","2016","Mas de Daumas Gassac, Blanc, St Guilhem-le-Desert Cite d'Aniane, Languedoc","660","Case of 6 Bottles","https://www.bbr.com/products-20168026521-2016-mas-de-daumas-gassac-blanc-st-guilhem-le-desert-cite-d-aniane-languedoc","1119334","20168026521"
"Mas de Daumas Gassac","2017","Mas de Daumas Gassac, Blanc, St Guilhem-le-Desert Cite d'Aniane, Languedoc","498","Case of 6 Bottles","https://www.bbr.com/products-20178026521-2017-mas-de-daumas-gassac-blanc-st-guilhem-le-desert-cite-d-aniane-languedoc","1119334","20178026521"
"Mas de Daumas Gassac","2021","Mas de Daumas Gassac, Blanc, St Guilhem-le-Desert Cite d'Aniane, Languedoc","240","Case of 6 Bottles","https://www.bbr.com/products-20218026521-2021-mas-de-daumas-gassac-blanc-st-guilhem-le-desert-cite-d-aniane-languedoc","1119334","20218026521"
"Mas de Daumas Gassac","2008","Mas de Daumas Gassac, Cuvee Emile Peynaud, Pays d'Herault, Languedoc","500","Case of 1 Bottles","https://www.bbr.com/products-20088026518-2008-mas-de-daumas-gassac-cuvee-emile-peynaud-pays-d-herault-languedoc","1225972","20088026518"
"Mas de Daumas Gassac","2015","Mas de Daumas Gassac, Cuvee Emile Peynaud, Pays d'Herault, Languedoc","210","Case of 1 Bottles","https://www.bbr.com/products-20158026518-2015-mas-de-daumas-gassac-cuvee-emile-peynaud-pays-d-herault-languedoc","1225972","20158026518"
"Mas de Daumas Gassac","2012","Mas de Daumas Gassac, Rouge, St Guilhem-le-Desert Cite d'Aniane, Languedoc","370","Case of 6 Bottles","https://www.bbr.com/products-20128026534-2012-mas-de-daumas-gassac-rouge-st-guilhem-le-desert-cite-d-aniane-languedoc","1119347","20128026534"
"Mas de Daumas Gassac","2013","Mas de Daumas Gassac, Rouge, St Guilhem-le-Desert Cite d'Aniane, Languedoc","400","Case of 12 Bottles","https://www.bbr.com/products-20138026534-2013-mas-de-daumas-gassac-rouge-st-guilhem-le-desert-cite-d-aniane-languedoc","1119347","20138026534"
"Mas de Daumas Gassac","2014","Mas de Daumas Gassac, Rouge, St Guilhem-le-Desert Cite d'Aniane, Languedoc","350","Case of 6 Bottles","https://www.bbr.com/products-20148026534-2014-mas-de-daumas-gassac-rouge-st-guilhem-le-desert-cite-d-aniane-languedoc","1119347","20148026534"
"Mas de Daumas Gassac","2015","Mas de Daumas Gassac, Rouge, St Guilhem-le-Desert Cite d'Aniane, Languedoc","230","Case of 6 Bottles","https://www.bbr.com/products-20158026534-2015-mas-de-daumas-gassac-rouge-st-guilhem-le-desert-cite-d-aniane-languedoc","1119347","20158026534"
"Mas de Daumas Gassac","2016","Mas de Daumas Gassac, Rouge, St Guilhem-le-Desert Cite d'Aniane, Languedoc","240","Case of 6 Bottles","https://www.bbr.com/products-20168026534-2016-mas-de-daumas-gassac-rouge-st-guilhem-le-desert-cite-d-aniane-languedoc","1119347","20168026534"
"Mas de Daumas Gassac","2018","Mas de Daumas Gassac, Rouge, St Guilhem-le-Desert Cite d'Aniane, Languedoc","200","Case of 6 Bottles","https://www.bbr.com/products-20188026534-2018-mas-de-daumas-gassac-rouge-st-guilhem-le-desert-cite-d-aniane-languedoc","1119347","20188026534"
"Mas de Daumas Gassac","2019","Mas de Daumas Gassac, Rouge, St Guilhem-le-Desert Cite d'Aniane, Languedoc","205","Case of 6 Bottles","https://www.bbr.com/products-20198026534-2019-mas-de-daumas-gassac-rouge-st-guilhem-le-desert-cite-d-aniane-languedoc","1119347","20198026534"
"Mas de Daumas Gassac","2020","Mas de Daumas Gassac, Rouge, St Guilhem-le-Desert Cite d'Aniane, Languedoc","349","Case of 6 Bottles","https://www.bbr.com/products-20208026534-2020-mas-de-daumas-gassac-rouge-st-guilhem-le-desert-cite-d-aniane-languedoc","1119347","20208026534"
"Mas de Daumas Gassac","2020","Mas de Daumas Gassac, Rouge, St Guilhem-le-Desert Cite d'Aniane, Languedoc","410","Case of 3 Magnums","https://www.bbr.com/products-20208026534-2020-mas-de-daumas-gassac-rouge-st-guilhem-le-desert-cite-d-aniane-languedoc","1119347","20208026534"
"Mas de Daumas Gassac","2023","Mas de Daumas Gassac, Rouge, St Guilhem-le-Desert Cite d'Aniane, Languedoc-Roussillon","240","Case of 6 Bottles","https://www.bbr.com/products-20238026534-2023-mas-de-daumas-gassac-rouge-st-guilhem-le-desert-cite-d-aniane-languedoc-roussillon","1119347","20238026534"
"Torres","2010","Mas la Plana, Torres, Penedes, Spain","325","Case of 6 Bottles","https://www.bbr.com/products-20108041089-2010-mas-la-plana-torres-penedes-spain","1189456","20108041089"
"Torres","2013","Mas la Plana, Torres, Penedes, Spain","360","Case of 6 Bottles","https://www.bbr.com/products-20138041089-2013-mas-la-plana-torres-penedes-spain","1189456","20138041089"
"Masseto","2018","Massetino, Masseto, Tuscany, Italy","785","Case of 3 Bottles","https://www.bbr.com/products-20188058386-2018-massetino-masseto-tuscany-italy","1839944","20188058386"
"Masseto","2019","Massetino, Masseto, Tuscany, Italy","710","Case of 3 Bottles","https://www.bbr.com/products-20198058386-2019-massetino-masseto-tuscany-italy","1839944","20198058386"
"Masseto","2020","Massetino, Masseto, Tuscany, Italy","875","Case of 3 Bottles","https://www.bbr.com/products-20208058386-2020-massetino-masseto-tuscany-italy","1839944","20208058386"
"Masseto","2020","Massetino, Masseto, Tuscany, Italy","865","Case of 3 Bottles","https://www.bbr.com/products-20208058386-2020-massetino-masseto-tuscany-italy","1839944","20208058386"
"Masseto","2021","Massetino, Masseto, Tuscany, Italy","750","Case of 3 Bottles","https://www.bbr.com/products-20218058386-2021-massetino-masseto-tuscany-italy","1839944","20218058386"
"Masseto","2022","Massetino, Masseto, Tuscany, Italy","700","Case of 3 Bottles","https://www.bbr.com/products-20228058386-2022-massetino-masseto-tuscany-italy","1839944","20228058386"
"Masseto","2022","Massetino, Masseto, Tuscany, Italy","714","Case of 3 Bottles","https://www.bbr.com/products-20228058386-2022-massetino-masseto-tuscany-italy","1839944","20228058386"
"Masseto","2023","Massetino, Masseto, Tuscany, Italy","690","Case of 3 Bottles","https://www.bbr.com/products-20238058386-2023-massetino-masseto-tuscany-italy","1839944","20238058386"
"Masseto","2001","Masseto, Tuscany, Italy","2750","Case of 3 Bottles","https://www.bbr.com/products-20011160743-2001-masseto-tuscany-italy","1160743","20011160743"
"Masseto","2007","Masseto, Tuscany, Italy","10000","Case of 1 Imperials","https://www.bbr.com/products-20071160743-2007-masseto-tuscany-italy","1160743","20071160743"
"Masseto","2009","Masseto, Tuscany, Italy","2000","Case of 3 Bottles","https://www.bbr.com/products-20091160743-2009-masseto-tuscany-italy","1160743","20091160743"
"Masseto","2010","Masseto, Tuscany, Italy","6750","Case of 1 Jeroboam 600cl","https://www.bbr.com/products-20101160743-2010-masseto-tuscany-italy","1160743","20101160743"
"Masseto","2012","Masseto, Tuscany, Italy","1700","Case of 3 Bottles","https://www.bbr.com/products-20121160743-2012-masseto-tuscany-italy","1160743","20121160743"
"Masseto","2014","Masseto, Tuscany, Italy","1435","Case of 3 Bottles","https://www.bbr.com/products-20141160743-2014-masseto-tuscany-italy","1160743","20141160743"
"Masseto","2015","Masseto, Tuscany, Italy","2045","Case of 3 Bottles","https://www.bbr.com/products-20151160743-2015-masseto-tuscany-italy","1160743","20151160743"
"Masseto","2015","Masseto, Tuscany, Italy","1848","Case of 3 Bottles","https://www.bbr.com/products-20151160743-2015-masseto-tuscany-italy","1160743","20151160743"
"Masseto","2017","Masseto, Tuscany, Italy","1375","Case of 3 Bottles","https://www.bbr.com/products-20171160743-2017-masseto-tuscany-italy","1160743","20171160743"
"Masseto","2017","Masseto, Tuscany, Italy","1345","Case of 3 Bottles","https://www.bbr.com/products-20171160743-2017-masseto-tuscany-italy","1160743","20171160743"
"Masseto","2018","Masseto, Tuscany, Italy","1490","Case of 3 Bottles","https://www.bbr.com/products-20181160743-2018-masseto-tuscany-italy","1160743","20181160743"
"Masseto","2018","Masseto, Tuscany, Italy","510","Case of 1 Bottles","https://www.bbr.com/products-20181160743-2018-masseto-tuscany-italy","1160743","20181160743"
"Masseto","2018","Masseto, Tuscany, Italy","1765","Case of 3 Bottles","https://www.bbr.com/products-20181160743-2018-masseto-tuscany-italy","1160743","20181160743"
"Masseto","2018","Masseto, Tuscany, Italy","1420","Case of 3 Bottles","https://www.bbr.com/products-20181160743-2018-masseto-tuscany-italy","1160743","20181160743"
"Masseto","2019","Masseto, Tuscany, Italy","1765","Case of 3 Bottles","https://www.bbr.com/products-20191160743-2019-masseto-tuscany-italy","1160743","20191160743"
"Masseto","2020","Masseto, Tuscany, Italy","1728","Case of 3 Bottles","https://www.bbr.com/products-20201160743-2020-masseto-tuscany-italy","1160743","20201160743"
"Masseto","2020","Masseto, Tuscany, Italy","1730","Case of 3 Bottles","https://www.bbr.com/products-20201160743-2020-masseto-tuscany-italy","1160743","20201160743"
"Masseto","2020","Masseto, Tuscany, Italy","1500","Case of 1 Magnums","https://www.bbr.com/products-20201160743-2020-masseto-tuscany-italy","1160743","20201160743"
"Masseto","2021","Masseto, Tuscany, Italy","1888","Case of 3 Bottles","https://www.bbr.com/products-20211160743-2021-masseto-tuscany-italy","1160743","20211160743"
"Masseto","2021","Masseto, Tuscany, Italy","1850","Case of 3 Bottles","https://www.bbr.com/products-20211160743-2021-masseto-tuscany-italy","1160743","20211160743"
"Comando G","2020","Mataborricos, Comando G, Sierra de Gredos, Spain","150","Case of 6 Bottles","https://www.bbr.com/products-20208310451-2020-mataborricos-comando-g-sierra-de-gredos-spain","1699922","20208310451"
"Telmo Rodriguez","2021","Matallana, Telmo Rodriguez, Ribera del Duero, Spain","300","Case of 6 Bottles","https://www.bbr.com/products-20218139399-2021-matallana-telmo-rodriguez-ribera-del-duero-spain","1121232","20218139399"
"Antinori","2011","Matarocchio, Bolgheri Superiore, Guado al Tasso, Antinori, Tuscany, Italy","240","Case of 1 Bottles","https://www.bbr.com/products-20118038168-2011-matarocchio-bolgheri-superiore-guado-al-tasso-antinori-tuscany-italy","1259816","20118038168"
"Antinori","2011","Matarocchio, Bolgheri Superiore, Guado al Tasso, Antinori, Tuscany, Italy","1600","Case of 6 Bottles","https://www.bbr.com/products-20118038168-2011-matarocchio-bolgheri-superiore-guado-al-tasso-antinori-tuscany-italy","1259816","20118038168"
"Mayacamas Vineyards","2018","Mayacamas, Cabernet Sauvignon, Mt Veeder, Napa Valley, California, USA","600","Case of 6 Bottles","https://www.bbr.com/products-20188209720-2018-mayacamas-cabernet-sauvignon-mt-veeder-napa-valley-california-usa","1199233","20188209720"
"Mayer","2016","Mayer, Dr Mayer Pinot Noir, Yarra Valley, Australia","900","Case of 12 Bottles","https://www.bbr.com/products-20168230605-2016-mayer-dr-mayer-pinot-noir-yarra-valley-australia","1527584","20168230605"
"Benjamin Leroux","2020","Mazis-Chambertin, Grand Cru, Benjamin Leroux, Burgundy","2275","Case of 3 Magnums","https://www.bbr.com/products-20208056005-2020-mazis-chambertin-grand-cru-benjamin-leroux-burgundy","1754063","20208056005"
"Denis Mortet","2017","Mazis-Chambertin, Grand Cru, Domaine Denis Mortet, Burgundy","795","Case of 1 Bottles","https://www.bbr.com/products-20178018748-2017-mazis-chambertin-grand-cru-domaine-denis-mortet-burgundy","1359620","20178018748"
"Domaine Joseph Faiveley","1999","Mazis-Chambertin, Grand Cru, Domaine Faiveley, Burgundy","3800","Case of 12 Bottles","https://www.bbr.com/products-19998021135-1999-mazis-chambertin-grand-cru-domaine-faiveley-burgundy","1031465","19998021135"
"Domaine Joseph Faiveley","2002","Mazis-Chambertin, Grand Cru, Domaine Faiveley, Burgundy","1600","Case of 6 Bottles","https://www.bbr.com/products-20028021135-2002-mazis-chambertin-grand-cru-domaine-faiveley-burgundy","1031465","20028021135"
"Domaine Joseph Faiveley","2010","Mazis-Chambertin, Grand Cru, Domaine Faiveley, Burgundy","1250","Case of 6 Bottles","https://www.bbr.com/products-20108021135-2010-mazis-chambertin-grand-cru-domaine-faiveley-burgundy","1031465","20108021135"
"Domaine Joseph Faiveley","2011","Mazis-Chambertin, Grand Cru, Domaine Faiveley, Burgundy","931","Case of 6 Bottles","https://www.bbr.com/products-20118021135-2011-mazis-chambertin-grand-cru-domaine-faiveley-burgundy","1031465","20118021135"
"Domaine Joseph Faiveley","2013","Mazis-Chambertin, Grand Cru, Domaine Faiveley, Burgundy","660","Case of 6 Bottles","https://www.bbr.com/products-20138021135-2013-mazis-chambertin-grand-cru-domaine-faiveley-burgundy","1031465","20138021135"
"Domaine Joseph Faiveley","2016","Mazis-Chambertin, Grand Cru, Domaine Faiveley, Burgundy","1040","Case of 6 Bottles","https://www.bbr.com/products-20168021135-2016-mazis-chambertin-grand-cru-domaine-faiveley-burgundy","1031465","20168021135"
"Domaine Joseph Faiveley","2016","Mazis-Chambertin, Grand Cru, Domaine Faiveley, Burgundy","1260","Case of 3 Magnums","https://www.bbr.com/products-20168021135-2016-mazis-chambertin-grand-cru-domaine-faiveley-burgundy","1031465","20168021135"
"Domaine Joseph Faiveley","2017","Mazis-Chambertin, Grand Cru, Domaine Faiveley, Burgundy","885","Case of 6 Bottles","https://www.bbr.com/products-20178021135-2017-mazis-chambertin-grand-cru-domaine-faiveley-burgundy","1031465","20178021135"
"Domaine Joseph Faiveley","2018","Mazis-Chambertin, Grand Cru, Domaine Faiveley, Burgundy","875","Case of 6 Bottles","https://www.bbr.com/products-20188021135-2018-mazis-chambertin-grand-cru-domaine-faiveley-burgundy","1031465","20188021135"
"Domaine Joseph Faiveley","2020","Mazis-Chambertin, Grand Cru, Domaine Faiveley, Burgundy","1100","Case of 6 Bottles","https://www.bbr.com/products-20208021135-2020-mazis-chambertin-grand-cru-domaine-faiveley-burgundy","1031465","20208021135"
"Domaine Maume","2010","Mazis-Chambertin, Grand Cru, Domaine Maume, Burgundy","1388","Case of 6 Bottles","https://www.bbr.com/products-20101046625-2010-mazis-chambertin-grand-cru-domaine-maume-burgundy","1046625","20101046625"
"Domaine Maume","2011","Mazis-Chambertin, Grand Cru, Domaine Maume, Burgundy","595","Case of 6 Bottles","https://www.bbr.com/products-20111046625-2011-mazis-chambertin-grand-cru-domaine-maume-burgundy","1046625","20111046625"
"Domaine Maume","2012","Mazis-Chambertin, Grand Cru, Domaine Maume, Burgundy","660","Case of 6 Bottles","https://www.bbr.com/products-20121046625-2012-mazis-chambertin-grand-cru-domaine-maume-burgundy","1046625","20121046625"
"Domaine Maume","2013","Mazis-Chambertin, Grand Cru, Domaine Maume, Burgundy","599","Case of 6 Bottles","https://www.bbr.com/products-20131046625-2013-mazis-chambertin-grand-cru-domaine-maume-burgundy","1046625","20131046625"
"Domaine Tawse","2016","Mazis-Chambertin, Grand Cru, Domaine Tawse, Burgundy","1095","Case of 6 Bottles","https://www.bbr.com/products-20161424102-2016-mazis-chambertin-grand-cru-domaine-tawse-burgundy","1424102","20161424102"
"Domaine Tawse","2017","Mazis-Chambertin, Grand Cru, Domaine Tawse, Burgundy","1275","Case of 6 Bottles","https://www.bbr.com/products-20171424102-2017-mazis-chambertin-grand-cru-domaine-tawse-burgundy","1424102","20171424102"
"Domaine Tawse","2018","Mazis-Chambertin, Grand Cru, Domaine Tawse, Burgundy","1100","Case of 6 Bottles","https://www.bbr.com/products-20181424102-2018-mazis-chambertin-grand-cru-domaine-tawse-burgundy","1424102","20181424102"
"Domaine Tawse","2023","Mazis-Chambertin, Grand Cru, Domaine Tawse, Burgundy","1500","Case of 6 Bottles","https://www.bbr.com/products-20231424102-2023-mazis-chambertin-grand-cru-domaine-tawse-burgundy","1424102","20231424102"
"Tortochot","2008","Mazis-Chambertin, Grand Cru, Domaine Tortochot, Burgundy","1342","Case of 12 Bottles","https://www.bbr.com/products-20088217503-2008-mazis-chambertin-grand-cru-domaine-tortochot-burgundy","1058549","20088217503"
"Tortochot","2016","Mazis-Chambertin, Grand Cru, Domaine Tortochot, Burgundy","1380","Case of 12 Bottles","https://www.bbr.com/products-20168217503-2016-mazis-chambertin-grand-cru-domaine-tortochot-burgundy","1058549","20168217503"
"Tortochot","2016","Mazis-Chambertin, Grand Cru, Domaine Tortochot, Burgundy","580","Case of 6 Bottles","https://www.bbr.com/products-20168217503-2016-mazis-chambertin-grand-cru-domaine-tortochot-burgundy","1058549","20168217503"
"Tortochot","2019","Mazis-Chambertin, Grand Cru, Domaine Tortochot, Burgundy","499","Case of 6 Bottles","https://www.bbr.com/products-20198217503-2019-mazis-chambertin-grand-cru-domaine-tortochot-burgundy","1058549","20198217503"
"Lucien Le Moine","2014","Mazis-Chambertin, Grand Cru, Lucien Le Moine, Burgundy","1846","Case of 6 Bottles","https://www.bbr.com/products-20148218656-2014-mazis-chambertin-grand-cru-lucien-le-moine-burgundy","1042672","20148218656"
"Lucien Le Moine","2015","Mazis-Chambertin, Grand Cru, Lucien Le Moine, Burgundy","2060","Case of 6 Bottles","https://www.bbr.com/products-20158218656-2015-mazis-chambertin-grand-cru-lucien-le-moine-burgundy","1042672","20158218656"
"Lucien Le Moine","2016","Mazis-Chambertin, Grand Cru, Lucien Le Moine, Burgundy","1350","Case of 6 Bottles","https://www.bbr.com/products-20168218656-2016-mazis-chambertin-grand-cru-lucien-le-moine-burgundy","1042672","20168218656"
"Lucien Le Moine","2017","Mazis-Chambertin, Grand Cru, Lucien Le Moine, Burgundy","1692","Case of 6 Bottles","https://www.bbr.com/products-20178218656-2017-mazis-chambertin-grand-cru-lucien-le-moine-burgundy","1042672","20178218656"
"Lucien Le Moine","2018","Mazis-Chambertin, Grand Cru, Lucien Le Moine, Burgundy","1918","Case of 6 Bottles","https://www.bbr.com/products-20188218656-2018-mazis-chambertin-grand-cru-lucien-le-moine-burgundy","1042672","20188218656"
"Millemann Wines","2022","Mazis-Chambertin, Grand Cru, Millemann Wines, Burgundy","6300","Case of 6 Bottles","https://www.bbr.com/products-20228179041-2022-mazis-chambertin-grand-cru-millemann-wines-burgundy","3008588","20228179041"
"Olivier Bernstein","2009","Mazis-Chambertin, Grand Cru, Olivier Bernstein, Burgundy","1750","Case of 6 Bottles","https://www.bbr.com/products-20091019780-2009-mazis-chambertin-grand-cru-olivier-bernstein-burgundy","1019780","20091019780"
"Olivier Bernstein","2009","Mazis-Chambertin, Grand Cru, Olivier Bernstein, Burgundy","1700","Case of 6 Bottles","https://www.bbr.com/products-20091019780-2009-mazis-chambertin-grand-cru-olivier-bernstein-burgundy","1019780","20091019780"
"Olivier Bernstein","2010","Mazis-Chambertin, Grand Cru, Olivier Bernstein, Burgundy","2650","Case of 6 Bottles","https://www.bbr.com/products-20101019780-2010-mazis-chambertin-grand-cru-olivier-bernstein-burgundy","1019780","20101019780"
"Olivier Bernstein","2011","Mazis-Chambertin, Grand Cru, Olivier Bernstein, Burgundy","1910","Case of 6 Bottles","https://www.bbr.com/products-20111019780-2011-mazis-chambertin-grand-cru-olivier-bernstein-burgundy","1019780","20111019780"
"Olivier Bernstein","2011","Mazis-Chambertin, Grand Cru, Olivier Bernstein, Burgundy","1700","Case of 6 Bottles","https://www.bbr.com/products-20111019780-2011-mazis-chambertin-grand-cru-olivier-bernstein-burgundy","1019780","20111019780"
"Olivier Bernstein","2011","Mazis-Chambertin, Grand Cru, Olivier Bernstein, Burgundy","1700","Case of 6 Bottles","https://www.bbr.com/products-20111019780-2011-mazis-chambertin-grand-cru-olivier-bernstein-burgundy","1019780","20111019780"
"Olivier Bernstein","2012","Mazis-Chambertin, Grand Cru, Olivier Bernstein, Burgundy","1500","Case of 6 Bottles","https://www.bbr.com/products-20121019780-2012-mazis-chambertin-grand-cru-olivier-bernstein-burgundy","1019780","20121019780"
"Olivier Bernstein","2013","Mazis-Chambertin, Grand Cru, Olivier Bernstein, Burgundy","1990","Case of 6 Bottles","https://www.bbr.com/products-20131019780-2013-mazis-chambertin-grand-cru-olivier-bernstein-burgundy","1019780","20131019780"
"Olivier Bernstein","2014","Mazis-Chambertin, Grand Cru, Olivier Bernstein, Burgundy","1650","Case of 6 Bottles","https://www.bbr.com/products-20141019780-2014-mazis-chambertin-grand-cru-olivier-bernstein-burgundy","1019780","20141019780"
"Olivier Bernstein","2015","Mazis-Chambertin, Grand Cru, Olivier Bernstein, Burgundy","1750","Case of 6 Bottles","https://www.bbr.com/products-20151019780-2015-mazis-chambertin-grand-cru-olivier-bernstein-burgundy","1019780","20151019780"
"Olivier Bernstein","2016","Mazis-Chambertin, Grand Cru, Olivier Bernstein, Burgundy","1995","Case of 6 Bottles","https://www.bbr.com/products-20161019780-2016-mazis-chambertin-grand-cru-olivier-bernstein-burgundy","1019780","20161019780"
"Olivier Bernstein","2016","Mazis-Chambertin, Grand Cru, Olivier Bernstein, Burgundy","675","Case of 1 Magnums","https://www.bbr.com/products-20161019780-2016-mazis-chambertin-grand-cru-olivier-bernstein-burgundy","1019780","20161019780"
"Olivier Bernstein","2019","Mazis-Chambertin, Grand Cru, Olivier Bernstein, Burgundy","1100","Case of 3 Bottles","https://www.bbr.com/products-20191019780-2019-mazis-chambertin-grand-cru-olivier-bernstein-burgundy","1019780","20191019780"
"Dugat-Py","2014","Mazis-Chambertin, Grand Cru, Tres Vieilles Vignes, Domaine Dugat-Py, Burgundy","2100","Case of 3 Bottles","https://www.bbr.com/products-20148121994-2014-mazis-chambertin-grand-cru-tres-vieilles-vignes-domaine-dugat-py-burgundy","1030279","20148121994"
"Domaine Jean Taupenot-Merme","2011","Mazoyeres Chambertin, Grand Cru, Domaine Taupenot-Merme, Burgundy","760","Case of 6 Bottles","https://www.bbr.com/products-20118217620-2011-mazoyeres-chambertin-grand-cru-domaine-taupenot-merme-burgundy","1058031","20118217620"
"Domaine Jean Taupenot-Merme","2013","Mazoyeres Chambertin, Grand Cru, Domaine Taupenot-Merme, Burgundy","860","Case of 6 Bottles","https://www.bbr.com/products-20138217620-2013-mazoyeres-chambertin-grand-cru-domaine-taupenot-merme-burgundy","1058031","20138217620"
"Domaine Jean Taupenot-Merme","2013","Mazoyeres Chambertin, Grand Cru, Domaine Taupenot-Merme, Burgundy","725","Case of 3 Magnums","https://www.bbr.com/products-20138217620-2013-mazoyeres-chambertin-grand-cru-domaine-taupenot-merme-burgundy","1058031","20138217620"
"Domaine Jean Taupenot-Merme","2014","Mazoyeres Chambertin, Grand Cru, Domaine Taupenot-Merme, Burgundy","902","Case of 6 Bottles","https://www.bbr.com/products-20148217620-2014-mazoyeres-chambertin-grand-cru-domaine-taupenot-merme-burgundy","1058031","20148217620"
"Domaine Jean Taupenot-Merme","2014","Mazoyeres Chambertin, Grand Cru, Domaine Taupenot-Merme, Burgundy","902","Case of 6 Bottles","https://www.bbr.com/products-20148217620-2014-mazoyeres-chambertin-grand-cru-domaine-taupenot-merme-burgundy","1058031","20148217620"
"Domaine Jean Taupenot-Merme","2015","Mazoyeres Chambertin, Grand Cru, Domaine Taupenot-Merme, Burgundy","870","Case of 6 Bottles","https://www.bbr.com/products-20158217620-2015-mazoyeres-chambertin-grand-cru-domaine-taupenot-merme-burgundy","1058031","20158217620"
"Domaine Jean Taupenot-Merme","2016","Mazoyeres Chambertin, Grand Cru, Domaine Taupenot-Merme, Burgundy","930","Case of 6 Bottles","https://www.bbr.com/products-20168217620-2016-mazoyeres-chambertin-grand-cru-domaine-taupenot-merme-burgundy","1058031","20168217620"
"Domaine Jean Taupenot-Merme","2017","Mazoyeres Chambertin, Grand Cru, Domaine Taupenot-Merme, Burgundy","1010","Case of 6 Bottles","https://www.bbr.com/products-20178217620-2017-mazoyeres-chambertin-grand-cru-domaine-taupenot-merme-burgundy","1058031","20178217620"
"Domaine Jean Taupenot-Merme","2018","Mazoyeres Chambertin, Grand Cru, Domaine Taupenot-Merme, Burgundy","902","Case of 6 Bottles","https://www.bbr.com/products-20188217620-2018-mazoyeres-chambertin-grand-cru-domaine-taupenot-merme-burgundy","1058031","20188217620"
"Domaine Jean Taupenot-Merme","2019","Mazoyeres Chambertin, Grand Cru, Domaine Taupenot-Merme, Burgundy","895","Case of 1 Jeroboam 300cl","https://www.bbr.com/products-20198217620-2019-mazoyeres-chambertin-grand-cru-domaine-taupenot-merme-burgundy","1058031","20198217620"
"Arnaud Mortet","2016","Mazoyeres-Chambertin, Grand Cru, Arnaud Mortet, Burgundy","1900","Case of 6 Bottles","https://www.bbr.com/products-20168026055-2016-mazoyeres-chambertin-grand-cru-arnaud-mortet-burgundy","1650248","20168026055"
"Arnaud Mortet","2016","Mazoyeres-Chambertin, Grand Cru, Arnaud Mortet, Burgundy","3400","Case of 3 Magnums","https://www.bbr.com/products-20168026055-2016-mazoyeres-chambertin-grand-cru-arnaud-mortet-burgundy","1650248","20168026055"
"Arnaud Mortet","2017","Mazoyeres-Chambertin, Grand Cru, Arnaud Mortet, Burgundy","1320","Case of 6 Bottles","https://www.bbr.com/products-20178026055-2017-mazoyeres-chambertin-grand-cru-arnaud-mortet-burgundy","1650248","20178026055"
"Arnaud Mortet","2018","Mazoyeres-Chambertin, Grand Cru, Arnaud Mortet, Burgundy","1550","Case of 6 Bottles","https://www.bbr.com/products-20188026055-2018-mazoyeres-chambertin-grand-cru-arnaud-mortet-burgundy","1650248","20188026055"
"Arnaud Mortet","2019","Mazoyeres-Chambertin, Grand Cru, Arnaud Mortet, Burgundy","1780","Case of 6 Bottles","https://www.bbr.com/products-20198026055-2019-mazoyeres-chambertin-grand-cru-arnaud-mortet-burgundy","1650248","20198026055"
"Benjamin Leroux","2010","Mazoyeres-Chambertin, Grand Cru, Benjamin Leroux, Burgundy","995","Case of 6 Bottles","https://www.bbr.com/products-20101043510-2010-mazoyeres-chambertin-grand-cru-benjamin-leroux-burgundy","1043510","20101043510"
"Benjamin Leroux","2011","Mazoyeres-Chambertin, Grand Cru, Benjamin Leroux, Burgundy","550","Case of 6 Bottles","https://www.bbr.com/products-20111043510-2011-mazoyeres-chambertin-grand-cru-benjamin-leroux-burgundy","1043510","20111043510"
"Benjamin Leroux","2012","Mazoyeres-Chambertin, Grand Cru, Benjamin Leroux, Burgundy","1000","Case of 6 Bottles","https://www.bbr.com/products-20121043510-2012-mazoyeres-chambertin-grand-cru-benjamin-leroux-burgundy","1043510","20121043510"
"Benjamin Leroux","2012","Mazoyeres-Chambertin, Grand Cru, Benjamin Leroux, Burgundy","800","Case of 6 Bottles","https://www.bbr.com/products-20121043510-2012-mazoyeres-chambertin-grand-cru-benjamin-leroux-burgundy","1043510","20121043510"
"Benjamin Leroux","2014","Mazoyeres-Chambertin, Grand Cru, Benjamin Leroux, Burgundy","518","Case of 3 Bottles","https://www.bbr.com/products-20141043510-2014-mazoyeres-chambertin-grand-cru-benjamin-leroux-burgundy","1043510","20141043510"
"Benjamin Leroux","2014","Mazoyeres-Chambertin, Grand Cru, Benjamin Leroux, Burgundy","525","Case of 3 Bottles","https://www.bbr.com/products-20141043510-2014-mazoyeres-chambertin-grand-cru-benjamin-leroux-burgundy","1043510","20141043510"
"Benjamin Leroux","2016","Mazoyeres-Chambertin, Grand Cru, Benjamin Leroux, Burgundy","545","Case of 3 Bottles","https://www.bbr.com/products-20161043510-2016-mazoyeres-chambertin-grand-cru-benjamin-leroux-burgundy","1043510","20161043510"
"Dugat-Py","2010","Mazoyeres-Chambertin, Grand Cru, Domaine Dugat-Py, Burgundy","3600","Case of 6 Bottles","https://www.bbr.com/products-20108121981-2010-mazoyeres-chambertin-grand-cru-domaine-dugat-py-burgundy","1030282","20108121981"
"Dugat-Py","2011","Mazoyeres-Chambertin, Grand Cru, Domaine Dugat-Py, Burgundy","1950","Case of 6 Bottles","https://www.bbr.com/products-20118121981-2011-mazoyeres-chambertin-grand-cru-domaine-dugat-py-burgundy","1030282","20118121981"
"Dugat-Py","2020","Mazoyeres-Chambertin, Grand Cru, Domaine Dugat-Py, Burgundy","1520","Case of 3 Bottles","https://www.bbr.com/products-20208121981-2020-mazoyeres-chambertin-grand-cru-domaine-dugat-py-burgundy","1030282","20208121981"
"Dugat-Py","2020","Mazoyeres-Chambertin, Grand Cru, Domaine Dugat-Py, Burgundy","3250","Case of 6 Bottles","https://www.bbr.com/products-20208121981-2020-mazoyeres-chambertin-grand-cru-domaine-dugat-py-burgundy","1030282","20208121981"
"Domaine Tawse","2018","Mazoyeres-Chambertin, Grand Cru, Domaine Tawse, Burgundy","900","Case of 6 Bottles","https://www.bbr.com/products-20181434615-2018-mazoyeres-chambertin-grand-cru-domaine-tawse-burgundy","1434615","20181434615"
"Domaine Tawse","2019","Mazoyeres-Chambertin, Grand Cru, Domaine Tawse, Burgundy","1500","Case of 6 Bottles","https://www.bbr.com/products-20191434615-2019-mazoyeres-chambertin-grand-cru-domaine-tawse-burgundy","1434615","20191434615"
"Domaine Tawse","2019","Mazoyeres-Chambertin, Grand Cru, Domaine Tawse, Burgundy","1100","Case of 6 Bottles","https://www.bbr.com/products-20191434615-2019-mazoyeres-chambertin-grand-cru-domaine-tawse-burgundy","1434615","20191434615"
"Domaine Tawse","2021","Mazoyeres-Chambertin, Grand Cru, Domaine Tawse, Burgundy","890","Case of 6 Bottles","https://www.bbr.com/products-20211434615-2021-mazoyeres-chambertin-grand-cru-domaine-tawse-burgundy","1434615","20211434615"
"Domaine Tawse","2021","Mazoyeres-Chambertin, Grand Cru, Domaine Tawse, Burgundy","650","Case of 3 Bottles","https://www.bbr.com/products-20211434615-2021-mazoyeres-chambertin-grand-cru-domaine-tawse-burgundy","1434615","20211434615"
"Domaine Perrot-Minot","2009","Mazoyeres-Chambertin, Grand Cru, Vieilles Vignes, Domaine Perrot-Minot, Burgundy","1875","Case of 6 Bottles","https://www.bbr.com/products-20098110631-2009-mazoyeres-chambertin-grand-cru-vieilles-vignes-domaine-perrot-minot-burgundy","1050963","20098110631"
"Domaine Perrot-Minot","2017","Mazoyeres-Chambertin, Grand Cru, Vieilles Vignes, Domaine Perrot-Minot, Burgundy","1800","Case of 6 Bottles","https://www.bbr.com/products-20178110631-2017-mazoyeres-chambertin-grand-cru-vieilles-vignes-domaine-perrot-minot-burgundy","1050963","20178110631"
"Domaine Armand Rousseau","2002","Mazy-Chambertin, Grand Cru, Domaine Armand Rousseau, Burgundy","1030","Case of 1 Bottles","https://www.bbr.com/products-20028015750-2002-mazy-chambertin-grand-cru-domaine-armand-rousseau-burgundy","1057148","20028015750"
"Domaine Armand Rousseau","2012","Mazy-Chambertin, Grand Cru, Domaine Armand Rousseau, Burgundy","3900","Case of 6 Bottles","https://www.bbr.com/products-20128015750-2012-mazy-chambertin-grand-cru-domaine-armand-rousseau-burgundy","1057148","20128015750"
"Domaine Frederic Esmonin","2014","Mazy-Chambertin, Grand Cru, Domaine Frederic Esmonin, Burgundy","650","Case of 6 Bottles","https://www.bbr.com/products-20148219350-2014-mazy-chambertin-grand-cru-domaine-frederic-esmonin-burgundy","1031087","20148219350"
"Domaine Henri Rebourseau","2019","Mazy-Chambertin, Grand Cru, Domaine Henri Rebourseau, Burgundy","525","Case of 3 Bottles","https://www.bbr.com/products-20198118956-2019-mazy-chambertin-grand-cru-domaine-henri-rebourseau-burgundy","1054381","20198118956"
"Domaine Henri Rebourseau","2020","Mazy-Chambertin, Grand Cru, Domaine Henri Rebourseau, Burgundy","525","Case of 3 Bottles","https://www.bbr.com/products-20208118956-2020-mazy-chambertin-grand-cru-domaine-henri-rebourseau-burgundy","1054381","20208118956"
"Domaine Henri Rebourseau","2023","Mazy-Chambertin, Grand Cru, Domaine Henri Rebourseau, Burgundy","995","Case of 3 Bottles","https://www.bbr.com/products-20238118956-2023-mazy-chambertin-grand-cru-domaine-henri-rebourseau-burgundy","1054381","20238118956"
"Domaine Joseph Roty","2010","Mazy-Chambertin, Grand Cru, Domaine Joseph Roty, Burgundy","1688","Case of 1 Double Magnums","https://www.bbr.com/products-20108120131-2010-mazy-chambertin-grand-cru-domaine-joseph-roty-burgundy","1056460","20108120131"
"Domaine Joseph Roty","2011","Mazy-Chambertin, Grand Cru, Domaine Joseph Roty, Burgundy","1170","Case of 1 Double Magnums","https://www.bbr.com/products-20118120131-2011-mazy-chambertin-grand-cru-domaine-joseph-roty-burgundy","1056460","20118120131"
"Domaine Joseph Roty","2013","Mazy-Chambertin, Grand Cru, Domaine Joseph Roty, Burgundy","1375","Case of 6 Bottles","https://www.bbr.com/products-20138120131-2013-mazy-chambertin-grand-cru-domaine-joseph-roty-burgundy","1056460","20138120131"
"Domaine Joseph Roty","2016","Mazy-Chambertin, Grand Cru, Domaine Joseph Roty, Burgundy","1888","Case of 6 Bottles","https://www.bbr.com/products-20168120131-2016-mazy-chambertin-grand-cru-domaine-joseph-roty-burgundy","1056460","20168120131"
"Meerlust Estate, Stellenbosch","2008","Meerlust, Rubicon, Stellenbosch, South Africa","395","Case of 6 Bottles","https://www.bbr.com/products-20088139272-2008-meerlust-rubicon-stellenbosch-south-africa","1130982","20088139272"
"Meerlust Estate, Stellenbosch","2010","Meerlust, Rubicon, Stellenbosch, South Africa","250","Case of 6 Bottles","https://www.bbr.com/products-20108139272-2010-meerlust-rubicon-stellenbosch-south-africa","1130982","20108139272"
"Meerlust Estate, Stellenbosch","2016","Meerlust, Rubicon, Stellenbosch, South Africa","189","Case of 6 Bottles","https://www.bbr.com/products-20168139272-2016-meerlust-rubicon-stellenbosch-south-africa","1130982","20168139272"
"Memento Mori","2021","Memento Mori, Cabernet Sauvignon, Napa Valley, California, USA","1180","Case of 3 Bottles","https://www.bbr.com/products-20218304656-2021-memento-mori-cabernet-sauvignon-napa-valley-california-usa","1426744","20218304656"
"Domaine Bruno Lorenzon","2020","Mercurey Blanc, Les Champs Martin, 1er Cru, Domaine Bruno Lorenzon, Burgundy","329","Case of 6 Bottles","https://www.bbr.com/products-20208159113-2020-mercurey-blanc-les-champs-martin-1er-cru-domaine-bruno-lorenzon-burgundy","1233377","20208159113"
"Maison Camille Giroud","2020","Mercurey, Clos Voyens, 1er Cru, Camille Giroud, Burgundy","200","Case of 6 Bottles","https://www.bbr.com/products-20208060529-2020-mercurey-clos-voyens-1er-cru-camille-giroud-burgundy","1973932","20208060529"
"Domaine Bruno Lorenzon","2019","Mercurey, Clos des Barraults, 1er Cru, Domaine Bruno Lorenzon, Burgundy","290","Case of 6 Bottles","https://www.bbr.com/products-20198236186-2019-mercurey-clos-des-barraults-1er-cru-domaine-bruno-lorenzon-burgundy","1749975","20198236186"
"Domaine Joseph Faiveley","2020","Mercurey, Clos du Roy, La Favorite, 1er Cru, Domaine Faiveley, Burgundy","250","Case of 6 Bottles","https://www.bbr.com/products-20208166670-2020-mercurey-clos-du-roy-la-favorite-1er-cru-domaine-faiveley-burgundy","1510304","20208166670"
"Le Macchiole","2018","Messorio, Le Macchiole, Tuscany, Italy","630","Case of 6 Bottles","https://www.bbr.com/products-20188214430-2018-messorio-le-macchiole-tuscany-italy","1100844","20188214430"
"Meteor Vineyard","2013","Meteor Vineyard, Special Family Reserve, Cabernet Sauvignon, Napa Valley, California, USA","499","Case of 3 Bottles","https://www.bbr.com/products-20138106641-2013-meteor-vineyard-special-family-reserve-cabernet-sauvignon-napa-valley-california-usa","1462632","20138106641"
"Domaine Fabien Coche","2020","Meursault Blanc, Domaine Fabien Coche, Burgundy","350","Case of 6 Bottles","https://www.bbr.com/products-20201064546-2020-meursault-blanc-domaine-fabien-coche-burgundy","1064546","20201064546"
"Domaine Arnaud Ente","2014","Meursault, Arnaud Ente, Burgundy","7000","Case of 6 Bottles","https://www.bbr.com/products-20141067781-2014-meursault-arnaud-ente-burgundy","1067781","20141067781"
"Domaine Arnaud Ente","2014","Meursault, Arnaud Ente, Burgundy","1950","Case of 1 Magnums","https://www.bbr.com/products-20141067781-2014-meursault-arnaud-ente-burgundy","1067781","20141067781"
"Domaine Arnaud Ente","2017","Meursault, Arnaud Ente, Burgundy","3300","Case of 6 Bottles","https://www.bbr.com/products-20171067781-2017-meursault-arnaud-ente-burgundy","1067781","20171067781"
"Domaine Arnaud Ente","2018","Meursault, Arnaud Ente, Burgundy","2750","Case of 6 Bottles","https://www.bbr.com/products-20181067781-2018-meursault-arnaud-ente-burgundy","1067781","20181067781"
"Domaine Arnaud Ente","2018","Meursault, Arnaud Ente, Burgundy","925","Case of 1 Magnums","https://www.bbr.com/products-20181067781-2018-meursault-arnaud-ente-burgundy","1067781","20181067781"
"Benjamin Leroux","2019","Meursault, Benjamin Leroux, Burgundy","350","Case of 6 Bottles","https://www.bbr.com/products-20191176711-2019-meursault-benjamin-leroux-burgundy","1176711","20191176711"
"Benjamin Leroux","2020","Meursault, Benjamin Leroux, Burgundy","290","Case of 6 Bottles","https://www.bbr.com/products-20201176711-2020-meursault-benjamin-leroux-burgundy","1176711","20201176711"
"Benjamin Leroux","2022","Meursault, Benjamin Leroux, Burgundy","450","Case of 6 Bottles","https://www.bbr.com/products-20221176711-2022-meursault-benjamin-leroux-burgundy","1176711","20221176711"
"Benjamin Leroux","2022","Meursault, Benjamin Leroux, Burgundy","420","Case of 3 Magnums","https://www.bbr.com/products-20221176711-2022-meursault-benjamin-leroux-burgundy","1176711","20221176711"
"Domaine Antoine Jobard","2014","Meursault, Blagny, 1er Cru, Domaine Antoine Jobard, Burgundy","624","Case of 6 Bottles","https://www.bbr.com/products-20141261033-2014-meursault-blagny-1er-cru-domaine-antoine-jobard-burgundy","1071348","20141261033"
"Domaine Antoine Jobard","2017","Meursault, Blagny, 1er Cru, Domaine Antoine Jobard, Burgundy","575","Case of 6 Bottles","https://www.bbr.com/products-20171261033-2017-meursault-blagny-1er-cru-domaine-antoine-jobard-burgundy","1071348","20171261033"
"Domaine Antoine Jobard","2018","Meursault, Blagny, 1er Cru, Domaine Antoine Jobard, Burgundy","450","Case of 6 Bottles","https://www.bbr.com/products-20181261033-2018-meursault-blagny-1er-cru-domaine-antoine-jobard-burgundy","1071348","20181261033"
"Domaine Antoine Jobard","2019","Meursault, Blagny, 1er Cru, Domaine Antoine Jobard, Burgundy","464","Case of 6 Bottles","https://www.bbr.com/products-20191261033-2019-meursault-blagny-1er-cru-domaine-antoine-jobard-burgundy","1071348","20191261033"
"Domaine Antoine Jobard","2020","Meursault, Blagny, 1er Cru, Domaine Antoine Jobard, Burgundy","2500","Case of 6 Bottles","https://www.bbr.com/products-20201261033-2020-meursault-blagny-1er-cru-domaine-antoine-jobard-burgundy","1071348","20201261033"
"Domaine Antoine Jobard","2023","Meursault, Blagny, 1er Cru, Domaine Antoine Jobard, Burgundy","660","Case of 6 Bottles","https://www.bbr.com/products-20231261033-2023-meursault-blagny-1er-cru-domaine-antoine-jobard-burgundy","1071348","20231261033"
"Domaine Comtesse de Cherisey ","2017","Meursault, Bois de Blagny, Domaine Comtesse de Cherisey, Burgundy","550","Case of 6 Bottles","https://www.bbr.com/products-20171528259-2017-meursault-bois-de-blagny-domaine-comtesse-de-cherisey-burgundy","1528259","20171528259"
"Domaine Ballot-Millot & Fils","2017","Meursault, Boucheres, 1er Cru, Domaine Ballot-Millot &amp; Fils, Burgundy","650","Case of 3 Magnums","https://www.bbr.com/products-20178166289-2017-meursault-boucheres-1er-cru-domaine-ballot-millot-and-fils-burgundy","1123904","20178166289"
"Domaine Antoine Jobard","2009","Meursault, Charmes, 1er Cru, Domaine Antoine Jobard, Burgundy","600","Case of 6 Bottles","https://www.bbr.com/products-20098006589-2009-meursault-charmes-1er-cru-domaine-antoine-jobard-burgundy","1071351","20098006589"
"Domaine Antoine Jobard","2014","Meursault, Charmes, 1er Cru, Domaine Antoine Jobard, Burgundy","745","Case of 6 Bottles","https://www.bbr.com/products-20148006589-2014-meursault-charmes-1er-cru-domaine-antoine-jobard-burgundy","1071351","20148006589"
"Domaine Antoine Jobard","2017","Meursault, Charmes, 1er Cru, Domaine Antoine Jobard, Burgundy","815","Case of 6 Bottles","https://www.bbr.com/products-20178006589-2017-meursault-charmes-1er-cru-domaine-antoine-jobard-burgundy","1071351","20178006589"
"Domaine Antoine Jobard","2017","Meursault, Charmes, 1er Cru, Domaine Antoine Jobard, Burgundy","280","Case of 1 Magnums","https://www.bbr.com/products-20178006589-2017-meursault-charmes-1er-cru-domaine-antoine-jobard-burgundy","1071351","20178006589"
"Domaine Antoine Jobard","2019","Meursault, Charmes, 1er Cru, Domaine Antoine Jobard, Burgundy","695","Case of 6 Bottles","https://www.bbr.com/products-20198006589-2019-meursault-charmes-1er-cru-domaine-antoine-jobard-burgundy","1071351","20198006589"
"Domaine Antoine Jobard","2020","Meursault, Charmes, 1er Cru, Domaine Antoine Jobard, Burgundy","710","Case of 6 Bottles","https://www.bbr.com/products-20208006589-2020-meursault-charmes-1er-cru-domaine-antoine-jobard-burgundy","1071351","20208006589"
"Domaine Antoine Jobard","2023","Meursault, Charmes, 1er Cru, Domaine Antoine Jobard, Burgundy","850","Case of 6 Bottles","https://www.bbr.com/products-20238006589-2023-meursault-charmes-1er-cru-domaine-antoine-jobard-burgundy","1071351","20238006589"
"Domaine Bitouzet-Prieur","2019","Meursault, Charmes, 1er Cru, Domaine Bitouzet-Prieur, Burgundy","430","Case of 6 Bottles","https://www.bbr.com/products-20198009841-2019-meursault-charmes-1er-cru-domaine-bitouzet-prieur-burgundy","1060711","20198009841"
"Domaine Bitouzet-Prieur","2020","Meursault, Charmes, 1er Cru, Domaine Bitouzet-Prieur, Burgundy","612","Case of 6 Bottles","https://www.bbr.com/products-20208009841-2020-meursault-charmes-1er-cru-domaine-bitouzet-prieur-burgundy","1060711","20208009841"
"Domaine Darviot - Perrin","2016","Meursault, Charmes, 1er Cru, Domaine Darviot-Perrin, Burgundy","780","Case of 6 Bottles","https://www.bbr.com/products-20168217040-2016-meursault-charmes-1er-cru-domaine-darviot-perrin-burgundy","1066494","20168217040"
"Domaine Henri Germain","2023","Meursault, Charmes, 1er Cru, Domaine Henri Germain &amp; Fils, Burgundy","650","Case of 6 Bottles","https://www.bbr.com/products-20238056975-2023-meursault-charmes-1er-cru-domaine-henri-germain-and-fils-burgundy","1069088","20238056975"
"Domaine Jobard-Morey","2019","Meursault, Charmes, 1er Cru, Domaine Jobard-Morey, Burgundy","670","Case of 6 Bottles","https://www.bbr.com/products-20198067863-2019-meursault-charmes-1er-cru-domaine-jobard-morey-burgundy","1445646","20198067863"
"Domaine Jobard-Morey","2020","Meursault, Charmes, 1er Cru, Domaine Jobard-Morey, Burgundy","690","Case of 6 Bottles","https://www.bbr.com/products-20208067863-2020-meursault-charmes-1er-cru-domaine-jobard-morey-burgundy","1445646","20208067863"
"Domaine Jobard-Morey","2021","Meursault, Charmes, 1er Cru, Domaine Jobard-Morey, Burgundy","690","Case of 6 Bottles","https://www.bbr.com/products-20218067863-2021-meursault-charmes-1er-cru-domaine-jobard-morey-burgundy","1445646","20218067863"
"Domaine Jobard-Morey","2022","Meursault, Charmes, 1er Cru, Domaine Jobard-Morey, Burgundy","800","Case of 6 Bottles","https://www.bbr.com/products-20228067863-2022-meursault-charmes-1er-cru-domaine-jobard-morey-burgundy","1445646","20228067863"
"Domaine des Comtes Lafon","2016","Meursault, Charmes, 1er Cru, Domaine des Comtes Lafon, Burgundy","3100","Case of 12 Bottles","https://www.bbr.com/products-20168005045-2016-meursault-charmes-1er-cru-domaine-des-comtes-lafon-burgundy","1065976","20168005045"
"Domaine des Comtes Lafon","2020","Meursault, Charmes, 1er Cru, Domaine des Comtes Lafon, Burgundy","2220","Case of 6 Bottles","https://www.bbr.com/products-20208005045-2020-meursault-charmes-1er-cru-domaine-des-comtes-lafon-burgundy","1065976","20208005045"
"Domaine des Comtes Lafon","2020","Meursault, Charmes, 1er Cru, Domaine des Comtes Lafon, Burgundy","2200","Case of 6 Bottles","https://www.bbr.com/products-20208005045-2020-meursault-charmes-1er-cru-domaine-des-comtes-lafon-burgundy","1065976","20208005045"
"Domaine des Comtes Lafon","2022","Meursault, Charmes, 1er Cru, Domaine des Comtes Lafon, Burgundy","1750","Case of 3 Magnums","https://www.bbr.com/products-20228005045-2022-meursault-charmes-1er-cru-domaine-des-comtes-lafon-burgundy","1065976","20228005045"
"Maison Joseph Drouhin","2015","Meursault, Charmes, 1er Cru, Joseph Drouhin, Burgundy","510","Case of 6 Bottles","https://www.bbr.com/products-20158019035-2015-meursault-charmes-1er-cru-joseph-drouhin-burgundy","1067361","20158019035"
"Domaine Joseph Faiveley","2013","Meursault, Charmes, 1er Cru, Joseph Faiveley, Burgundy","1000","Case of 6 Bottles","https://www.bbr.com/products-20138021177-2013-meursault-charmes-1er-cru-joseph-faiveley-burgundy","1067983","20138021177"
"Domaine Joseph Faiveley","2014","Meursault, Charmes, 1er Cru, Joseph Faiveley, Burgundy","800","Case of 6 Bottles","https://www.bbr.com/products-20148021177-2014-meursault-charmes-1er-cru-joseph-faiveley-burgundy","1067983","20148021177"
"Domaine Joseph Faiveley","2018","Meursault, Charmes, 1er Cru, Joseph Faiveley, Burgundy","550","Case of 6 Bottles","https://www.bbr.com/products-20188021177-2018-meursault-charmes-1er-cru-joseph-faiveley-burgundy","1067983","20188021177"
"Maison Pierre-Yves Colin-Morey","2018","Meursault, Charmes, 1er Cru, Pierre-Yves Colin-Morey, Burgundy","1575","Case of 3 Magnums","https://www.bbr.com/products-20188119719-2018-meursault-charmes-1er-cru-pierre-yves-colin-morey-burgundy","1065602","20188119719"
"Laurent Ponsot SAS","2018","Meursault, Charmes, Cuvee de la Centauree, 1er Cru, Laurent Ponsot, Burgundy","650","Case of 6 Bottles","https://www.bbr.com/products-20188146003-2018-meursault-charmes-cuvee-de-la-centauree-1er-cru-laurent-ponsot-burgundy","1628832","20188146003"
"Laurent Ponsot SAS","2019","Meursault, Charmes, Cuvee de la Centauree, 1er Cru, Laurent Ponsot, Burgundy","820","Case of 6 Bottles","https://www.bbr.com/products-20198146003-2019-meursault-charmes-cuvee-de-la-centauree-1er-cru-laurent-ponsot-burgundy","1628832","20198146003"
"Domaine Henri Darnat","2010","Meursault, Clos Richemont, 1er Cru, Domaine Henri Darnat, Burgundy","1188","Case of 12 Bottles","https://www.bbr.com/products-20108211598-2010-meursault-clos-richemont-1er-cru-domaine-henri-darnat-burgundy","1142460","20108211598"
"Domaine des Comtes Lafon","2018","Meursault, Clos de la Barre, Domaine des Comtes Lafon, Burgundy","1190","Case of 6 Bottles","https://www.bbr.com/products-20181065963-2018-meursault-clos-de-la-barre-domaine-des-comtes-lafon-burgundy","1065963","20181065963"
"Domaine Arnaud Ente","2010","Meursault, Clos des Ambres, Arnaud Ente, Burgundy","1800","Case of 1 Magnums","https://www.bbr.com/products-20101132449-2010-meursault-clos-des-ambres-arnaud-ente-burgundy","1132449","20101132449"
"Domaine Arnaud Ente","2013","Meursault, Clos des Ambres, Arnaud Ente, Burgundy","3600","Case of 6 Bottles","https://www.bbr.com/products-20131132449-2013-meursault-clos-des-ambres-arnaud-ente-burgundy","1132449","20131132449"
"Domaine Arnaud Ente","2015","Meursault, Clos des Ambres, Arnaud Ente, Burgundy","1050","Case of 1 Magnums","https://www.bbr.com/products-20151132449-2015-meursault-clos-des-ambres-arnaud-ente-burgundy","1132449","20151132449"
"Domaine Roulot","2020","Meursault, Clos des Boucheres, 1er Cru, Domaine Roulot, Burgundy","695","Case of 1 Bottles","https://www.bbr.com/products-20208119171-2020-meursault-clos-des-boucheres-1er-cru-domaine-roulot-burgundy","1361371","20208119171"
"Domaine Albert Grivault","2021","Meursault, Clos des Perrieres, 1er Cru, Albert Grivault, Burgundy","900","Case of 6 Bottles","https://www.bbr.com/products-20218162799-2021-meursault-clos-des-perrieres-1er-cru-albert-grivault-burgundy","1174586","20218162799"
"Domaine Bitouzet-Prieur","2017","Meursault, Clos du Cromin, Domaine Bitouzet-Prieur, Burgundy","270","Case of 6 Bottles","https://www.bbr.com/products-20178029548-2017-meursault-clos-du-cromin-domaine-bitouzet-prieur-burgundy","1282838","20178029548"
"Domaine Bitouzet-Prieur","2020","Meursault, Clos du Cromin, Domaine Bitouzet-Prieur, Burgundy","290","Case of 6 Bottles","https://www.bbr.com/products-20208029548-2020-meursault-clos-du-cromin-domaine-bitouzet-prieur-burgundy","1282838","20208029548"
"Domaine Albert Grivault","2021","Meursault, Clos du Murger, Domaine Albert Grivault, Burgundy","360","Case of 6 Bottles","https://www.bbr.com/products-20218401717-2021-meursault-clos-du-murger-domaine-albert-grivault-burgundy","1334784","20218401717"
"Domaine Fabien Coche","2021","Meursault, Clos du Pre de Manche, Domaine Fabien Coche, Burgundy","375","Case of 6 Bottles","https://www.bbr.com/products-20218148528-2021-meursault-clos-du-pre-de-manche-domaine-fabien-coche-burgundy","8148528","20218148528"
"Hospices de Beaune","2019","Meursault, Cuvee Goureau, Domaine de Montille, Hospices de Beaune, Burgundy","2000","Case of 6 Bottles","https://www.bbr.com/products-20198154570-2019-meursault-cuvee-goureau-domaine-de-montille-hospices-de-beaune-burgundy","","20198154570"
"Domaine Patrick Javillier","2013","Meursault, Cuvee Tete de Murger, Patrick Javillier, Burgundy","735","Case of 12 Bottles","https://www.bbr.com/products-20138013756-2013-meursault-cuvee-tete-de-murger-patrick-javillier-burgundy","1071205","20138013756"
"Domaine Patrick Javillier","2016","Meursault, Cuvee Tete de Murger, Patrick Javillier, Burgundy","380","Case of 6 Bottles","https://www.bbr.com/products-20168013756-2016-meursault-cuvee-tete-de-murger-patrick-javillier-burgundy","1071205","20168013756"
"Domaine Patrick Javillier","2020","Meursault, Cuvee Tete de Murger, Patrick Javillier, Burgundy","405","Case of 6 Bottles","https://www.bbr.com/products-20208013756-2020-meursault-cuvee-tete-de-murger-patrick-javillier-burgundy","1071205","20208013756"
"Domaine Patrick Javillier","2021","Meursault, Cuvee Tete de Murger, Patrick Javillier, Burgundy","499","Case of 6 Bottles","https://www.bbr.com/products-20218013756-2021-meursault-cuvee-tete-de-murger-patrick-javillier-burgundy","1071205","20218013756"
"Laurent Ponsot SAS","2019","Meursault, Cuvee des Pandorea, Laurent Ponsot, Burgundy","315","Case of 6 Bottles","https://www.bbr.com/products-20198243047-2019-meursault-cuvee-des-pandorea-laurent-ponsot-burgundy","1646160","20198243047"
"Domaine Antoine Jobard","2020","Meursault, Domaine Antoine Jobard, Burgundy","335","Case of 6 Bottles","https://www.bbr.com/products-20201261046-2020-meursault-domaine-antoine-jobard-burgundy","1071322","20201261046"
"Domaine Antoine Jobard","2022","Meursault, Domaine Antoine Jobard, Burgundy","360","Case of 6 Bottles","https://www.bbr.com/products-20221261046-2022-meursault-domaine-antoine-jobard-burgundy","1071322","20221261046"
"Domaine Ballot-Millot & Fils","2022","Meursault, Domaine Ballot Millot & Fils, Burgundy","450","Case of 6 Bottles","https://www.bbr.com/products-20228208303-2022-meursault-domaine-ballot-millot-fils-burgundy","1231692","20228208303"
"Domaine Ballot-Millot & Fils","2023","Meursault, Domaine Ballot Millot &amp; Fils, Burgundy","390","Case of 6 Bottles","https://www.bbr.com/products-20238208303-2023-meursault-domaine-ballot-millot-and-fils-burgundy","1231692","20238208303"
"Domaine Boisson-Vadot","2014","Meursault, Domaine Boisson-Vadot, Burgundy","1600","Case of 12 Bottles","https://www.bbr.com/products-20148208273-2014-meursault-domaine-boisson-vadot-burgundy","1232019","20148208273"
"Domaine Coche-Dury","2018","Meursault, Domaine Coche-Dury, Burgundy","6750","Case of 12 Bottles","https://www.bbr.com/products-20188119852-2018-meursault-domaine-coche-dury-burgundy","1064719","20188119852"
"Domaine Antoine Jobard","1995","Meursault, Domaine Francois Jobard, Burgundy","1200","Case of 12 Bottles","https://www.bbr.com/products-19951261046-1995-meursault-domaine-francois-jobard-burgundy","1071322","19951261046"
"Domaine Henri Germain","2020","Meursault, Domaine Henri Germain & Fils, Burgundy","900","Case of 12 Bottles","https://www.bbr.com/products-20208062350-2020-meursault-domaine-henri-germain-fils-burgundy","1069075","20208062350"
"Domaine Henri Germain","2021","Meursault, Domaine Henri Germain & Fils, Burgundy","350","Case of 6 Bottles","https://www.bbr.com/products-20218062350-2021-meursault-domaine-henri-germain-fils-burgundy","1069075","20218062350"
"Domaine Henri Germain","2022","Meursault, Domaine Henri Germain & Fils, Burgundy","290","Case of 6 Bottles","https://www.bbr.com/products-20228062350-2022-meursault-domaine-henri-germain-fils-burgundy","1069075","20228062350"
"Domaine Jobard-Morey","2020","Meursault, Domaine Jobard-Morey, Burgundy","560","Case of 6 Bottles","https://www.bbr.com/products-20208067980-2020-meursault-domaine-jobard-morey-burgundy","1445675","20208067980"
"Domaine Jobard-Morey","2022","Meursault, Domaine Jobard-Morey, Burgundy","405","Case of 6 Bottles","https://www.bbr.com/products-20228067980-2022-meursault-domaine-jobard-morey-burgundy","1445675","20228067980"
"Domaine Lafouge","2021","Meursault, Domaine Lafouge, Burgundy","225","Case of 6 Bottles","https://www.bbr.com/products-20218057914-2021-meursault-domaine-lafouge-burgundy","1517635","20218057914"
"Domaine Michel Lafarge","2019","Meursault, Domaine Michel Lafarge, Burgundy","300","Case of 6 Bottles","https://www.bbr.com/products-20191071931-2019-meursault-domaine-michel-lafarge-burgundy","1071931","20191071931"
"Philippe Pacalet","2017","Meursault, Domaine Philippe Pacalet, Burgundy","1038","Case of 12 Bottles","https://www.bbr.com/products-20178052081-2017-meursault-domaine-philippe-pacalet-burgundy","1077597","20178052081"
"Philippe Pacalet","2018","Meursault, Domaine Philippe Pacalet, Burgundy","1263","Case of 12 Bottles","https://www.bbr.com/products-20188052081-2018-meursault-domaine-philippe-pacalet-burgundy","1077597","20188052081"
"Domaine Roulot","2021","Meursault, Domaine Roulot, Burgundy","1650","Case of 6 Bottles","https://www.bbr.com/products-20211079982-2021-meursault-domaine-roulot-burgundy","1079982","20211079982"
"Domaine des Comtes Lafon","2013","Meursault, Domaine des Comtes Lafon, Burgundy","2280","Case of 12 Bottles","https://www.bbr.com/products-20131065950-2013-meursault-domaine-des-comtes-lafon-burgundy","1065950","20131065950"
"Domaine des Comtes Lafon","2015","Meursault, Domaine des Comtes Lafon, Burgundy","2280","Case of 12 Bottles","https://www.bbr.com/products-20151065950-2015-meursault-domaine-des-comtes-lafon-burgundy","1065950","20151065950"
"Domaine des Comtes Lafon","2018","Meursault, Domaine des Comtes Lafon, Burgundy","1000","Case of 6 Bottles","https://www.bbr.com/products-20181065950-2018-meursault-domaine-des-comtes-lafon-burgundy","1065950","20181065950"
"Domaine des Comtes Lafon","2020","Meursault, Domaine des Comtes Lafon, Burgundy","1100","Case of 3 Magnums","https://www.bbr.com/products-20201065950-2020-meursault-domaine-des-comtes-lafon-burgundy","1065950","20201065950"
"Domaine des Comtes Lafon","2021","Meursault, Domaine des Comtes Lafon, Burgundy","1000","Case of 6 Bottles","https://www.bbr.com/products-20211065950-2021-meursault-domaine-des-comtes-lafon-burgundy","1065950","20211065950"
"Dominique Lafon","2015","Meursault, Dominique Lafon, Burgundy","930","Case of 12 Bottles","https://www.bbr.com/products-20151071973-2015-meursault-dominique-lafon-burgundy","1071973","20151071973"
"Dominique Lafon","2017","Meursault, Dominique Lafon, Burgundy","800","Case of 12 Bottles","https://www.bbr.com/products-20171071973-2017-meursault-dominique-lafon-burgundy","1071973","20171071973"
"Dominique Lafon","2021","Meursault, Dominique Lafon, Burgundy","550","Case of 6 Bottles","https://www.bbr.com/products-20211071973-2021-meursault-dominique-lafon-burgundy","1071973","20211071973"
"Dominique Lafon","2022","Meursault, Dominique Lafon, Burgundy","455","Case of 6 Bottles","https://www.bbr.com/products-20221071973-2022-meursault-dominique-lafon-burgundy","1071973","20221071973"
"Domaine des Comtes Lafon","2014","Meursault, Desiree, Domaine des Comtes Lafon, Burgundy","2450","Case of 12 Bottles","https://www.bbr.com/products-20148005003-2014-meursault-desiree-domaine-des-comtes-lafon-burgundy","1065992","20148005003"
"Domaine des Comtes Lafon","2018","Meursault, Desiree, Domaine des Comtes Lafon, Burgundy","1050","Case of 6 Bottles","https://www.bbr.com/products-20188005003-2018-meursault-desiree-domaine-des-comtes-lafon-burgundy","1065992","20188005003"
"Domaine des Comtes Lafon","2021","Meursault, Desiree, Domaine des Comtes Lafon, Burgundy","960","Case of 6 Bottles","https://www.bbr.com/products-20218005003-2021-meursault-desiree-domaine-des-comtes-lafon-burgundy","1065992","20218005003"
"Boyer-Martenot","2019","Meursault, En L'Ormeau, Yves Boyer-Martenot, Burgundy","570","Case of 12 Bottles","https://www.bbr.com/products-20198217242-2019-meursault-en-l-ormeau-yves-boyer-martenot-burgundy","1062630","20198217242"
"Domaine Antoine Jobard","2012","Meursault, En la Barre, Domaine Antoine Jobard, Burgundy","400","Case of 6 Bottles","https://www.bbr.com/products-20121232888-2012-meursault-en-la-barre-domaine-antoine-jobard-burgundy","1071335","20121232888"
"Domaine Antoine Jobard","2018","Meursault, En la Barre, Domaine Antoine Jobard, Burgundy","445","Case of 6 Bottles","https://www.bbr.com/products-20181232888-2018-meursault-en-la-barre-domaine-antoine-jobard-burgundy","1071335","20181232888"
"Domaine Antoine Jobard","2019","Meursault, En la Barre, Domaine Antoine Jobard, Burgundy","595","Case of 6 Bottles","https://www.bbr.com/products-20191232888-2019-meursault-en-la-barre-domaine-antoine-jobard-burgundy","1071335","20191232888"
"Domaine Antoine Jobard","2019","Meursault, En la Barre, Domaine Antoine Jobard, Burgundy","600","Case of 6 Bottles","https://www.bbr.com/products-20191232888-2019-meursault-en-la-barre-domaine-antoine-jobard-burgundy","1071335","20191232888"
"Benjamin Leroux","2016","Meursault, Genevrieres, 1er Cru, Benjamin Leroux, Burgundy","780","Case of 6 Bottles","https://www.bbr.com/products-20168017741-2016-meursault-genevrieres-1er-cru-benjamin-leroux-burgundy","1362684","20168017741"
"Domaine Antoine Jobard","2023","Meursault, Genevrieres, 1er Cru, Domaine Antoine Jobard, Burgundy","1800","Case of 6 Bottles","https://www.bbr.com/products-20238006576-2023-meursault-genevrieres-1er-cru-domaine-antoine-jobard-burgundy","1071380","20238006576"
"Domaine Ballot-Millot & Fils","2018","Meursault, Genevrieres, 1er Cru, Domaine Ballot Millot & Fils, Burgundy","850","Case of 6 Bottles","https://www.bbr.com/products-20188224709-2018-meursault-genevrieres-1er-cru-domaine-ballot-millot-fils-burgundy","1123887","20188224709"
"Domaine Ballot-Millot & Fils","2022","Meursault, Genevrieres, 1er Cru, Domaine Ballot Millot & Fils, Burgundy","950","Case of 6 Bottles","https://www.bbr.com/products-20228224709-2022-meursault-genevrieres-1er-cru-domaine-ballot-millot-fils-burgundy","1123887","20228224709"
"Domaine Ballot-Millot & Fils","2016","Meursault, Genevrieres, 1er Cru, Domaine Ballot Millot &amp; Fils, Burgundy","725","Case of 6 Bottles","https://www.bbr.com/products-20168224709-2016-meursault-genevrieres-1er-cru-domaine-ballot-millot-and-fils-burgundy","1123887","20168224709"
"Bouchard Pere & Fils","2014","Meursault, Genevrieres, 1er Cru, Domaine Bouchard Pere & Fils, Burgundy","850","Case of 6 Bottles","https://www.bbr.com/products-20148020037-2014-meursault-genevrieres-1er-cru-domaine-bouchard-pere-fils-burgundy","1062092","20148020037"
"Bouchard Pere & Fils","2016","Meursault, Genevrieres, 1er Cru, Domaine Bouchard Pere &amp; Fils, Burgundy","420","Case of 6 Bottles","https://www.bbr.com/products-20168020037-2016-meursault-genevrieres-1er-cru-domaine-bouchard-pere-and-fils-burgundy","1062092","20168020037"
"Bouchard Pere & Fils","2017","Meursault, Genevrieres, 1er Cru, Domaine Bouchard Pere &amp; Fils, Burgundy","450","Case of 1 Jeroboam 300cl","https://www.bbr.com/products-20178020037-2017-meursault-genevrieres-1er-cru-domaine-bouchard-pere-and-fils-burgundy","1062092","20178020037"
"Bouchard Pere & Fils","2020","Meursault, Genevrieres, 1er Cru, Domaine Bouchard Pere &amp; Fils, Burgundy","425","Case of 6 Bottles","https://www.bbr.com/products-20208020037-2020-meursault-genevrieres-1er-cru-domaine-bouchard-pere-and-fils-burgundy","1062092","20208020037"
"Bouchard Pere & Fils","2020","Meursault, Genevrieres, 1er Cru, Domaine Bouchard Pere &amp; Fils, Burgundy","680","Case of 6 Bottles","https://www.bbr.com/products-20208020037-2020-meursault-genevrieres-1er-cru-domaine-bouchard-pere-and-fils-burgundy","1062092","20208020037"
"Bouchard Pere & Fils","2022","Meursault, Genevrieres, 1er Cru, Domaine Bouchard Pere &amp; Fils, Burgundy","800","Case of 6 Bottles","https://www.bbr.com/products-20228020037-2022-meursault-genevrieres-1er-cru-domaine-bouchard-pere-and-fils-burgundy","1062092","20228020037"
"Domaine Coche-Dury","2012","Meursault, Genevrieres, 1er Cru, Domaine Coche-Dury, Burgundy","2200","Case of 1 Bottles","https://www.bbr.com/products-20128119823-2012-meursault-genevrieres-1er-cru-domaine-coche-dury-burgundy","1064777","20128119823"
"Domaine Coche-Dury","2013","Meursault, Genevrieres, 1er Cru, Domaine Coche-Dury, Burgundy","2300","Case of 1 Bottles","https://www.bbr.com/products-20138119823-2013-meursault-genevrieres-1er-cru-domaine-coche-dury-burgundy","1064777","20138119823"
"Domaine Remi Jobard","2020","Meursault, Genevrieres, 1er Cru, Domaine Remi Jobard, Burgundy","490","Case of 6 Bottles","https://www.bbr.com/products-20208232494-2020-meursault-genevrieres-1er-cru-domaine-remi-jobard-burgundy","1071625","20208232494"
"Maison Joseph Drouhin","2018","Meursault, Genevrieres, 1er Cru, Joseph Drouhin, Burgundy","542","Case of 6 Bottles","https://www.bbr.com/products-20188054955-2018-meursault-genevrieres-1er-cru-joseph-drouhin-burgundy","1432464","20188054955"
"Maison Joseph Drouhin","2018","Meursault, Genevrieres, 1er Cru, Joseph Drouhin, Burgundy","536","Case of 3 Magnums","https://www.bbr.com/products-20188054955-2018-meursault-genevrieres-1er-cru-joseph-drouhin-burgundy","1432464","20188054955"
"Lucien Le Moine","2018","Meursault, Genevrieres, 1er Cru, Lucien Le Moine, Burgundy","960","Case of 6 Bottles","https://www.bbr.com/products-20188216809-2018-meursault-genevrieres-1er-cru-lucien-le-moine-burgundy","1073270","20188216809"
"Philippe Pacalet","2019","Meursault, Genevrieres, 1er Cru, Philippe Pacalet, Burgundy","2180","Case of 12 Bottles","https://www.bbr.com/products-20198148182-2019-meursault-genevrieres-1er-cru-philippe-pacalet-burgundy","2085371","20198148182"
"Benjamin Leroux","2014","Meursault, Genevrieres-Dessus, 1er Cru, Benjamin Leroux, Burgundy","835","Case of 6 Bottles","https://www.bbr.com/products-20148017901-2014-meursault-genevrieres-dessus-1er-cru-benjamin-leroux-burgundy","1362684","20148017901"
"Benjamin Leroux","2017","Meursault, Genevrieres-Dessus, 1er Cru, Benjamin Leroux, Burgundy","300","Case of 1 Magnums","https://www.bbr.com/products-20178017901-2017-meursault-genevrieres-dessus-1er-cru-benjamin-leroux-burgundy","1362684","20178017901"
"Benjamin Leroux","2019","Meursault, Genevrieres-Dessus, 1er Cru, Benjamin Leroux, Burgundy","500","Case of 1 Magnums","https://www.bbr.com/products-20198017901-2019-meursault-genevrieres-dessus-1er-cru-benjamin-leroux-burgundy","1362684","20198017901"
"Benjamin Leroux","2020","Meursault, Genevrieres-Dessus, 1er Cru, Benjamin Leroux, Burgundy","258","Case of 1 Magnums","https://www.bbr.com/products-20208017901-2020-meursault-genevrieres-dessus-1er-cru-benjamin-leroux-burgundy","1362684","20208017901"
"Benjamin Leroux","2022","Meursault, Genevrieres-Dessus, 1er Cru, Benjamin Leroux, Burgundy","304","Case of 1 Magnums","https://www.bbr.com/products-20228017901-2022-meursault-genevrieres-dessus-1er-cru-benjamin-leroux-burgundy","1362684","20228017901"
"Domaine des Comtes Lafon","2014","Meursault, Goutte d'Or, 1er Cru, Domaine des Comtes Lafon, Burgundy","4515","Case of 12 Bottles","https://www.bbr.com/products-20141066016-2014-meursault-goutte-d-or-1er-cru-domaine-des-comtes-lafon-burgundy","1066016","20141066016"
"Domaine des Comtes Lafon","2018","Meursault, Goutte d'Or, 1er Cru, Domaine des Comtes Lafon, Burgundy","1750","Case of 6 Bottles","https://www.bbr.com/products-20181066016-2018-meursault-goutte-d-or-1er-cru-domaine-des-comtes-lafon-burgundy","1066016","20181066016"
"Jean-Philippe Fichet","2017","Meursault, Jean-Philippe Fichet, Burgundy","420","Case of 6 Bottles","https://www.bbr.com/products-20171068371-2017-meursault-jean-philippe-fichet-burgundy","1068371","20171068371"
"Jean-Philippe Fichet","2020","Meursault, Jean-Philippe Fichet, Burgundy","528","Case of 12 Bottles","https://www.bbr.com/products-20201068371-2020-meursault-jean-philippe-fichet-burgundy","1068371","20201068371"
"Jean-Philippe Fichet","2022","Meursault, Jean-Philippe Fichet, Burgundy","350","Case of 6 Bottles","https://www.bbr.com/products-20221068371-2022-meursault-jean-philippe-fichet-burgundy","1068371","20221068371"
"Jerome Galeyrand","2023","Meursault, Jerome Galeyrand, Burgundy","500","Case of 6 Bottles","https://www.bbr.com/products-20238328221-2023-meursault-jerome-galeyrand-burgundy","3109982","20238328221"
"Jerome Galeyrand","2023","Meursault, Jerome Galeyrand, Burgundy","500","Case of 1 Jeroboam 300cl","https://www.bbr.com/products-20238328221-2023-meursault-jerome-galeyrand-burgundy","3109982","20238328221"
"Domaine Fabien Coche","2021","Meursault, L'Ormeau, Domaine Fabien Coche, Burgundy","400","Case of 6 Bottles","https://www.bbr.com/products-20211064605-2021-meursault-l-ormeau-domaine-fabien-coche-burgundy","1064605","20211064605"
"Domaine Arnaud Ente","2006","Meursault, La Goutte d'Or, 1er Cru, Arnaud Ente, Burgundy","13800","Case of 12 Bottles","https://www.bbr.com/products-20061067808-2006-meursault-la-goutte-d-or-1er-cru-arnaud-ente-burgundy","1067808","20061067808"
"Benjamin Leroux","2016","Meursault, La Piece Sous le Bois, 1er Cru, Benjamin Leroux, Burgundy","380","Case of 6 Bottles","https://www.bbr.com/products-20168025205-2016-meursault-la-piece-sous-le-bois-1er-cru-benjamin-leroux-burgundy","1437818","20168025205"
"Benjamin Leroux","2018","Meursault, La Piece Sous le Bois, 1er Cru, Benjamin Leroux, Burgundy","495","Case of 6 Bottles","https://www.bbr.com/products-20188025205-2018-meursault-la-piece-sous-le-bois-1er-cru-benjamin-leroux-burgundy","1437818","20188025205"
"Benjamin Leroux","2019","Meursault, La Piece Sous le Bois, 1er Cru, Benjamin Leroux, Burgundy","380","Case of 6 Bottles","https://www.bbr.com/products-20198025205-2019-meursault-la-piece-sous-le-bois-1er-cru-benjamin-leroux-burgundy","1437818","20198025205"
"Benjamin Leroux","2020","Meursault, La Piece Sous le Bois, 1er Cru, Benjamin Leroux, Burgundy","475","Case of 6 Bottles","https://www.bbr.com/products-20208025205-2020-meursault-la-piece-sous-le-bois-1er-cru-benjamin-leroux-burgundy","1437818","20208025205"
"Benjamin Leroux","2021","Meursault, La Piece Sous le Bois, 1er Cru, Benjamin Leroux, Burgundy","432","Case of 6 Bottles","https://www.bbr.com/products-20218025205-2021-meursault-la-piece-sous-le-bois-1er-cru-benjamin-leroux-burgundy","1437818","20218025205"
"Benjamin Leroux","2022","Meursault, La Piece Sous le Bois, 1er Cru, Benjamin Leroux, Burgundy","795","Case of 6 Bottles","https://www.bbr.com/products-20228025205-2022-meursault-la-piece-sous-le-bois-1er-cru-benjamin-leroux-burgundy","1437818","20228025205"
"Benjamin Leroux","2023","Meursault, La Piece Sous le Bois, 1er Cru, Benjamin Leroux, Burgundy","639","Case of 6 Bottles","https://www.bbr.com/products-20238025205-2023-meursault-la-piece-sous-le-bois-1er-cru-benjamin-leroux-burgundy","1437818","20238025205"
"Domaine Robert Ampeau","2002","Meursault, La Piece Sous le Bois, 1er Cru, Robert Ampeau &amp; Fils, Burgundy","760","Case of 6 Bottles","https://www.bbr.com/products-20028170543-2002-meursault-la-piece-sous-le-bois-1er-cru-robert-ampeau-and-fils-burgundy","1059894","20028170543"
"Benjamin Leroux","2019","Meursault, La Piece Sous le Bois, Cuvee LX, 1er Cru, Benjamin Leroux, Burgundy","180","Case of 1 Magnums","https://www.bbr.com/products-20198227999-2019-meursault-la-piece-sous-le-bois-cuvee-lx-1er-cru-benjamin-leroux-burgundy","","20198227999"
"Benjamin Leroux","2020","Meursault, La Piece Sous le Bois, Cuvee LX, 1er Cru, Benjamin Leroux, Burgundy","185","Case of 1 Magnums","https://www.bbr.com/products-20208227999-2020-meursault-la-piece-sous-le-bois-cuvee-lx-1er-cru-benjamin-leroux-burgundy","","20208227999"
"Alvina Pernot","2022","Meursault, La Piece sous le Bois, 1er Cru, Alvina Pernot, Burgundy","450","Case of 3 Bottles","https://www.bbr.com/products-20228064426-2022-meursault-la-piece-sous-le-bois-1er-cru-alvina-pernot-burgundy","1905003","20228064426"
"Domaine Arnaud Ente","2009","Meursault, La Seve du Clos, Arnaud Ente, Burgundy","5700","Case of 6 Bottles","https://www.bbr.com/products-20091138353-2009-meursault-la-seve-du-clos-arnaud-ente-burgundy","1138353","20091138353"
"Domaine Michel Bouzereau","2021","Meursault, Le Limozin, Michel Bouzereau &amp; Fils, Burgundy","378","Case of 6 Bottles","https://www.bbr.com/products-20211062412-2021-meursault-le-limozin-michel-bouzereau-and-fils-burgundy","1062412","20211062412"
"Jean-Philippe Fichet","2021","Meursault, Le Meix Sous Le Chateau, Jean-Philippe Fichet, Burgundy","300","Case of 6 Bottles","https://www.bbr.com/products-20211068427-2021-meursault-le-meix-sous-le-chateau-jean-philippe-fichet-burgundy","1068427","20211068427"
"Benjamin Leroux","2017","Meursault, Le Porusot, 1er Cru, Benjamin Leroux, Burgundy","618","Case of 6 Bottles","https://www.bbr.com/products-20178025175-2017-meursault-le-porusot-1er-cru-benjamin-leroux-burgundy","1152478","20178025175"
"Benjamin Leroux","2019","Meursault, Le Porusot, 1er Cru, Benjamin Leroux, Burgundy","600","Case of 6 Bottles","https://www.bbr.com/products-20198025175-2019-meursault-le-porusot-1er-cru-benjamin-leroux-burgundy","1152478","20198025175"
"Benjamin Leroux","2020","Meursault, Le Porusot, 1er Cru, Benjamin Leroux, Burgundy","670","Case of 6 Bottles","https://www.bbr.com/products-20208025175-2020-meursault-le-porusot-1er-cru-benjamin-leroux-burgundy","1152478","20208025175"
"Domaine Remi Jobard","2019","Meursault, Le Poruzot-Dessus, 1er Cru, Domaine Remi Jobard, Burgundy","665","Case of 6 Bottles","https://www.bbr.com/products-20198059077-2019-meursault-le-poruzot-dessus-1er-cru-domaine-remi-jobard-burgundy","1071683","20198059077"
"Domaine Remi Jobard","2020","Meursault, Le Poruzot-Dessus, 1er Cru, Domaine Remi Jobard, Burgundy","620","Case of 6 Bottles","https://www.bbr.com/products-20208059077-2020-meursault-le-poruzot-dessus-1er-cru-domaine-remi-jobard-burgundy","1071683","20208059077"
"Jean-Philippe Fichet","2011","Meursault, Le Tesson, Jean-Philippe Fichet, Burgundy","398","Case of 6 Bottles","https://www.bbr.com/products-20118010423-2011-meursault-le-tesson-jean-philippe-fichet-burgundy","1068430","20118010423"
"Jean-Philippe Fichet","2015","Meursault, Le Tesson, Jean-Philippe Fichet, Burgundy","475","Case of 6 Bottles","https://www.bbr.com/products-20158010423-2015-meursault-le-tesson-jean-philippe-fichet-burgundy","1068430","20158010423"
"Jean-Philippe Fichet","2016","Meursault, Le Tesson, Jean-Philippe Fichet, Burgundy","360","Case of 6 Bottles","https://www.bbr.com/products-20168010423-2016-meursault-le-tesson-jean-philippe-fichet-burgundy","1068430","20168010423"
"Jean-Philippe Fichet","2017","Meursault, Le Tesson, Jean-Philippe Fichet, Burgundy","320","Case of 6 Bottles","https://www.bbr.com/products-20178010423-2017-meursault-le-tesson-jean-philippe-fichet-burgundy","1068430","20178010423"
"Jean-Philippe Fichet","2018","Meursault, Le Tesson, Jean-Philippe Fichet, Burgundy","336","Case of 6 Bottles","https://www.bbr.com/products-20188010423-2018-meursault-le-tesson-jean-philippe-fichet-burgundy","1068430","20188010423"
"Jean-Philippe Fichet","2019","Meursault, Le Tesson, Jean-Philippe Fichet, Burgundy","315","Case of 6 Bottles","https://www.bbr.com/products-20198010423-2019-meursault-le-tesson-jean-philippe-fichet-burgundy","1068430","20198010423"
"Jean-Philippe Fichet","2020","Meursault, Le Tesson, Jean-Philippe Fichet, Burgundy","430","Case of 6 Bottles","https://www.bbr.com/products-20208010423-2020-meursault-le-tesson-jean-philippe-fichet-burgundy","1068430","20208010423"
"Arnaud Baillot","2021","Meursault, Les Boucheres, 1er Cru, Arnaud Baillot, Burgundy","468","Case of 6 Bottles","https://www.bbr.com/products-20218241391-2021-meursault-les-boucheres-1er-cru-arnaud-baillot-burgundy","2765545","20218241391"
"Domaine Fernand et Laurent Pillot","2021","Meursault, Les Caillerets, 1er Cru, Fernand et Laurent Pillot, Burgundy","479","Case of 6 Bottles","https://www.bbr.com/products-20218181822-2021-meursault-les-caillerets-1er-cru-fernand-et-laurent-pillot-burgundy","1077773","20218181822"
"Alvina Pernot","2023","Meursault, Les Charmes, 1er Cru, Alvina Pernot, Burgundy","1050","Case of 6 Bottles","https://www.bbr.com/products-20238235411-2023-meursault-les-charmes-1er-cru-alvina-pernot-burgundy","2218836","20238235411"
"Buisson-Battault","2020","Meursault, Les Charmes, 1er Cru, Domaine Buisson-Battault, Burgundy","395","Case of 6 Bottles","https://www.bbr.com/products-20208127420-2020-meursault-les-charmes-1er-cru-domaine-buisson-battault-burgundy","1248045","20208127420"
"Philippe Pacalet","2017","Meursault, Les Charmes, 1er Cru, Philippe Pacalet, Burgundy","1920","Case of 12 Bottles","https://www.bbr.com/products-20178201577-2017-meursault-les-charmes-1er-cru-philippe-pacalet-burgundy","1589559","20178201577"
"Pierre Girardin","2020","Meursault, Les Charmes, 1er Cru, Pierre Girardin, Burgundy","1500","Case of 6 Bottles","https://www.bbr.com/products-20208159096-2020-meursault-les-charmes-1er-cru-pierre-girardin-burgundy","2004491","20208159096"
"La Pierre Ronde","2023","Meursault, Les Charmes-Dessus, 1er Cru, Antoine Lepetit de la Bigne, La Pierre Ronde, Burgundy","1300","Case of 6 Bottles","https://www.bbr.com/products-20238301046-2023-meursault-les-charmes-dessus-1er-cru-antoine-lepetit-de-la-bigne-la-pierre-ronde-burgundy","2857967","20238301046"
"Benjamin Leroux","2020","Meursault, Les Charmes-Dessus, 1er Cru, Benjamin Leroux, Burgundy","750","Case of 6 Bottles","https://www.bbr.com/products-20208046938-2020-meursault-les-charmes-dessus-1er-cru-benjamin-leroux-burgundy","1867583","20208046938"
"Benjamin Leroux","2021","Meursault, Les Charmes-Dessus, 1er Cru, Benjamin Leroux, Burgundy","850","Case of 6 Bottles","https://www.bbr.com/products-20218046938-2021-meursault-les-charmes-dessus-1er-cru-benjamin-leroux-burgundy","1867583","20218046938"
"Benjamin Leroux","2022","Meursault, Les Charmes-Dessus, 1er Cru, Benjamin Leroux, Burgundy","825","Case of 6 Bottles","https://www.bbr.com/products-20228046938-2022-meursault-les-charmes-dessus-1er-cru-benjamin-leroux-burgundy","1867583","20228046938"
"Benjamin Leroux","2023","Meursault, Les Charmes-Dessus, 1er Cru, Benjamin Leroux, Burgundy","835","Case of 6 Bottles","https://www.bbr.com/products-20238046938-2023-meursault-les-charmes-dessus-1er-cru-benjamin-leroux-burgundy","1867583","20238046938"
"Domaine Fabien Coche","2021","Meursault, Les Chevalieres, Domaine Fabien Coche, Burgundy","590","Case of 6 Bottles","https://www.bbr.com/products-20211064562-2021-meursault-les-chevalieres-domaine-fabien-coche-burgundy","1064562","20211064562"
"Domaine Fabien Coche","2022","Meursault, Les Chevalieres, Domaine Fabien Coche, Burgundy","406","Case of 6 Bottles","https://www.bbr.com/products-20221064562-2022-meursault-les-chevalieres-domaine-fabien-coche-burgundy","1064562","20221064562"
"Domaine Fabien Coche","2023","Meursault, Les Chevalieres, Domaine Fabien Coche, Burgundy","330","Case of 6 Bottles","https://www.bbr.com/products-20231064562-2023-meursault-les-chevalieres-domaine-fabien-coche-burgundy","1064562","20231064562"
"Jean-Philippe Fichet","2014","Meursault, Les Chevalieres, Jean-Philippe Fichet, Burgundy","360","Case of 6 Bottles","https://www.bbr.com/products-20141068384-2014-meursault-les-chevalieres-jean-philippe-fichet-burgundy","1068384","20141068384"
"Jean-Philippe Fichet","2018","Meursault, Les Chevalieres, Jean-Philippe Fichet, Burgundy","350","Case of 6 Bottles","https://www.bbr.com/products-20181068384-2018-meursault-les-chevalieres-jean-philippe-fichet-burgundy","1068384","20181068384"
"Xavier Monnot","2017","Meursault, Les Chevalieres, Xavier Monnot, Burgundy","620","Case of 6 Bottles","https://www.bbr.com/products-20178226123-2017-meursault-les-chevalieres-xavier-monnot-burgundy","1601282","20178226123"
"Xavier Monnot","2019","Meursault, Les Chevalieres, Xavier Monnot, Burgundy","340","Case of 6 Bottles","https://www.bbr.com/products-20198226123-2019-meursault-les-chevalieres-xavier-monnot-burgundy","1601282","20198226123"
"Domaine Patrick Javillier","2019","Meursault, Les Clousots, Patrick Javillier, Burgundy","375","Case of 6 Bottles","https://www.bbr.com/products-20198019279-2019-meursault-les-clousots-patrick-javillier-burgundy","1124464","20198019279"
"Domaine Patrick Javillier","2020","Meursault, Les Clousots, Patrick Javillier, Burgundy","325","Case of 6 Bottles","https://www.bbr.com/products-20208019279-2020-meursault-les-clousots-patrick-javillier-burgundy","1124464","20208019279"
"Domaine Bitouzet-Prieur","2017","Meursault, Les Corbins, Domaine Bitouzet-Prieur, Burgundy","400","Case of 6 Bottles","https://www.bbr.com/products-20178013020-2017-meursault-les-corbins-domaine-bitouzet-prieur-burgundy","1677348","20178013020"
"Domaine Bitouzet-Prieur","2019","Meursault, Les Corbins, Domaine Bitouzet-Prieur, Burgundy","325","Case of 6 Bottles","https://www.bbr.com/products-20198013020-2019-meursault-les-corbins-domaine-bitouzet-prieur-burgundy","1677348","20198013020"
"Domaine Bitouzet-Prieur","2020","Meursault, Les Corbins, Domaine Bitouzet-Prieur, Burgundy","900","Case of 6 Bottles","https://www.bbr.com/products-20208013020-2020-meursault-les-corbins-domaine-bitouzet-prieur-burgundy","1677348","20208013020"
"Domaine Bitouzet-Prieur","2022","Meursault, Les Corbins, Domaine Bitouzet-Prieur, Burgundy","340","Case of 6 Bottles","https://www.bbr.com/products-20228013020-2022-meursault-les-corbins-domaine-bitouzet-prieur-burgundy","1677348","20228013020"
"Domaine Bitouzet-Prieur","2023","Meursault, Les Corbins, Domaine Bitouzet-Prieur, Burgundy","330","Case of 6 Bottles","https://www.bbr.com/products-20238013020-2023-meursault-les-corbins-domaine-bitouzet-prieur-burgundy","1677348","20238013020"
"Remoissenet Pere et Fils","2017","Meursault, Les Cras, 1er Cru, Remoissenet Pere & Fils, Burgundy","1105","Case of 12 Bottles","https://www.bbr.com/products-20178224204-2017-meursault-les-cras-1er-cru-remoissenet-pere-fils-burgundy","1692112","20178224204"
"Domaine Ballot-Millot & Fils","2021","Meursault, Les Criots, Domaine Ballot Millot & Fils, Burgundy","350","Case of 6 Bottles","https://www.bbr.com/products-20218208316-2021-meursault-les-criots-domaine-ballot-millot-fils-burgundy","1231689","20218208316"
"Domaine Ballot-Millot & Fils","2022","Meursault, Les Criots, Domaine Ballot Millot & Fils, Burgundy","300","Case of 6 Bottles","https://www.bbr.com/products-20228208316-2022-meursault-les-criots-domaine-ballot-millot-fils-burgundy","1231689","20228208316"
"Domaine Boisson-Vadot","2017","Meursault, Les Criots, Pierre Boisson, Burgundy","1860","Case of 12 Bottles","https://www.bbr.com/products-20178051329-2017-meursault-les-criots-pierre-boisson-burgundy","1868056","20178051329"
"Domaine Boisson-Vadot","2021","Meursault, Les Criots, Pierre Boisson, Burgundy","480","Case of 6 Bottles","https://www.bbr.com/products-20218051329-2021-meursault-les-criots-pierre-boisson-burgundy","1868056","20218051329"
"Benjamin Leroux","2017","Meursault, Les Genevrieres, 1er Cru, Benjamin Leroux, Burgundy","900","Case of 6 Bottles","https://www.bbr.com/products-20178055242-2017-meursault-les-genevrieres-1er-cru-benjamin-leroux-burgundy","1764547","20178055242"
"Benjamin Leroux","2018","Meursault, Les Genevrieres, 1er Cru, Benjamin Leroux, Burgundy","800","Case of 6 Bottles","https://www.bbr.com/products-20188055242-2018-meursault-les-genevrieres-1er-cru-benjamin-leroux-burgundy","1764547","20188055242"
"Benjamin Leroux","2019","Meursault, Les Genevrieres, 1er Cru, Benjamin Leroux, Burgundy","900","Case of 6 Bottles","https://www.bbr.com/products-20198055242-2019-meursault-les-genevrieres-1er-cru-benjamin-leroux-burgundy","1764547","20198055242"
"Benjamin Leroux","2020","Meursault, Les Genevrieres, 1er Cru, Benjamin Leroux, Burgundy","672.5","Case of 6 Bottles","https://www.bbr.com/products-20208055242-2020-meursault-les-genevrieres-1er-cru-benjamin-leroux-burgundy","1764547","20208055242"
"Benjamin Leroux","2021","Meursault, Les Genevrieres, 1er Cru, Benjamin Leroux, Burgundy","850","Case of 6 Bottles","https://www.bbr.com/products-20218055242-2021-meursault-les-genevrieres-1er-cru-benjamin-leroux-burgundy","1764547","20218055242"
"Benjamin Leroux","2022","Meursault, Les Genevrieres, 1er Cru, Benjamin Leroux, Burgundy","970","Case of 6 Bottles","https://www.bbr.com/products-20228055242-2022-meursault-les-genevrieres-1er-cru-benjamin-leroux-burgundy","1764547","20228055242"
"Domaine Bernard-Bonin","2018","Meursault, Les Genevrieres, 1er Cru, Domaine Bernard-Bonin, Burgundy","750","Case of 1 Bottles","https://www.bbr.com/products-20188042422-2018-meursault-les-genevrieres-1er-cru-domaine-bernard-bonin-burgundy","1735972","20188042422"
"Domaine Bernard-Bonin","2018","Meursault, Les Genevrieres, 1er Cru, Domaine Bernard-Bonin, Burgundy","3500","Case of 6 Bottles","https://www.bbr.com/products-20188042422-2018-meursault-les-genevrieres-1er-cru-domaine-bernard-bonin-burgundy","1735972","20188042422"
"Buisson-Battault","2020","Meursault, Les Gouttes d'Or, 1er Cru, Domaine Buisson-Battault, Burgundy","500","Case of 6 Bottles","https://www.bbr.com/products-20208127433-2020-meursault-les-gouttes-d-or-1er-cru-domaine-buisson-battault-burgundy","1330887","20208127433"
"Domaine Pierre Vincent","2023","Meursault, Les Grands Charrons, Domaine Pierre Vincent, Burgundy","1080","Case of 6 Bottles","https://www.bbr.com/products-20238182106-2023-meursault-les-grands-charrons-domaine-pierre-vincent-burgundy","3097906","20238182106"
"Domaine Michel Bouzereau","2016","Meursault, Les Grands Charrons, Michel Bouzereau & Fils, Burgundy","600","Case of 12 Bottles","https://www.bbr.com/products-20161062409-2016-meursault-les-grands-charrons-michel-bouzereau-fils-burgundy","1062409","20161062409"
"Domaine Michel Bouzereau","2019","Meursault, Les Grands Charrons, Michel Bouzereau & Fils, Burgundy","660","Case of 12 Bottles","https://www.bbr.com/products-20191062409-2019-meursault-les-grands-charrons-michel-bouzereau-fils-burgundy","1062409","20191062409"
"Domaine Boisson-Vadot","2017","Meursault, Les Grands Charrons, Pierre Boisson, Burgundy","1400","Case of 12 Bottles","https://www.bbr.com/products-20178059282-2017-meursault-les-grands-charrons-pierre-boisson-burgundy","1885390","20178059282"
"Domaine Boisson-Vadot","2017","Meursault, Les Grands Charrons, Pierre Boisson, Burgundy","1195","Case of 12 Bottles","https://www.bbr.com/products-20178059282-2017-meursault-les-grands-charrons-pierre-boisson-burgundy","1885390","20178059282"
"Pierre Girardin","2018","Meursault, Les Grands Charrons, Pierre Girardin, Burgundy","440","Case of 6 Bottles","https://www.bbr.com/products-20188104269-2018-meursault-les-grands-charrons-pierre-girardin-burgundy","1861318","20188104269"
"Pierre Girardin","2020","Meursault, Les Grands Charrons, Pierre Girardin, Burgundy","720","Case of 6 Bottles","https://www.bbr.com/products-20208104269-2020-meursault-les-grands-charrons-pierre-girardin-burgundy","1861318","20208104269"
"Armand Heitz","2019","Meursault, Les Gruyaches, Domaine Heitz-Lochardet, Burgundy","350","Case of 6 Bottles","https://www.bbr.com/products-20198250041-2019-meursault-les-gruyaches-domaine-heitz-lochardet-burgundy","1659704","20198250041"
"Jean-Philippe Fichet","2014","Meursault, Les Gruyaches, Jean-Philippe Fichet, Burgundy","475","Case of 6 Bottles","https://www.bbr.com/products-20141068414-2014-meursault-les-gruyaches-jean-philippe-fichet-burgundy","1068414","20141068414"
"Jean-Philippe Fichet","2017","Meursault, Les Gruyaches, Jean-Philippe Fichet, Burgundy","300","Case of 6 Bottles","https://www.bbr.com/products-20171068414-2017-meursault-les-gruyaches-jean-philippe-fichet-burgundy","1068414","20171068414"
"Jean-Philippe Fichet","2018","Meursault, Les Gruyaches, Jean-Philippe Fichet, Burgundy","345","Case of 6 Bottles","https://www.bbr.com/products-20181068414-2018-meursault-les-gruyaches-jean-philippe-fichet-burgundy","1068414","20181068414"
"Jean-Philippe Fichet","2019","Meursault, Les Gruyaches, Jean-Philippe Fichet, Burgundy","390","Case of 6 Bottles","https://www.bbr.com/products-20191068414-2019-meursault-les-gruyaches-jean-philippe-fichet-burgundy","1068414","20191068414"
"Jean-Philippe Fichet","2020","Meursault, Les Gruyaches, Jean-Philippe Fichet, Burgundy","330","Case of 6 Bottles","https://www.bbr.com/products-20201068414-2020-meursault-les-gruyaches-jean-philippe-fichet-burgundy","1068414","20201068414"
"Jean-Philippe Fichet","2021","Meursault, Les Gruyaches, Jean-Philippe Fichet, Burgundy","395","Case of 6 Bottles","https://www.bbr.com/products-20211068414-2021-meursault-les-gruyaches-jean-philippe-fichet-burgundy","1068414","20211068414"
"La Pierre Ronde","2023","Meursault, Les Malpoiriers, Antoine Lepetit de la Bigne, La Pierre Ronde, Burgundy","680","Case of 6 Bottles","https://www.bbr.com/products-20238315889-2023-meursault-les-malpoiriers-antoine-lepetit-de-la-bigne-la-pierre-ronde-burgundy","3020511","20238315889"
"Sebastien Magnien","2019","Meursault, Les Meix Chavaux, Domaine Sebastien Magnien, Burgundy","380","Case of 6 Bottles","https://www.bbr.com/products-20198016425-2019-meursault-les-meix-chavaux-domaine-sebastien-magnien-burgundy","1171602","20198016425"
"Sebastien Magnien","2022","Meursault, Les Meix Chavaux, Domaine Sebastien Magnien, Burgundy","380","Case of 6 Bottles","https://www.bbr.com/products-20228016425-2022-meursault-les-meix-chavaux-domaine-sebastien-magnien-burgundy","1171602","20228016425"
"Benjamin Leroux","2014","Meursault, Les Narvaux, Benjamin Leroux, Burgundy","450","Case of 6 Bottles","https://www.bbr.com/products-20148025218-2014-meursault-les-narvaux-benjamin-leroux-burgundy","1131989","20148025218"
"Benjamin Leroux","2018","Meursault, Les Narvaux, Benjamin Leroux, Burgundy","450","Case of 6 Bottles","https://www.bbr.com/products-20188025218-2018-meursault-les-narvaux-benjamin-leroux-burgundy","1131989","20188025218"
"Benjamin Leroux","2020","Meursault, Les Narvaux, Benjamin Leroux, Burgundy","380","Case of 6 Bottles","https://www.bbr.com/products-20208025218-2020-meursault-les-narvaux-benjamin-leroux-burgundy","1131989","20208025218"
"Domaine Ballot-Millot & Fils","2019","Meursault, Les Narvaux, Domaine Ballot Millot & Fils, Burgundy","449","Case of 3 Magnums","https://www.bbr.com/products-20198212494-2019-meursault-les-narvaux-domaine-ballot-millot-fils-burgundy","1123890","20198212494"
"Domaine Jobard-Morey","2018","Meursault, Les Narvaux, Domaine Jobard-Morey, Burgundy","480","Case of 6 Bottles","https://www.bbr.com/products-20188067889-2018-meursault-les-narvaux-domaine-jobard-morey-burgundy","1445659","20188067889"
"Domaine Jobard-Morey","2022","Meursault, Les Narvaux, Domaine Jobard-Morey, Burgundy","424","Case of 6 Bottles","https://www.bbr.com/products-20228067889-2022-meursault-les-narvaux-domaine-jobard-morey-burgundy","1445659","20228067889"
"Domaine Roulot","2022","Meursault, Les Narvaux, Domaine Roulot, Burgundy","1400","Case of 3 Magnums","https://www.bbr.com/products-20228078881-2022-meursault-les-narvaux-domaine-roulot-burgundy","1080030","20228078881"
"Dominique Lafon","2012","Meursault, Les Narvaux, Dominique Lafon, Burgundy","470","Case of 6 Bottles","https://www.bbr.com/products-20128020835-2012-meursault-les-narvaux-dominique-lafon-burgundy","1152322","20128020835"
"Dominique Lafon","2014","Meursault, Les Narvaux, Dominique Lafon, Burgundy","1120","Case of 12 Bottles","https://www.bbr.com/products-20148020835-2014-meursault-les-narvaux-dominique-lafon-burgundy","1152322","20148020835"
"Dominique Lafon","2015","Meursault, Les Narvaux, Dominique Lafon, Burgundy","999","Case of 12 Bottles","https://www.bbr.com/products-20158020835-2015-meursault-les-narvaux-dominique-lafon-burgundy","1152322","20158020835"
"Dominique Lafon","2016","Meursault, Les Narvaux, Dominique Lafon, Burgundy","1000","Case of 12 Bottles","https://www.bbr.com/products-20168020835-2016-meursault-les-narvaux-dominique-lafon-burgundy","1152322","20168020835"
"Dominique Lafon","2017","Meursault, Les Narvaux, Dominique Lafon, Burgundy","970","Case of 12 Bottles","https://www.bbr.com/products-20178020835-2017-meursault-les-narvaux-dominique-lafon-burgundy","1152322","20178020835"
"Dominique Lafon","2020","Meursault, Les Narvaux, Dominique Lafon, Burgundy","440","Case of 6 Bottles","https://www.bbr.com/products-20208020835-2020-meursault-les-narvaux-dominique-lafon-burgundy","1152322","20208020835"
"Dominique Lafon","2021","Meursault, Les Narvaux, Dominique Lafon, Burgundy","575","Case of 6 Bottles","https://www.bbr.com/products-20218020835-2021-meursault-les-narvaux-dominique-lafon-burgundy","1152322","20218020835"
"Dominique Lafon","2022","Meursault, Les Narvaux, Dominique Lafon, Burgundy","580","Case of 6 Bottles","https://www.bbr.com/products-20228020835-2022-meursault-les-narvaux-dominique-lafon-burgundy","1152322","20228020835"
"Maison Pierre-Yves Colin-Morey","2017","Meursault, Les Narvaux, Pierre-Yves Colin-Morey, Burgundy","1700","Case of 6 Bottles","https://www.bbr.com/products-20178119692-2017-meursault-les-narvaux-pierre-yves-colin-morey-burgundy","1065628","20178119692"
"La Pierre Ronde","2023","Meursault, Les Perchots, Antoine Lepetit de la Bigne, La Pierre Ronde, Burgundy","700","Case of 6 Bottles","https://www.bbr.com/products-20238250735-2023-meursault-les-perchots-antoine-lepetit-de-la-bigne-la-pierre-ronde-burgundy","2857954","20238250735"
"Domaine Pernot-Belicard","2018","Meursault, Les Perrieres Dessous, 1er Cru, Domaine Pernot-Belicard, Burgundy","625","Case of 6 Bottles","https://www.bbr.com/products-20188206787-2018-meursault-les-perrieres-dessous-1er-cru-domaine-pernot-belicard-burgundy","1308716","20188206787"
"Domaine Pernot-Belicard","2018","Meursault, Les Perrieres Dessous, 1er Cru, Domaine Pernot-Belicard, Burgundy","675","Case of 3 Magnums","https://www.bbr.com/products-20188206787-2018-meursault-les-perrieres-dessous-1er-cru-domaine-pernot-belicard-burgundy","1308716","20188206787"
"Domaine Ballot-Millot & Fils","2019","Meursault, Les Perrieres, 1er Cru, Domaine Ballot Millot & Fils,Burgundy","800","Case of 3 Magnums","https://www.bbr.com/products-20198212478-2019-meursault-les-perrieres-1er-cru-domaine-ballot-millot-fils-burgundy","1123904","20198212478"
"Domaine Bitouzet-Prieur","2017","Meursault, Les Perrieres, 1er Cru, Domaine Bitouzet-Prieur, Burgundy","660","Case of 6 Bottles","https://www.bbr.com/products-20178029577-2017-meursault-les-perrieres-1er-cru-domaine-bitouzet-prieur-burgundy","1060724","20178029577"
"Domaine Bitouzet-Prieur","2018","Meursault, Les Perrieres, 1er Cru, Domaine Bitouzet-Prieur, Burgundy","575","Case of 6 Bottles","https://www.bbr.com/products-20188029577-2018-meursault-les-perrieres-1er-cru-domaine-bitouzet-prieur-burgundy","1060724","20188029577"
"Domaine Bitouzet-Prieur","2019","Meursault, Les Perrieres, 1er Cru, Domaine Bitouzet-Prieur, Burgundy","540","Case of 6 Bottles","https://www.bbr.com/products-20198029577-2019-meursault-les-perrieres-1er-cru-domaine-bitouzet-prieur-burgundy","1060724","20198029577"
"Domaine Bitouzet-Prieur","2020","Meursault, Les Perrieres, 1er Cru, Domaine Bitouzet-Prieur, Burgundy","595","Case of 6 Bottles","https://www.bbr.com/products-20208029577-2020-meursault-les-perrieres-1er-cru-domaine-bitouzet-prieur-burgundy","1060724","20208029577"
"Domaine Bitouzet-Prieur","2021","Meursault, Les Perrieres, 1er Cru, Domaine Bitouzet-Prieur, Burgundy","990","Case of 6 Bottles","https://www.bbr.com/products-20218029577-2021-meursault-les-perrieres-1er-cru-domaine-bitouzet-prieur-burgundy","1060724","20218029577"
"Domaine Pernot-Belicard","2017","Meursault, Les Perrieres, 1er Cru, Domaine Pernot-Belicard, Burgundy","460","Case of 6 Bottles","https://www.bbr.com/products-20178206787-2017-meursault-les-perrieres-1er-cru-domaine-pernot-belicard-burgundy","1308716","20178206787"
"Domaine de Montille","2013","Meursault, Les Perrieres, 1er Cru, Domaine de Montille, Burgundy","900","Case of 6 Bottles","https://www.bbr.com/products-20131255036-2013-meursault-les-perrieres-1er-cru-domaine-de-montille-burgundy","1255036","20131255036"
"Domaine de Montille","2015","Meursault, Les Perrieres, 1er Cru, Domaine de Montille, Burgundy","1040","Case of 3 Magnums","https://www.bbr.com/products-20151255036-2015-meursault-les-perrieres-1er-cru-domaine-de-montille-burgundy","1255036","20151255036"
"Domaine de Montille","2016","Meursault, Les Perrieres, 1er Cru, Domaine de Montille, Burgundy","629","Case of 6 Bottles","https://www.bbr.com/products-20161255036-2016-meursault-les-perrieres-1er-cru-domaine-de-montille-burgundy","1255036","20161255036"
"Domaine de Montille","2017","Meursault, Les Perrieres, 1er Cru, Domaine de Montille, Burgundy","535","Case of 6 Bottles","https://www.bbr.com/products-20171255036-2017-meursault-les-perrieres-1er-cru-domaine-de-montille-burgundy","1255036","20171255036"
"Domaine de Montille","2021","Meursault, Les Perrieres, 1er Cru, Domaine de Montille, Burgundy","1000","Case of 6 Bottles","https://www.bbr.com/products-20211255036-2021-meursault-les-perrieres-1er-cru-domaine-de-montille-burgundy","1255036","20211255036"
"Domaine de Montille","2022","Meursault, Les Perrieres, 1er Cru, Domaine de Montille, Burgundy","1245","Case of 6 Bottles","https://www.bbr.com/products-20221255036-2022-meursault-les-perrieres-1er-cru-domaine-de-montille-burgundy","1255036","20221255036"
"Domaine Pierre Morey","2019","Meursault, Les Perrieres, 1er Cru, Pierre Morey, Burgundy","280","Case of 1 Bottles","https://www.bbr.com/products-20198210328-2019-meursault-les-perrieres-1er-cru-pierre-morey-burgundy","1174629","20198210328"
"Domaine de Montille","2017","Meursault, Les Porusots, 1er Cru, Domaine de Montille, Burgundy","475","Case of 6 Bottles","https://www.bbr.com/products-20178018360-2017-meursault-les-porusots-1er-cru-domaine-de-montille-burgundy","1075971","20178018360"
"Domaine de Montille","2018","Meursault, Les Porusots, 1er Cru, Domaine de Montille, Burgundy","388","Case of 6 Bottles","https://www.bbr.com/products-20188018360-2018-meursault-les-porusots-1er-cru-domaine-de-montille-burgundy","1075971","20188018360"
"Henri Boillot","2018","Meursault, Les Poruzots, 1er Cru, Henri Boillot, Burgundy","800","Case of 6 Bottles","https://www.bbr.com/products-20188058881-2018-meursault-les-poruzots-1er-cru-henri-boillot-burgundy","1061154","20188058881"
"Domaine des Comtes Lafon","2020","Meursault, Les Six Climats, Comtes Lafon (Bouch/Char/Genev/Goutte/Perr/Poru), Six-Bottle Assortment Case","2100","Case of 1 6 Bottle Assortments","https://www.bbr.com/products-20208001861-2020-meursault-les-six-climats-comtes-lafon-bouch-char-genev-goutte-perr-poru-six-bottle-assortment-case","1785166","20208001861"
"Domaine des Comtes Lafon","2022","Meursault, Les Six Climats, Comtes Lafon (Bouch/Char/Genev/Goutte/Perr/Poru), Six-Bottle Assortment Case","3500","Case of 1 6 Bottle Assortments","https://www.bbr.com/products-20228001861-2022-meursault-les-six-climats-comtes-lafon-bouch-char-genev-goutte-perr-poru-six-bottle-assortment-case","1785166","20228001861"
"Domaine des Comtes Lafon","2011","Meursault, Les Six Climats, Comtes Lafon, Six-Bottle Assortment Case","2010","Case of 1 6 Bottle Assortments","https://www.bbr.com/products-20118001861-2011-meursault-les-six-climats-comtes-lafon-six-bottle-assortment-case","9004469","20118001861"
"Domaine des Comtes Lafon","2016","Meursault, Les Six Climats, Comtes Lafon, Six-Bottle Assortment Case","2000","Case of 1 6 Bottle Assortments","https://www.bbr.com/products-20168001861-2016-meursault-les-six-climats-comtes-lafon-six-bottle-assortment-case","1785166","20168001861"
"Domaine des Comtes Lafon","2017","Meursault, Les Six Climats, Comtes Lafon, Six-Bottle Assortment Case","2500","Case of 1 6 Bottle Assortments","https://www.bbr.com/products-20178001861-2017-meursault-les-six-climats-comtes-lafon-six-bottle-assortment-case","1785166","20178001861"
"Domaine des Comtes Lafon","2018","Meursault, Les Six Climats, Comtes Lafon, Six-Bottle Assortment Case","2100","Case of 1 6 Bottle Assortments","https://www.bbr.com/products-20188001861-2018-meursault-les-six-climats-comtes-lafon-six-bottle-assortment-case","1785166","20188001861"
"Domaine Roulot","2013","Meursault, Les Tessons, Clos de Mon Plaisir, Domaine Roulot, Burgundy","1600","Case of 6 Bottles","https://www.bbr.com/products-20138119113-2013-meursault-les-tessons-clos-de-mon-plaisir-domaine-roulot-burgundy","1080072","20138119113"
"Domaine Roulot","2018","Meursault, Les Tessons, Clos de Mon Plaisir, Domaine Roulot, Burgundy","1250","Case of 3 Bottles","https://www.bbr.com/products-20188119113-2018-meursault-les-tessons-clos-de-mon-plaisir-domaine-roulot-burgundy","1080072","20188119113"
"Domaine Michel Bouzereau","2015","Meursault, Les Tessons, Michel Bouzereau & Fils, Burgundy","630","Case of 12 Bottles","https://www.bbr.com/products-20151062438-2015-meursault-les-tessons-michel-bouzereau-fils-burgundy","1062438","20151062438"
"Domaine Michel Bouzereau","2017","Meursault, Les Tessons, Michel Bouzereau & Fils, Burgundy","595","Case of 12 Bottles","https://www.bbr.com/products-20171062438-2017-meursault-les-tessons-michel-bouzereau-fils-burgundy","1062438","20171062438"
"Domaine Michel Bouzereau","2019","Meursault, Les Tessons, Michel Bouzereau & Fils, Burgundy","300","Case of 6 Bottles","https://www.bbr.com/products-20191062438-2019-meursault-les-tessons-michel-bouzereau-fils-burgundy","1062438","20191062438"
"Domaine Michel Bouzereau","2020","Meursault, Les Tessons, Michel Bouzereau &amp; Fils, Burgundy","330","Case of 6 Bottles","https://www.bbr.com/products-20201062438-2020-meursault-les-tessons-michel-bouzereau-and-fils-burgundy","1062438","20201062438"
"Domaine Michel Bouzereau","2021","Meursault, Les Tessons, Michel Bouzereau &amp; Fils, Burgundy","380","Case of 6 Bottles","https://www.bbr.com/products-20211062438-2021-meursault-les-tessons-michel-bouzereau-and-fils-burgundy","1062438","20211062438"
"Domaine Antoine Jobard","2014","Meursault, Les Tillets, Domaine Antoine Jobard, Burgundy","640","Case of 6 Bottles","https://www.bbr.com/products-20141232862-2014-meursault-les-tillets-domaine-antoine-jobard-burgundy","1071407","20141232862"
"Domaine Antoine Jobard","2017","Meursault, Les Tillets, Domaine Antoine Jobard, Burgundy","400","Case of 6 Bottles","https://www.bbr.com/products-20171232862-2017-meursault-les-tillets-domaine-antoine-jobard-burgundy","1071407","20171232862"
"Domaine Bernard-Bonin","2020","Meursault, Les Tillets, Domaine Bernard-Bonin, Burgundy","3000","Case of 6 Bottles","https://www.bbr.com/products-20208042448-2020-meursault-les-tillets-domaine-bernard-bonin-burgundy","1498828","20208042448"
"Domaine Denis Carre","2020","Meursault, Les Tillets, Domaine Denis Carre, Burgundy","260","Case of 6 Bottles","https://www.bbr.com/products-20208017031-2020-meursault-les-tillets-domaine-denis-carre-burgundy","1526255","20208017031"
"Domaine Jobard-Morey","2022","Meursault, Les Tillets, Domaine Jobard-Morey, Burgundy","480","Case of 6 Bottles","https://www.bbr.com/products-20228067892-2022-meursault-les-tillets-domaine-jobard-morey-burgundy","1445662","20228067892"
"Domaine Pierre Labet","2018","Meursault, Les Tillets, Domaine Pierre Labet, Burgundy","500","Case of 6 Bottles","https://www.bbr.com/products-20188140913-2018-meursault-les-tillets-domaine-pierre-labet-burgundy","1039588","20188140913"
"Domaine Patrick Javillier","2015","Meursault, Les Tillets, Patrick Javillier, Burgundy","675","Case of 12 Bottles","https://www.bbr.com/products-20151071218-2015-meursault-les-tillets-patrick-javillier-burgundy","1071218","20151071218"
"Domaine Patrick Javillier","2020","Meursault, Les Tillets, Patrick Javillier, Burgundy","320","Case of 6 Bottles","https://www.bbr.com/products-20201071218-2020-meursault-les-tillets-patrick-javillier-burgundy","1071218","20201071218"
"Domaine Patrick Javillier","2021","Meursault, Les Tillets, Patrick Javillier, Burgundy","330","Case of 6 Bottles","https://www.bbr.com/products-20211071218-2021-meursault-les-tillets-patrick-javillier-burgundy","1071218","20211071218"
"Benjamin Leroux","2019","Meursault, Les Vireuils, Benjamin Leroux, Burgundy","320","Case of 6 Bottles","https://www.bbr.com/products-20198015806-2019-meursault-les-vireuils-benjamin-leroux-burgundy","1074307","20198015806"
"Benjamin Leroux","2020","Meursault, Les Vireuils, Benjamin Leroux, Burgundy","780","Case of 6 Bottles","https://www.bbr.com/products-20208015806-2020-meursault-les-vireuils-benjamin-leroux-burgundy","1074307","20208015806"
"Benjamin Leroux","2021","Meursault, Les Vireuils, Benjamin Leroux, Burgundy","617","Case of 6 Bottles","https://www.bbr.com/products-20218015806-2021-meursault-les-vireuils-benjamin-leroux-burgundy","1074307","20218015806"
"Benjamin Leroux","2023","Meursault, Les Vireuils, Benjamin Leroux, Burgundy","347","Case of 6 Bottles","https://www.bbr.com/products-20238015806-2023-meursault-les-vireuils-benjamin-leroux-burgundy","1074307","20238015806"
"Maison Camille Giroud","2017","Meursault, Les Vireuils, Camille Giroud, Burgundy","525","Case of 6 Bottles","https://www.bbr.com/products-20178012892-2017-meursault-les-vireuils-camille-giroud-burgundy","1528318","20178012892"
"Maison Camille Giroud","2019","Meursault, Les Vireuils, Camille Giroud, Burgundy","295","Case of 6 Bottles","https://www.bbr.com/products-20198012892-2019-meursault-les-vireuils-camille-giroud-burgundy","1528318","20198012892"
"Maison Camille Giroud","2020","Meursault, Les Vireuils, Camille Giroud, Burgundy","285","Case of 6 Bottles","https://www.bbr.com/products-20208012892-2020-meursault-les-vireuils-camille-giroud-burgundy","1528318","20208012892"
"Maison Camille Giroud","2022","Meursault, Les Vireuils, Camille Giroud, Burgundy","475","Case of 6 Bottles","https://www.bbr.com/products-20228012892-2022-meursault-les-vireuils-camille-giroud-burgundy","1528318","20228012892"
"Domaine Roulot","2016","Meursault, Les Vireuils, Domaine Roulot, Burgundy","1200","Case of 3 Bottles","https://www.bbr.com/products-20168119096-2016-meursault-les-vireuils-domaine-roulot-burgundy","1080098","20168119096"
"Pierre Girardin","2020","Meursault, Les Vireuils, Pierre Girardin, Burgundy","750","Case of 6 Bottles","https://www.bbr.com/products-20208147693-2020-meursault-les-vireuils-pierre-girardin-burgundy","1872411","20208147693"
"Domaine Henri Germain","2023","Meursault, Limozin, Domaine Henri Germain &amp; Fils, Burgundy","390","Case of 6 Bottles","https://www.bbr.com/products-20238209850-2023-meursault-limozin-domaine-henri-germain-and-fils-burgundy","1196694","20238209850"
"Maison Leroy","2018","Meursault, Maison Leroy, Burgundy","3300","Case of 3 Bottles","https://www.bbr.com/products-20188037682-2018-meursault-maison-leroy-burgundy","1074466","20188037682"
"Thierry Pillot","2022","Meursault, Narvaux, Thierry Pillot, Burgundy","350","Case of 3 Bottles","https://www.bbr.com/products-20228162571-2022-meursault-narvaux-thierry-pillot-burgundy","2218807","20228162571"
"Olivier Leflaive","2022","Meursault, Olivier Leflaive, Burgundy","500","Case of 6 Bottles","https://www.bbr.com/products-20228306139-2022-meursault-olivier-leflaive-burgundy","1073889","20228306139"
"Domaine Albert Grivault","2021","Meursault, Perrieres, 1er Cru, Albert Grivault, Burgundy","750","Case of 6 Bottles","https://www.bbr.com/products-20218027339-2021-meursault-perrieres-1er-cru-albert-grivault-burgundy","1069987","20218027339"
"Domaine Albert Grivault","2022","Meursault, Perrieres, 1er Cru, Albert Grivault, Burgundy","750","Case of 6 Bottles","https://www.bbr.com/products-20228027339-2022-meursault-perrieres-1er-cru-albert-grivault-burgundy","1069987","20228027339"
"Domaine Albert Grivault","2023","Meursault, Perrieres, 1er Cru, Albert Grivault, Burgundy","750","Case of 6 Bottles","https://www.bbr.com/products-20238027339-2023-meursault-perrieres-1er-cru-albert-grivault-burgundy","1069987","20238027339"
"Jacques Prieur","2022","Meursault, Perrieres, 1er Cru, Domaine Jacques Prieur, Burgundy","1100","Case of 6 Bottles","https://www.bbr.com/products-20228216245-2022-meursault-perrieres-1er-cru-domaine-jacques-prieur-burgundy","1078653","20228216245"
"Domaine des Comtes Lafon","2020","Meursault, Perrieres, 1er Cru, Domaine des Comtes Lafon, Burgundy","4999","Case of 6 Bottles","https://www.bbr.com/products-20201066029-2020-meursault-perrieres-1er-cru-domaine-des-comtes-lafon-burgundy","1066029","20201066029"
"Bouchard Pere & Fils","2021","Meursault, Perrieres, 1er Cru, Domaine Bouchard Pere &amp; Fils, Burgundy","380","Case of 3 Bottles","https://www.bbr.com/products-20218020053-2021-meursault-perrieres-1er-cru-domaine-bouchard-pere-and-fils-burgundy","1062119","20218020053"
"Bouchard Pere & Fils","2022","Meursault, Perrieres, 1er Cru, Domaine Bouchard Pere &amp; Fils, Burgundy","375","Case of 3 Bottles","https://www.bbr.com/products-20228020053-2022-meursault-perrieres-1er-cru-domaine-bouchard-pere-and-fils-burgundy","1062119","20228020053"
"Domaine Henri Germain","2022","Meursault, Perrieres, 1er Cru, Domaine Henri Germain & Fils, Burgundy","1600","Case of 6 Bottles","https://www.bbr.com/products-20228136662-2022-meursault-perrieres-1er-cru-domaine-henri-germain-fils-burgundy","1069105","20228136662"
"Domaine Henri Germain","2023","Meursault, Perrieres, 1er Cru, Domaine Henri Germain &amp; Fils, Burgundy","1450","Case of 6 Bottles","https://www.bbr.com/products-20238136662-2023-meursault-perrieres-1er-cru-domaine-henri-germain-and-fils-burgundy","1069105","20238136662"
"Domaine Matrot","2017","Meursault, Perrieres, 1er Cru, Domaine Matrot, Burgundy","1325","Case of 12 Bottles","https://www.bbr.com/products-20178216678-2017-meursault-perrieres-1er-cru-domaine-matrot-burgundy","1075131","20178216678"
"Domaine Matrot","2018","Meursault, Perrieres, 1er Cru, Domaine Matrot, Burgundy","1000","Case of 12 Bottles","https://www.bbr.com/products-20188216678-2018-meursault-perrieres-1er-cru-domaine-matrot-burgundy","1075131","20188216678"
"Domaine Roulot","2017","Meursault, Perrieres, 1er Cru, Domaine Roulot, Burgundy","5200","Case of 1 Double Magnums","https://www.bbr.com/products-20178119139-2017-meursault-perrieres-1er-cru-domaine-roulot-burgundy","1080043","20178119139"
"Domaine Roulot","2017","Meursault, Perrieres, 1er Cru, Domaine Roulot, Burgundy","2700","Case of 1 Magnums","https://www.bbr.com/products-20178119139-2017-meursault-perrieres-1er-cru-domaine-roulot-burgundy","1080043","20178119139"
"Maison Joseph Drouhin","2015","Meursault, Perrieres, 1er Cru, Joseph Drouhin, Burgundy","672","Case of 6 Bottles","https://www.bbr.com/products-20158019048-2015-meursault-perrieres-1er-cru-joseph-drouhin-burgundy","1067404","20158019048"
"Maison Joseph Drouhin","2018","Meursault, Perrieres, 1er Cru, Joseph Drouhin, Burgundy","592","Case of 6 Bottles","https://www.bbr.com/products-20188019048-2018-meursault-perrieres-1er-cru-joseph-drouhin-burgundy","1067404","20188019048"
"Maison Joseph Drouhin","2020","Meursault, Perrieres, 1er Cru, Joseph Drouhin, Burgundy","536","Case of 6 Bottles","https://www.bbr.com/products-20208019048-2020-meursault-perrieres-1er-cru-joseph-drouhin-burgundy","1067404","20208019048"
"Morey-Coffinet","2022","Meursault, Perrieres, 1er Cru, Maison Morey-Coffinet, Burgundy","780","Case of 6 Bottles","https://www.bbr.com/products-20228324760-2022-meursault-perrieres-1er-cru-maison-morey-coffinet-burgundy","1424115","20228324760"
"Maison Pierre-Yves Colin-Morey","2010","Meursault, Perrieres, 1er Cru, Pierre-Yves Colin-Morey, Burgundy","700","Case of 1 Bottles","https://www.bbr.com/products-20108119689-2010-meursault-perrieres-1er-cru-pierre-yves-colin-morey-burgundy","1065631","20108119689"
"Domaine Boisson-Vadot","2012","Meursault, Pierre Boisson, Burgundy","1680","Case of 12 Bottles","https://www.bbr.com/products-20128208286-2012-meursault-pierre-boisson-burgundy","1232019","20128208286"
"Domaine Boisson-Vadot","2021","Meursault, Pierre Boisson, Burgundy","400","Case of 6 Bottles","https://www.bbr.com/products-20218208286-2021-meursault-pierre-boisson-burgundy","1232019","20218208286"
"Domaine Roulot","2018","Meursault, Porusot, 1er Cru, Domaine Roulot, Burgundy","1650","Case of 3 Bottles","https://www.bbr.com/products-20188119126-2018-meursault-porusot-1er-cru-domaine-roulot-burgundy","1080056","20188119126"
"Lucien Le Moine","2018","Meursault, Porusot, 1er Cru, Lucien Le Moine, Burgundy","784","Case of 6 Bottles","https://www.bbr.com/products-20188222822-2018-meursault-porusot-1er-cru-lucien-le-moine-burgundy","1233159","20188222822"
"Lucien Le Moine","2020","Meursault, Porusot, 1er Cru, Lucien Le Moine, Burgundy","795","Case of 6 Bottles","https://www.bbr.com/products-20208222822-2020-meursault-porusot-1er-cru-lucien-le-moine-burgundy","1233159","20208222822"
"Thierry Pillot","2022","Meursault, Porusot, 1er Cru, Thierry Pillot, Burgundy","420","Case of 3 Bottles","https://www.bbr.com/products-20228055271-2022-meursault-porusot-1er-cru-thierry-pillot-burgundy","1770775","20228055271"
"Domaine Jobard-Morey","2019","Meursault, Poruzot, 1er Cru, Domaine Jobard-Morey, Burgundy","430","Case of 6 Bottles","https://www.bbr.com/products-20198067876-2019-meursault-poruzot-1er-cru-domaine-jobard-morey-burgundy","1154267","20198067876"
"Domaine Jobard-Morey","2020","Meursault, Poruzot, 1er Cru, Domaine Jobard-Morey, Burgundy","650","Case of 6 Bottles","https://www.bbr.com/products-20208067876-2020-meursault-poruzot-1er-cru-domaine-jobard-morey-burgundy","1154267","20208067876"
"Domaine Jobard-Morey","2022","Meursault, Poruzot, 1er Cru, Domaine Jobard-Morey, Burgundy","522","Case of 6 Bottles","https://www.bbr.com/products-20228067876-2022-meursault-poruzot-1er-cru-domaine-jobard-morey-burgundy","1154267","20228067876"
"Domaine Antoine Jobard","2014","Meursault, Poruzots, 1er Cru, Domaine Antoine Jobard, Burgundy","525","Case of 6 Bottles","https://www.bbr.com/products-20141232875-2014-meursault-poruzots-1er-cru-domaine-antoine-jobard-burgundy","1071393","20141232875"
"Domaine Antoine Jobard","2015","Meursault, Poruzots, 1er Cru, Domaine Antoine Jobard, Burgundy","860","Case of 6 Bottles","https://www.bbr.com/products-20151232875-2015-meursault-poruzots-1er-cru-domaine-antoine-jobard-burgundy","1071393","20151232875"
"Domaine Antoine Jobard","2016","Meursault, Poruzots, 1er Cru, Domaine Antoine Jobard, Burgundy","490","Case of 6 Bottles","https://www.bbr.com/products-20161232875-2016-meursault-poruzots-1er-cru-domaine-antoine-jobard-burgundy","1071393","20161232875"
"Domaine Antoine Jobard","2017","Meursault, Poruzots, 1er Cru, Domaine Antoine Jobard, Burgundy","750","Case of 6 Bottles","https://www.bbr.com/products-20171232875-2017-meursault-poruzots-1er-cru-domaine-antoine-jobard-burgundy","1071393","20171232875"
"Domaine Antoine Jobard","2018","Meursault, Poruzots, 1er Cru, Domaine Antoine Jobard, Burgundy","499","Case of 6 Bottles","https://www.bbr.com/products-20181232875-2018-meursault-poruzots-1er-cru-domaine-antoine-jobard-burgundy","1071393","20181232875"
"Domaine Antoine Jobard","2020","Meursault, Poruzots, 1er Cru, Domaine Antoine Jobard, Burgundy","1500","Case of 6 Magnums","https://www.bbr.com/products-20201232875-2020-meursault-poruzots-1er-cru-domaine-antoine-jobard-burgundy","1071393","20201232875"
"Domaine Antoine Jobard","2022","Meursault, Poruzots, 1er Cru, Domaine Antoine Jobard, Burgundy","770","Case of 6 Bottles","https://www.bbr.com/products-20221232875-2022-meursault-poruzots-1er-cru-domaine-antoine-jobard-burgundy","1071393","20221232875"
"Domaine Antoine Jobard","2023","Meursault, Poruzots, 1er Cru, Domaine Antoine Jobard, Burgundy","660","Case of 6 Bottles","https://www.bbr.com/products-20231232875-2023-meursault-poruzots-1er-cru-domaine-antoine-jobard-burgundy","1071393","20231232875"
"Domaine Francois Mikulski","2017","Meursault, Poruzots, 1er Cru, Domaine Francois Mikulski, Burgundy","1100","Case of 3 Magnums","https://www.bbr.com/products-20178059439-2017-meursault-poruzots-1er-cru-domaine-francois-mikulski-burgundy","1075708","20178059439"
"Domaine Henri Germain","2017","Meursault, Poruzots, 1er Cru, Domaine Henri Germain & Fils, Burgundy","850","Case of 6 Bottles","https://www.bbr.com/products-20178046778-2017-meursault-poruzots-1er-cru-domaine-henri-germain-fils-burgundy","1404519","20178046778"
"Domaine Henri Germain","2019","Meursault, Poruzots, 1er Cru, Domaine Henri Germain & Fils, Burgundy","765","Case of 6 Bottles","https://www.bbr.com/products-20198046778-2019-meursault-poruzots-1er-cru-domaine-henri-germain-fils-burgundy","1404519","20198046778"
"Domaine Henri Germain","2023","Meursault, Poruzots, 1er Cru, Domaine Henri Germain &amp; Fils, Burgundy","550","Case of 6 Bottles","https://www.bbr.com/products-20238046778-2023-meursault-poruzots-1er-cru-domaine-henri-germain-and-fils-burgundy","1404519","20238046778"
"Maison Pierre-Yves Colin-Morey","2015","Meursault, Poruzots, 1er Cru, Pierre-Yves Colin-Morey, Burgundy","1400","Case of 6 Bottles","https://www.bbr.com/products-20158109903-2015-meursault-poruzots-1er-cru-pierre-yves-colin-morey-burgundy","1314768","20158109903"
"Maison Pierre-Yves Colin-Morey","2015","Meursault, Poruzots, 1er Cru, Pierre-Yves Colin-Morey, Burgundy","1390","Case of 6 Bottles","https://www.bbr.com/products-20158109903-2015-meursault-poruzots-1er-cru-pierre-yves-colin-morey-burgundy","1314768","20158109903"
"Maison Pierre-Yves Colin-Morey","2018","Meursault, Poruzots, 1er Cru, Pierre-Yves Colin-Morey, Burgundy","1780","Case of 6 Bottles","https://www.bbr.com/products-20188109903-2018-meursault-poruzots-1er-cru-pierre-yves-colin-morey-burgundy","1314768","20188109903"
"Domaine de Montille","2018","Meursault, Saint-Christophe, Domaine de Montille, Burgundy","655","Case of 12 Bottles","https://www.bbr.com/products-20188013004-2018-meursault-saint-christophe-domaine-de-montille-burgundy","1794454","20188013004"
"Domaine de Montille","2019","Meursault, Saint-Christophe, Domaine de Montille, Burgundy","720","Case of 12 Bottles","https://www.bbr.com/products-20198013004-2019-meursault-saint-christophe-domaine-de-montille-burgundy","1794454","20198013004"
"Domaine Bitouzet-Prieur","2019","Meursault, Santenots, 1er Cru, Domaine Bitouzet-Prieur, Burgundy","468","Case of 6 Bottles","https://www.bbr.com/products-20198029564-2019-meursault-santenots-1er-cru-domaine-bitouzet-prieur-burgundy","1676891","20198029564"
"Domaine Bitouzet-Prieur","2020","Meursault, Santenots, 1er Cru, Domaine Bitouzet-Prieur, Burgundy","430","Case of 6 Bottles","https://www.bbr.com/products-20208029564-2020-meursault-santenots-1er-cru-domaine-bitouzet-prieur-burgundy","1676891","20208029564"
"Domaine Bitouzet-Prieur","2022","Meursault, Santenots, 1er Cru, Domaine Bitouzet-Prieur, Burgundy","475","Case of 6 Bottles","https://www.bbr.com/products-20228029564-2022-meursault-santenots-1er-cru-domaine-bitouzet-prieur-burgundy","1676891","20228029564"
"Marquis d'Angerville","2015","Meursault, Santenots, 1er Cru, Domaine Marquis d'Angerville, Burgundy","498","Case of 6 Bottles","https://www.bbr.com/products-20158120030-2015-meursault-santenots-1er-cru-domaine-marquis-d-angerville-burgundy","1059940","20158120030"
"Domaine Boisson-Vadot","2022","Meursault, Sous La Velle, Anne Boisson","450","Case of 6 Bottles","https://www.bbr.com/products-20228211468-2022-meursault-sous-la-velle-anne-boisson","1232006","20228211468"
"Domaine Leflaive","2014","Meursault, Sous le Dos d'Ane, 1er Cru, Domaine Leflaive, Burgundy","1600","Case of 6 Bottles","https://www.bbr.com/products-20148033349-2014-meursault-sous-le-dos-d-ane-1er-cru-domaine-leflaive-burgundy","1073443","20148033349"
"Domaine Leflaive","2021","Meursault, Sous le Dos d'Ane, 1er Cru, Domaine Leflaive, Burgundy","1800","Case of 3 Magnums","https://www.bbr.com/products-20218033349-2021-meursault-sous-le-dos-d-ane-1er-cru-domaine-leflaive-burgundy","1073443","20218033349"
"Olivier Leflaive","2017","Meursault, Sous le Dos d'Ane, 1er Cru, Domaine Olivier Leflaive, Burgundy","1510","Case of 6 Bottles","https://www.bbr.com/products-20178007759-2017-meursault-sous-le-dos-d-ane-1er-cru-domaine-olivier-leflaive-burgundy","1177545","20178007759"
"Olivier Leflaive","2018","Meursault, Sous le Dos d'Ane, 1er Cru, Domaine Olivier Leflaive, Burgundy","640","Case of 6 Bottles","https://www.bbr.com/products-20188007759-2018-meursault-sous-le-dos-d-ane-1er-cru-domaine-olivier-leflaive-burgundy","1177545","20188007759"
"Olivier Leflaive","2018","Meursault, Sous le Dos d'Ane, 1er Cru, Domaine Olivier Leflaive, Burgundy","420","Case of 3 Magnums","https://www.bbr.com/products-20188007759-2018-meursault-sous-le-dos-d-ane-1er-cru-domaine-olivier-leflaive-burgundy","1177545","20188007759"
"Olivier Leflaive","2019","Meursault, Sous le Dos d'Ane, 1er Cru, Domaine Olivier Leflaive, Burgundy","700","Case of 6 Bottles","https://www.bbr.com/products-20198007759-2019-meursault-sous-le-dos-d-ane-1er-cru-domaine-olivier-leflaive-burgundy","1177545","20198007759"
"Olivier Leflaive","2020","Meursault, Sous le Dos d'Ane, 1er Cru, Domaine Olivier Leflaive, Burgundy","450","Case of 6 Bottles","https://www.bbr.com/products-20208007759-2020-meursault-sous-le-dos-d-ane-1er-cru-domaine-olivier-leflaive-burgundy","1177545","20208007759"
"Olivier Leflaive","2021","Meursault, Sous le Dos d'Ane, 1er Cru, Domaine Olivier Leflaive, Burgundy","340","Case of 3 Bottles","https://www.bbr.com/products-20218007759-2021-meursault-sous-le-dos-d-ane-1er-cru-domaine-olivier-leflaive-burgundy","1177545","20218007759"
"Domaine Comtesse de Cherisey ","2017","Meursault-Blagny, La Genelotte, 1er Cru, Comtesse de Cherisey,Burgundy","650","Case of 6 Bottles","https://www.bbr.com/products-20171170399-2017-meursault-blagny-la-genelotte-1er-cru-comtesse-de-cherisey-burgundy","1170399","20171170399"
"Domaine Comtesse de Cherisey ","2017","Meursault-Blagny, La Genelotte, 1er Cru, Comtesse de Cherisey,Burgundy","760","Case of 3 Magnums","https://www.bbr.com/products-20171170399-2017-meursault-blagny-la-genelotte-1er-cru-comtesse-de-cherisey-burgundy","1170399","20171170399"
"Benjamin Leroux","2022","Meursault-Blagny, La Piece Sous le Bois, Cuvee 1950, 1er Cru, Benjamin Leroux, Burgundy","210","Case of 1 Magnums","https://www.bbr.com/products-20228304210-2022-meursault-blagny-la-piece-sous-le-bois-cuvee-1950-1er-cru-benjamin-leroux-burgundy","2976019","20228304210"
"Domaine Michel Bouzereau","2013","Meursault-Charmes, Les Charmes Dessus, 1er Cru, Michel Bouzereau & Fils, Burgundy","435","Case of 6 Bottles","https://www.bbr.com/products-20138030221-2013-meursault-charmes-les-charmes-dessus-1er-cru-michel-bouzereau-fils-burgundy","1062382","20138030221"
"Domaine Michel Bouzereau","2015","Meursault-Charmes, Les Charmes Dessus, 1er Cru, Michel Bouzereau & Fils, Burgundy","520","Case of 6 Bottles","https://www.bbr.com/products-20158030221-2015-meursault-charmes-les-charmes-dessus-1er-cru-michel-bouzereau-fils-burgundy","1062382","20158030221"
"Domaine Michel Bouzereau","2016","Meursault-Charmes, Les Charmes Dessus, 1er Cru, Michel Bouzereau &amp; Fils, Burgundy","520","Case of 6 Bottles","https://www.bbr.com/products-20168030221-2016-meursault-charmes-les-charmes-dessus-1er-cru-michel-bouzereau-and-fils-burgundy","1062382","20168030221"
"Domaine Michel Bouzereau","2017","Meursault-Charmes, Les Charmes Dessus, 1er Cru, Michel Bouzereau &amp; Fils, Burgundy","600","Case of 6 Bottles","https://www.bbr.com/products-20178030221-2017-meursault-charmes-les-charmes-dessus-1er-cru-michel-bouzereau-and-fils-burgundy","1062382","20178030221"
"Domaine Michel Bouzereau","2019","Meursault-Charmes, Les Charmes Dessus, 1er Cru, Michel Bouzereau &amp; Fils, Burgundy","790","Case of 6 Bottles","https://www.bbr.com/products-20198030221-2019-meursault-charmes-les-charmes-dessus-1er-cru-michel-bouzereau-and-fils-burgundy","1062382","20198030221"
"Domaine Michel Bouzereau","2021","Meursault-Charmes, Les Charmes Dessus, 1er Cru, Michel Bouzereau &amp; Fils, Burgundy","700","Case of 6 Bottles","https://www.bbr.com/products-20218030221-2021-meursault-charmes-les-charmes-dessus-1er-cru-michel-bouzereau-and-fils-burgundy","1062382","20218030221"
"Domaine Michel Bouzereau","2014","Meursault-Genevrieres, 1er Cru, Michel Bouzereau & Fils, Burgundy","880","Case of 6 Bottles","https://www.bbr.com/products-20141062395-2014-meursault-genevrieres-1er-cru-michel-bouzereau-fils-burgundy","1062395","20141062395"
"Domaine Michel Bouzereau","2016","Meursault-Genevrieres, 1er Cru, Michel Bouzereau & Fils, Burgundy","550","Case of 6 Bottles","https://www.bbr.com/products-20161062395-2016-meursault-genevrieres-1er-cru-michel-bouzereau-fils-burgundy","1062395","20161062395"
"Domaine Michel Bouzereau","2012","Meursault-Genevrieres, 1er Cru, Michel Bouzereau &amp; Fils, Burgundy","545","Case of 6 Bottles","https://www.bbr.com/products-20121062395-2012-meursault-genevrieres-1er-cru-michel-bouzereau-and-fils-burgundy","1062395","20121062395"
"Domaine Michel Bouzereau","2017","Meursault-Genevrieres, 1er Cru, Michel Bouzereau &amp; Fils, Burgundy","595","Case of 6 Bottles","https://www.bbr.com/products-20171062395-2017-meursault-genevrieres-1er-cru-michel-bouzereau-and-fils-burgundy","1062395","20171062395"
"Domaine Michel Bouzereau","2019","Meursault-Genevrieres, 1er Cru, Michel Bouzereau &amp; Fils, Burgundy","800","Case of 6 Bottles","https://www.bbr.com/products-20191062395-2019-meursault-genevrieres-1er-cru-michel-bouzereau-and-fils-burgundy","1062395","20191062395"
"Domaine Michel Bouzereau","2020","Meursault-Genevrieres, 1er Cru, Michel Bouzereau &amp; Fils, Burgundy","635","Case of 6 Bottles","https://www.bbr.com/products-20201062395-2020-meursault-genevrieres-1er-cru-michel-bouzereau-and-fils-burgundy","1062395","20201062395"
"Domaine Michel Bouzereau","2021","Meursault-Genevrieres, 1er Cru, Michel Bouzereau &amp; Fils, Burgundy","575","Case of 6 Bottles","https://www.bbr.com/products-20211062395-2021-meursault-genevrieres-1er-cru-michel-bouzereau-and-fils-burgundy","1062395","20211062395"
"Domaine Michel Bouzereau","2022","Meursault-Genevrieres, 1er Cru, Michel Bouzereau &amp; Fils, Burgundy","550","Case of 6 Bottles","https://www.bbr.com/products-20221062395-2022-meursault-genevrieres-1er-cru-michel-bouzereau-and-fils-burgundy","1062395","20221062395"
"Domaine Michel Bouzereau","2023","Meursault-Genevrieres, 1er Cru, Michel Bouzereau &amp; Fils, Burgundy","590","Case of 6 Bottles","https://www.bbr.com/products-20231062395-2023-meursault-genevrieres-1er-cru-michel-bouzereau-and-fils-burgundy","1062395","20231062395"
"Domaine Michel Bouzereau","2015","Meursault-Perrieres, 1er Cru, Michel Bouzereau & Fils, Burgundy","740","Case of 6 Bottles","https://www.bbr.com/products-20158021308-2015-meursault-perrieres-1er-cru-michel-bouzereau-fils-burgundy","1062425","20158021308"
"Domaine Michel Bouzereau","2016","Meursault-Perrieres, 1er Cru, Michel Bouzereau & Fils, Burgundy","624","Case of 6 Bottles","https://www.bbr.com/products-20168021308-2016-meursault-perrieres-1er-cru-michel-bouzereau-fils-burgundy","1062425","20168021308"
"Domaine Michel Bouzereau","2018","Meursault-Perrieres, 1er Cru, Michel Bouzereau & Fils, Burgundy","635","Case of 6 Bottles","https://www.bbr.com/products-20188021308-2018-meursault-perrieres-1er-cru-michel-bouzereau-fils-burgundy","1062425","20188021308"
"Domaine Michel Bouzereau","2019","Meursault-Perrieres, 1er Cru, Michel Bouzereau &amp; Fils, Burgundy","725","Case of 6 Bottles","https://www.bbr.com/products-20198021308-2019-meursault-perrieres-1er-cru-michel-bouzereau-and-fils-burgundy","1062425","20198021308"
"Envinate","2020","Migan, Envinate, Tenerife, Spain","220","Case of 3 Magnums","https://www.bbr.com/products-20208152677-2020-migan-envinate-tenerife-spain","1725283","20208152677"
"Finca Allende","2015","Mingortiz, Finca Allende, Rioja, Spain","225","Case of 6 Bottles","https://www.bbr.com/products-20151540413-2015-mingortiz-finca-allende-rioja-spain","1540413","20151540413"
"Minimalist Wines","2020","Minimalist Wines, Stars in the Dark, Syrah, Western Cape, South Africa","160","Case of 6 Bottles","https://www.bbr.com/products-20208075675-2020-minimalist-wines-stars-in-the-dark-syrah-western-cape-south-africa","1860539","20208075675"
"Minimalist Wines","2021","Minimalist Wines, Stars in the Dark, Syrah, Western Cape, South Africa","210","Case of 6 Bottles","https://www.bbr.com/products-20218075675-2021-minimalist-wines-stars-in-the-dark-syrah-western-cape-south-africa","1860539","20218075675"
"Minimalist Wines","2022","Minimalist Wines, Stars in the Dark, Syrah, Western Cape, South Africa","185","Case of 6 Bottles","https://www.bbr.com/products-20228075675-2022-minimalist-wines-stars-in-the-dark-syrah-western-cape-south-africa","1860539","20228075675"
"Minimalist Wines","2024","Minimalist Wines, Stars in the Dark, Syrah, Western Cape, South Africa","375","Case of 6 Bottles","https://www.bbr.com/products-20248075675-2024-minimalist-wines-stars-in-the-dark-syrah-western-cape-south-africa","1860539","20248075675"
"Miraval","2021","Miraval Rose, Cotes de Provence","75","Case of 6 Bottles","https://www.bbr.com/products-20211334957-2021-miraval-rose-cotes-de-provence","1334957","20211334957"
"Miraval","2018","Miraval, Muse Rose, Cotes de Provence","99","Case of 1 Magnums","https://www.bbr.com/products-20188036353-2018-miraval-muse-rose-cotes-de-provence","1845084","20188036353"
"La Monacesca, Marche","2015","Mirum, Verdicchio di Matelica, Riserva, La Monacesca, Marche, Italy","135","Case of 6 Bottles","https://www.bbr.com/products-20158138334-2015-mirum-verdicchio-di-matelica-riserva-la-monacesca-marche-italy","1191976","20158138334"
"La Monacesca, Marche","2017","Mirum, Verdicchio di Matelica, Riserva, La Monacesca, Marche, Italy","145","Case of 6 Bottles","https://www.bbr.com/products-20178138334-2017-mirum-verdicchio-di-matelica-riserva-la-monacesca-marche-italy","1191976","20178138334"
"La Monacesca, Marche","2017","Mirum, Verdicchio di Matelica, Riserva, La Monacesca, Marche, Italy","125","Case of 3 Magnums","https://www.bbr.com/products-20178138334-2017-mirum-verdicchio-di-matelica-riserva-la-monacesca-marche-italy","1191976","20178138334"
"La Monacesca, Marche","2018","Mirum, Verdicchio di Matelica, Riserva, La Monacesca, Marche, Italy","135","Case of 6 Bottles","https://www.bbr.com/products-20188138334-2018-mirum-verdicchio-di-matelica-riserva-la-monacesca-marche-italy","1191976","20188138334"
"La Monacesca, Marche","2019","Mirum, Verdicchio di Matelica, Riserva, La Monacesca, Marche, Italy","140","Case of 3 Magnums","https://www.bbr.com/products-20198138334-2019-mirum-verdicchio-di-matelica-riserva-la-monacesca-marche-italy","1191976","20198138334"
"La Monacesca, Marche","2020","Mirum, Verdicchio di Matelica, Riserva, La Monacesca, Marche, Italy","120","Case of 6 Bottles","https://www.bbr.com/products-20208138334-2020-mirum-verdicchio-di-matelica-riserva-la-monacesca-marche-italy","1191976","20208138334"
"La Monacesca, Marche","2021","Mirum, Verdicchio di Matelica, Riserva, La Monacesca, Marche, Italy","108","Case of 6 Bottles","https://www.bbr.com/products-20218138334-2021-mirum-verdicchio-di-matelica-riserva-la-monacesca-marche-italy","1191976","20218138334"
"Assortment Mixed Cases","2016","Mixed Bordeaux (Clerc Milon, d'Armailhac &amp; Mouton Rothschild), Three-Bottle Assortment Case","940","Case of 1 s","https://www.bbr.com/products-20168068091-2016-mixed-bordeaux-clerc-milon-d-armailhac-and-mouton-rothschild-three-bottle-assortment-case","","20168068091"
"Descendientes de Palacios","2011","Moncerbal, Descendientes de J. Palacios, Bierzo, Spain","240","Case of 3 Bottles","https://www.bbr.com/products-20118005553-2011-moncerbal-descendientes-de-j-palacios-bierzo-spain","1212602","20118005553"
"Descendientes de Palacios","2015","Moncerbal, Descendientes de J. Palacios, Bierzo, Spain","225","Case of 3 Bottles","https://www.bbr.com/products-20158005553-2015-moncerbal-descendientes-de-j-palacios-bierzo-spain","1212602","20158005553"
"Descendientes de Palacios","2016","Moncerbal, Descendientes de J. Palacios, Bierzo, Spain","196","Case of 3 Bottles","https://www.bbr.com/products-20168005553-2016-moncerbal-descendientes-de-j-palacios-bierzo-spain","1212602","20168005553"
"Descendientes de Palacios","2018","Moncerbal, Descendientes de J. Palacios, Bierzo, Spain","259","Case of 3 Bottles","https://www.bbr.com/products-20188005553-2018-moncerbal-descendientes-de-j-palacios-bierzo-spain","1212602","20188005553"
"Descendientes de Palacios","2020","Moncerbal, Descendientes de J. Palacios, Bierzo, Spain","220","Case of 3 Bottles","https://www.bbr.com/products-20208005553-2020-moncerbal-descendientes-de-j-palacios-bierzo-spain","1212602","20208005553"
"Descendientes de Palacios","2021","Moncerbal, Descendientes de J. Palacios, Bierzo, Spain","240","Case of 3 Bottles","https://www.bbr.com/products-20218005553-2021-moncerbal-descendientes-de-j-palacios-bierzo-spain","1212602","20218005553"
"Descendientes de Palacios","2022","Moncerbal, Descendientes de J. Palacios, Bierzo, Spain","245","Case of 3 Bottles","https://www.bbr.com/products-20228005553-2022-moncerbal-descendientes-de-j-palacios-bierzo-spain","1212602","20228005553"
"Jean Marc Boillot","2019","Montagny, 1er Cru, Jean-Marc Boillot, Burgundy","312","Case of 12 Bottles","https://www.bbr.com/products-20191061499-2019-montagny-1er-cru-jean-marc-boillot-burgundy","1061499","20191061499"
"Jean Marc Boillot","2021","Montagny, 1er Cru, Jean-Marc Boillot, Burgundy","330","Case of 12 Bottles","https://www.bbr.com/products-20211061499-2021-montagny-1er-cru-jean-marc-boillot-burgundy","1061499","20211061499"
"Domaine Berthenet","2019","Montagny, Bonneveaux, 1er Cru, Domaine Berthenet, Burgundy","165","Case of 6 Bottles","https://www.bbr.com/products-20198012993-2019-montagny-bonneveaux-1er-cru-domaine-berthenet-burgundy","1766251","20198012993"
"Domaine Berthenet","2020","Montagny, Bonneveaux, 1er Cru, Domaine Berthenet, Burgundy","175","Case of 6 Bottles","https://www.bbr.com/products-20208012993-2020-montagny-bonneveaux-1er-cru-domaine-berthenet-burgundy","1766251","20208012993"
"Domaine Bruno Lorenzon","2021","Montagny, Le Mont Laurent, 1er Cru, Domaine Bruno Lorenzon, Burgundy","395","Case of 6 Bottles","https://www.bbr.com/products-20218239464-2021-montagny-le-mont-laurent-1er-cru-domaine-bruno-lorenzon-burgundy","1912847","20218239464"
"Domaine Berthenet","2021","Montagny, Les Bonneveaux, 1er Cru, Domaine Berthenet, Burgundy","199","Case of 6 Bottles","https://www.bbr.com/products-20218012993-2021-montagny-les-bonneveaux-1er-cru-domaine-berthenet-burgundy","1766251","20218012993"
"Domaine Berthenet","2021","Montagny, Les Bonneveaux, 1er Cru, Domaine Berthenet, Burgundy","170","Case of 3 Magnums","https://www.bbr.com/products-20218012993-2021-montagny-les-bonneveaux-1er-cru-domaine-berthenet-burgundy","1766251","20218012993"
"Domaine Berthenet","2019","Montagny, Les Perrieres, 1er Cru, Domaine Berthenet, Burgundy","210","Case of 12 Bottles","https://www.bbr.com/products-20198046912-2019-montagny-les-perrieres-1er-cru-domaine-berthenet-burgundy","1866414","20198046912"
"Domaine Berthenet","2020","Montagny, Les Perrieres, 1er Cru, Domaine Berthenet, Burgundy","235","Case of 12 Bottles","https://www.bbr.com/products-20208046912-2020-montagny-les-perrieres-1er-cru-domaine-berthenet-burgundy","1866414","20208046912"
"Domaine Bruno Lorenzon","2021","Montagny, Les Truffieres, 1er Cru, Domaine Bruno Lorenzon, Burgundy","330","Case of 6 Bottles","https://www.bbr.com/products-20218083894-2021-montagny-les-truffieres-1er-cru-domaine-bruno-lorenzon-burgundy","1470079","20218083894"
"Domaine Berthenet","2019","Montagny, Mont-Cuchot, 1er Cru, Domaine Berthenet, Burgundy","300","Case of 12 Bottles","https://www.bbr.com/products-20198009870-2019-montagny-mont-cuchot-1er-cru-domaine-berthenet-burgundy","1627473","20198009870"
"Domaine Berthenet","2020","Montagny, Mont-Cuchot, 1er Cru, Domaine Berthenet, Burgundy","235","Case of 12 Bottles","https://www.bbr.com/products-20208009870-2020-montagny-mont-cuchot-1er-cru-domaine-berthenet-burgundy","1627473","20208009870"
"Emidio Pepe","2021","Montepulciano d'Abruzzo, Emidio Pepe, Abruzzo, Italy","340","Case of 6 Bottles","https://www.bbr.com/products-20218300153-2021-montepulciano-d-abruzzo-emidio-pepe-abruzzo-italy","1358261","20218300153"
"Edoardo Valentini","2012","Montepulciano d'Abruzzo, Valentini, Abruzzo, Italy","2000","Case of 6 Bottles","https://www.bbr.com/products-20128139751-2012-montepulciano-d-abruzzo-valentini-abruzzo-italy","1105995","20128139751"
"Montevertine","2016","Montevertine, Tuscany, Italy","580","Case of 6 Bottles","https://www.bbr.com/products-20168210474-2016-montevertine-tuscany-italy","1173983","20168210474"
"Montevertine","2016","Montevertine, Tuscany, Italy","595","Case of 6 Bottles","https://www.bbr.com/products-20168210474-2016-montevertine-tuscany-italy","1173983","20168210474"
"Montevetrano di Silvia Imparato","2010","Montevetrano, Campania","270","Case of 6 Bottles","https://www.bbr.com/products-20108205559-2010-montevetrano-campania","1348077","20108205559"
"Philippe Pacalet","2019","Monthelie, 1er Cru, Chateau Gaillard, Domaine Philippe Pacalet, Burgundy","825","Case of 12 Bottles","https://www.bbr.com/products-20198249573-2019-monthelie-1er-cru-chateau-gaillard-domaine-philippe-pacalet-burgundy","2300913","20198249573"
"Ramonet","2020","Monthelie, 1er Cru, Jean-Claude Ramonet, Burgundy","540","Case of 12 Bottles","https://www.bbr.com/products-20208074870-2020-monthelie-1er-cru-jean-claude-ramonet-burgundy","2833914","20208074870"
"Pierrick Bouley","2019","Monthelie, Les Clous, 1er Cru, Pierrick Bouley, Burgundy","185","Case of 6 Bottles","https://www.bbr.com/products-20198301251-2019-monthelie-les-clous-1er-cru-pierrick-bouley-burgundy","2045993","20198301251"
"Domaine des Comtes Lafon","2018","Monthelie, Les Duresses, 1er Cru, Domaine des Comtes Lafon, Burgundy","650","Case of 12 Bottles","https://www.bbr.com/products-20181026957-2018-monthelie-les-duresses-1er-cru-domaine-des-comtes-lafon-burgundy","1026957","20181026957"
"Domaine des Comtes Lafon","2019","Monthelie, Les Duresses, 1er Cru, Domaine des Comtes Lafon, Burgundy","325","Case of 6 Bottles","https://www.bbr.com/products-20191026957-2019-monthelie-les-duresses-1er-cru-domaine-des-comtes-lafon-burgundy","1026957","20191026957"
"Domaine des Comtes Lafon","2020","Monthelie, Les Duresses, 1er Cru, Domaine des Comtes Lafon, Burgundy","310","Case of 6 Bottles","https://www.bbr.com/products-20201026957-2020-monthelie-les-duresses-1er-cru-domaine-des-comtes-lafon-burgundy","1026957","20201026957"
"Domaine des Comtes Lafon","2021","Monthelie, Les Duresses, 1er Cru, Domaine des Comtes Lafon, Burgundy","320","Case of 6 Bottles","https://www.bbr.com/products-20211026957-2021-monthelie-les-duresses-1er-cru-domaine-des-comtes-lafon-burgundy","1026957","20211026957"
"Leflaive & Associes","2011","Monthelie, Sur la Velle, 1er Cru, Leflaive &amp; Associes","1100","Case of 12 Bottles","https://www.bbr.com/products-20118140867-2011-monthelie-sur-la-velle-1er-cru-leflaive-and-associes","1043217","20118140867"
"Dugat-Py","2019","Monthelie, Vieilles Vignes, Domaine Dugat-Py, Burgundy","695","Case of 6 Bottles","https://www.bbr.com/products-20198061861-2019-monthelie-vieilles-vignes-domaine-dugat-py-burgundy","2170837","20198061861"
"Chateau de Puligny-Montrachet","2009","Montrachet, Grand Cru, Chateau de Puligny-Montrachet, Burgundy","3360","Case of 6 Bottles","https://www.bbr.com/products-20098026967-2009-montrachet-grand-cru-chateau-de-puligny-montrachet-burgundy","1063204","20098026967"
"Bouchard Pere & Fils","2009","Montrachet, Grand Cru, Domaine Bouchard Pere & Fils, Burgundy","2525","Case of 6 Bottles","https://www.bbr.com/products-20091062135-2009-montrachet-grand-cru-domaine-bouchard-pere-fils-burgundy","1062135","20091062135"
"Bouchard Pere & Fils","2012","Montrachet, Grand Cru, Domaine Bouchard Pere & Fils, Burgundy","3000","Case of 6 Bottles","https://www.bbr.com/products-20121062135-2012-montrachet-grand-cru-domaine-bouchard-pere-fils-burgundy","1062135","20121062135"
"Bouchard Pere & Fils","2013","Montrachet, Grand Cru, Domaine Bouchard Pere & Fils, Burgundy","5200","Case of 6 Bottles","https://www.bbr.com/products-20131062135-2013-montrachet-grand-cru-domaine-bouchard-pere-fils-burgundy","1062135","20131062135"
"Bouchard Pere & Fils","2017","Montrachet, Grand Cru, Domaine Bouchard Pere &amp; Fils, Burgundy","2100","Case of 3 Bottles","https://www.bbr.com/products-20171062135-2017-montrachet-grand-cru-domaine-bouchard-pere-and-fils-burgundy","1062135","20171062135"
"Bouchard Pere & Fils","2018","Montrachet, Grand Cru, Domaine Bouchard Pere &amp; Fils, Burgundy","1475","Case of 3 Bottles","https://www.bbr.com/products-20181062135-2018-montrachet-grand-cru-domaine-bouchard-pere-and-fils-burgundy","1062135","20181062135"
"Bouchard Pere & Fils","2019","Montrachet, Grand Cru, Domaine Bouchard Pere &amp; Fils, Burgundy","1580","Case of 3 Bottles","https://www.bbr.com/products-20191062135-2019-montrachet-grand-cru-domaine-bouchard-pere-and-fils-burgundy","1062135","20191062135"
"Bouchard Pere & Fils","2021","Montrachet, Grand Cru, Domaine Bouchard Pere &amp; Fils, Burgundy","3600","Case of 3 Bottles","https://www.bbr.com/products-20211062135-2021-montrachet-grand-cru-domaine-bouchard-pere-and-fils-burgundy","1062135","20211062135"
"Bouchard Pere & Fils","2022","Montrachet, Grand Cru, Domaine Bouchard Pere &amp; Fils, Burgundy","2300","Case of 3 Bottles","https://www.bbr.com/products-20221062135-2022-montrachet-grand-cru-domaine-bouchard-pere-and-fils-burgundy","1062135","20221062135"
"Jacques Prieur","2015","Montrachet, Grand Cru, Domaine Jacques Prieur, Burgundy","1445","Case of 3 Bottles","https://www.bbr.com/products-20158216203-2015-montrachet-grand-cru-domaine-jacques-prieur-burgundy","1078679","20158216203"
"Jacques Prieur","2017","Montrachet, Grand Cru, Domaine Jacques Prieur, Burgundy","1749","Case of 3 Bottles","https://www.bbr.com/products-20178216203-2017-montrachet-grand-cru-domaine-jacques-prieur-burgundy","1078679","20178216203"
"Jacques Prieur","2019","Montrachet, Grand Cru, Domaine Jacques Prieur, Burgundy","1650","Case of 3 Bottles","https://www.bbr.com/products-20198216203-2019-montrachet-grand-cru-domaine-jacques-prieur-burgundy","1078679","20198216203"
"Jacques Prieur","2021","Montrachet, Grand Cru, Domaine Jacques Prieur, Burgundy","1940","Case of 3 Bottles","https://www.bbr.com/products-20218216203-2021-montrachet-grand-cru-domaine-jacques-prieur-burgundy","1078679","20218216203"
"Ramonet","2014","Montrachet, Grand Cru, Domaine Ramonet, Burgundy","15000","Case of 1 Magnums","https://www.bbr.com/products-20148119302-2014-montrachet-grand-cru-domaine-ramonet-burgundy","1079070","20148119302"
"Ramonet","2022","Montrachet, Grand Cru, Domaine Ramonet, Burgundy","9413","Case of 1 Bottles","https://www.bbr.com/products-20228119302-2022-montrachet-grand-cru-domaine-ramonet-burgundy","1079070","20228119302"
"Domaine d'Eugenie","2023","Montrachet, Grand Cru, Domaine d'Eugenie, Burgundy","1800","Case of 1 Bottles","https://www.bbr.com/products-20238151915-2023-montrachet-grand-cru-domaine-d-eugenie-burgundy","1903214","20238151915"
"Etienne Sauzet","2016","Montrachet, Grand Cru, Etienne Sauzet, Burgundy","6320","Case of 6 Bottles","https://www.bbr.com/products-20168023070-2016-montrachet-grand-cru-etienne-sauzet-burgundy","1080229","20168023070"
"Etienne Sauzet","2017","Montrachet, Grand Cru, Etienne Sauzet, Burgundy","888","Case of 1 Bottles","https://www.bbr.com/products-20178023070-2017-montrachet-grand-cru-etienne-sauzet-burgundy","1080229","20178023070"
"Louis Jadot","2011","Montrachet, Grand Cru, Louis Jadot, Burgundy","2400","Case of 6 Bottles","https://www.bbr.com/products-20118022262-2011-montrachet-grand-cru-louis-jadot-burgundy","1070820","20118022262"
"Louis Jadot","2019","Montrachet, Grand Cru, Louis Jadot, Burgundy","1690","Case of 3 Bottles","https://www.bbr.com/products-20198022262-2019-montrachet-grand-cru-louis-jadot-burgundy","1070820","20198022262"
"Domaine Marc Colin","2015","Montrachet, Grand Cru, Marc Colin & Fils, Burgundy","1200","Case of 1 Bottles","https://www.bbr.com/products-20151065325-2015-montrachet-grand-cru-marc-colin-fils-burgundy","1065325","20151065325"
"Olivier Leflaive","2018","Montrachet, Grand Cru, Olivier Leflaive, Burgundy","2500","Case of 3 Bottles","https://www.bbr.com/products-20188030508-2018-montrachet-grand-cru-olivier-leflaive-burgundy","1074004","20188030508"
"Olivier Leflaive","2019","Montrachet, Grand Cru, Olivier Leflaive, Burgundy","2500","Case of 3 Bottles","https://www.bbr.com/products-20198030508-2019-montrachet-grand-cru-olivier-leflaive-burgundy","1074004","20198030508"
"Olivier Leflaive","2020","Montrachet, Grand Cru, Olivier Leflaive, Burgundy","2225","Case of 3 Bottles","https://www.bbr.com/products-20208030508-2020-montrachet-grand-cru-olivier-leflaive-burgundy","1074004","20208030508"
"Pierre Girardin","2019","Montrachet, Grand Cru, Pierre Girardin, Burgundy","7755","Case of 6 Bottles","https://www.bbr.com/products-20198051749-2019-montrachet-grand-cru-pierre-girardin-burgundy","1861493","20198051749"
"Maison Joseph Drouhin","2013","Montrachet, Marquis de Laguiche, Grand Cru, Joseph Drouhin, Burgundy","3600","Case of 6 Bottles","https://www.bbr.com/products-20131067420-2013-montrachet-marquis-de-laguiche-grand-cru-joseph-drouhin-burgundy","1067420","20131067420"
"Maison Joseph Drouhin","2014","Montrachet, Marquis de Laguiche, Grand Cru, Joseph Drouhin, Burgundy","1833","Case of 3 Bottles","https://www.bbr.com/products-20141067420-2014-montrachet-marquis-de-laguiche-grand-cru-joseph-drouhin-burgundy","1067420","20141067420"
"Maison Joseph Drouhin","2014","Montrachet, Marquis de Laguiche, Grand Cru, Joseph Drouhin, Burgundy","3705","Case of 6 Bottles","https://www.bbr.com/products-20141067420-2014-montrachet-marquis-de-laguiche-grand-cru-joseph-drouhin-burgundy","1067420","20141067420"
"Maison Joseph Drouhin","2015","Montrachet, Marquis de Laguiche, Grand Cru, Joseph Drouhin, Burgundy","3975","Case of 6 Bottles","https://www.bbr.com/products-20151067420-2015-montrachet-marquis-de-laguiche-grand-cru-joseph-drouhin-burgundy","1067420","20151067420"
"Maison Joseph Drouhin","2015","Montrachet, Marquis de Laguiche, Grand Cru, Joseph Drouhin, Burgundy","4150","Case of 6 Bottles","https://www.bbr.com/products-20151067420-2015-montrachet-marquis-de-laguiche-grand-cru-joseph-drouhin-burgundy","1067420","20151067420"
"Maison Joseph Drouhin","2016","Montrachet, Marquis de Laguiche, Grand Cru, Joseph Drouhin, Burgundy","3355","Case of 6 Bottles","https://www.bbr.com/products-20161067420-2016-montrachet-marquis-de-laguiche-grand-cru-joseph-drouhin-burgundy","1067420","20161067420"
"Maison Joseph Drouhin","2019","Montrachet, Marquis de Laguiche, Grand Cru, Joseph Drouhin, Burgundy","1880","Case of 3 Bottles","https://www.bbr.com/products-20191067420-2019-montrachet-marquis-de-laguiche-grand-cru-joseph-drouhin-burgundy","1067420","20191067420"
"Maison Joseph Drouhin","2019","Montrachet, Marquis de Laguiche, Grand Cru, Joseph Drouhin, Burgundy","3395","Case of 6 Bottles","https://www.bbr.com/products-20191067420-2019-montrachet-marquis-de-laguiche-grand-cru-joseph-drouhin-burgundy","1067420","20191067420"
"Maison Joseph Drouhin","2020","Montrachet, Marquis de Laguiche, Grand Cru, Joseph Drouhin, Burgundy","1595","Case of 3 Bottles","https://www.bbr.com/products-20201067420-2020-montrachet-marquis-de-laguiche-grand-cru-joseph-drouhin-burgundy","1067420","20201067420"
"Maison Joseph Drouhin","2021","Montrachet, Marquis de Laguiche, Grand Cru, Joseph Drouhin, Burgundy","650","Case of 1 Bottles","https://www.bbr.com/products-20211067420-2021-montrachet-marquis-de-laguiche-grand-cru-joseph-drouhin-burgundy","1067420","20211067420"
"Maison Joseph Drouhin","2023","Montrachet, Marquis de Laguiche, Grand Cru, Joseph Drouhin, Burgundy","2400","Case of 3 Bottles","https://www.bbr.com/products-20231067420-2023-montrachet-marquis-de-laguiche-grand-cru-joseph-drouhin-burgundy","1067420","20231067420"
"Maison Joseph Drouhin","2023","Montrachet, Marquis de Laguiche, Grand Cru, Joseph Drouhin, Burgundy","3700","Case of 6 Bottles","https://www.bbr.com/products-20231067420-2023-montrachet-marquis-de-laguiche-grand-cru-joseph-drouhin-burgundy","1067420","20231067420"
"Domaine Clos de Tart","2014","Morey St Denis, Les Forges du Tart, 1er Cru, Clos de Tart, Burgundy","895","Case of 6 Bottles","https://www.bbr.com/products-20148120809-2014-morey-st-denis-les-forges-du-tart-1er-cru-clos-de-tart-burgundy","1047680","20148120809"
"Domaine Clos de Tart","2018","Morey St Denis, Les Forges du Tart, 1er Cru, Clos de Tart, Burgundy","1095","Case of 6 Bottles","https://www.bbr.com/products-20188120809-2018-morey-st-denis-les-forges-du-tart-1er-cru-clos-de-tart-burgundy","1047680","20188120809"
"Domaine Clos de Tart","2019","Morey St Denis, Les Forges du Tart, 1er Cru, Clos de Tart, Burgundy","1120","Case of 6 Bottles","https://www.bbr.com/products-20198120809-2019-morey-st-denis-les-forges-du-tart-1er-cru-clos-de-tart-burgundy","1047680","20198120809"
"Domaine Clos de Tart","2023","Morey St Denis, Les Forges du Tart, 1er Cru, Clos de Tart, Burgundy","1150","Case of 6 Bottles","https://www.bbr.com/products-20238120809-2023-morey-st-denis-les-forges-du-tart-1er-cru-clos-de-tart-burgundy","1047680","20238120809"
"Domaine Noellat","2020","Morey-Saint-Denis, Domaine Michel Noellat, Burgundy","360","Case of 6 Bottles","https://www.bbr.com/products-20208239637-2020-morey-saint-denis-domaine-michel-noellat-burgundy","1192540","20208239637"
"Bruno Clair","2014","Morey-St Denis Blanc, En la Rue de Vergy, Domaine Bruno Clair, Burgundy","722","Case of 12 Bottles","https://www.bbr.com/products-20148119894-2014-morey-st-denis-blanc-en-la-rue-de-vergy-domaine-bruno-clair-burgundy","1064399","20148119894"
"Bruno Clair","2018","Morey-St Denis Blanc, En la Rue de Vergy, Domaine Bruno Clair, Burgundy","299","Case of 6 Bottles","https://www.bbr.com/products-20188119894-2018-morey-st-denis-blanc-en-la-rue-de-vergy-domaine-bruno-clair-burgundy","1064399","20188119894"
"Domaine Guyon","2015","Morey-St Denis Blanc, La Bidaude, Domaine Guyon, Burgundy","245","Case of 6 Bottles","https://www.bbr.com/products-20151437821-2015-morey-st-denis-blanc-la-bidaude-domaine-guyon-burgundy","1437821","20151437821"
"Domaine Guyon","2016","Morey-St Denis Blanc, La Bidaude, Domaine Guyon, Burgundy","340","Case of 6 Bottles","https://www.bbr.com/products-20161437821-2016-morey-st-denis-blanc-la-bidaude-domaine-guyon-burgundy","1437821","20161437821"
"Domaine Guyon","2017","Morey-St Denis Blanc, La Bidaude, Domaine Guyon, Burgundy","275","Case of 6 Bottles","https://www.bbr.com/products-20171437821-2017-morey-st-denis-blanc-la-bidaude-domaine-guyon-burgundy","1437821","20171437821"
"Domaine Guyon","2018","Morey-St Denis Blanc, La Bidaude, Domaine Guyon, Burgundy","335","Case of 6 Bottles","https://www.bbr.com/products-20181437821-2018-morey-st-denis-blanc-la-bidaude-domaine-guyon-burgundy","1437821","20181437821"
"Domaine Guyon","2019","Morey-St Denis Blanc, La Bidaude, Domaine Guyon, Burgundy","275","Case of 6 Bottles","https://www.bbr.com/products-20191437821-2019-morey-st-denis-blanc-la-bidaude-domaine-guyon-burgundy","1437821","20191437821"
"Domaine Guyon","2020","Morey-St Denis Blanc, La Bidaude, Domaine Guyon, Burgundy","270","Case of 6 Bottles","https://www.bbr.com/products-20201437821-2020-morey-st-denis-blanc-la-bidaude-domaine-guyon-burgundy","1437821","20201437821"
"Domaine Guyon","2021","Morey-St Denis Blanc, La Bidaude, Domaine Guyon, Burgundy","300","Case of 6 Bottles","https://www.bbr.com/products-20211437821-2021-morey-st-denis-blanc-la-bidaude-domaine-guyon-burgundy","1437821","20211437821"
"Bruno Clair","2016","Morey-St Denis Rouge, En la Rue de Vergy, Domaine Bruno Clair, Burgundy","435","Case of 6 Bottles","https://www.bbr.com/products-20168122382-2016-morey-st-denis-rouge-en-la-rue-de-vergy-domaine-bruno-clair-burgundy","1025543","20168122382"
"Bruno Clair","2019","Morey-St Denis Rouge, En la Rue de Vergy, Domaine Bruno Clair, Burgundy","380","Case of 6 Bottles","https://www.bbr.com/products-20198122382-2019-morey-st-denis-rouge-en-la-rue-de-vergy-domaine-bruno-clair-burgundy","1025543","20198122382"
"Bruno Clair","2020","Morey-St Denis Rouge, En la Rue de Vergy, Domaine Bruno Clair, Burgundy","375","Case of 6 Bottles","https://www.bbr.com/products-20208122382-2020-morey-st-denis-rouge-en-la-rue-de-vergy-domaine-bruno-clair-burgundy","1025543","20208122382"
"Dujac","2009","Morey-St Denis, 1er Cru, Domaine Dujac, Burgundy","1700","Case of 6 Bottles","https://www.bbr.com/products-20091030615-2009-morey-st-denis-1er-cru-domaine-dujac-burgundy","1030615","20091030615"
"Dujac","2011","Morey-St Denis, 1er Cru, Domaine Dujac, Burgundy","1225","Case of 6 Bottles","https://www.bbr.com/products-20111030615-2011-morey-st-denis-1er-cru-domaine-dujac-burgundy","1030615","20111030615"
"Dujac","2012","Morey-St Denis, 1er Cru, Domaine Dujac, Burgundy","1125","Case of 6 Bottles","https://www.bbr.com/products-20121030615-2012-morey-st-denis-1er-cru-domaine-dujac-burgundy","1030615","20121030615"
"Dujac","2013","Morey-St Denis, 1er Cru, Domaine Dujac, Burgundy","990","Case of 6 Bottles","https://www.bbr.com/products-20131030615-2013-morey-st-denis-1er-cru-domaine-dujac-burgundy","1030615","20131030615"
"Dujac","2013","Morey-St Denis, 1er Cru, Domaine Dujac, Burgundy","1045","Case of 6 Bottles","https://www.bbr.com/products-20131030615-2013-morey-st-denis-1er-cru-domaine-dujac-burgundy","1030615","20131030615"
"Dujac","2014","Morey-St Denis, 1er Cru, Domaine Dujac, Burgundy","1170","Case of 6 Bottles","https://www.bbr.com/products-20141030615-2014-morey-st-denis-1er-cru-domaine-dujac-burgundy","1030615","20141030615"
"Dujac","2015","Morey-St Denis, 1er Cru, Domaine Dujac, Burgundy","1425","Case of 6 Bottles","https://www.bbr.com/products-20151030615-2015-morey-st-denis-1er-cru-domaine-dujac-burgundy","1030615","20151030615"
"Dujac","2016","Morey-St Denis, 1er Cru, Domaine Dujac, Burgundy","1200","Case of 6 Bottles","https://www.bbr.com/products-20161030615-2016-morey-st-denis-1er-cru-domaine-dujac-burgundy","1030615","20161030615"
"Dujac","2017","Morey-St Denis, 1er Cru, Domaine Dujac, Burgundy","1050","Case of 6 Bottles","https://www.bbr.com/products-20171030615-2017-morey-st-denis-1er-cru-domaine-dujac-burgundy","1030615","20171030615"
"Dujac","2018","Morey-St Denis, 1er Cru, Domaine Dujac, Burgundy","995","Case of 6 Bottles","https://www.bbr.com/products-20181030615-2018-morey-st-denis-1er-cru-domaine-dujac-burgundy","1030615","20181030615"
"Dujac","2019","Morey-St Denis, 1er Cru, Domaine Dujac, Burgundy","1290","Case of 6 Bottles","https://www.bbr.com/products-20191030615-2019-morey-st-denis-1er-cru-domaine-dujac-burgundy","1030615","20191030615"
"Dujac","2020","Morey-St Denis, 1er Cru, Domaine Dujac, Burgundy","995","Case of 6 Bottles","https://www.bbr.com/products-20201030615-2020-morey-st-denis-1er-cru-domaine-dujac-burgundy","1030615","20201030615"
"Dujac","2021","Morey-St Denis, 1er Cru, Domaine Dujac, Burgundy","830","Case of 6 Bottles","https://www.bbr.com/products-20211030615-2021-morey-st-denis-1er-cru-domaine-dujac-burgundy","1030615","20211030615"
"Dujac","2022","Morey-St Denis, 1er Cru, Domaine Dujac, Burgundy","1200","Case of 6 Bottles","https://www.bbr.com/products-20221030615-2022-morey-st-denis-1er-cru-domaine-dujac-burgundy","1030615","20221030615"
"Hubert Lignier","2012","Morey-St Denis, 1er Cru, Vieilles Vignes, Hubert Lignier, Burgundy","805","Case of 3 Magnums","https://www.bbr.com/products-20128120883-2012-morey-st-denis-1er-cru-vieilles-vignes-hubert-lignier-burgundy","1045370","20128120883"
"Domaine Lignier-Michelot","2013","Morey-St Denis, Aux Charmes, 1er Cru, Lignier-Michelot, Burgundy","280","Case of 6 Bottles","https://www.bbr.com/products-20138029779-2013-morey-st-denis-aux-charmes-1er-cru-lignier-michelot-burgundy","1124187","20138029779"
"Domaine Lignier-Michelot","2015","Morey-St Denis, Aux Charmes, 1er Cru, Lignier-Michelot, Burgundy","702","Case of 6 Bottles","https://www.bbr.com/products-20158029779-2015-morey-st-denis-aux-charmes-1er-cru-lignier-michelot-burgundy","1124187","20158029779"
"Domaine Lignier-Michelot","2019","Morey-St Denis, Aux Charmes, 1er Cru, Lignier-Michelot, Burgundy","624","Case of 6 Bottles","https://www.bbr.com/products-20198029779-2019-morey-st-denis-aux-charmes-1er-cru-lignier-michelot-burgundy","1124187","20198029779"
"Domaine Lignier-Michelot","2021","Morey-St Denis, Aux Charmes, 1er Cru, Lignier-Michelot, Burgundy","465","Case of 6 Bottles","https://www.bbr.com/products-20218029779-2021-morey-st-denis-aux-charmes-1er-cru-lignier-michelot-burgundy","1124187","20218029779"
"Domaine Arlaud","2018","Morey-St Denis, Aux Cheseaux, 1er Cru, Domaine Arlaud, Burgundy","400","Case of 6 Bottles","https://www.bbr.com/products-20188212511-2018-morey-st-denis-aux-cheseaux-1er-cru-domaine-arlaud-burgundy","1123861","20188212511"
"Domaine Castagnier","2013","Morey-St Denis, Aux Cheseaux, 1er Cru, Domaine Castagnier, Burgundy","275","Case of 6 Bottles","https://www.bbr.com/products-20138023676-2013-morey-st-denis-aux-cheseaux-1er-cru-domaine-castagnier-burgundy","1362886","20138023676"
"Domaine Castagnier","2015","Morey-St Denis, Aux Cheseaux, 1er Cru, Domaine Castagnier, Burgundy","336","Case of 6 Bottles","https://www.bbr.com/products-20158023676-2015-morey-st-denis-aux-cheseaux-1er-cru-domaine-castagnier-burgundy","1362886","20158023676"
"Domaine Castagnier","2016","Morey-St Denis, Aux Cheseaux, 1er Cru, Domaine Castagnier, Burgundy","330","Case of 6 Bottles","https://www.bbr.com/products-20168023676-2016-morey-st-denis-aux-cheseaux-1er-cru-domaine-castagnier-burgundy","1362886","20168023676"
"Domaine Castagnier","2018","Morey-St Denis, Aux Cheseaux, 1er Cru, Domaine Castagnier, Burgundy","425","Case of 6 Bottles","https://www.bbr.com/products-20188023676-2018-morey-st-denis-aux-cheseaux-1er-cru-domaine-castagnier-burgundy","1362886","20188023676"
"Domaine Castagnier","2020","Morey-St Denis, Aux Cheseaux, 1er Cru, Domaine Castagnier, Burgundy","454","Case of 6 Bottles","https://www.bbr.com/products-20208023676-2020-morey-st-denis-aux-cheseaux-1er-cru-domaine-castagnier-burgundy","1362886","20208023676"
"Domaine Lignier-Michelot","2013","Morey-St Denis, Aux Chezeaux, 1er Cru, Lignier-Michelot, Burgundy","360","Case of 6 Bottles","https://www.bbr.com/products-20138012401-2013-morey-st-denis-aux-chezeaux-1er-cru-lignier-michelot-burgundy","1225914","20138012401"
"Domaine Lignier-Michelot","2016","Morey-St Denis, Aux Chezeaux, 1er Cru, Lignier-Michelot, Burgundy","370","Case of 6 Bottles","https://www.bbr.com/products-20168012401-2016-morey-st-denis-aux-chezeaux-1er-cru-lignier-michelot-burgundy","1225914","20168012401"
"Domaine Lignier-Michelot","2019","Morey-St Denis, Aux Chezeaux, 1er Cru, Lignier-Michelot, Burgundy","550","Case of 6 Bottles","https://www.bbr.com/products-20198012401-2019-morey-st-denis-aux-chezeaux-1er-cru-lignier-michelot-burgundy","1225914","20198012401"
"Domaine Lignier-Michelot","2020","Morey-St Denis, Aux Chezeaux, 1er Cru, Lignier-Michelot, Burgundy","395","Case of 6 Bottles","https://www.bbr.com/products-20208012401-2020-morey-st-denis-aux-chezeaux-1er-cru-lignier-michelot-burgundy","1225914","20208012401"
"Benjamin Leroux","2017","Morey-St Denis, Benjamin Leroux, Burgundy","370","Case of 6 Bottles","https://www.bbr.com/products-20171491337-2017-morey-st-denis-benjamin-leroux-burgundy","1491337","20171491337"
"Maison Camille Giroud","2021","Morey-St Denis, Camille Giroud, Burgundy","265","Case of 3 Magnums","https://www.bbr.com/products-20218163666-2021-morey-st-denis-camille-giroud-burgundy","2974679","20218163666"
"David Duband","2014","Morey-St Denis, Clos Sorbe, 1er Cru, David Duband, Burgundy","654","Case of 12 Bottles","https://www.bbr.com/products-20148219464-2014-morey-st-denis-clos-sorbe-1er-cru-david-duband-burgundy","1029701","20148219464"
"David Duband","2016","Morey-St Denis, Clos Sorbe, 1er Cru, David Duband, Burgundy","345","Case of 6 Bottles","https://www.bbr.com/products-20168219464-2016-morey-st-denis-clos-sorbe-1er-cru-david-duband-burgundy","1029701","20168219464"
"David Duband","2017","Morey-St Denis, Clos Sorbe, 1er Cru, David Duband, Burgundy","310","Case of 6 Bottles","https://www.bbr.com/products-20178219464-2017-morey-st-denis-clos-sorbe-1er-cru-david-duband-burgundy","1029701","20178219464"
"David Duband","2018","Morey-St Denis, Clos Sorbe, 1er Cru, David Duband, Burgundy","338","Case of 6 Bottles","https://www.bbr.com/products-20188219464-2018-morey-st-denis-clos-sorbe-1er-cru-david-duband-burgundy","1029701","20188219464"
"David Duband","2019","Morey-St Denis, Clos Sorbe, 1er Cru, David Duband, Burgundy","361","Case of 6 Bottles","https://www.bbr.com/products-20198219464-2019-morey-st-denis-clos-sorbe-1er-cru-david-duband-burgundy","1029701","20198219464"
"David Duband","2020","Morey-St Denis, Clos Sorbe, 1er Cru, David Duband, Burgundy","378","Case of 6 Bottles","https://www.bbr.com/products-20208219464-2020-morey-st-denis-clos-sorbe-1er-cru-david-duband-burgundy","1029701","20208219464"
"Domaine Georges & Christophe Roumier","2008","Morey-St Denis, Clos de la Bussiere, 1er Cru, Domaine Georges Roumier, Burgundy","2190","Case of 6 Bottles","https://www.bbr.com/products-20088014724-2008-morey-st-denis-clos-de-la-bussiere-1er-cru-domaine-georges-roumier-burgundy","1056923","20088014724"
"Domaine Georges & Christophe Roumier","2010","Morey-St Denis, Clos de la Bussiere, 1er Cru, Domaine Georges Roumier, Burgundy","2700","Case of 6 Bottles","https://www.bbr.com/products-20108014724-2010-morey-st-denis-clos-de-la-bussiere-1er-cru-domaine-georges-roumier-burgundy","1056923","20108014724"
"Domaine Georges & Christophe Roumier","2012","Morey-St Denis, Clos de la Bussiere, 1er Cru, Domaine Georges Roumier, Burgundy","1800","Case of 6 Bottles","https://www.bbr.com/products-20128014724-2012-morey-st-denis-clos-de-la-bussiere-1er-cru-domaine-georges-roumier-burgundy","1056923","20128014724"
"Domaine Georges & Christophe Roumier","2014","Morey-St Denis, Clos de la Bussiere, 1er Cru, Domaine Georges Roumier, Burgundy","1200","Case of 6 Bottles","https://www.bbr.com/products-20148014724-2014-morey-st-denis-clos-de-la-bussiere-1er-cru-domaine-georges-roumier-burgundy","1056923","20148014724"
"Domaine Georges & Christophe Roumier","2015","Morey-St Denis, Clos de la Bussiere, 1er Cru, Domaine Georges Roumier, Burgundy","1500","Case of 6 Bottles","https://www.bbr.com/products-20158014724-2015-morey-st-denis-clos-de-la-bussiere-1er-cru-domaine-georges-roumier-burgundy","1056923","20158014724"
"Domaine Georges & Christophe Roumier","2017","Morey-St Denis, Clos de la Bussiere, 1er Cru, Domaine Georges Roumier, Burgundy","1520","Case of 6 Bottles","https://www.bbr.com/products-20178014724-2017-morey-st-denis-clos-de-la-bussiere-1er-cru-domaine-georges-roumier-burgundy","1056923","20178014724"
"Maison Camille Giroud","2018","Morey-St Denis, Clos des Godelles, 1er Cru, Camille Giroud, Burgundy","360","Case of 6 Bottles","https://www.bbr.com/products-20188047283-2018-morey-st-denis-clos-des-godelles-1er-cru-camille-giroud-burgundy","1867639","20188047283"
"Maison Camille Giroud","2019","Morey-St Denis, Clos des Godelles, 1er Cru, Camille Giroud, Burgundy","298","Case of 6 Bottles","https://www.bbr.com/products-20198047283-2019-morey-st-denis-clos-des-godelles-1er-cru-camille-giroud-burgundy","1867639","20198047283"
"Maison Camille Giroud","2019","Morey-St Denis, Clos des Godelles, 1er Cru, Camille Giroud, Burgundy","275","Case of 3 Magnums","https://www.bbr.com/products-20198047283-2019-morey-st-denis-clos-des-godelles-1er-cru-camille-giroud-burgundy","1867639","20198047283"
"Maison Camille Giroud","2020","Morey-St Denis, Clos des Godelles, 1er Cru, Camille Giroud, Burgundy","360","Case of 6 Bottles","https://www.bbr.com/products-20208047283-2020-morey-st-denis-clos-des-godelles-1er-cru-camille-giroud-burgundy","1867639","20208047283"
"Maison Camille Giroud","2021","Morey-St Denis, Clos des Godelles, 1er Cru, Camille Giroud, Burgundy","475","Case of 6 Bottles","https://www.bbr.com/products-20218047283-2021-morey-st-denis-clos-des-godelles-1er-cru-camille-giroud-burgundy","1867639","20218047283"
"Maison Camille Giroud","2022","Morey-St Denis, Clos des Godelles, 1er Cru, Camille Giroud, Burgundy","505","Case of 6 Bottles","https://www.bbr.com/products-20228047283-2022-morey-st-denis-clos-des-godelles-1er-cru-camille-giroud-burgundy","1867639","20228047283"
"Domaine Ponsot","2022","Morey-St Denis, Clos des Monts Luisants, Tres Vieilles Vignes, Domaine Ponsot, Burgundy","720","Case of 6 Bottles","https://www.bbr.com/products-20228107491-2022-morey-st-denis-clos-des-monts-luisants-tres-vieilles-vignes-domaine-ponsot-burgundy","1078190","20228107491"
"Domaine Louis Remy","2020","Morey-St Denis, Clos des Ormes, 1er Cru, Heritiere Louis Remy, Burgundy","300","Case of 6 Bottles","https://www.bbr.com/products-20201380244-2020-morey-st-denis-clos-des-ormes-1er-cru-heritiere-louis-remy-burgundy","1380244","20201380244"
"Domaine Louis Remy","2021","Morey-St Denis, Clos des Ormes, 1er Cru, Heritiere Louis Remy, Burgundy","400","Case of 6 Bottles","https://www.bbr.com/products-20211380244-2021-morey-st-denis-clos-des-ormes-1er-cru-heritiere-louis-remy-burgundy","1380244","20211380244"
"Domaine Louis Remy","2019","Morey-St Denis, Clos des Ormes, 1er Cru, Heritiere Louis Remy,Burgundy","372","Case of 6 Bottles","https://www.bbr.com/products-20191380244-2019-morey-st-denis-clos-des-ormes-1er-cru-heritiere-louis-remy-burgundy","1380244","20191380244"
"Lucien Le Moine","2014","Morey-St Denis, Clos des Ormes, 1er Cru, Lucien Le Moine, Burgundy","536","Case of 6 Bottles","https://www.bbr.com/products-20148218643-2014-morey-st-denis-clos-des-ormes-1er-cru-lucien-le-moine-burgundy","1042685","20148218643"
"Domaine Chantal Remy","2020","Morey-St Denis, Clos des Rosiers, Domaine Chantal Remy, Burgundy","454","Case of 6 Bottles","https://www.bbr.com/products-20208017998-2020-morey-st-denis-clos-des-rosiers-domaine-chantal-remy-burgundy","1361078","20208017998"
"Domaine Chantal Remy","2021","Morey-St Denis, Clos des Rosiers, Domaine Chantal Remy, Burgundy","540","Case of 6 Bottles","https://www.bbr.com/products-20218017998-2021-morey-st-denis-clos-des-rosiers-domaine-chantal-remy-burgundy","1361078","20218017998"
"Stephane Magnien","2021","Morey-St Denis, Cuvee Aux Petites Noix, Domaine Stephane Magnien, Burgundy","333","Case of 6 Bottles","https://www.bbr.com/products-20218157643-2021-morey-st-denis-cuvee-aux-petites-noix-domaine-stephane-magnien-burgundy","1269130","20218157643"
"Tortochot","2017","Morey-St Denis, Cuvee Renaissance, 1er Cru, Domaine Tortochot, Burgundy","300","Case of 6 Bottles","https://www.bbr.com/products-20178168834-2017-morey-st-denis-cuvee-renaissance-1er-cru-domaine-tortochot-burgundy","1430819","20178168834"
"Domaine Ponsot","2011","Morey-St Denis, Cuvee des Alouettes, 1er Cru, Domaine Ponsot, Burgundy","598","Case of 6 Bottles","https://www.bbr.com/products-20118114378-2011-morey-st-denis-cuvee-des-alouettes-1er-cru-domaine-ponsot-burgundy","1143630","20118114378"
"David Duband","2019","Morey-St Denis, David Duband, Burgundy","232","Case of 6 Bottles","https://www.bbr.com/products-20198152879-2019-morey-st-denis-david-duband-burgundy","1029697","20198152879"
"David Duband","2020","Morey-St Denis, David Duband, Burgundy","248","Case of 6 Bottles","https://www.bbr.com/products-20208152879-2020-morey-st-denis-david-duband-burgundy","1029697","20208152879"
"Domaine Christian Clerget","2022","Morey-St Denis, Domaine Christian Clerget, Burgundy","280","Case of 6 Bottles","https://www.bbr.com/products-20228232566-2022-morey-st-denis-domaine-christian-clerget-burgundy","1025905","20228232566"
"Dujac","2013","Morey-St Denis, Domaine Dujac, Burgundy","540","Case of 6 Bottles","https://www.bbr.com/products-20131492956-2013-morey-st-denis-domaine-dujac-burgundy","1765456","20131492956"
"Dujac","2013","Morey-St Denis, Domaine Dujac, Burgundy","570","Case of 6 Bottles","https://www.bbr.com/products-20131492956-2013-morey-st-denis-domaine-dujac-burgundy","1765456","20131492956"
"Dujac","2014","Morey-St Denis, Domaine Dujac, Burgundy","700","Case of 6 Bottles","https://www.bbr.com/products-20141492956-2014-morey-st-denis-domaine-dujac-burgundy","1765456","20141492956"
"Dujac","2016","Morey-St Denis, Domaine Dujac, Burgundy","630","Case of 6 Bottles","https://www.bbr.com/products-20161492956-2016-morey-st-denis-domaine-dujac-burgundy","1765456","20161492956"
"Dujac","2019","Morey-St Denis, Domaine Dujac, Burgundy","635","Case of 6 Bottles","https://www.bbr.com/products-20191492956-2019-morey-st-denis-domaine-dujac-burgundy","1765456","20191492956"
"Dujac","2019","Morey-St Denis, Domaine Dujac, Burgundy","760","Case of 6 Bottles","https://www.bbr.com/products-20191492956-2019-morey-st-denis-domaine-dujac-burgundy","1765456","20191492956"
"Dujac","2021","Morey-St Denis, Domaine Dujac, Burgundy","960","Case of 3 Magnums","https://www.bbr.com/products-20211492956-2021-morey-st-denis-domaine-dujac-burgundy","1765456","20211492956"
"Dujac","2022","Morey-St Denis, Domaine Dujac, Burgundy","700","Case of 3 Magnums","https://www.bbr.com/products-20221492956-2022-morey-st-denis-domaine-dujac-burgundy","1765456","20221492956"
"Dujac","2023","Morey-St Denis, Domaine Dujac, Burgundy","540","Case of 6 Bottles","https://www.bbr.com/products-20231492956-2023-morey-st-denis-domaine-dujac-burgundy","1765456","20231492956"
"Dujac","2023","Morey-St Denis, Domaine Dujac, Burgundy","495","Case of 6 Bottles","https://www.bbr.com/products-20231492956-2023-morey-st-denis-domaine-dujac-burgundy","1765456","20231492956"
"Domaine des Lambrays","1999","Morey-St Denis, Domaine des Lambrays, Burgundy","1810","Case of 12 Bottles","https://www.bbr.com/products-19998023201-1999-morey-st-denis-domaine-des-lambrays-burgundy","1040304","19998023201"
"Domaine des Lambrays","2005","Morey-St Denis, Domaine des Lambrays, Burgundy","1050","Case of 12 Bottles","https://www.bbr.com/products-20058023201-2005-morey-st-denis-domaine-des-lambrays-burgundy","1040304","20058023201"
"Domaine des Lambrays","2006","Morey-St Denis, Domaine des Lambrays, Burgundy","1000","Case of 12 Bottles","https://www.bbr.com/products-20068023201-2006-morey-st-denis-domaine-des-lambrays-burgundy","1040304","20068023201"
"Domaine des Lambrays","2011","Morey-St Denis, Domaine des Lambrays, Burgundy","365","Case of 6 Bottles","https://www.bbr.com/products-20118023201-2011-morey-st-denis-domaine-des-lambrays-burgundy","1040304","20118023201"
"Domaine des Lambrays","2014","Morey-St Denis, Domaine des Lambrays, Burgundy","415","Case of 6 Bottles","https://www.bbr.com/products-20148023201-2014-morey-st-denis-domaine-des-lambrays-burgundy","1040304","20148023201"
"Dujac Fils et Pere","2009","Morey-St Denis, Dujac Fils & Pere, Burgundy","1800","Case of 12 Bottles","https://www.bbr.com/products-20091453487-2009-morey-st-denis-dujac-fils-pere-burgundy","1453487","20091453487"
"Dujac Fils et Pere","2012","Morey-St Denis, Dujac Fils & Pere, Burgundy","396","Case of 6 Bottles","https://www.bbr.com/products-20121453487-2012-morey-st-denis-dujac-fils-pere-burgundy","1453487","20121453487"
"Dujac Fils et Pere","2014","Morey-St Denis, Dujac Fils & Pere, Burgundy","650","Case of 12 Bottles","https://www.bbr.com/products-20141453487-2014-morey-st-denis-dujac-fils-pere-burgundy","1453487","20141453487"
"Dujac Fils et Pere","2017","Morey-St Denis, Dujac Fils & Pere, Burgundy","325","Case of 6 Bottles","https://www.bbr.com/products-20171453487-2017-morey-st-denis-dujac-fils-pere-burgundy","1453487","20171453487"
"Dujac Fils et Pere","2017","Morey-St Denis, Dujac Fils & Pere, Burgundy","325","Case of 6 Bottles","https://www.bbr.com/products-20171453487-2017-morey-st-denis-dujac-fils-pere-burgundy","1453487","20171453487"
"Dujac Fils et Pere","2015","Morey-St Denis, Dujac Fils &amp; Pere, Burgundy","360","Case of 6 Bottles","https://www.bbr.com/products-20151453487-2015-morey-st-denis-dujac-fils-and-pere-burgundy","1453487","20151453487"
"Dujac Fils et Pere","2018","Morey-St Denis, Dujac Fils &amp; Pere, Burgundy","475","Case of 6 Bottles","https://www.bbr.com/products-20181453487-2018-morey-st-denis-dujac-fils-and-pere-burgundy","1453487","20181453487"
"Dujac Fils et Pere","2019","Morey-St Denis, Dujac Fils &amp; Pere, Burgundy","444","Case of 6 Bottles","https://www.bbr.com/products-20191453487-2019-morey-st-denis-dujac-fils-and-pere-burgundy","1453487","20191453487"
"Dujac Fils et Pere","2020","Morey-St Denis, Dujac Fils &amp; Pere, Burgundy","550","Case of 6 Bottles","https://www.bbr.com/products-20201453487-2020-morey-st-denis-dujac-fils-and-pere-burgundy","1453487","20201453487"
"Dujac Fils et Pere","2020","Morey-St Denis, Dujac Fils &amp; Pere, Burgundy","595","Case of 6 Bottles","https://www.bbr.com/products-20201453487-2020-morey-st-denis-dujac-fils-and-pere-burgundy","1453487","20201453487"
"Dujac Fils et Pere","2022","Morey-St Denis, Dujac Fils &amp; Pere, Burgundy","438","Case of 6 Bottles","https://www.bbr.com/products-20221453487-2022-morey-st-denis-dujac-fils-and-pere-burgundy","1453487","20221453487"
"Dujac Fils et Pere","2022","Morey-St Denis, Dujac Fils &amp; Pere, Burgundy","440","Case of 6 Bottles","https://www.bbr.com/products-20221453487-2022-morey-st-denis-dujac-fils-and-pere-burgundy","1453487","20221453487"
"Dujac Fils et Pere","2023","Morey-St Denis, Dujac Fils &amp; Pere, Burgundy","420","Case of 6 Bottles","https://www.bbr.com/products-20231453487-2023-morey-st-denis-dujac-fils-and-pere-burgundy","1453487","20231453487"
"Domaine Felettig","2022","Morey-St Denis, En la Rue de Vergy, Domaine Gilbert &amp; Christine Felettig, Burgundy","400","Case of 6 Bottles","https://www.bbr.com/products-20228077406-2022-morey-st-denis-en-la-rue-de-vergy-domaine-gilbert-and-christine-felettig-burgundy","1426542","20228077406"
"Domaine Lignier-Michelot","2014","Morey-St Denis, En la Rue de Vergy, Lignier-Michelot, Burgundy","360","Case of 6 Bottles","https://www.bbr.com/products-20148029809-2014-morey-st-denis-en-la-rue-de-vergy-lignier-michelot-burgundy","1045400","20148029809"
"Domaine Lignier-Michelot","2019","Morey-St Denis, En la Rue de Vergy, Lignier-Michelot, Burgundy","270","Case of 6 Bottles","https://www.bbr.com/products-20198029809-2019-morey-st-denis-en-la-rue-de-vergy-lignier-michelot-burgundy","1045400","20198029809"
"Domaine Lignier-Michelot","2020","Morey-St Denis, En la Rue de Vergy, Lignier-Michelot, Burgundy","250","Case of 6 Bottles","https://www.bbr.com/products-20208029809-2020-morey-st-denis-en-la-rue-de-vergy-lignier-michelot-burgundy","1045400","20208029809"
"Stephane Magnien","2021","Morey-St Denis, Grains Fins, Domaine Stephane Magnien, Burgundy","210","Case of 6 Bottles","https://www.bbr.com/products-20218308104-2021-morey-st-denis-grains-fins-domaine-stephane-magnien-burgundy","1577202","20218308104"
"Domaine Jean Taupenot-Merme","2015","Morey-St Denis, La Riotte, 1er Cru, Domaine Taupenot-Merme, Burgundy","360","Case of 6 Bottles","https://www.bbr.com/products-20158030638-2015-morey-st-denis-la-riotte-1er-cru-domaine-taupenot-merme-burgundy","1058057","20158030638"
"Domaine Jean Taupenot-Merme","2015","Morey-St Denis, La Riotte, 1er Cru, Domaine Taupenot-Merme, Burgundy","430","Case of 6 Bottles","https://www.bbr.com/products-20158030638-2015-morey-st-denis-la-riotte-1er-cru-domaine-taupenot-merme-burgundy","1058057","20158030638"
"Domaine Jean Taupenot-Merme","2017","Morey-St Denis, La Riotte, 1er Cru, Domaine Taupenot-Merme, Burgundy","400","Case of 6 Bottles","https://www.bbr.com/products-20178030638-2017-morey-st-denis-la-riotte-1er-cru-domaine-taupenot-merme-burgundy","1058057","20178030638"
"Domaine Jean Taupenot-Merme","2019","Morey-St Denis, La Riotte, 1er Cru, Domaine Taupenot-Merme, Burgundy","375","Case of 6 Bottles","https://www.bbr.com/products-20198030638-2019-morey-st-denis-la-riotte-1er-cru-domaine-taupenot-merme-burgundy","1058057","20198030638"
"Domaine Jean Taupenot-Merme","2020","Morey-St Denis, La Riotte, 1er Cru, Domaine Taupenot-Merme, Burgundy","529","Case of 6 Bottles","https://www.bbr.com/products-20208030638-2020-morey-st-denis-la-riotte-1er-cru-domaine-taupenot-merme-burgundy","1058057","20208030638"
"Domaine Perrot-Minot","2015","Morey-St Denis, La Rue de Vergy, Domaine Perrot-Minot, Burgundy","550","Case of 6 Bottles","https://www.bbr.com/products-20158120564-2015-morey-st-denis-la-rue-de-vergy-domaine-perrot-minot-burgundy","1051003","20158120564"
"David Duband","2017","Morey-St Denis, Les Broc, 1er Cru, David Duband, Burgundy","670","Case of 6 Bottles","https://www.bbr.com/products-20178160841-2017-morey-st-denis-les-broc-1er-cru-david-duband-burgundy","1648904","20178160841"
"Hubert Lignier","2014","Morey-St Denis, Les Chaffots, 1er Cru, Domaine Hubert Lignier, Burgundy","1151","Case of 12 Bottles","https://www.bbr.com/products-20148120896-2014-morey-st-denis-les-chaffots-1er-cru-domaine-hubert-lignier-burgundy","1045341","20148120896"
"Hubert Lignier","2017","Morey-St Denis, Les Chaffots, 1er Cru, Domaine Hubert Lignier, Burgundy","508","Case of 6 Bottles","https://www.bbr.com/products-20178120896-2017-morey-st-denis-les-chaffots-1er-cru-domaine-hubert-lignier-burgundy","1045341","20178120896"
"Hubert Lignier","2018","Morey-St Denis, Les Chaffots, 1er Cru, Domaine Hubert Lignier, Burgundy","620","Case of 6 Bottles","https://www.bbr.com/products-20188120896-2018-morey-st-denis-les-chaffots-1er-cru-domaine-hubert-lignier-burgundy","1045341","20188120896"
"Lucien Le Moine","2017","Morey-St Denis, Les Chaffots, 1er Cru, Lucien Le Moine, Burgundy","510","Case of 6 Bottles","https://www.bbr.com/products-20178112794-2017-morey-st-denis-les-chaffots-1er-cru-lucien-le-moine-burgundy","1793112","20178112794"
"Domaine Lignier-Michelot","2021","Morey-St Denis, Les Chenevery, 1er Cru, Domaine Lignier-Michelot, Burgundy","500","Case of 6 Bottles","https://www.bbr.com/products-20218029795-2021-morey-st-denis-les-chenevery-1er-cru-domaine-lignier-michelot-burgundy","1229185","20218029795"
"Hubert Lignier","2014","Morey-St Denis, Les Chenevery, 1er Cru, Hubert Lignier, Burgundy","423","Case of 6 Bottles","https://www.bbr.com/products-20148113645-2014-morey-st-denis-les-chenevery-1er-cru-hubert-lignier-burgundy","1170865","20148113645"
"Hubert Lignier","2015","Morey-St Denis, Les Chenevery, 1er Cru, Hubert Lignier, Burgundy","1173","Case of 12 Bottles","https://www.bbr.com/products-20158113645-2015-morey-st-denis-les-chenevery-1er-cru-hubert-lignier-burgundy","1170865","20158113645"
"Hubert Lignier","2018","Morey-St Denis, Les Chenevery, 1er Cru, Hubert Lignier, Burgundy","435","Case of 6 Bottles","https://www.bbr.com/products-20188113645-2018-morey-st-denis-les-chenevery-1er-cru-hubert-lignier-burgundy","1170865","20188113645"
"Stephane Magnien","2017","Morey-St Denis, Les Faconnieres, 1er Cru, Domaine Stephane Magnien, Burgundy","795","Case of 12 Bottles","https://www.bbr.com/products-20178149075-2017-morey-st-denis-les-faconnieres-1er-cru-domaine-stephane-magnien-burgundy","1269143","20178149075"
"Stephane Magnien","2022","Morey-St Denis, Les Faconnieres, 1er Cru, Domaine Stephane Magnien, Burgundy","398","Case of 6 Bottles","https://www.bbr.com/products-20228149075-2022-morey-st-denis-les-faconnieres-1er-cru-domaine-stephane-magnien-burgundy","1269143","20228149075"
"Domaine Lignier-Michelot","2012","Morey-St Denis, Les Faconnieres, 1er Cru, Lignier-Michelot, Burgundy","875","Case of 12 Bottles","https://www.bbr.com/products-20128029782-2012-morey-st-denis-les-faconnieres-1er-cru-lignier-michelot-burgundy","1124190","20128029782"
"Domaine Lignier-Michelot","2013","Morey-St Denis, Les Faconnieres, 1er Cru, Lignier-Michelot, Burgundy","480","Case of 6 Bottles","https://www.bbr.com/products-20138029782-2013-morey-st-denis-les-faconnieres-1er-cru-lignier-michelot-burgundy","1124190","20138029782"
"Domaine Lignier-Michelot","2019","Morey-St Denis, Les Faconnieres, 1er Cru, Lignier-Michelot, Burgundy","435","Case of 6 Bottles","https://www.bbr.com/products-20198029782-2019-morey-st-denis-les-faconnieres-1er-cru-lignier-michelot-burgundy","1124190","20198029782"
"Domaine Lignier-Michelot","2019","Morey-St Denis, Les Faconnieres, 1er Cru, Lignier-Michelot, Burgundy","430","Case of 6 Bottles","https://www.bbr.com/products-20198029782-2019-morey-st-denis-les-faconnieres-1er-cru-lignier-michelot-burgundy","1124190","20198029782"
"Domaine Lignier-Michelot","2020","Morey-St Denis, Les Faconnieres, 1er Cru, Lignier-Michelot, Burgundy","445","Case of 6 Bottles","https://www.bbr.com/products-20208029782-2020-morey-st-denis-les-faconnieres-1er-cru-lignier-michelot-burgundy","1124190","20208029782"
"Domaine Lignier-Michelot","2021","Morey-St Denis, Les Faconnieres, 1er Cru, Lignier-Michelot, Burgundy","388","Case of 6 Bottles","https://www.bbr.com/products-20218029782-2021-morey-st-denis-les-faconnieres-1er-cru-lignier-michelot-burgundy","1124190","20218029782"
"Lucien Le Moine","2014","Morey-St Denis, Les Genavrieres, 1er Cru, Lucien Le Moine, Burgundy","508","Case of 6 Bottles","https://www.bbr.com/products-20148207306-2014-morey-st-denis-les-genavrieres-1er-cru-lucien-le-moine-burgundy","1273931","20148207306"
"Domaine des Lambrays","2002","Morey-St Denis, Les Loups, 1er Cru, Domaine des Lambrays, Burgundy","990","Case of 12 Bottles","https://www.bbr.com/products-20028023197-2002-morey-st-denis-les-loups-1er-cru-domaine-des-lambrays-burgundy","1040320","20028023197"
"Domaine des Lambrays","2005","Morey-St Denis, Les Loups, 1er Cru, Domaine des Lambrays, Burgundy","1200","Case of 12 Bottles","https://www.bbr.com/products-20058023197-2005-morey-st-denis-les-loups-1er-cru-domaine-des-lambrays-burgundy","1040320","20058023197"
"Domaine des Lambrays","2013","Morey-St Denis, Les Loups, 1er Cru, Domaine des Lambrays, Burgundy","755","Case of 6 Bottles","https://www.bbr.com/products-20138023197-2013-morey-st-denis-les-loups-1er-cru-domaine-des-lambrays-burgundy","1040320","20138023197"
"Domaine Amiot & Fils","2021","Morey-St Denis, Les Millandes, 1er Cru, Domaine Amiot & Fils, Burgundy","450","Case of 6 Bottles","https://www.bbr.com/products-20218151898-2021-morey-st-denis-les-millandes-1er-cru-domaine-amiot-fils-burgundy","2222552","20218151898"
"Domaine Amiot & Fils","2022","Morey-St Denis, Les Millandes, 1er Cru, Domaine Amiot & Fils, Burgundy","398","Case of 6 Bottles","https://www.bbr.com/products-20228151898-2022-morey-st-denis-les-millandes-1er-cru-domaine-amiot-fils-burgundy","2222552","20228151898"
"Domaine Serafin Pere & Fils","2013","Morey-St Denis, Les Millandes, 1er Cru, Domaine Serafin Pere & Fils, Burgundy","430","Case of 6 Bottles","https://www.bbr.com/products-20138018171-2013-morey-st-denis-les-millandes-1er-cru-domaine-serafin-pere-fils-burgundy","1057702","20138018171"
"Domaine Serafin Pere & Fils","2014","Morey-St Denis, Les Millandes, 1er Cru, Domaine Serafin Pere & Fils, Burgundy","568","Case of 6 Bottles","https://www.bbr.com/products-20148018171-2014-morey-st-denis-les-millandes-1er-cru-domaine-serafin-pere-fils-burgundy","1057702","20148018171"
"Domaine Serafin Pere & Fils","2005","Morey-St Denis, Les Millandes, 1er Cru, Domaine Serafin Pere &amp; Fils, Burgundy","1150","Case of 12 Bottles","https://www.bbr.com/products-20058018171-2005-morey-st-denis-les-millandes-1er-cru-domaine-serafin-pere-and-fils-burgundy","1057702","20058018171"
"Domaine Serafin Pere & Fils","2011","Morey-St Denis, Les Millandes, 1er Cru, Domaine Serafin Pere &amp; Fils, Burgundy","390","Case of 6 Bottles","https://www.bbr.com/products-20118018171-2011-morey-st-denis-les-millandes-1er-cru-domaine-serafin-pere-and-fils-burgundy","1057702","20118018171"
"Domaine Serafin Pere & Fils","2012","Morey-St Denis, Les Millandes, 1er Cru, Domaine Serafin Pere &amp; Fils, Burgundy","440","Case of 6 Bottles","https://www.bbr.com/products-20128018171-2012-morey-st-denis-les-millandes-1er-cru-domaine-serafin-pere-and-fils-burgundy","1057702","20128018171"
"Domaine Serafin Pere & Fils","2018","Morey-St Denis, Les Millandes, 1er Cru, Domaine Serafin Pere &amp; Fils, Burgundy","420","Case of 6 Bottles","https://www.bbr.com/products-20188018171-2018-morey-st-denis-les-millandes-1er-cru-domaine-serafin-pere-and-fils-burgundy","1057702","20188018171"
"Domaine Serafin Pere & Fils","2019","Morey-St Denis, Les Millandes, 1er Cru, Domaine Serafin Pere &amp; Fils, Burgundy","420","Case of 6 Bottles","https://www.bbr.com/products-20198018171-2019-morey-st-denis-les-millandes-1er-cru-domaine-serafin-pere-and-fils-burgundy","1057702","20198018171"
"Domaine Serafin Pere & Fils","2020","Morey-St Denis, Les Millandes, 1er Cru, Domaine Serafin Pere &amp; Fils, Burgundy","390","Case of 6 Bottles","https://www.bbr.com/products-20208018171-2020-morey-st-denis-les-millandes-1er-cru-domaine-serafin-pere-and-fils-burgundy","1057702","20208018171"
"Domaine Serafin Pere & Fils","2021","Morey-St Denis, Les Millandes, 1er Cru, Domaine Serafin Pere &amp; Fils, Burgundy","390","Case of 6 Bottles","https://www.bbr.com/products-20218018171-2021-morey-st-denis-les-millandes-1er-cru-domaine-serafin-pere-and-fils-burgundy","1057702","20218018171"
"Domaine Tawse","2021","Morey-St Denis, Les Millandes, 1er Cru, Marchand-Tawse, Burgundy","350","Case of 6 Bottles","https://www.bbr.com/products-20218303356-2021-morey-st-denis-les-millandes-1er-cru-marchand-tawse-burgundy","1229491","20218303356"
"Domaine David Clark","2012","Morey-St Denis, Les Porroux, Domaine David Clark, Burgundy","360","Case of 6 Bottles","https://www.bbr.com/products-20128030335-2012-morey-st-denis-les-porroux-domaine-david-clark-burgundy","1247950","20128030335"
"Domaine Arlaud","2017","Morey-St Denis, Les Ruchots, 1er Cru, Domaine Arlaud, Burgundy","395","Case of 6 Bottles","https://www.bbr.com/products-20178103738-2017-morey-st-denis-les-ruchots-1er-cru-domaine-arlaud-burgundy","1018523","20178103738"
"Domaine Arlaud","2018","Morey-St Denis, Les Ruchots, 1er Cru, Domaine Arlaud, Burgundy","360","Case of 6 Bottles","https://www.bbr.com/products-20188103738-2018-morey-st-denis-les-ruchots-1er-cru-domaine-arlaud-burgundy","1018523","20188103738"
"Meo-Camuzet","2015","Morey-St Denis, Meo-Camuzet Freres & Soeurs, Burgundy","370","Case of 6 Bottles","https://www.bbr.com/products-20151046784-2015-morey-st-denis-meo-camuzet-freres-soeurs-burgundy","1046784","20151046784"
"Meo-Camuzet","2015","Morey-St Denis, Meo-Camuzet Freres & Soeurs, Burgundy","675","Case of 12 Bottles","https://www.bbr.com/products-20151046784-2015-morey-st-denis-meo-camuzet-freres-soeurs-burgundy","1046784","20151046784"
"Meo-Camuzet","2018","Morey-St Denis, Meo-Camuzet Freres & Soeurs, Burgundy","327","Case of 6 Bottles","https://www.bbr.com/products-20181046784-2018-morey-st-denis-meo-camuzet-freres-soeurs-burgundy","1046784","20181046784"
"Hubert Lignier","2021","Morey-St Denis, Trilogie, Hubert Lignier, Burgundy","375","Case of 6 Bottles","https://www.bbr.com/products-20218146814-2021-morey-st-denis-trilogie-hubert-lignier-burgundy","1045367","20218146814"
"Domaine Cecile Tremblay","2022","Morey-St Denis, Tres Girard, Domaine Cecile Tremblay, Burgundy","900","Case of 3 Bottles","https://www.bbr.com/products-20228111029-2022-morey-st-denis-tres-girard-domaine-cecile-tremblay-burgundy","1247790","20228111029"
"Domaine Lignier-Michelot","2015","Morey-St Denis, Vieilles Vignes, Lignier-Michelot, Burgundy","300","Case of 6 Bottles","https://www.bbr.com/products-20158014506-2015-morey-st-denis-vieilles-vignes-lignier-michelot-burgundy","1124204","20158014506"
"Domaine Lignier-Michelot","2018","Morey-St Denis, Vieilles Vignes, Lignier-Michelot, Burgundy","230","Case of 6 Bottles","https://www.bbr.com/products-20188014506-2018-morey-st-denis-vieilles-vignes-lignier-michelot-burgundy","1124204","20188014506"
"Domaine Lignier-Michelot","2021","Morey-St Denis, Vieilles Vignes, Lignier-Michelot, Burgundy","240","Case of 6 Bottles","https://www.bbr.com/products-20218014506-2021-morey-st-denis-vieilles-vignes-lignier-michelot-burgundy","1124204","20218014506"
"Tortochot","2016","Morey-St-Denis, Aux Charmes, 1er Cru, Domaine Tortochot, Burgundy","542","Case of 12 Bottles","https://www.bbr.com/products-20168060822-2016-morey-st-denis-aux-charmes-1er-cru-domaine-tortochot-burgundy","1231399","20168060822"
"Tortochot","2019","Morey-St-Denis, Aux Charmes, 1er Cru, Domaine Tortochot, Burgundy","210","Case of 6 Bottles","https://www.bbr.com/products-20198060822-2019-morey-st-denis-aux-charmes-1er-cru-domaine-tortochot-burgundy","1231399","20198060822"
"Tortochot","2020","Morey-St-Denis, Aux Charmes, 1er Cru, Domaine Tortochot, Burgundy","339","Case of 6 Bottles","https://www.bbr.com/products-20208060822-2020-morey-st-denis-aux-charmes-1er-cru-domaine-tortochot-burgundy","1231399","20208060822"
"Tortochot","2020","Morey-St-Denis, Aux Charmes, 1er Cru, Domaine Tortochot, Burgundy","340","Case of 6 Bottles","https://www.bbr.com/products-20208060822-2020-morey-st-denis-aux-charmes-1er-cru-domaine-tortochot-burgundy","1231399","20208060822"
"Domaine Francois Legros","2021","Morey-St-Denis, Clos Sorbe, 1er Cru, Domaine Francois Legros, Burgundy","238","Case of 6 Bottles","https://www.bbr.com/products-20218173397-2021-morey-st-denis-clos-sorbe-1er-cru-domaine-francois-legros-burgundy","2516802","20218173397"
"Tortochot","2022","Morey-St-Denis, Domaine Tortochot, Burgundy","450","Case of 6 Bottles","https://www.bbr.com/products-20228315919-2022-morey-st-denis-domaine-tortochot-burgundy","1058552","20228315919"
"Morgen Long","2018","Morgen Long, Durant Vineyard Chardonnay, Willamette Valley, Oregon, USA","240","Case of 6 Bottles","https://www.bbr.com/products-20188162308-2018-morgen-long-durant-vineyard-chardonnay-willamette-valley-oregon-usa","2419158","20188162308"
"Marcel Lapierre","2018","Morgon Cuvee MMXVIII, Domaine Marcel Lapierre, Beaujolais","400","Case of 6 Magnums","https://www.bbr.com/products-20188044400-2018-morgon-cuvee-mmxviii-domaine-marcel-lapierre-beaujolais","1870664","20188044400"
"Jean Foillard","2018","Morgon, Cuvee Corcelette, Domaine Jean Foillard, Beaujolais","500","Case of 12 Bottles","https://www.bbr.com/products-20188225184-2018-morgon-cuvee-corcelette-domaine-jean-foillard-beaujolais","1250204","20188225184"
"Jean Foillard","2019","Morgon, Cuvee Corcelette, Domaine Jean Foillard, Beaujolais","450","Case of 12 Bottles","https://www.bbr.com/products-20198225184-2019-morgon-cuvee-corcelette-domaine-jean-foillard-beaujolais","1250204","20198225184"
"Chateau des Jacques","2018","Morgon, Cote du Py, Chateau des Jacques, Beaujolais","115","Case of 6 Bottles","https://www.bbr.com/products-20188149596-2018-morgon-cote-du-py-chateau-des-jacques-beaujolais","1314003","20188149596"
"Domaine Mee Godard","2016","Morgon, Cote du Py, Domaine Mee Godard, Beaujolais","500","Case of 12 Bottles","https://www.bbr.com/products-20168056148-2016-morgon-cote-du-py-domaine-mee-godard-beaujolais","1607138","20168056148"
"Jean Foillard","2017","Morgon, Cote du Py, Jean Foillard, Beaujolais","500","Case of 6 Magnums","https://www.bbr.com/products-20178207784-2017-morgon-cote-du-py-jean-foillard-beaujolais","1248117","20178207784"
"Domaine de Vernus","2021","Morgon, Grand Cras, Domaine de Vernus, Beaujolais","220","Case of 6 Bottles","https://www.bbr.com/products-20218301903-2021-morgon-grand-cras-domaine-de-vernus-beaujolais","2471194","20218301903"
"Domaine de Vernus","2021","Morgon, Grand Cras, Domaine de Vernus, Beaujolais","195","Case of 3 Magnums","https://www.bbr.com/products-20218301903-2021-morgon-grand-cras-domaine-de-vernus-beaujolais","2471194","20218301903"
"Domaine Louis Claude Desvignes","2016","Morgon, Javernieres, Louis Claude Desvignes, Beaujolais","289","Case of 12 Bottles","https://www.bbr.com/products-20168017291-2016-morgon-javernieres-louis-claude-desvignes-beaujolais","1171266","20168017291"
"Domaine Louis Claude Desvignes","2018","Morgon, Javernieres, Louis Claude Desvignes, Beaujolais","375","Case of 12 Bottles","https://www.bbr.com/products-20188017291-2018-morgon-javernieres-louis-claude-desvignes-beaujolais","1171266","20188017291"
"Moss Wood","2009","Moss Wood, Cabernet Sauvignon, Margaret River, Australia","695","Case of 12 Bottles","https://www.bbr.com/products-20098007850-2009-moss-wood-cabernet-sauvignon-margaret-river-australia","1003956","20098007850"
"Moss Wood","2012","Moss Wood, Cabernet Sauvignon, Margaret River, Australia","525","Case of 12 Bottles","https://www.bbr.com/products-20128007850-2012-moss-wood-cabernet-sauvignon-margaret-river-australia","1003956","20128007850"
"Moss Wood","2021","Moss Wood, Cabernet Sauvignon, Margaret River, Australia","280","Case of 6 Bottles","https://www.bbr.com/products-20218007850-2021-moss-wood-cabernet-sauvignon-margaret-river-australia","1003956","20218007850"
"Moss Wood","2015","Moss Wood, Semillon, Margaret River, Australia","210","Case of 12 Bottles","https://www.bbr.com/products-20158009476-2015-moss-wood-semillon-margaret-river-australia","1137141","20158009476"
"Herdade do Mouch?o","2013","Mouch?o Tinto, Herdade do Mouch?o, Alentejo, Portugal","280","Case of 6 Bottles","https://www.bbr.com/products-20138138262-2013-mouch-o-tinto-herdade-do-mouch-o-alentejo-portugal","1203561","20138138262"
"Domaine Thibault Liger-Belair","2018","Moulin-a-Vent, Champ de Cour, Thibault Liger-Belair, Beaujolais","190","Case of 3 Magnums","https://www.bbr.com/products-20188022594-2018-moulin-a-vent-champ-de-cour-thibault-liger-belair-beaujolais","1527467","20188022594"
"Domaine Thibault Liger-Belair","2015","Moulin-a-Vent, La Roche, Thibault Liger-Belair, Beaujolais","140","Case of 6 Bottles","https://www.bbr.com/products-20151160567-2015-moulin-a-vent-la-roche-thibault-liger-belair-beaujolais","1160567","20151160567"
"Domaine Thibault Liger-Belair","2019","Moulin-a-Vent, La Roche, Thibault Liger-Belair, Beaujolais","150","Case of 6 Bottles","https://www.bbr.com/products-20191160567-2019-moulin-a-vent-la-roche-thibault-liger-belair-beaujolais","1160567","20191160567"
"Domaine Thibault Liger-Belair","2020","Moulin-a-Vent, La Roche, Thibault Liger-Belair, Beaujolais","185","Case of 6 Bottles","https://www.bbr.com/products-20201160567-2020-moulin-a-vent-la-roche-thibault-liger-belair-beaujolais","1160567","20201160567"
"Domaine Thibault Liger-Belair","2022","Moulin-a-Vent, La Roche, Thibault Liger-Belair, Beaujolais","200","Case of 3 Magnums","https://www.bbr.com/products-20221160567-2022-moulin-a-vent-la-roche-thibault-liger-belair-beaujolais","1160567","20221160567"
"Olivier Merlin","2018","Moulin-a-Vent, La Rochelle, Olivier Merlin, Beaujolais","150","Case of 6 Bottles","https://www.bbr.com/products-20188000688-2018-moulin-a-vent-la-rochelle-olivier-merlin-beaujolais","1138249","20188000688"
"Olivier Merlin","2019","Moulin-a-Vent, La Rochelle, Olivier Merlin, Beaujolais","140","Case of 6 Bottles","https://www.bbr.com/products-20198000688-2019-moulin-a-vent-la-rochelle-olivier-merlin-beaujolais","1138249","20198000688"
"Olivier Merlin","2020","Moulin-a-Vent, La Rochelle, Olivier Merlin, Beaujolais","120","Case of 6 Bottles","https://www.bbr.com/products-20208000688-2020-moulin-a-vent-la-rochelle-olivier-merlin-beaujolais","1138249","20208000688"
"Olivier Merlin","2021","Moulin-a-Vent, La Rochelle, Olivier Merlin, Beaujolais","200","Case of 6 Bottles","https://www.bbr.com/products-20218000688-2021-moulin-a-vent-la-rochelle-olivier-merlin-beaujolais","1138249","20218000688"
"Olivier Merlin","2022","Moulin-a-Vent, La Rochelle, Olivier Merlin, Beaujolais","110","Case of 6 Bottles","https://www.bbr.com/products-20228000688-2022-moulin-a-vent-la-rochelle-olivier-merlin-beaujolais","1138249","20228000688"
"Chateau des Jacques","2018","Moulin-a-Vent, Le Carquelin Clos du Grand Carquelin, Chateau des Jacques, Beaujolais","115","Case of 6 Bottles","https://www.bbr.com/products-20188400925-2018-moulin-a-vent-le-carquelin-clos-du-grand-carquelin-chateau-des-jacques-beaujolais","1314120","20188400925"
"Jules Desjourneys","2014","Moulin-a-Vent, Les Michelons, Jules Desjourneys, Beaujolais","270","Case of 6 Bottles","https://www.bbr.com/products-20148159458-2014-moulin-a-vent-les-michelons-jules-desjourneys-beaujolais","1602292","20148159458"
"Domaine Thibault Liger-Belair","2012","Moulin-a-Vent, Les Vignes Centenaires, Thibault Liger-Belair, Beaujolais","300","Case of 3 Magnums","https://www.bbr.com/products-20128010814-2012-moulin-a-vent-les-vignes-centenaires-thibault-liger-belair-beaujolais","1276554","20128010814"
"Domaine de Vernus","2021","Moulin-a-Vent, Les Verillats, Domaine de Vernus, Beaujolais","276","Case of 6 Bottles","https://www.bbr.com/products-20218301929-2021-moulin-a-vent-les-verillats-domaine-de-vernus-beaujolais","2593090","20218301929"
"Domaine de Vernus","2022","Moulin-a-Vent, Les Verillats, Domaine de Vernus, Beaujolais","300","Case of 6 Bottles","https://www.bbr.com/products-20228301929-2022-moulin-a-vent-les-verillats-domaine-de-vernus-beaujolais","2593090","20228301929"
"Domaine de Vernus","2023","Moulin-a-Vent, Les Verillats, Domaine de Vernus, Beaujolais","320","Case of 6 Bottles","https://www.bbr.com/products-20238301929-2023-moulin-a-vent-les-verillats-domaine-de-vernus-beaujolais","2593090","20238301929"
"Olivier Merlin","2019","Moulin-a-Vent, Olivier Merlin, Beaujolais","180","Case of 12 Bottles","https://www.bbr.com/products-20198010407-2019-moulin-a-vent-olivier-merlin-beaujolais","1265770","20198010407"
"Olivier Merlin","2020","Moulin-a-Vent, Olivier Merlin, Beaujolais","230","Case of 12 Bottles","https://www.bbr.com/products-20208010407-2020-moulin-a-vent-olivier-merlin-beaujolais","1265770","20208010407"
"Philippe Pacalet","2019","Moulin-a-Vent, Philippe Pacalet, Beaujolais","445","Case of 12 Bottles","https://www.bbr.com/products-20198204129-2019-moulin-a-vent-philippe-pacalet-beaujolais","1410688","20198204129"
"Louis Boillot","2014","Moulin-a-Vent, Vieilles Vignes, Louis Boillot, Beaujolais","160","Case of 6 Bottles","https://www.bbr.com/products-20141360967-2014-moulin-a-vent-vieilles-vignes-louis-boillot-beaujolais","1360967","20141360967"
"Domaine Thibault Liger-Belair","2011","Moulin-a-Vent, Vieilles Vignes, Thibault Liger-Belair, Beaujolais","160","Case of 6 Bottles","https://www.bbr.com/products-20111202375-2011-moulin-a-vent-vieilles-vignes-thibault-liger-belair-beaujolais","1202375","20111202375"
"Domaine Thibault Liger-Belair","2012","Moulin-a-Vent, Vieilles Vignes, Thibault Liger-Belair, Beaujolais","134","Case of 6 Bottles","https://www.bbr.com/products-20121202375-2012-moulin-a-vent-vieilles-vignes-thibault-liger-belair-beaujolais","1202375","20121202375"
"Domaine Thibault Liger-Belair","2013","Moulin-a-Vent, Vieilles Vignes, Thibault Liger-Belair, Beaujolais","140","Case of 6 Bottles","https://www.bbr.com/products-20131202375-2013-moulin-a-vent-vieilles-vignes-thibault-liger-belair-beaujolais","1202375","20131202375"
"Domaine Thibault Liger-Belair","2015","Moulin-a-Vent, Vieilles Vignes, Thibault Liger-Belair, Beaujolais","165","Case of 6 Bottles","https://www.bbr.com/products-20151202375-2015-moulin-a-vent-vieilles-vignes-thibault-liger-belair-beaujolais","1202375","20151202375"
"Mount Eden Vineyards","2013","Mount Eden Vineyards, Estate Cabernet Sauvignon, Santa Cruz Mountains, California, USA","1345","Case of 12 Bottles","https://www.bbr.com/products-20138048206-2013-mount-eden-vineyards-estate-cabernet-sauvignon-santa-cruz-mountains-california-usa","1775158","20138048206"
"Mount Mary Vineyard","2022","Mount Mary Vineyard, Chardonnay, Yarra Valley, Australia","360","Case of 6 Bottles","https://www.bbr.com/products-20228125758-2022-mount-mary-vineyard-chardonnay-yarra-valley-australia","1003998","20228125758"
"Mount Mary Vineyard","2019","Mount Mary Vineyard, Pinot Noir, Yarra Valley, Australia","600","Case of 6 Bottles","https://www.bbr.com/products-20198125745-2019-mount-mary-vineyard-pinot-noir-yarra-valley-australia","1004009","20198125745"
"Mount Mary Vineyard","2022","Mount Mary Vineyard, Pinot Noir, Yarra Valley, Australia","600","Case of 6 Bottles","https://www.bbr.com/products-20228125745-2022-mount-mary-vineyard-pinot-noir-yarra-valley-australia","1004009","20228125745"
"Mount Mary Vineyard","2019","Mount Mary Vineyard, Quintet, Yarra Valley, Australia","575","Case of 6 Bottles","https://www.bbr.com/products-20198125732-2019-mount-mary-vineyard-quintet-yarra-valley-australia","1004012","20198125732"
"Mount Mary Vineyard","2021","Mount Mary Vineyard, Triolet, Yarra Valley, Australia","800","Case of 6 Bottles","https://www.bbr.com/products-20218113108-2021-mount-mary-vineyard-triolet-yarra-valley-australia","1180150","20218113108"
"Mount Mary Vineyard","2022","Mount Mary Vineyard, Triolet, Yarra Valley, Australia","300","Case of 6 Bottles","https://www.bbr.com/products-20228113108-2022-mount-mary-vineyard-triolet-yarra-valley-australia","1180150","20228113108"
"Moya Meaker","2023","Moya Meaker, Pinot Noir, Elgin, South Africa","210","Case of 6 Bottles","https://www.bbr.com/products-20238311302-2023-moya-meaker-pinot-noir-elgin-south-africa","2435958","20238311302"
"Mullineux & Leeu Family Wines","2017","Mullineux & Leeu Family Wines, Leeu Passant Chardonnay, Stellenbosch, South Africa","400","Case of 6 Bottles","https://www.bbr.com/products-20171531040-2017-mullineux-leeu-family-wines-leeu-passant-chardonnay-stellenbosch-south-africa","1531040","20171531040"
"Mullineux & Leeu Family Wines","","Mullineux Olerasay No.1, Straw Wine, Swartland","550","Case of 6 Half Bottles","https://www.bbr.com/products-10008136170-mullineux-olerasay-no-1-straw-wine-swartland","1360130","10008136170"
"Mullineux & Leeu Family Wines","","Mullineux Olerasay No.1, Straw Wine, Swartland","580","Case of 6 Half Bottles","https://www.bbr.com/products-10008136170-mullineux-olerasay-no-1-straw-wine-swartland","1360130","10008136170"
"Mullineux & Leeu Family Wines","","Mullineux Olerasay No.2, Straw Wine, Swartland","950","Case of 6 Half Bottles","https://www.bbr.com/products-10008056412-mullineux-olerasay-no-2-straw-wine-swartland","1894734","10008056412"
"Mullineux & Leeu Family Wines","","Mullineux Olerasay No.4, Straw Wine, Swartland, South Africa","595","Case of 6 Half Bottles","https://www.bbr.com/products-10008181271-mullineux-olerasay-no-4-straw-wine-swartland-south-africa","","10008181271"
"Mullineux & Leeu Family Wines","","Mullineux Olerasay No.4, Straw Wine, Swartland, South Africa","124","Case of 1 Half Bottles","https://www.bbr.com/products-10008181271-mullineux-olerasay-no-4-straw-wine-swartland-south-africa","","10008181271"
"Mullineux & Leeu Family Wines","2017","Mullineux, Granite Syrah, Swartland, South Africa","380","Case of 6 Bottles","https://www.bbr.com/products-20171371640-2017-mullineux-granite-syrah-swartland-south-africa","1371640","20171371640"
"Mullineux & Leeu Family Wines","2015","Mullineux, Schist Syrah, Swartland, South Africa","456","Case of 6 Bottles","https://www.bbr.com/products-20151300840-2015-mullineux-schist-syrah-swartland-south-africa","1300840","20151300840"
"Mullineux & Leeu Family Wines","2018","Mullineux, Schist Syrah, Swartland, South Africa","500","Case of 6 Bottles","https://www.bbr.com/products-20181300840-2018-mullineux-schist-syrah-swartland-south-africa","1300840","20181300840"
"Mullineux & Leeu Family Wines","2020","Mullineux, Schist Syrah, Swartland, South Africa","428","Case of 6 Bottles","https://www.bbr.com/products-20201300840-2020-mullineux-schist-syrah-swartland-south-africa","1300840","20201300840"
"Mullineux & Leeu Family Wines","2021","Mullineux, Schist Syrah, Swartland, South Africa","425","Case of 6 Bottles","https://www.bbr.com/products-20211300840-2021-mullineux-schist-syrah-swartland-south-africa","1300840","20211300840"
"Mullineux & Leeu Family Wines","2015","Mullineux, Syrah, Swartland, South Africa","165","Case of 6 Bottles","https://www.bbr.com/products-20151157691-2015-mullineux-syrah-swartland-south-africa","1157691","20151157691"
"Mullineux & Leeu Family Wines","2011","Mullineux, White, Swartland, South Africa","300","Case of 6 Bottles","https://www.bbr.com/products-20118051231-2011-mullineux-white-swartland-south-africa","1158412","20118051231"
"Frank Cornelissen","","MunJebel Rosso PI, Perpetuum, Frank Cornelissen, Sicily, Italy","395","Case of 6 Bottles","https://www.bbr.com/products-10008156851-munjebel-rosso-pi-perpetuum-frank-cornelissen-sicily-italy","2255532","10008156851"
"Domaine Zind Humbrecht","2017","Muscat, Goldert, Grand Cru, Domaine Zind-Humbrecht, Alsace","250","Case of 6 Bottles","https://www.bbr.com/products-20178115418-2017-muscat-goldert-grand-cru-domaine-zind-humbrecht-alsace","1125285","20178115418"
"De Vogue","2002","Musigny Rouge, Grand Cru, Vieilles Vignes, Domaine Comte Georges de Vogue, Burgundy","6000","Case of 6 Bottles","https://www.bbr.com/products-20028019501-2002-musigny-rouge-grand-cru-vieilles-vignes-domaine-comte-georges-de-vogue-burgundy","1026872","20028019501"
"De Vogue","2007","Musigny Rouge, Grand Cru, Vieilles Vignes, Domaine Comte Georges de Vogue, Burgundy","3130","Case of 6 Bottles","https://www.bbr.com/products-20078019501-2007-musigny-rouge-grand-cru-vieilles-vignes-domaine-comte-georges-de-vogue-burgundy","1026872","20078019501"
"De Vogue","2011","Musigny Rouge, Grand Cru, Vieilles Vignes, Domaine Comte Georges de Vogue, Burgundy","2720","Case of 6 Bottles","https://www.bbr.com/products-20118019501-2011-musigny-rouge-grand-cru-vieilles-vignes-domaine-comte-georges-de-vogue-burgundy","1026872","20118019501"
"De Vogue","2012","Musigny Rouge, Grand Cru, Vieilles Vignes, Domaine Comte Georges de Vogue, Burgundy","7000","Case of 12 Bottles","https://www.bbr.com/products-20128019501-2012-musigny-rouge-grand-cru-vieilles-vignes-domaine-comte-georges-de-vogue-burgundy","1026872","20128019501"
"De Vogue","2013","Musigny Rouge, Grand Cru, Vieilles Vignes, Domaine Comte Georges de Vogue, Burgundy","2050","Case of 3 Bottles","https://www.bbr.com/products-20138019501-2013-musigny-rouge-grand-cru-vieilles-vignes-domaine-comte-georges-de-vogue-burgundy","1026872","20138019501"
"De Vogue","2014","Musigny Rouge, Grand Cru, Vieilles Vignes, Domaine Comte Georges de Vogue, Burgundy","1690","Case of 3 Bottles","https://www.bbr.com/products-20148019501-2014-musigny-rouge-grand-cru-vieilles-vignes-domaine-comte-georges-de-vogue-burgundy","1026872","20148019501"
"De Vogue","2017","Musigny Rouge, Grand Cru, Vieilles Vignes, Domaine Comte Georges de Vogue, Burgundy","1850","Case of 3 Bottles","https://www.bbr.com/products-20178019501-2017-musigny-rouge-grand-cru-vieilles-vignes-domaine-comte-georges-de-vogue-burgundy","1026872","20178019501"
"De Vogue","2017","Musigny Rouge, Grand Cru, Vieilles Vignes, Domaine Comte Georges de Vogue, Burgundy","1600","Case of 3 Bottles","https://www.bbr.com/products-20178019501-2017-musigny-rouge-grand-cru-vieilles-vignes-domaine-comte-georges-de-vogue-burgundy","1026872","20178019501"
"De Vogue","2017","Musigny Rouge, Grand Cru, Vieilles Vignes, Domaine Comte Georges de Vogue, Burgundy","1200","Case of 1 Magnums","https://www.bbr.com/products-20178019501-2017-musigny-rouge-grand-cru-vieilles-vignes-domaine-comte-georges-de-vogue-burgundy","1026872","20178019501"
"De Vogue","2021","Musigny Rouge, Grand Cru, Vieilles Vignes, Domaine Comte Georges de Vogue, Burgundy","4500","Case of 6 Bottles","https://www.bbr.com/products-20218019501-2021-musigny-rouge-grand-cru-vieilles-vignes-domaine-comte-georges-de-vogue-burgundy","1026872","20218019501"
"De Vogue","2022","Musigny Rouge, Grand Cru, Vieilles Vignes, Domaine Comte Georges de Vogue, Burgundy","2850","Case of 3 Bottles","https://www.bbr.com/products-20228019501-2022-musigny-rouge-grand-cru-vieilles-vignes-domaine-comte-georges-de-vogue-burgundy","1026872","20228019501"
"De Vogue","2023","Musigny Rouge, Grand Cru, Vieilles Vignes, Domaine Comte Georges de Vogue, Burgundy","2388","Case of 3 Bottles","https://www.bbr.com/products-20238019501-2023-musigny-rouge-grand-cru-vieilles-vignes-domaine-comte-georges-de-vogue-burgundy","1026872","20238019501"
"De Vogue","2019","Musigny Rouge, Grand Cru, Vieilles Vignes, Domaine Comte Georges deVogue, Burgundy","2750","Case of 3 Bottles","https://www.bbr.com/products-20198019501-2019-musigny-rouge-grand-cru-vieilles-vignes-domaine-comte-georges-devogue-burgundy","1026872","20198019501"
"Domaine Leroy","2001","Musigny, Domaine Leroy, Burgundy","144900","Case of 3 Bottles","https://www.bbr.com/products-20018121200-2001-musigny-domaine-leroy-burgundy","1044197","20018121200"
"Domaine Leroy","2009","Musigny, Domaine Leroy, Burgundy","150000","Case of 3 Bottles","https://www.bbr.com/products-20098121200-2009-musigny-domaine-leroy-burgundy","1044197","20098121200"
"Drouhin-Laroze","2017","Musigny, Grand Cru, Domaine Drouhin-Laroze, Burgundy","1270","Case of 3 Bottles","https://www.bbr.com/products-20171029626-2017-musigny-grand-cru-domaine-drouhin-laroze-burgundy","1029626","20171029626"
"Drouhin-Laroze","2020","Musigny, Grand Cru, Domaine Drouhin-Laroze, Burgundy","650","Case of 1 Bottles","https://www.bbr.com/products-20201029626-2020-musigny-grand-cru-domaine-drouhin-laroze-burgundy","1029626","20201029626"
"Drouhin-Laroze","2023","Musigny, Grand Cru, Domaine Drouhin-Laroze, Burgundy","792","Case of 1 Bottles","https://www.bbr.com/products-20231029626-2023-musigny-grand-cru-domaine-drouhin-laroze-burgundy","1029626","20231029626"
"Domaine Joseph Faiveley","2016","Musigny, Grand Cru, Domaine Faiveley, Burgundy","2444","Case of 1 Bottles","https://www.bbr.com/products-20168021122-2016-musigny-grand-cru-domaine-faiveley-burgundy","1031537","20168021122"
"Domaine Joseph Faiveley","2017","Musigny, Grand Cru, Domaine Faiveley, Burgundy","2265","Case of 1 Bottles","https://www.bbr.com/products-20178021122-2017-musigny-grand-cru-domaine-faiveley-burgundy","1031537","20178021122"
"Domaine Georges & Christophe Roumier","2011","Musigny, Grand Cru, Domaine Georges Roumier, Burgundy","11500","Case of 1 Bottles","https://www.bbr.com/products-20118227120-2011-musigny-grand-cru-domaine-georges-roumier-burgundy","1056949","20118227120"
"Jacques Prieur","2013","Musigny, Grand Cru, Domaine Jacques Prieur, Burgundy","3920","Case of 6 Bottles","https://www.bbr.com/products-20138218021-2013-musigny-grand-cru-domaine-jacques-prieur-burgundy","1053296","20138218021"
"Jacques Prieur","2016","Musigny, Grand Cru, Domaine Jacques Prieur, Burgundy","2000","Case of 3 Bottles","https://www.bbr.com/products-20168218021-2016-musigny-grand-cru-domaine-jacques-prieur-burgundy","1053296","20168218021"
"Jacques Prieur","2017","Musigny, Grand Cru, Domaine Jacques Prieur, Burgundy","1580","Case of 3 Bottles","https://www.bbr.com/products-20178218021-2017-musigny-grand-cru-domaine-jacques-prieur-burgundy","1053296","20178218021"
"Jacques Prieur","2018","Musigny, Grand Cru, Domaine Jacques Prieur, Burgundy","1785","Case of 3 Bottles","https://www.bbr.com/products-20188218021-2018-musigny-grand-cru-domaine-jacques-prieur-burgundy","1053296","20188218021"
"Jacques Prieur","2018","Musigny, Grand Cru, Domaine Jacques Prieur, Burgundy","4000","Case of 6 Bottles","https://www.bbr.com/products-20188218021-2018-musigny-grand-cru-domaine-jacques-prieur-burgundy","1053296","20188218021"
"Jacques Prieur","2020","Musigny, Grand Cru, Domaine Jacques Prieur, Burgundy","1800","Case of 3 Bottles","https://www.bbr.com/products-20208218021-2020-musigny-grand-cru-domaine-jacques-prieur-burgundy","1053296","20208218021"
"Domaine de la Vougeraie","2005","Musigny, Grand Cru, Domaine de la Vougeraie, Burgundy","7500","Case of 6 Bottles","https://www.bbr.com/products-20058005306-2005-musigny-grand-cru-domaine-de-la-vougeraie-burgundy","1059445","20058005306"
"Domaine de la Vougeraie","2006","Musigny, Grand Cru, Domaine de la Vougeraie, Burgundy","4150","Case of 6 Bottles","https://www.bbr.com/products-20068005306-2006-musigny-grand-cru-domaine-de-la-vougeraie-burgundy","1059445","20068005306"
"Domaine de la Vougeraie","2008","Musigny, Grand Cru, Domaine de la Vougeraie, Burgundy","4900","Case of 6 Bottles","https://www.bbr.com/products-20088005306-2008-musigny-grand-cru-domaine-de-la-vougeraie-burgundy","1059445","20088005306"
"Domaine de la Vougeraie","2009","Musigny, Grand Cru, Domaine de la Vougeraie, Burgundy","6600","Case of 6 Bottles","https://www.bbr.com/products-20098005306-2009-musigny-grand-cru-domaine-de-la-vougeraie-burgundy","1059445","20098005306"
"Domaine de la Vougeraie","2012","Musigny, Grand Cru, Domaine de la Vougeraie, Burgundy","1885","Case of 3 Bottles","https://www.bbr.com/products-20128005306-2012-musigny-grand-cru-domaine-de-la-vougeraie-burgundy","1059445","20128005306"
"Domaine de la Vougeraie","2013","Musigny, Grand Cru, Domaine de la Vougeraie, Burgundy","1520","Case of 3 Bottles","https://www.bbr.com/products-20138005306-2013-musigny-grand-cru-domaine-de-la-vougeraie-burgundy","1059445","20138005306"
"Domaine de la Vougeraie","2013","Musigny, Grand Cru, Domaine de la Vougeraie, Burgundy","1600","Case of 3 Bottles","https://www.bbr.com/products-20138005306-2013-musigny-grand-cru-domaine-de-la-vougeraie-burgundy","1059445","20138005306"
"Domaine de la Vougeraie","2014","Musigny, Grand Cru, Domaine de la Vougeraie, Burgundy","1600","Case of 3 Bottles","https://www.bbr.com/products-20148005306-2014-musigny-grand-cru-domaine-de-la-vougeraie-burgundy","1059445","20148005306"
"Domaine de la Vougeraie","2015","Musigny, Grand Cru, Domaine de la Vougeraie, Burgundy","2150","Case of 3 Bottles","https://www.bbr.com/products-20158005306-2015-musigny-grand-cru-domaine-de-la-vougeraie-burgundy","1059445","20158005306"
"Domaine de la Vougeraie","2017","Musigny, Grand Cru, Domaine de la Vougeraie, Burgundy","1795","Case of 3 Bottles","https://www.bbr.com/products-20178005306-2017-musigny-grand-cru-domaine-de-la-vougeraie-burgundy","1059445","20178005306"
"Domaine de la Vougeraie","2018","Musigny, Grand Cru, Domaine de la Vougeraie, Burgundy","1500","Case of 3 Bottles","https://www.bbr.com/products-20188005306-2018-musigny-grand-cru-domaine-de-la-vougeraie-burgundy","1059445","20188005306"
"Domaine de la Vougeraie","2019","Musigny, Grand Cru, Domaine de la Vougeraie, Burgundy","1700","Case of 3 Bottles","https://www.bbr.com/products-20198005306-2019-musigny-grand-cru-domaine-de-la-vougeraie-burgundy","1059445","20198005306"
"Domaine de la Vougeraie","2020","Musigny, Grand Cru, Domaine de la Vougeraie, Burgundy","2050","Case of 3 Bottles","https://www.bbr.com/products-20208005306-2020-musigny-grand-cru-domaine-de-la-vougeraie-burgundy","1059445","20208005306"
"Domaine de la Vougeraie","2020","Musigny, Grand Cru, Domaine de la Vougeraie, Burgundy","4500","Case of 3 Magnums","https://www.bbr.com/products-20208005306-2020-musigny-grand-cru-domaine-de-la-vougeraie-burgundy","1059445","20208005306"
"Domaine de la Vougeraie","2021","Musigny, Grand Cru, Domaine de la Vougeraie, Burgundy","2200","Case of 3 Bottles","https://www.bbr.com/products-20218005306-2021-musigny-grand-cru-domaine-de-la-vougeraie-burgundy","1059445","20218005306"
"Domaine de la Vougeraie","2022","Musigny, Grand Cru, Domaine de la Vougeraie, Burgundy","2050","Case of 3 Bottles","https://www.bbr.com/products-20228005306-2022-musigny-grand-cru-domaine-de-la-vougeraie-burgundy","1059445","20228005306"
"Domaine de la Vougeraie","2023","Musigny, Grand Cru, Domaine de la Vougeraie, Burgundy","2500","Case of 3 Bottles","https://www.bbr.com/products-20238005306-2023-musigny-grand-cru-domaine-de-la-vougeraie-burgundy","1059445","20238005306"
"Domaine Jacques-Frederic Mugnier","1999","Musigny, Grand Cru, Jacques-Frederic Mugnier, Burgundy","4500","Case of 1 Bottles","https://www.bbr.com/products-19998014737-1999-musigny-grand-cru-jacques-frederic-mugnier-burgundy","1049668","19998014737"
"Domaine Jacques-Frederic Mugnier","2010","Musigny, Grand Cru, Jacques-Frederic Mugnier, Burgundy","15000","Case of 6 Bottles","https://www.bbr.com/products-20108014737-2010-musigny-grand-cru-jacques-frederic-mugnier-burgundy","1049668","20108014737"
"Domaine Jacques-Frederic Mugnier","2011","Musigny, Grand Cru, Jacques-Frederic Mugnier, Burgundy","8200","Case of 6 Bottles","https://www.bbr.com/products-20118014737-2011-musigny-grand-cru-jacques-frederic-mugnier-burgundy","1049668","20118014737"
"Domaine Jacques-Frederic Mugnier","2012","Musigny, Grand Cru, Jacques-Frederic Mugnier, Burgundy","5400","Case of 3 Bottles","https://www.bbr.com/products-20128014737-2012-musigny-grand-cru-jacques-frederic-mugnier-burgundy","1049668","20128014737"
"Domaine Jacques-Frederic Mugnier","2013","Musigny, Grand Cru, Jacques-Frederic Mugnier, Burgundy","4500","Case of 3 Bottles","https://www.bbr.com/products-20138014737-2013-musigny-grand-cru-jacques-frederic-mugnier-burgundy","1049668","20138014737"
"Domaine Jacques-Frederic Mugnier","2014","Musigny, Grand Cru, Jacques-Frederic Mugnier, Burgundy","5600","Case of 3 Bottles","https://www.bbr.com/products-20148014737-2014-musigny-grand-cru-jacques-frederic-mugnier-burgundy","1049668","20148014737"
"Domaine Jacques-Frederic Mugnier","2015","Musigny, Grand Cru, Jacques-Frederic Mugnier, Burgundy","8350","Case of 3 Bottles","https://www.bbr.com/products-20158014737-2015-musigny-grand-cru-jacques-frederic-mugnier-burgundy","1049668","20158014737"
"Domaine Jacques-Frederic Mugnier","2017","Musigny, Grand Cru, Jacques-Frederic Mugnier, Burgundy","6300","Case of 3 Bottles","https://www.bbr.com/products-20178014737-2017-musigny-grand-cru-jacques-frederic-mugnier-burgundy","1049668","20178014737"
"Maison Joseph Drouhin","2007","Musigny, Grand Cru, Joseph Drouhin, Burgundy","3190","Case of 6 Bottles","https://www.bbr.com/products-20078018979-2007-musigny-grand-cru-joseph-drouhin-burgundy","1029248","20078018979"
"Maison Joseph Drouhin","2008","Musigny, Grand Cru, Joseph Drouhin, Burgundy","3100","Case of 6 Bottles","https://www.bbr.com/products-20088018979-2008-musigny-grand-cru-joseph-drouhin-burgundy","1029248","20088018979"
"Maison Joseph Drouhin","2014","Musigny, Grand Cru, Joseph Drouhin, Burgundy","3933","Case of 6 Bottles","https://www.bbr.com/products-20148018979-2014-musigny-grand-cru-joseph-drouhin-burgundy","1029248","20148018979"
"Maison Joseph Drouhin","2017","Musigny, Grand Cru, Joseph Drouhin, Burgundy","4315","Case of 6 Bottles","https://www.bbr.com/products-20178018979-2017-musigny-grand-cru-joseph-drouhin-burgundy","1029248","20178018979"
"Maison Joseph Drouhin","2018","Musigny, Grand Cru, Joseph Drouhin, Burgundy","2998","Case of 3 Bottles","https://www.bbr.com/products-20188018979-2018-musigny-grand-cru-joseph-drouhin-burgundy","1029248","20188018979"
"Maison Joseph Drouhin","2018","Musigny, Grand Cru, Joseph Drouhin, Burgundy","5500","Case of 6 Bottles","https://www.bbr.com/products-20188018979-2018-musigny-grand-cru-joseph-drouhin-burgundy","1029248","20188018979"
"Maison Joseph Drouhin","2020","Musigny, Grand Cru, Joseph Drouhin, Burgundy","1150","Case of 1 Bottles","https://www.bbr.com/products-20208018979-2020-musigny-grand-cru-joseph-drouhin-burgundy","1029248","20208018979"
"Maison Joseph Drouhin","2020","Musigny, Grand Cru, Joseph Drouhin, Burgundy","1800","Case of 3 Bottles","https://www.bbr.com/products-20208018979-2020-musigny-grand-cru-joseph-drouhin-burgundy","1029248","20208018979"
"Maison Joseph Drouhin","2021","Musigny, Grand Cru, Joseph Drouhin, Burgundy","1500","Case of 1 Bottles","https://www.bbr.com/products-20218018979-2021-musigny-grand-cru-joseph-drouhin-burgundy","1029248","20218018979"
"Raats Family Wines","2017","Mvemve Raats, MR de Compostella, Stellenbosch, South Africa","500","Case of 6 Bottles","https://www.bbr.com/products-20171238604-2017-mvemve-raats-mr-de-compostella-stellenbosch-south-africa","1238604","20171238604"
"Raats Family Wines","2018","Mvemve Raats, MR de Compostella, Stellenbosch, South Africa","320","Case of 6 Bottles","https://www.bbr.com/products-20181238604-2018-mvemve-raats-mr-de-compostella-stellenbosch-south-africa","1238604","20181238604"
"Raats Family Wines","2020","Mvemve Raats, MR de Compostella, Stellenbosch, South Africa","295","Case of 6 Bottles","https://www.bbr.com/products-20201238604-2020-mvemve-raats-mr-de-compostella-stellenbosch-south-africa","1238604","20201238604"
"Raats Family Wines","2020","Mvemve Raats, MR de Compostella, Stellenbosch, South Africa","290","Case of 6 Bottles","https://www.bbr.com/products-20201238604-2020-mvemve-raats-mr-de-compostella-stellenbosch-south-africa","1238604","20201238604"
"Raats Family Wines","2021","Mvemve Raats, MR de Compostella, Stellenbosch, South Africa","450","Case of 6 Bottles","https://www.bbr.com/products-20211238604-2021-mvemve-raats-mr-de-compostella-stellenbosch-south-africa","1238604","20211238604"
"Raats Family Wines","2021","Mvemve Raats, MR de Compostella, Stellenbosch, South Africa","420","Case of 6 Bottles","https://www.bbr.com/products-20211238604-2021-mvemve-raats-mr-de-compostella-stellenbosch-south-africa","1238604","20211238604"
"Raats Family Wines","2022","Mvemve Raats, MR de Compostella, Stellenbosch, South Africa","400","Case of 6 Bottles","https://www.bbr.com/products-20221238604-2022-mvemve-raats-mr-de-compostella-stellenbosch-south-africa","1238604","20221238604"
"Heritiers du Comte Lafon","2019","Macon-Milly-Lamartine, Clos du Four, Les Heritiers du Comte Lafon, Burgundy","400","Case of 12 Bottles","https://www.bbr.com/products-20191065918-2019-macon-milly-lamartine-clos-du-four-les-heritiers-du-comte-lafon-burgundy","1065918","20191065918"
"Heritiers du Comte Lafon","2020","Macon-Milly-Lamartine, Clos du Four, Les Heritiers du Comte Lafon, Burgundy","500","Case of 12 Bottles","https://www.bbr.com/products-20201065918-2020-macon-milly-lamartine-clos-du-four-les-heritiers-du-comte-lafon-burgundy","1065918","20201065918"
"Heritiers du Comte Lafon","2019","Macon-Milly-Lamartine, Les Heritiers du Comte Lafon, Burgundy","280","Case of 12 Bottles","https://www.bbr.com/products-20191175134-2019-macon-milly-lamartine-les-heritiers-du-comte-lafon-burgundy","1175134","20191175134"
"Heritiers du Comte Lafon","2022","Macon-Milly-Lamartine, Les Heritiers du Comte Lafon, Burgundy","465","Case of 12 Bottles","https://www.bbr.com/products-20221175134-2022-macon-milly-lamartine-les-heritiers-du-comte-lafon-burgundy","1175134","20221175134"
"Domaine Guffens Heynen","2019","Macon-Pierreclos, 1er Jus de Chavigne, Domaine Guffens-Heynen,Burgundy","2950","Case of 12 Bottles","https://www.bbr.com/products-20198062334-2019-macon-pierreclos-1er-jus-de-chavigne-domaine-guffens-heynen-burgundy","1475410","20198062334"
"Domaine Guffens Heynen","2019","Macon-Pierreclos, 1er Jus de Chavigne, Domaine Guffens-Heynen,Burgundy","650","Case of 1 Double Magnums","https://www.bbr.com/products-20198062334-2019-macon-pierreclos-1er-jus-de-chavigne-domaine-guffens-heynen-burgundy","1475410","20198062334"
"Domaine Guffens Heynen","2023","Macon-Pierreclos, Juliette et Les Vieilles de Chavigne, Domaine Guffens- Heynen, Burgundy","769","Case of 6 Bottles","https://www.bbr.com/products-20238201173-2023-macon-pierreclos-juliette-et-les-vieilles-de-chavigne-domaine-guffens-heynen-burgundy","1649682","20238201173"
"Domaine Guffens Heynen","2016","Macon-Pierreclos, Juliette et Les Vieilles de Chavigne, Domaine Guffens-Heynen, Burgundy","2150","Case of 12 Bottles","https://www.bbr.com/products-20168201173-2016-macon-pierreclos-juliette-et-les-vieilles-de-chavigne-domaine-guffens-heynen-burgundy","1649682","20168201173"
"Domaine Guffens Heynen","2023","Macon-Pierreclos, Le Chavigne, Domaine Guffens-Heynen, Burgundy","369","Case of 6 Bottles","https://www.bbr.com/products-20238160593-2023-macon-pierreclos-le-chavigne-domaine-guffens-heynen-burgundy","1217418","20238160593"
"Domaine Guffens Heynen","2018","Macon-Pierreclos, Tri de Chavigne, Domaine Guffens-Heynen, Burgundy","1050","Case of 12 Bottles","https://www.bbr.com/products-20188209010-2018-macon-pierreclos-tri-de-chavigne-domaine-guffens-heynen-burgundy","1217418","20188209010"
"Domaine Guffens Heynen","2023","Macon-Pierreclos, Tri de Chavigne, Domaine Guffens-Heynen, Burgundy","498","Case of 6 Bottles","https://www.bbr.com/products-20238209010-2023-macon-pierreclos-tri-de-chavigne-domaine-guffens-heynen-burgundy","1217418","20238209010"
"Jules Desjourneys","2018","Macon-Prisse, En Chailloux, Jules Desjourneys, Burgundy","270","Case of 6 Bottles","https://www.bbr.com/products-20188137164-2018-macon-prisse-en-chailloux-jules-desjourneys-burgundy","2025502","20188137164"
"Heritiers du Comte Lafon","2023","Macon-Prisse, Les Heritiers du Comte Lafon, Burgundy","180","Case of 12 Bottles","https://www.bbr.com/products-20231449439-2023-macon-prisse-les-heritiers-du-comte-lafon-burgundy","1449439","20231449439"
"Domaine Leflaive","2021","Macon-Verze, Domaine Leflaive, Burgundy","540","Case of 12 Bottles","https://www.bbr.com/products-20218033365-2021-macon-verze-domaine-leflaive-burgundy","1138454","20218033365"
"Domaine Leflaive","2021","Macon-Verze, Domaine Leflaive, Burgundy","540","Case of 6 Magnums","https://www.bbr.com/products-20218033365-2021-macon-verze-domaine-leflaive-burgundy","1138454","20218033365"
"Domaine Leflaive","2021","Macon-Verze, Le Monte, Domaine Leflaive, Burgundy","344","Case of 6 Bottles","https://www.bbr.com/products-20218127215-2021-macon-verze-le-monte-domaine-leflaive-burgundy","1727098","20218127215"
"Domaine Leflaive","2021","Macon-Verze, Les Chenes, Domaine Leflaive, Burgundy","585","Case of 6 Magnums","https://www.bbr.com/products-20218070713-2021-macon-verze-les-chenes-domaine-leflaive-burgundy","1727085","20218070713"
"Domaine de Bongran, Jean Thevenet","2006","Macon-Villages, Cuvee Botrytis, Domaine de la Bongran, Burgundy (2017Release)","610","Case of 12 Half Bottles","https://www.bbr.com/products-20068111032-2006-macon-villages-cuvee-botrytis-domaine-de-la-bongran-burgundy-2017release","1643941","20068111032"
"Olivier Merlin","2012","Macon-la Roche Vineuse, Les Cras, Olivier Merlin, Burgundy","150","Case of 6 Bottles","https://www.bbr.com/products-20128014519-2012-macon-la-roche-vineuse-les-cras-olivier-merlin-burgundy","1171527","20128014519"
"Olivier Merlin","2013","Macon-la Roche Vineuse, Les Cras, Olivier Merlin, Burgundy","150","Case of 6 Bottles","https://www.bbr.com/products-20138014519-2013-macon-la-roche-vineuse-les-cras-olivier-merlin-burgundy","1171527","20138014519"
"Olivier Merlin","2015","Macon-la Roche Vineuse, Les Cras, Olivier Merlin, Burgundy","255","Case of 6 Bottles","https://www.bbr.com/products-20158014519-2015-macon-la-roche-vineuse-les-cras-olivier-merlin-burgundy","1171527","20158014519"
"Olivier Merlin","2016","Macon-la Roche Vineuse, Les Cras, Olivier Merlin, Burgundy","150","Case of 6 Bottles","https://www.bbr.com/products-20168014519-2016-macon-la-roche-vineuse-les-cras-olivier-merlin-burgundy","1171527","20168014519"
"Olivier Merlin","2017","Macon-la Roche Vineuse, Les Cras, Olivier Merlin, Burgundy","180","Case of 6 Bottles","https://www.bbr.com/products-20178014519-2017-macon-la-roche-vineuse-les-cras-olivier-merlin-burgundy","1171527","20178014519"
"Olivier Merlin","2020","Macon-la Roche Vineuse, Les Cras, Olivier Merlin, Burgundy","165","Case of 6 Bottles","https://www.bbr.com/products-20208014519-2020-macon-la-roche-vineuse-les-cras-olivier-merlin-burgundy","1171527","20208014519"
"Olivier Merlin","2022","Macon-la Roche Vineuse, Les Cras, Olivier Merlin, Burgundy","165","Case of 6 Bottles","https://www.bbr.com/products-20228014519-2022-macon-la-roche-vineuse-les-cras-olivier-merlin-burgundy","1171527","20228014519"
"Neotempo","2021","Neotempo, Kiatra Estate Cabernet Sauvignon, Napa Valley, California, USA","650","Case of 3 Bottles","https://www.bbr.com/products-20218246543-2021-neotempo-kiatra-estate-cabernet-sauvignon-napa-valley-california-usa","2958097","20218246543"
"Neudorf Vineyards, Nelson","2016","Neudorf, Moutere Chardonnay, Nelson, New Zealand","330","Case of 6 Bottles","https://www.bbr.com/products-20161330858-2016-neudorf-moutere-chardonnay-nelson-new-zealand","1330858","20161330858"
"Neudorf Vineyards, Nelson","2012","Neudorf, Moutere Pinot Noir, Nelson, New Zealand","515","Case of 12 Bottles","https://www.bbr.com/products-20121214534-2012-neudorf-moutere-pinot-noir-nelson-new-zealand","1214534","20121214534"
"Antinori","2021","Nibbio della Sala, Antinori, Umbria, Italy","700","Case of 3 Bottles","https://www.bbr.com/products-20218080486-2021-nibbio-della-sala-antinori-umbria-italy","2834650","20218080486"
"Domaine Nicolas-Jay","2018","Nicolas Jay, Pinot Noir, Willamette Valley, Oregon, USA","335","Case of 6 Bottles","https://www.bbr.com/products-20181462094-2018-nicolas-jay-pinot-noir-willamette-valley-oregon-usa","1462094","20181462094"
"Domaine Nicolas-Jay","2016","Nicolas-Jay, Bishop Creek, Pinot Noir, Yamhill-Carlton, Oregon, USA","1400","Case of 6 Bottles","https://www.bbr.com/products-20168000691-2016-nicolas-jay-bishop-creek-pinot-noir-yamhill-carlton-oregon-usa","1455016","20168000691"
"Domaine Nicolas-Jay","2017","Nicolas-Jay, Bishop Creek, Pinot Noir, Yamhill-Carlton, Oregon, USA","365","Case of 6 Bottles","https://www.bbr.com/products-20178000691-2017-nicolas-jay-bishop-creek-pinot-noir-yamhill-carlton-oregon-usa","1455016","20178000691"
"Domaine Nicolas-Jay","2018","Nicolas-Jay, L'Ensemble, Pinot Noir, Willamette Valley, Oregon, USA","300","Case of 6 Bottles","https://www.bbr.com/products-20188058458-2018-nicolas-jay-l-ensemble-pinot-noir-willamette-valley-oregon-usa","2174675","20188058458"
"Domaine Nicolas-Jay","2019","Nicolas-Jay, L'Ensemble, Pinot Noir, Willamette Valley, Oregon, USA","310","Case of 6 Bottles","https://www.bbr.com/products-20198058458-2019-nicolas-jay-l-ensemble-pinot-noir-willamette-valley-oregon-usa","2174675","20198058458"
"Domaine Nicolas-Jay","2019","Nicolas-Jay, Momtazi Pinot Noir, McMinnville, Oregon, USA","420","Case of 6 Bottles","https://www.bbr.com/products-20191634901-2019-nicolas-jay-momtazi-pinot-noir-mcminnville-oregon-usa","1634901","20191634901"
"Domaine Nicolas-Jay","2021","Nicolas-Jay, Nysa Pinot Noir, Dundee Hills, Oregon, USA","425","Case of 6 Bottles","https://www.bbr.com/products-20211634897-2021-nicolas-jay-nysa-pinot-noir-dundee-hills-oregon-usa","1634897","20211634897"
"Domaine Nicolas-Jay","2018","Nicolas-Jay, Own-Rooted, Pinot Noir, Willamette Valley, Oregon, USA","345","Case of 6 Bottles","https://www.bbr.com/products-20188038184-2018-nicolas-jay-own-rooted-pinot-noir-willamette-valley-oregon-usa","1848030","20188038184"
"Niepoort","2011","Niepoort, Bioma, Vinha Velha, Port, Portugal","172","Case of 3 Bottles","https://www.bbr.com/products-20118040109-2011-niepoort-bioma-vinha-velha-port-portugal","1198467","20118040109"
"Niepoort","1994","Niepoort, Port, Portugal","800","Case of 12 Bottles","https://www.bbr.com/products-19941304721-1994-niepoort-port-portugal","1304721","19941304721"
"Niepoort","1997","Niepoort, Port, Portugal","460","Case of 12 Bottles","https://www.bbr.com/products-19971304721-1997-niepoort-port-portugal","1304721","19971304721"
"Niepoort","2000","Niepoort, Port, Portugal","425","Case of 6 Bottles","https://www.bbr.com/products-20001304721-2000-niepoort-port-portugal","1304721","20001304721"
"Niepoort","2007","Niepoort, Port, Portugal","275","Case of 6 Bottles","https://www.bbr.com/products-20071304721-2007-niepoort-port-portugal","1304721","20071304721"
"Niepoort","2011","Niepoort, Port, Portugal","269","Case of 6 Bottles","https://www.bbr.com/products-20111304721-2011-niepoort-port-portugal","1304721","20111304721"
"Familia Nin-Ortiz","2015","Nit de Nin, Mas d'en Cacador, Familia Nin-Ortiz, Priorat, Spain","390","Case of 6 Bottles","https://www.bbr.com/products-20158050205-2015-nit-de-nin-mas-d-en-cacador-familia-nin-ortiz-priorat-spain","1673542","20158050205"
"Noon","2008","Noon Winery, Eclipse, South Australia","240","Case of 6 Bottles","https://www.bbr.com/products-20088125729-2008-noon-winery-eclipse-south-australia","1004054","20088125729"
"Noon","2015","Noon Winery, Reserve Shiraz, Langhorne Creek, Australia","295","Case of 6 Bottles","https://www.bbr.com/products-20158115072-2015-noon-winery-reserve-shiraz-langhorne-creek-australia","1131396","20158115072"
"Bodegas Pujanza","2018","Norte, Bodegas Pujanza, Rioja, Spain","275","Case of 6 Bottles","https://www.bbr.com/products-20188156372-2018-norte-bodegas-pujanza-rioja-spain","1246227","20188156372"
"Bodegas Pujanza","2018","Norte, Bodegas Pujanza, Rioja, Spain","200","Case of 6 Bottles","https://www.bbr.com/products-20188156372-2018-norte-bodegas-pujanza-rioja-spain","1246227","20188156372"
"Novum","2019","Novum, Chardonnay, Marlborough, New Zealand","170","Case of 6 Bottles","https://www.bbr.com/products-20198109222-2019-novum-chardonnay-marlborough-new-zealand","1922435","20198109222"
"Philippe Pacalet","2017","Nuits St. Georges, Blanc, Domaine Philippe Pacalet, Burgundy","1020","Case of 12 Bottles","https://www.bbr.com/products-20178051895-2017-nuits-st-georges-blanc-domaine-philippe-pacalet-burgundy","1233667","20178051895"
"Dujac Fils et Pere","2016","Nuits-Saint Georges, Aux Cras, 1er Cru, Dujac Fils et Pere, Burgundy","525","Case of 6 Bottles","https://www.bbr.com/products-20168029825-2016-nuits-saint-georges-aux-cras-1er-cru-dujac-fils-et-pere-burgundy","1549315","20168029825"
"Dujac Fils et Pere","2017","Nuits-Saint Georges, Aux Cras, 1er Cru, Dujac Fils et Pere, Burgundy","440","Case of 6 Bottles","https://www.bbr.com/products-20178029825-2017-nuits-saint-georges-aux-cras-1er-cru-dujac-fils-et-pere-burgundy","1549315","20178029825"
"Dujac Fils et Pere","2018","Nuits-Saint Georges, Aux Cras, 1er Cru, Dujac Fils et Pere, Burgundy","480","Case of 6 Bottles","https://www.bbr.com/products-20188029825-2018-nuits-saint-georges-aux-cras-1er-cru-dujac-fils-et-pere-burgundy","1549315","20188029825"
"Dujac Fils et Pere","2018","Nuits-Saint Georges, Aux Cras, 1er Cru, Dujac Fils et Pere, Burgundy","490","Case of 6 Bottles","https://www.bbr.com/products-20188029825-2018-nuits-saint-georges-aux-cras-1er-cru-dujac-fils-et-pere-burgundy","1549315","20188029825"
"Dujac Fils et Pere","2021","Nuits-Saint Georges, Aux Cras, 1er Cru, Dujac Fils et Pere, Burgundy","480","Case of 6 Bottles","https://www.bbr.com/products-20218029825-2021-nuits-saint-georges-aux-cras-1er-cru-dujac-fils-et-pere-burgundy","1549315","20218029825"
"Domaine de L'Arlot","2018","Nuits-St Georges Blanc, Clos de l'Arlot, 1er Cru, Domaine de l'Arlot, Burgundy","542","Case of 6 Bottles","https://www.bbr.com/products-20188111449-2018-nuits-st-georges-blanc-clos-de-l-arlot-1er-cru-domaine-de-l-arlot-burgundy","1231650","20188111449"
"Domaine de L'Arlot","2020","Nuits-St Georges Blanc, Clos de l'Arlot, 1er Cru, Domaine de l'Arlot, Burgundy","508","Case of 6 Bottles","https://www.bbr.com/products-20208111449-2020-nuits-st-georges-blanc-clos-de-l-arlot-1er-cru-domaine-de-l-arlot-burgundy","1231650","20208111449"
"Domaine Jacques-Frederic Mugnier","2017","Nuits-St Georges Blanc, Clos de la Marechale, 1er Cru, Jacques-Frederic Mugnier, Burgundy","700","Case of 6 Bottles","https://www.bbr.com/products-20171077454-2017-nuits-st-georges-blanc-clos-de-la-marechale-1er-cru-jacques-frederic-mugnier-burgundy","1077454","20171077454"
"Domaine Jacques-Frederic Mugnier","2019","Nuits-St Georges Blanc, Clos de la Marechale, 1er Cru, Jacques-Frederic Mugnier, Burgundy","900","Case of 6 Bottles","https://www.bbr.com/products-20191077454-2019-nuits-st-georges-blanc-clos-de-la-marechale-1er-cru-jacques-frederic-mugnier-burgundy","1077454","20191077454"
"Domaine Jacques-Frederic Mugnier","2020","Nuits-St Georges Blanc, Clos de la Marechale, 1er Cru, Jacques-Frederic Mugnier, Burgundy","750","Case of 6 Bottles","https://www.bbr.com/products-20201077454-2020-nuits-st-georges-blanc-clos-de-la-marechale-1er-cru-jacques-frederic-mugnier-burgundy","1077454","20201077454"
"Domaine Jacques-Frederic Mugnier","2007","Nuits-St Georges Blanc, Clos de la Marechale, 1er Cru,Jacques-Frederic Mugnier, Burgundy","1888","Case of 12 Bottles","https://www.bbr.com/products-20071077454-2007-nuits-st-georges-blanc-clos-de-la-marechale-1er-cru-jacques-frederic-mugnier-burgundy","1077454","20071077454"
"Domaine Jacques-Frederic Mugnier","2016","Nuits-St Georges Blanc, Clos de la Marechale, 1er Cru,Jacques-Frederic Mugnier, Burgundy","700","Case of 6 Bottles","https://www.bbr.com/products-20161077454-2016-nuits-st-georges-blanc-clos-de-la-marechale-1er-cru-jacques-frederic-mugnier-burgundy","1077454","20161077454"
"Philippe Pacalet","2018","Nuits-St Georges Blanc, Domaine Philippe Pacalet, Burgundy","1026","Case of 12 Bottles","https://www.bbr.com/products-20188051895-2018-nuits-st-georges-blanc-domaine-philippe-pacalet-burgundy","1233667","20188051895"
"Lucien Le Moine","2017","Nuits-St Georges Blanc, Les Terres Blanches, 1er Cru, Lucien Le Moine, Burgundy","536","Case of 6 Bottles","https://www.bbr.com/products-20178107299-2017-nuits-st-georges-blanc-les-terres-blanches-1er-cru-lucien-le-moine-burgundy","1434628","20178107299"
"Domaine de L'Arlot","2011","Nuits-St Georges Rouge, Clos de l'Arlot, 1er Cru, Domaine de l'Arlot, Burgundy","1800","Case of 12 Bottles","https://www.bbr.com/products-20118122715-2011-nuits-st-georges-rouge-clos-de-l-arlot-1er-cru-domaine-de-l-arlot-burgundy","1018581","20118122715"
"Domaine de L'Arlot","2018","Nuits-St Georges Rouge, Clos de l'Arlot, 1er Cru, Domaine de l'Arlot, Burgundy","536","Case of 6 Bottles","https://www.bbr.com/products-20188122715-2018-nuits-st-georges-rouge-clos-de-l-arlot-1er-cru-domaine-de-l-arlot-burgundy","1018581","20188122715"
"Domaine de L'Arlot","2020","Nuits-St Georges Rouge, Clos de l'Arlot, 1er Cru, Domaine de l'Arlot, Burgundy","570","Case of 6 Bottles","https://www.bbr.com/products-20208122715-2020-nuits-st-georges-rouge-clos-de-l-arlot-1er-cru-domaine-de-l-arlot-burgundy","1018581","20208122715"
"Domaine Jacques-Frederic Mugnier","2004","Nuits-St Georges Rouge, Clos de la Marechale, 1er Cru, Jacques-Frederic Mugnier, Burgundy","900","Case of 6 Bottles","https://www.bbr.com/products-20041049671-2004-nuits-st-georges-rouge-clos-de-la-marechale-1er-cru-jacques-frederic-mugnier-burgundy","1049671","20041049671"
"Domaine Jacques-Frederic Mugnier","2005","Nuits-St Georges Rouge, Clos de la Marechale, 1er Cru, Jacques-Frederic Mugnier, Burgundy","1200","Case of 6 Bottles","https://www.bbr.com/products-20051049671-2005-nuits-st-georges-rouge-clos-de-la-marechale-1er-cru-jacques-frederic-mugnier-burgundy","1049671","20051049671"
"Domaine Jacques-Frederic Mugnier","2005","Nuits-St Georges Rouge, Clos de la Marechale, 1er Cru, Jacques-Frederic Mugnier, Burgundy","2010","Case of 6 Magnums","https://www.bbr.com/products-20051049671-2005-nuits-st-georges-rouge-clos-de-la-marechale-1er-cru-jacques-frederic-mugnier-burgundy","1049671","20051049671"
"Domaine Jacques-Frederic Mugnier","2006","Nuits-St Georges Rouge, Clos de la Marechale, 1er Cru, Jacques-Frederic Mugnier, Burgundy","2400","Case of 12 Bottles","https://www.bbr.com/products-20061049671-2006-nuits-st-georges-rouge-clos-de-la-marechale-1er-cru-jacques-frederic-mugnier-burgundy","1049671","20061049671"
"Domaine Jacques-Frederic Mugnier","2007","Nuits-St Georges Rouge, Clos de la Marechale, 1er Cru, Jacques-Frederic Mugnier, Burgundy","1495","Case of 6 Magnums","https://www.bbr.com/products-20071049671-2007-nuits-st-georges-rouge-clos-de-la-marechale-1er-cru-jacques-frederic-mugnier-burgundy","1049671","20071049671"
"Domaine Jacques-Frederic Mugnier","2008","Nuits-St Georges Rouge, Clos de la Marechale, 1er Cru, Jacques-Frederic Mugnier, Burgundy","1400","Case of 12 Bottles","https://www.bbr.com/products-20081049671-2008-nuits-st-georges-rouge-clos-de-la-marechale-1er-cru-jacques-frederic-mugnier-burgundy","1049671","20081049671"
"Domaine Jacques-Frederic Mugnier","2008","Nuits-St Georges Rouge, Clos de la Marechale, 1er Cru, Jacques-Frederic Mugnier, Burgundy","790","Case of 6 Bottles","https://www.bbr.com/products-20081049671-2008-nuits-st-georges-rouge-clos-de-la-marechale-1er-cru-jacques-frederic-mugnier-burgundy","1049671","20081049671"
"Domaine Jacques-Frederic Mugnier","2009","Nuits-St Georges Rouge, Clos de la Marechale, 1er Cru, Jacques-Frederic Mugnier, Burgundy","1750","Case of 12 Bottles","https://www.bbr.com/products-20091049671-2009-nuits-st-georges-rouge-clos-de-la-marechale-1er-cru-jacques-frederic-mugnier-burgundy","1049671","20091049671"
"Domaine Jacques-Frederic Mugnier","2009","Nuits-St Georges Rouge, Clos de la Marechale, 1er Cru, Jacques-Frederic Mugnier, Burgundy","2140","Case of 6 Magnums","https://www.bbr.com/products-20091049671-2009-nuits-st-georges-rouge-clos-de-la-marechale-1er-cru-jacques-frederic-mugnier-burgundy","1049671","20091049671"
"Domaine Jacques-Frederic Mugnier","2010","Nuits-St Georges Rouge, Clos de la Marechale, 1er Cru, Jacques-Frederic Mugnier, Burgundy","2400","Case of 12 Bottles","https://www.bbr.com/products-20101049671-2010-nuits-st-georges-rouge-clos-de-la-marechale-1er-cru-jacques-frederic-mugnier-burgundy","1049671","20101049671"
"Domaine Jacques-Frederic Mugnier","2012","Nuits-St Georges Rouge, Clos de la Marechale, 1er Cru, Jacques-Frederic Mugnier, Burgundy","750","Case of 6 Bottles","https://www.bbr.com/products-20121049671-2012-nuits-st-georges-rouge-clos-de-la-marechale-1er-cru-jacques-frederic-mugnier-burgundy","1049671","20121049671"
"Domaine Jacques-Frederic Mugnier","2012","Nuits-St Georges Rouge, Clos de la Marechale, 1er Cru, Jacques-Frederic Mugnier, Burgundy","1595","Case of 6 Magnums","https://www.bbr.com/products-20121049671-2012-nuits-st-georges-rouge-clos-de-la-marechale-1er-cru-jacques-frederic-mugnier-burgundy","1049671","20121049671"
"Domaine Jacques-Frederic Mugnier","2013","Nuits-St Georges Rouge, Clos de la Marechale, 1er Cru, Jacques-Frederic Mugnier, Burgundy","650","Case of 6 Bottles","https://www.bbr.com/products-20131049671-2013-nuits-st-georges-rouge-clos-de-la-marechale-1er-cru-jacques-frederic-mugnier-burgundy","1049671","20131049671"
"Domaine Jacques-Frederic Mugnier","2013","Nuits-St Georges Rouge, Clos de la Marechale, 1er Cru, Jacques-Frederic Mugnier, Burgundy","695","Case of 3 Magnums","https://www.bbr.com/products-20131049671-2013-nuits-st-georges-rouge-clos-de-la-marechale-1er-cru-jacques-frederic-mugnier-burgundy","1049671","20131049671"
"Domaine Jacques-Frederic Mugnier","2014","Nuits-St Georges Rouge, Clos de la Marechale, 1er Cru, Jacques-Frederic Mugnier, Burgundy","695","Case of 6 Bottles","https://www.bbr.com/products-20141049671-2014-nuits-st-georges-rouge-clos-de-la-marechale-1er-cru-jacques-frederic-mugnier-burgundy","1049671","20141049671"
"Domaine Jacques-Frederic Mugnier","2015","Nuits-St Georges Rouge, Clos de la Marechale, 1er Cru, Jacques-Frederic Mugnier, Burgundy","780","Case of 6 Bottles","https://www.bbr.com/products-20151049671-2015-nuits-st-georges-rouge-clos-de-la-marechale-1er-cru-jacques-frederic-mugnier-burgundy","1049671","20151049671"
"Domaine Jacques-Frederic Mugnier","2015","Nuits-St Georges Rouge, Clos de la Marechale, 1er Cru, Jacques-Frederic Mugnier, Burgundy","720","Case of 1 Jeroboam 300cl","https://www.bbr.com/products-20151049671-2015-nuits-st-georges-rouge-clos-de-la-marechale-1er-cru-jacques-frederic-mugnier-burgundy","1049671","20151049671"
"Domaine Jacques-Frederic Mugnier","2016","Nuits-St Georges Rouge, Clos de la Marechale, 1er Cru, Jacques-Frederic Mugnier, Burgundy","790","Case of 6 Bottles","https://www.bbr.com/products-20161049671-2016-nuits-st-georges-rouge-clos-de-la-marechale-1er-cru-jacques-frederic-mugnier-burgundy","1049671","20161049671"
"Domaine Jacques-Frederic Mugnier","2017","Nuits-St Georges Rouge, Clos de la Marechale, 1er Cru, Jacques-Frederic Mugnier, Burgundy","880","Case of 6 Bottles","https://www.bbr.com/products-20171049671-2017-nuits-st-georges-rouge-clos-de-la-marechale-1er-cru-jacques-frederic-mugnier-burgundy","1049671","20171049671"
"Domaine Jacques-Frederic Mugnier","2018","Nuits-St Georges Rouge, Clos de la Marechale, 1er Cru, Jacques-Frederic Mugnier, Burgundy","625","Case of 6 Bottles","https://www.bbr.com/products-20181049671-2018-nuits-st-georges-rouge-clos-de-la-marechale-1er-cru-jacques-frederic-mugnier-burgundy","1049671","20181049671"
"Domaine Jacques-Frederic Mugnier","2018","Nuits-St Georges Rouge, Clos de la Marechale, 1er Cru, Jacques-Frederic Mugnier, Burgundy","1280","Case of 6 Bottles","https://www.bbr.com/products-20181049671-2018-nuits-st-georges-rouge-clos-de-la-marechale-1er-cru-jacques-frederic-mugnier-burgundy","1049671","20181049671"
"Domaine Jacques-Frederic Mugnier","2019","Nuits-St Georges Rouge, Clos de la Marechale, 1er Cru, Jacques-Frederic Mugnier, Burgundy","680","Case of 6 Bottles","https://www.bbr.com/products-20191049671-2019-nuits-st-georges-rouge-clos-de-la-marechale-1er-cru-jacques-frederic-mugnier-burgundy","1049671","20191049671"
"Domaine Jacques-Frederic Mugnier","2020","Nuits-St Georges Rouge, Clos de la Marechale, 1er Cru, Jacques-Frederic Mugnier, Burgundy","800","Case of 6 Bottles","https://www.bbr.com/products-20201049671-2020-nuits-st-georges-rouge-clos-de-la-marechale-1er-cru-jacques-frederic-mugnier-burgundy","1049671","20201049671"
"Domaine Jacques-Frederic Mugnier","2021","Nuits-St Georges Rouge, Clos de la Marechale, 1er Cru, Jacques-Frederic Mugnier, Burgundy","630","Case of 6 Bottles","https://www.bbr.com/products-20211049671-2021-nuits-st-georges-rouge-clos-de-la-marechale-1er-cru-jacques-frederic-mugnier-burgundy","1049671","20211049671"
"Domaine Jacques-Frederic Mugnier","2022","Nuits-St Georges Rouge, Clos de la Marechale, 1er Cru, Jacques-Frederic Mugnier, Burgundy","900","Case of 3 Magnums","https://www.bbr.com/products-20221049671-2022-nuits-st-georges-rouge-clos-de-la-marechale-1er-cru-jacques-frederic-mugnier-burgundy","1049671","20221049671"
"Domaine Jacques-Frederic Mugnier","2023","Nuits-St Georges Rouge, Clos de la Marechale, 1er Cru, Jacques-Frederic Mugnier, Burgundy","550","Case of 6 Bottles","https://www.bbr.com/products-20231049671-2023-nuits-st-georges-rouge-clos-de-la-marechale-1er-cru-jacques-frederic-mugnier-burgundy","1049671","20231049671"
"Domaine Jacques-Frederic Mugnier","2023","Nuits-St Georges Rouge, Clos de la Marechale, 1er Cru, Jacques-Frederic Mugnier, Burgundy","540","Case of 3 Magnums","https://www.bbr.com/products-20231049671-2023-nuits-st-georges-rouge-clos-de-la-marechale-1er-cru-jacques-frederic-mugnier-burgundy","1049671","20231049671"
"Domaine Jacques-Frederic Mugnier","2011","Nuits-St Georges Rouge, Clos de la Marechale, 1er Cru,Jacques-Frederic Mugnier, Burgundy","715","Case of 6 Bottles","https://www.bbr.com/products-20111049671-2011-nuits-st-georges-rouge-clos-de-la-marechale-1er-cru-jacques-frederic-mugnier-burgundy","1049671","20111049671"
"Domaine Jacques-Frederic Mugnier","2011","Nuits-St Georges Rouge, Clos de la Marechale, 1er Cru,Jacques-Frederic Mugnier, Burgundy","1499","Case of 6 Magnums","https://www.bbr.com/products-20111049671-2011-nuits-st-georges-rouge-clos-de-la-marechale-1er-cru-jacques-frederic-mugnier-burgundy","1049671","20111049671"
"Domaine du Prieure Roch","2014","Nuits-St Georges, 1er Cru, Domaine du Prieure Roch, Burgundy","3200","Case of 6 Bottles","https://www.bbr.com/products-20148036395-2014-nuits-st-georges-1er-cru-domaine-du-prieure-roch-burgundy","1053414","20148036395"
"Domaine du Prieure Roch","2019","Nuits-St Georges, 1er Cru, Domaine du Prieure Roch, Burgundy","1480","Case of 3 Bottles","https://www.bbr.com/products-20198036395-2019-nuits-st-georges-1er-cru-domaine-du-prieure-roch-burgundy","1053414","20198036395"
"Meo-Camuzet","2020","Nuits-St Georges, 1er Cru, Meo-Camuzet Freres &amp; Soeurs","550","Case of 6 Bottles","https://www.bbr.com/products-20201585678-2020-nuits-st-georges-1er-cru-meo-camuzet-freres-and-soeurs","1585678","20201585678"
"Meo-Camuzet","2021","Nuits-St Georges, 1er Cru, Meo-Camuzet Freres &amp; Soeurs","648","Case of 6 Bottles","https://www.bbr.com/products-20211585678-2021-nuits-st-georges-1er-cru-meo-camuzet-freres-and-soeurs","1585678","20211585678"
"Meo-Camuzet","2017","Nuits-St Georges, 1er Cru, Meo-Camuzet Freres et Soeurs","560","Case of 6 Bottles","https://www.bbr.com/products-20171585678-2017-nuits-st-georges-1er-cru-meo-camuzet-freres-et-soeurs","1585678","20171585678"
"Domaine du Prieure Roch","2007","Nuits-St Georges, 1er Cru, Vieilles Vignes, Domaine Prieure Roch, Burgundy","2000","Case of 6 Bottles","https://www.bbr.com/products-20078120287-2007-nuits-st-georges-1er-cru-vieilles-vignes-domaine-prieure-roch-burgundy","1053443","20078120287"
"Domaine du Prieure Roch","2017","Nuits-St Georges, 1er Cru, Vieilles Vignes, Domaine Prieure Roch, Burgundy","1700","Case of 6 Bottles","https://www.bbr.com/products-20178120287-2017-nuits-st-georges-1er-cru-vieilles-vignes-domaine-prieure-roch-burgundy","1053443","20178120287"
"Domaine du Prieure Roch","2019","Nuits-St Georges, 1er Cru, Vieilles Vignes, Domaine Prieure Roch, Burgundy","1280","Case of 3 Bottles","https://www.bbr.com/products-20198120287-2019-nuits-st-georges-1er-cru-vieilles-vignes-domaine-prieure-roch-burgundy","1053443","20198120287"
"Domaine du Prieure Roch","2022","Nuits-St Georges, 1er Cru, Vieilles Vignes, Domaine Prieure Roch, Burgundy","1200","Case of 3 Bottles","https://www.bbr.com/products-20228120287-2022-nuits-st-georges-1er-cru-vieilles-vignes-domaine-prieure-roch-burgundy","1053443","20228120287"
"Domaine du Prieure Roch","2023","Nuits-St Georges, 1er Cru, Vieilles Vignes, Domaine Prieure Roch, Burgundy","900","Case of 3 Bottles","https://www.bbr.com/products-20238120287-2023-nuits-st-georges-1er-cru-vieilles-vignes-domaine-prieure-roch-burgundy","1053443","20238120287"
"Benjamin Leroux","2009","Nuits-St Georges, Aux Allots, Benjamin Leroux, Burgundy","230","Case of 6 Bottles","https://www.bbr.com/products-20091043549-2009-nuits-st-georges-aux-allots-benjamin-leroux-burgundy","1043549","20091043549"
"Benjamin Leroux","2015","Nuits-St Georges, Aux Allots, Benjamin Leroux, Burgundy","245","Case of 6 Bottles","https://www.bbr.com/products-20151043549-2015-nuits-st-georges-aux-allots-benjamin-leroux-burgundy","1043549","20151043549"
"Domaine Leroy","2000","Nuits-St Georges, Aux Allots, Domaine Leroy, Burgundy","10250","Case of 3 Bottles","https://www.bbr.com/products-20008121183-2000-nuits-st-georges-aux-allots-domaine-leroy-burgundy","1044214","20008121183"
"Meo-Camuzet","2019","Nuits-St Georges, Aux Argillas, 1er Cru, Meo-Camuzet Frere & Soeurs, Burgundy","728","Case of 6 Bottles","https://www.bbr.com/products-20198016207-2019-nuits-st-georges-aux-argillas-1er-cru-meo-camuzet-frere-soeurs-burgundy","1046801","20198016207"
"Meo-Camuzet","2014","Nuits-St Georges, Aux Argillas, 1er Cru, Meo-Camuzet Frere &amp; Soeurs, Burgundy","625","Case of 6 Bottles","https://www.bbr.com/products-20148016207-2014-nuits-st-georges-aux-argillas-1er-cru-meo-camuzet-frere-and-soeurs-burgundy","1046801","20148016207"
"Meo-Camuzet","2018","Nuits-St Georges, Aux Argillas, 1er Cru, Meo-Camuzet Frere &amp; Soeurs, Burgundy","716","Case of 6 Bottles","https://www.bbr.com/products-20188016207-2018-nuits-st-georges-aux-argillas-1er-cru-meo-camuzet-frere-and-soeurs-burgundy","1046801","20188016207"
"Meo-Camuzet","2020","Nuits-St Georges, Aux Argillas, 1er Cru, Meo-Camuzet Frere &amp; Soeurs, Burgundy","649","Case of 6 Bottles","https://www.bbr.com/products-20208016207-2020-nuits-st-georges-aux-argillas-1er-cru-meo-camuzet-frere-and-soeurs-burgundy","1046801","20208016207"
"Philippe Pacalet","2017","Nuits-St Georges, Aux Argillas, 1er Cru, Philippe Pacalet, Burgundy","1335","Case of 12 Bottles","https://www.bbr.com/products-20178204594-2017-nuits-st-georges-aux-argillas-1er-cru-philippe-pacalet-burgundy","1385164","20178204594"
"Domaine Michele et Patrice Rion","2020","Nuits-St Georges, Aux Barrieres, Patrice Rion, Burgundy","210","Case of 6 Bottles","https://www.bbr.com/products-20208148661-2020-nuits-st-georges-aux-barrieres-patrice-rion-burgundy","2153317","20208148661"
"Maison Camille Giroud","2015","Nuits-St Georges, Aux Boudots, 1er Cru, Camille Giroud, Burgundy","290","Case of 6 Bottles","https://www.bbr.com/products-20158016614-2015-nuits-st-georges-aux-boudots-1er-cru-camille-giroud-burgundy","1437834","20158016614"
"Domaine Jean Grivot","2011","Nuits-St Georges, Aux Boudots, 1er Cru, Domaine Jean Grivot, Burgundy","1385","Case of 12 Bottles","https://www.bbr.com/products-20111035649-2011-nuits-st-georges-aux-boudots-1er-cru-domaine-jean-grivot-burgundy","1035649","20111035649"
"Domaine Jean Grivot","2012","Nuits-St Georges, Aux Boudots, 1er Cru, Domaine Jean Grivot, Burgundy","745","Case of 6 Bottles","https://www.bbr.com/products-20121035649-2012-nuits-st-georges-aux-boudots-1er-cru-domaine-jean-grivot-burgundy","1035649","20121035649"
"Domaine Jean Grivot","2014","Nuits-St Georges, Aux Boudots, 1er Cru, Domaine Jean Grivot, Burgundy","600","Case of 6 Bottles","https://www.bbr.com/products-20141035649-2014-nuits-st-georges-aux-boudots-1er-cru-domaine-jean-grivot-burgundy","1035649","20141035649"
"Domaine Jean Grivot","2016","Nuits-St Georges, Aux Boudots, 1er Cru, Domaine Jean Grivot, Burgundy","585","Case of 6 Bottles","https://www.bbr.com/products-20161035649-2016-nuits-st-georges-aux-boudots-1er-cru-domaine-jean-grivot-burgundy","1035649","20161035649"
"Domaine Jean Grivot","2023","Nuits-St Georges, Aux Boudots, 1er Cru, Domaine Jean Grivot, Burgundy","1000","Case of 6 Bottles","https://www.bbr.com/products-20231035649-2023-nuits-st-georges-aux-boudots-1er-cru-domaine-jean-grivot-burgundy","1035649","20231035649"
"Domaine J. Confuron","2018","Nuits-St Georges, Aux Boudots, 1er Cru, Domaine Jean-Jacques Confuron, Burgundy","600","Case of 6 Bottles","https://www.bbr.com/products-20188167084-2018-nuits-st-georges-aux-boudots-1er-cru-domaine-jean-jacques-confuron-burgundy","1027345","20188167084"
"Meo-Camuzet","2019","Nuits-St Georges, Aux Boudots, 1er Cru, Domaine Meo-Camuzet, Burgundy","500","Case of 3 Bottles","https://www.bbr.com/products-20191046827-2019-nuits-st-georges-aux-boudots-1er-cru-domaine-meo-camuzet-burgundy","1046827","20191046827"
"Meo-Camuzet","2019","Nuits-St Georges, Aux Boudots, 1er Cru, Domaine Meo-Camuzet, Burgundy","970","Case of 6 Bottles","https://www.bbr.com/products-20191046827-2019-nuits-st-georges-aux-boudots-1er-cru-domaine-meo-camuzet-burgundy","1046827","20191046827"
"Meo-Camuzet","2020","Nuits-St Georges, Aux Boudots, 1er Cru, Domaine Meo-Camuzet, Burgundy","953","Case of 6 Bottles","https://www.bbr.com/products-20201046827-2020-nuits-st-georges-aux-boudots-1er-cru-domaine-meo-camuzet-burgundy","1046827","20201046827"
"Philippe Pacalet","2017","Nuits-St Georges, Aux Chaignots, 1er Cru, Philippe Pacalet, Burgundy","1355","Case of 12 Bottles","https://www.bbr.com/products-20178125338-2017-nuits-st-georges-aux-chaignots-1er-cru-philippe-pacalet-burgundy","1592799","20178125338"
"Philippe Pacalet","2018","Nuits-St Georges, Aux Chaignots, 1er Cru, Philippe Pacalet, Burgundy","1000","Case of 12 Bottles","https://www.bbr.com/products-20188125338-2018-nuits-st-georges-aux-chaignots-1er-cru-philippe-pacalet-burgundy","1592799","20188125338"
"Philippe Pacalet","2019","Nuits-St Georges, Aux Chaignots, 1er Cru, Philippe Pacalet, Burgundy","1750","Case of 12 Bottles","https://www.bbr.com/products-20198125338-2019-nuits-st-georges-aux-chaignots-1er-cru-philippe-pacalet-burgundy","1592799","20198125338"
"Domaine Georges Noellat","2017","Nuits-St Georges, Aux Cras, 1er Cru, Georges Noellat, Burgundy","1450","Case of 12 Bottles","https://www.bbr.com/products-20178166696-2017-nuits-st-georges-aux-cras-1er-cru-georges-noellat-burgundy","1323753","20178166696"
"Domaine Bruno Clavelier","2013","Nuits-St Georges, Aux Cras, 1er Cru, Vieilles Vignes, Domaine Bruno Clavelier, Burgundy","425","Case of 6 Bottles","https://www.bbr.com/products-20138020558-2013-nuits-st-georges-aux-cras-1er-cru-vieilles-vignes-domaine-bruno-clavelier-burgundy","1500644","20138020558"
"Domaine Bruno Clavelier","2015","Nuits-St Georges, Aux Cras, 1er Cru, Vieilles Vignes, Domaine Bruno Clavelier, Burgundy","780","Case of 6 Bottles","https://www.bbr.com/products-20158020558-2015-nuits-st-georges-aux-cras-1er-cru-vieilles-vignes-domaine-bruno-clavelier-burgundy","1500644","20158020558"
"Domaine Bruno Clavelier","2016","Nuits-St Georges, Aux Cras, 1er Cru, Vieilles Vignes, Domaine Bruno Clavelier, Burgundy","550","Case of 6 Bottles","https://www.bbr.com/products-20168020558-2016-nuits-st-georges-aux-cras-1er-cru-vieilles-vignes-domaine-bruno-clavelier-burgundy","1500644","20168020558"
"Domaine Guyon","2016","Nuits-St Georges, Aux Herbues, Domaine Guyon, Burgundy","550","Case of 6 Bottles","https://www.bbr.com/products-20168036063-2016-nuits-st-georges-aux-herbues-domaine-guyon-burgundy","1194515","20168036063"
"Domaine Guyon","2019","Nuits-St Georges, Aux Herbues, Domaine Guyon, Burgundy","395","Case of 6 Bottles","https://www.bbr.com/products-20198036063-2019-nuits-st-georges-aux-herbues-domaine-guyon-burgundy","1194515","20198036063"
"Domaine Guyon","2020","Nuits-St Georges, Aux Herbues, Domaine Guyon, Burgundy","558","Case of 6 Bottles","https://www.bbr.com/products-20208036063-2020-nuits-st-georges-aux-herbues-domaine-guyon-burgundy","1194515","20208036063"
"Domaine Guyon","2021","Nuits-St Georges, Aux Herbues, Domaine Guyon, Burgundy","540","Case of 6 Bottles","https://www.bbr.com/products-20218036063-2021-nuits-st-georges-aux-herbues-domaine-guyon-burgundy","1194515","20218036063"
"Domaine Jean Grivot","2012","Nuits-St Georges, Aux Lavieres, Domaine Jean Grivot, Burgundy","396","Case of 6 Bottles","https://www.bbr.com/products-20121035665-2012-nuits-st-georges-aux-lavieres-domaine-jean-grivot-burgundy","1035665","20121035665"
"Domaine Jean Grivot","2015","Nuits-St Georges, Aux Lavieres, Domaine Jean Grivot, Burgundy","400","Case of 6 Bottles","https://www.bbr.com/products-20151035665-2015-nuits-st-georges-aux-lavieres-domaine-jean-grivot-burgundy","1035665","20151035665"
"Domaine Jean Grivot","2016","Nuits-St Georges, Aux Lavieres, Domaine Jean Grivot, Burgundy","345","Case of 6 Bottles","https://www.bbr.com/products-20161035665-2016-nuits-st-georges-aux-lavieres-domaine-jean-grivot-burgundy","1035665","20161035665"
"Domaine Jean Grivot","2017","Nuits-St Georges, Aux Lavieres, Domaine Jean Grivot, Burgundy","325","Case of 6 Bottles","https://www.bbr.com/products-20171035665-2017-nuits-st-georges-aux-lavieres-domaine-jean-grivot-burgundy","1035665","20171035665"
"Domaine Jean Grivot","2019","Nuits-St Georges, Aux Lavieres, Domaine Jean Grivot, Burgundy","340","Case of 6 Bottles","https://www.bbr.com/products-20191035665-2019-nuits-st-georges-aux-lavieres-domaine-jean-grivot-burgundy","1035665","20191035665"
"Domaine Jean Grivot","2020","Nuits-St Georges, Aux Lavieres, Domaine Jean Grivot, Burgundy","500","Case of 6 Bottles","https://www.bbr.com/products-20201035665-2020-nuits-st-georges-aux-lavieres-domaine-jean-grivot-burgundy","1035665","20201035665"
"Domaine Jean Grivot","2022","Nuits-St Georges, Aux Lavieres, Domaine Jean Grivot, Burgundy","360","Case of 6 Bottles","https://www.bbr.com/products-20221035665-2022-nuits-st-georges-aux-lavieres-domaine-jean-grivot-burgundy","1035665","20221035665"
"Domaine Jean Grivot","2023","Nuits-St Georges, Aux Lavieres, Domaine Jean Grivot, Burgundy","330","Case of 6 Bottles","https://www.bbr.com/products-20231035665-2023-nuits-st-georges-aux-lavieres-domaine-jean-grivot-burgundy","1035665","20231035665"
"Domaine du Comte Liger-Belair","2018","Nuits-St Georges, Aux Lavieres, Domaine du Comte Liger-Belair, Burgundy","5000","Case of 6 Bottles","https://www.bbr.com/products-20188115388-2018-nuits-st-georges-aux-lavieres-domaine-du-comte-liger-belair-burgundy","1125461","20188115388"
"Domaine du Comte Liger-Belair","2019","Nuits-St Georges, Aux Lavieres, Domaine du Comte Liger-Belair, Burgundy","5450","Case of 6 Bottles","https://www.bbr.com/products-20198115388-2019-nuits-st-georges-aux-lavieres-domaine-du-comte-liger-belair-burgundy","1125461","20198115388"
"Meo-Camuzet","2017","Nuits-St Georges, Aux Murgers, 1er Cru, Domaine Meo-Camuzet, Burgundy","798","Case of 6 Bottles","https://www.bbr.com/products-20171046830-2017-nuits-st-georges-aux-murgers-1er-cru-domaine-meo-camuzet-burgundy","1046830","20171046830"
"Meo-Camuzet","2018","Nuits-St Georges, Aux Murgers, 1er Cru, Domaine Meo-Camuzet, Burgundy","885","Case of 6 Bottles","https://www.bbr.com/products-20181046830-2018-nuits-st-georges-aux-murgers-1er-cru-domaine-meo-camuzet-burgundy","1046830","20181046830"
"Meo-Camuzet","2019","Nuits-St Georges, Aux Murgers, 1er Cru, Domaine Meo-Camuzet, Burgundy","960","Case of 6 Bottles","https://www.bbr.com/products-20191046830-2019-nuits-st-georges-aux-murgers-1er-cru-domaine-meo-camuzet-burgundy","1046830","20191046830"
"Meo-Camuzet","2020","Nuits-St Georges, Aux Murgers, 1er Cru, Domaine Meo-Camuzet, Burgundy","846","Case of 6 Bottles","https://www.bbr.com/products-20201046830-2020-nuits-st-georges-aux-murgers-1er-cru-domaine-meo-camuzet-burgundy","1046830","20201046830"
"Meo-Camuzet","2022","Nuits-St Georges, Aux Murgers, 1er Cru, Domaine Meo-Camuzet, Burgundy","505","Case of 3 Bottles","https://www.bbr.com/products-20221046830-2022-nuits-st-georges-aux-murgers-1er-cru-domaine-meo-camuzet-burgundy","1046830","20221046830"
"Meo-Camuzet","2023","Nuits-St Georges, Aux Murgers, 1er Cru, Domaine Meo-Camuzet, Burgundy","540","Case of 3 Bottles","https://www.bbr.com/products-20231046830-2023-nuits-st-georges-aux-murgers-1er-cru-domaine-meo-camuzet-burgundy","1046830","20231046830"
"Domaine Sylvain Cathiard","2004","Nuits-St Georges, Aux Murgers, 1er Cru, Domaine Sylvain Cathiard, Burgundy","4200","Case of 12 Bottles","https://www.bbr.com/products-20048024774-2004-nuits-st-georges-aux-murgers-1er-cru-domaine-sylvain-cathiard-burgundy","1023581","20048024774"
"Domaine Sylvain Cathiard","2005","Nuits-St Georges, Aux Murgers, 1er Cru, Domaine Sylvain Cathiard, Burgundy","3600","Case of 12 Bottles","https://www.bbr.com/products-20058024774-2005-nuits-st-georges-aux-murgers-1er-cru-domaine-sylvain-cathiard-burgundy","1023581","20058024774"
"Domaine Sylvain Cathiard","2006","Nuits-St Georges, Aux Murgers, 1er Cru, Domaine Sylvain Cathiard, Burgundy","4800","Case of 12 Bottles","https://www.bbr.com/products-20068024774-2006-nuits-st-georges-aux-murgers-1er-cru-domaine-sylvain-cathiard-burgundy","1023581","20068024774"
"Domaine Sylvain Cathiard","2016","Nuits-St Georges, Aux Murgers, 1er Cru, Domaine Sylvain Cathiard, Burgundy","1300","Case of 6 Bottles","https://www.bbr.com/products-20168024774-2016-nuits-st-georges-aux-murgers-1er-cru-domaine-sylvain-cathiard-burgundy","1023581","20168024774"
"Domaine Sylvain Cathiard","2017","Nuits-St Georges, Aux Murgers, 1er Cru, Domaine Sylvain Cathiard, Burgundy","1250","Case of 6 Bottles","https://www.bbr.com/products-20178024774-2017-nuits-st-georges-aux-murgers-1er-cru-domaine-sylvain-cathiard-burgundy","1023581","20178024774"
"Domaine Sylvain Cathiard","2017","Nuits-St Georges, Aux Murgers, 1er Cru, Domaine Sylvain Cathiard, Burgundy","1380","Case of 6 Bottles","https://www.bbr.com/products-20178024774-2017-nuits-st-georges-aux-murgers-1er-cru-domaine-sylvain-cathiard-burgundy","1023581","20178024774"
"Domaine Sylvain Cathiard","2018","Nuits-St Georges, Aux Murgers, 1er Cru, Domaine Sylvain Cathiard, Burgundy","1195","Case of 6 Bottles","https://www.bbr.com/products-20188024774-2018-nuits-st-georges-aux-murgers-1er-cru-domaine-sylvain-cathiard-burgundy","1023581","20188024774"
"Domaine Sylvain Cathiard","2018","Nuits-St Georges, Aux Murgers, 1er Cru, Domaine Sylvain Cathiard, Burgundy","1400","Case of 6 Bottles","https://www.bbr.com/products-20188024774-2018-nuits-st-georges-aux-murgers-1er-cru-domaine-sylvain-cathiard-burgundy","1023581","20188024774"
"Domaine Sylvain Cathiard","2020","Nuits-St Georges, Aux Murgers, 1er Cru, Domaine Sylvain Cathiard, Burgundy","1500","Case of 6 Bottles","https://www.bbr.com/products-20208024774-2020-nuits-st-georges-aux-murgers-1er-cru-domaine-sylvain-cathiard-burgundy","1023581","20208024774"
"Domaine Sylvain Cathiard","2021","Nuits-St Georges, Aux Murgers, 1er Cru, Domaine Sylvain Cathiard, Burgundy","2200","Case of 6 Bottles","https://www.bbr.com/products-20218024774-2021-nuits-st-georges-aux-murgers-1er-cru-domaine-sylvain-cathiard-burgundy","1023581","20218024774"
"Domaine Sylvain Cathiard","2023","Nuits-St Georges, Aux Murgers, 1er Cru, Domaine Sylvain Cathiard, Burgundy","1690","Case of 6 Bottles","https://www.bbr.com/products-20238024774-2023-nuits-st-georges-aux-murgers-1er-cru-domaine-sylvain-cathiard-burgundy","1023581","20238024774"
"Domaine Delaunay","2019","Nuits-St Georges, Aux Murgers, 1er Cru, Edouard Delaunay, Burgundy","645","Case of 6 Bottles","https://www.bbr.com/products-20198154828-2019-nuits-st-georges-aux-murgers-1er-cru-edouard-delaunay-burgundy","2142706","20198154828"
"Domaine de Montille","2021","Nuits-St Georges, Aux Saint-Juliens, Domaine de Montille, Burgundy","600","Case of 6 Bottles","https://www.bbr.com/products-20218018272-2021-nuits-st-georges-aux-saint-juliens-domaine-de-montille-burgundy","1048081","20218018272"
"Domaine de Montille","2022","Nuits-St Georges, Aux Saint-Juliens, Domaine de Montille, Burgundy","270","Case of 6 Bottles","https://www.bbr.com/products-20228018272-2022-nuits-st-georges-aux-saint-juliens-domaine-de-montille-burgundy","1048081","20228018272"
"Benjamin Leroux","2008","Nuits-St Georges, Aux Thorey, 1er Cru, Benjamin Leroux, Burgundy","600","Case of 12 Bottles","https://www.bbr.com/products-20088025221-2008-nuits-st-georges-aux-thorey-1er-cru-benjamin-leroux-burgundy","1043552","20088025221"
"Benjamin Leroux","2009","Nuits-St Georges, Aux Thorey, 1er Cru, Benjamin Leroux, Burgundy","415","Case of 6 Bottles","https://www.bbr.com/products-20098025221-2009-nuits-st-georges-aux-thorey-1er-cru-benjamin-leroux-burgundy","1043552","20098025221"
"Benjamin Leroux","2010","Nuits-St Georges, Aux Thorey, 1er Cru, Benjamin Leroux, Burgundy","339","Case of 6 Bottles","https://www.bbr.com/products-20108025221-2010-nuits-st-georges-aux-thorey-1er-cru-benjamin-leroux-burgundy","1043552","20108025221"
"Benjamin Leroux","2010","Nuits-St Georges, Aux Thorey, 1er Cru, Benjamin Leroux, Burgundy","340","Case of 6 Bottles","https://www.bbr.com/products-20108025221-2010-nuits-st-georges-aux-thorey-1er-cru-benjamin-leroux-burgundy","1043552","20108025221"
"Benjamin Leroux","2011","Nuits-St Georges, Aux Thorey, 1er Cru, Benjamin Leroux, Burgundy","556","Case of 6 Bottles","https://www.bbr.com/products-20118025221-2011-nuits-st-georges-aux-thorey-1er-cru-benjamin-leroux-burgundy","1043552","20118025221"
"Benjamin Leroux","2014","Nuits-St Georges, Aux Thorey, 1er Cru, Benjamin Leroux, Burgundy","695","Case of 6 Bottles","https://www.bbr.com/products-20148025221-2014-nuits-st-georges-aux-thorey-1er-cru-benjamin-leroux-burgundy","1043552","20148025221"
"Benjamin Leroux","2015","Nuits-St Georges, Aux Thorey, 1er Cru, Benjamin Leroux, Burgundy","390","Case of 6 Bottles","https://www.bbr.com/products-20158025221-2015-nuits-st-georges-aux-thorey-1er-cru-benjamin-leroux-burgundy","1043552","20158025221"
"Benjamin Leroux","2017","Nuits-St Georges, Aux Thorey, 1er Cru, Benjamin Leroux, Burgundy","420","Case of 6 Bottles","https://www.bbr.com/products-20178025221-2017-nuits-st-georges-aux-thorey-1er-cru-benjamin-leroux-burgundy","1043552","20178025221"
"Benjamin Leroux","2020","Nuits-St Georges, Aux Thorey, 1er Cru, Benjamin Leroux, Burgundy","630","Case of 6 Bottles","https://www.bbr.com/products-20208025221-2020-nuits-st-georges-aux-thorey-1er-cru-benjamin-leroux-burgundy","1043552","20208025221"
"David Duband","2014","Nuits-St Georges, Aux Thorey, 1er Cru, David Duband, Burgundy","860","Case of 12 Bottles","https://www.bbr.com/products-20148219392-2014-nuits-st-georges-aux-thorey-1er-cru-david-duband-burgundy","1029772","20148219392"
"David Duband","2018","Nuits-St Georges, Aux Thorey, 1er Cru, David Duband, Burgundy","361","Case of 6 Bottles","https://www.bbr.com/products-20188219392-2018-nuits-st-georges-aux-thorey-1er-cru-david-duband-burgundy","1029772","20188219392"
"Domaine Sylvain Cathiard","2014","Nuits-St Georges, Aux Thorey, 1er Cru, Domaine Sylvain Cathiard, Burgundy","1150","Case of 6 Bottles","https://www.bbr.com/products-20148024787-2014-nuits-st-georges-aux-thorey-1er-cru-domaine-sylvain-cathiard-burgundy","1023608","20148024787"
"Domaine Sylvain Cathiard","2017","Nuits-St Georges, Aux Thorey, 1er Cru, Domaine Sylvain Cathiard, Burgundy","1175","Case of 6 Bottles","https://www.bbr.com/products-20178024787-2017-nuits-st-georges-aux-thorey-1er-cru-domaine-sylvain-cathiard-burgundy","1023608","20178024787"
"Domaine Sylvain Cathiard","2018","Nuits-St Georges, Aux Thorey, 1er Cru, Domaine Sylvain Cathiard, Burgundy","1250","Case of 6 Bottles","https://www.bbr.com/products-20188024787-2018-nuits-st-georges-aux-thorey-1er-cru-domaine-sylvain-cathiard-burgundy","1023608","20188024787"
"Domaine Sylvain Cathiard","2019","Nuits-St Georges, Aux Thorey, 1er Cru, Domaine Sylvain Cathiard, Burgundy","1540","Case of 6 Bottles","https://www.bbr.com/products-20198024787-2019-nuits-st-georges-aux-thorey-1er-cru-domaine-sylvain-cathiard-burgundy","1023608","20198024787"
"Domaine Sylvain Cathiard","2020","Nuits-St Georges, Aux Thorey, 1er Cru, Domaine Sylvain Cathiard, Burgundy","1550","Case of 6 Bottles","https://www.bbr.com/products-20208024787-2020-nuits-st-georges-aux-thorey-1er-cru-domaine-sylvain-cathiard-burgundy","1023608","20208024787"
"Domaine Sylvain Cathiard","2021","Nuits-St Georges, Aux Thorey, 1er Cru, Domaine Sylvain Cathiard, Burgundy","1149","Case of 6 Bottles","https://www.bbr.com/products-20218024787-2021-nuits-st-georges-aux-thorey-1er-cru-domaine-sylvain-cathiard-burgundy","1023608","20218024787"
"Domaine Sylvain Cathiard","2023","Nuits-St Georges, Aux Thorey, 1er Cru, Domaine Sylvain Cathiard, Burgundy","1245","Case of 6 Bottles","https://www.bbr.com/products-20238024787-2023-nuits-st-georges-aux-thorey-1er-cru-domaine-sylvain-cathiard-burgundy","1023608","20238024787"
"Domaine de Montille","2013","Nuits-St Georges, Aux Thorey, 1er Cru, Domaine de Montille, Burgundy","350","Case of 6 Bottles","https://www.bbr.com/products-20138018285-2013-nuits-st-georges-aux-thorey-1er-cru-domaine-de-montille-burgundy","1048094","20138018285"
"Domaine de Montille","2014","Nuits-St Georges, Aux Thorey, 1er Cru, Domaine de Montille, Burgundy","257","Case of 6 Bottles","https://www.bbr.com/products-20148018285-2014-nuits-st-georges-aux-thorey-1er-cru-domaine-de-montille-burgundy","1048094","20148018285"
"Domaine de Montille","2015","Nuits-St Georges, Aux Thorey, 1er Cru, Domaine de Montille, Burgundy","429","Case of 6 Bottles","https://www.bbr.com/products-20158018285-2015-nuits-st-georges-aux-thorey-1er-cru-domaine-de-montille-burgundy","1048094","20158018285"
"Domaine de Montille","2020","Nuits-St Georges, Aux Thorey, 1er Cru, Domaine de Montille, Burgundy","310","Case of 6 Bottles","https://www.bbr.com/products-20208018285-2020-nuits-st-georges-aux-thorey-1er-cru-domaine-de-montille-burgundy","1048094","20208018285"
"Domaine de Montille","2020","Nuits-St Georges, Aux Thorey, 1er Cru, Domaine de Montille, Burgundy","320","Case of 3 Magnums","https://www.bbr.com/products-20208018285-2020-nuits-st-georges-aux-thorey-1er-cru-domaine-de-montille-burgundy","1048094","20208018285"
"Domaine de Montille","2022","Nuits-St Georges, Aux Thorey, 1er Cru, Domaine de Montille, Burgundy","675","Case of 6 Bottles","https://www.bbr.com/products-20228018285-2022-nuits-st-georges-aux-thorey-1er-cru-domaine-de-montille-burgundy","1048094","20228018285"
"Confuron-Cotetidot","2021","Nuits-St Georges, Aux Vignerondes, 1er Cru, Domaine Confuron-Cotetidot, Burgundy","299","Case of 6 Bottles","https://www.bbr.com/products-20218147244-2021-nuits-st-georges-aux-vignerondes-1er-cru-domaine-confuron-cotetidot-burgundy","1027172","20218147244"
"Domaine Leroy","2015","Nuits-St Georges, Aux Vignerondes, 1er Cru, Domaine Leroy, Burgundy (2021 Release)","16000","Case of 3 Bottles","https://www.bbr.com/products-20158066824-2015-nuits-st-georges-aux-vignerondes-1er-cru-domaine-leroy-burgundy-2021-release","1044331","20158066824"
"Benjamin Leroux","2016","Nuits-St Georges, Benjamin Leroux, Burgundy","198","Case of 6 Bottles","https://www.bbr.com/products-20168025234-2016-nuits-st-georges-benjamin-leroux-burgundy","1708297","20168025234"
"Benjamin Leroux","2023","Nuits-St Georges, Benjamin Leroux, Burgundy","370","Case of 6 Bottles","https://www.bbr.com/products-20238025234-2023-nuits-st-georges-benjamin-leroux-burgundy","1708297","20238025234"
"Domaine Jean Chauvenet","2015","Nuits-St Georges, Bousselots, Rue Chaux, Poulettes, Jean Chauvenet","360","Case of 1 6 Bottle Assortments","https://www.bbr.com/products-20158020486-2015-nuits-st-georges-bousselots-rue-chaux-poulettes-jean-chauvenet","1683550","20158020486"
"Benjamin Leroux","2021","Nuits-St Georges, Cailles, 1er Cru, Benjamin Leroux, Burgundy","380","Case of 1 Magnums","https://www.bbr.com/products-20218163682-2021-nuits-st-georges-cailles-1er-cru-benjamin-leroux-burgundy","","20218163682"
"Maison Camille Giroud","2021","Nuits-St Georges, Camille Giroud, Burgundy","295","Case of 6 Bottles","https://www.bbr.com/products-20218149121-2021-nuits-st-georges-camille-giroud-burgundy","1034899","20218149121"
"Domaine Michele et Patrice Rion","2011","Nuits-St Georges, Clos Saint-Marc, 1er Cru, Domaine Michele & Patrice Rion, Burgundy","233","Case of 6 Bottles","https://www.bbr.com/products-20111055199-2011-nuits-st-georges-clos-saint-marc-1er-cru-domaine-michele-patrice-rion-burgundy","1055199","20111055199"
"Domaine Michele et Patrice Rion","2012","Nuits-St Georges, Clos Saint-Marc, 1er Cru, Domaine Michele & Patrice Rion, Burgundy","330","Case of 6 Bottles","https://www.bbr.com/products-20121055199-2012-nuits-st-georges-clos-saint-marc-1er-cru-domaine-michele-patrice-rion-burgundy","1055199","20121055199"
"Domaine Michele et Patrice Rion","2013","Nuits-St Georges, Clos Saint-Marc, 1er Cru, Domaine Michele & Patrice Rion, Burgundy","245","Case of 6 Bottles","https://www.bbr.com/products-20131055199-2013-nuits-st-georges-clos-saint-marc-1er-cru-domaine-michele-patrice-rion-burgundy","1055199","20131055199"
"Domaine Michele et Patrice Rion","2014","Nuits-St Georges, Clos Saint-Marc, 1er Cru, Domaine Michele & Patrice Rion, Burgundy","270","Case of 6 Bottles","https://www.bbr.com/products-20141055199-2014-nuits-st-georges-clos-saint-marc-1er-cru-domaine-michele-patrice-rion-burgundy","1055199","20141055199"
"Domaine Michele et Patrice Rion","2015","Nuits-St Georges, Clos Saint-Marc, 1er Cru, Domaine Michele & Patrice Rion, Burgundy","300","Case of 6 Bottles","https://www.bbr.com/products-20151055199-2015-nuits-st-georges-clos-saint-marc-1er-cru-domaine-michele-patrice-rion-burgundy","1055199","20151055199"
"Domaine Michele et Patrice Rion","2006","Nuits-St Georges, Clos Saint-Marc, 1er Cru, Domaine Michele &amp; Patrice Rion, Burgundy","500","Case of 12 Bottles","https://www.bbr.com/products-20061055199-2006-nuits-st-georges-clos-saint-marc-1er-cru-domaine-michele-and-patrice-rion-burgundy","1055199","20061055199"
"Domaine Michele et Patrice Rion","2010","Nuits-St Georges, Clos Saint-Marc, 1er Cru, Domaine Michele &amp; Patrice Rion, Burgundy","594","Case of 12 Bottles","https://www.bbr.com/products-20101055199-2010-nuits-st-georges-clos-saint-marc-1er-cru-domaine-michele-and-patrice-rion-burgundy","1055199","20101055199"
"Domaine Michele et Patrice Rion","2016","Nuits-St Georges, Clos Saint-Marc, 1er Cru, Domaine Michele &amp; Patrice Rion, Burgundy","350","Case of 6 Bottles","https://www.bbr.com/products-20161055199-2016-nuits-st-georges-clos-saint-marc-1er-cru-domaine-michele-and-patrice-rion-burgundy","1055199","20161055199"
"Domaine Michele et Patrice Rion","2018","Nuits-St Georges, Clos Saint-Marc, 1er Cru, Domaine Michele &amp; Patrice Rion, Burgundy","354","Case of 6 Bottles","https://www.bbr.com/products-20181055199-2018-nuits-st-georges-clos-saint-marc-1er-cru-domaine-michele-and-patrice-rion-burgundy","1055199","20181055199"
"Domaine Michele et Patrice Rion","2019","Nuits-St Georges, Clos Saint-Marc, 1er Cru, Domaine Michele &amp; Patrice Rion, Burgundy","450","Case of 6 Bottles","https://www.bbr.com/products-20191055199-2019-nuits-st-georges-clos-saint-marc-1er-cru-domaine-michele-and-patrice-rion-burgundy","1055199","20191055199"
"Domaine Michele et Patrice Rion","2020","Nuits-St Georges, Clos Saint-Marc, 1er Cru, Domaine Michele &amp; Patrice Rion, Burgundy","530","Case of 6 Bottles","https://www.bbr.com/products-20201055199-2020-nuits-st-georges-clos-saint-marc-1er-cru-domaine-michele-and-patrice-rion-burgundy","1055199","20201055199"
"Domaine Michele et Patrice Rion","2021","Nuits-St Georges, Clos Saint-Marc, 1er Cru, Domaine Michele &amp; Patrice Rion, Burgundy","425","Case of 6 Bottles","https://www.bbr.com/products-20211055199-2021-nuits-st-georges-clos-saint-marc-1er-cru-domaine-michele-and-patrice-rion-burgundy","1055199","20211055199"
"Domaine Michele et Patrice Rion","2022","Nuits-St Georges, Clos Saint-Marc, 1er Cru, Domaine Michele &amp; Patrice Rion, Burgundy","780","Case of 6 Bottles","https://www.bbr.com/products-20221055199-2022-nuits-st-georges-clos-saint-marc-1er-cru-domaine-michele-and-patrice-rion-burgundy","1055199","20221055199"
"Domaine Michele et Patrice Rion","2023","Nuits-St Georges, Clos Saint-Marc, 1er Cru, Domaine Michele &amp; Patrice Rion, Burgundy","595","Case of 6 Bottles","https://www.bbr.com/products-20231055199-2023-nuits-st-georges-clos-saint-marc-1er-cru-domaine-michele-and-patrice-rion-burgundy","1055199","20231055199"
"Domaine de la Vougeraie","2012","Nuits-St Georges, Clos de Thorey, 1er Cru, Domaine de la Vougeraie, Burgundy","340","Case of 6 Bottles","https://www.bbr.com/products-20128020750-2012-nuits-st-georges-clos-de-thorey-1er-cru-domaine-de-la-vougeraie-burgundy","1227400","20128020750"
"Domaine de la Vougeraie","2013","Nuits-St Georges, Clos de Thorey, 1er Cru, Domaine de la Vougeraie, Burgundy","265","Case of 6 Bottles","https://www.bbr.com/products-20138020750-2013-nuits-st-georges-clos-de-thorey-1er-cru-domaine-de-la-vougeraie-burgundy","1227400","20138020750"
"Domaine de la Vougeraie","2013","Nuits-St Georges, Clos de Thorey, 1er Cru, Domaine de la Vougeraie, Burgundy","265","Case of 3 Magnums","https://www.bbr.com/products-20138020750-2013-nuits-st-georges-clos-de-thorey-1er-cru-domaine-de-la-vougeraie-burgundy","1227400","20138020750"
"Domaine de la Vougeraie","2014","Nuits-St Georges, Clos de Thorey, 1er Cru, Domaine de la Vougeraie, Burgundy","325","Case of 6 Bottles","https://www.bbr.com/products-20148020750-2014-nuits-st-georges-clos-de-thorey-1er-cru-domaine-de-la-vougeraie-burgundy","1227400","20148020750"
"Domaine de la Vougeraie","2014","Nuits-St Georges, Clos de Thorey, 1er Cru, Domaine de la Vougeraie, Burgundy","330","Case of 6 Bottles","https://www.bbr.com/products-20148020750-2014-nuits-st-georges-clos-de-thorey-1er-cru-domaine-de-la-vougeraie-burgundy","1227400","20148020750"
"Domaine de la Vougeraie","2015","Nuits-St Georges, Clos de Thorey, 1er Cru, Domaine de la Vougeraie, Burgundy","340","Case of 6 Bottles","https://www.bbr.com/products-20158020750-2015-nuits-st-georges-clos-de-thorey-1er-cru-domaine-de-la-vougeraie-burgundy","1227400","20158020750"
"Domaine de la Vougeraie","2016","Nuits-St Georges, Clos de Thorey, 1er Cru, Domaine de la Vougeraie, Burgundy","275","Case of 6 Bottles","https://www.bbr.com/products-20168020750-2016-nuits-st-georges-clos-de-thorey-1er-cru-domaine-de-la-vougeraie-burgundy","1227400","20168020750"
"Domaine de la Vougeraie","2017","Nuits-St Georges, Clos de Thorey, 1er Cru, Domaine de la Vougeraie, Burgundy","275","Case of 6 Bottles","https://www.bbr.com/products-20178020750-2017-nuits-st-georges-clos-de-thorey-1er-cru-domaine-de-la-vougeraie-burgundy","1227400","20178020750"
"Domaine de la Vougeraie","2018","Nuits-St Georges, Clos de Thorey, 1er Cru, Domaine de la Vougeraie, Burgundy","310","Case of 6 Bottles","https://www.bbr.com/products-20188020750-2018-nuits-st-georges-clos-de-thorey-1er-cru-domaine-de-la-vougeraie-burgundy","1227400","20188020750"
"Domaine de la Vougeraie","2019","Nuits-St Georges, Clos de Thorey, 1er Cru, Domaine de la Vougeraie, Burgundy","310","Case of 6 Bottles","https://www.bbr.com/products-20198020750-2019-nuits-st-georges-clos-de-thorey-1er-cru-domaine-de-la-vougeraie-burgundy","1227400","20198020750"
"Domaine de la Vougeraie","2020","Nuits-St Georges, Clos de Thorey, 1er Cru, Domaine de la Vougeraie, Burgundy","300","Case of 6 Bottles","https://www.bbr.com/products-20208020750-2020-nuits-st-georges-clos-de-thorey-1er-cru-domaine-de-la-vougeraie-burgundy","1227400","20208020750"
"Domaine de la Vougeraie","2021","Nuits-St Georges, Clos de Thorey, 1er Cru, Domaine de la Vougeraie, Burgundy","410","Case of 6 Bottles","https://www.bbr.com/products-20218020750-2021-nuits-st-georges-clos-de-thorey-1er-cru-domaine-de-la-vougeraie-burgundy","1227400","20218020750"
"Domaine de la Vougeraie","2022","Nuits-St Georges, Clos de Thorey, 1er Cru, Domaine de la Vougeraie, Burgundy","460","Case of 6 Bottles","https://www.bbr.com/products-20228020750-2022-nuits-st-georges-clos-de-thorey-1er-cru-domaine-de-la-vougeraie-burgundy","1227400","20228020750"
"Domaine de la Vougeraie","2023","Nuits-St Georges, Clos de Thorey, 1er Cru, Domaine de la Vougeraie, Burgundy","500","Case of 6 Bottles","https://www.bbr.com/products-20238020750-2023-nuits-st-georges-clos-de-thorey-1er-cru-domaine-de-la-vougeraie-burgundy","1227400","20238020750"
"Domaine Michele et Patrice Rion","2005","Nuits-St Georges, Clos des Argillieres, 1er Cru, Domaine Michele & Patrice Rion, Burgundy","795","Case of 12 Bottles","https://www.bbr.com/products-20051055160-2005-nuits-st-georges-clos-des-argillieres-1er-cru-domaine-michele-patrice-rion-burgundy","1055160","20051055160"
"Domaine Michele et Patrice Rion","2013","Nuits-St Georges, Clos des Argillieres, 1er Cru, Domaine Michele & Patrice Rion, Burgundy","245","Case of 6 Bottles","https://www.bbr.com/products-20131055160-2013-nuits-st-georges-clos-des-argillieres-1er-cru-domaine-michele-patrice-rion-burgundy","1055160","20131055160"
"Domaine Michele et Patrice Rion","2015","Nuits-St Georges, Clos des Argillieres, 1er Cru, Domaine Michele & Patrice Rion, Burgundy","260","Case of 6 Bottles","https://www.bbr.com/products-20151055160-2015-nuits-st-georges-clos-des-argillieres-1er-cru-domaine-michele-patrice-rion-burgundy","1055160","20151055160"
"Domaine Michele et Patrice Rion","2010","Nuits-St Georges, Clos des Argillieres, 1er Cru, Domaine Michele &amp; Patrice Rion, Burgundy","462","Case of 12 Bottles","https://www.bbr.com/products-20101055160-2010-nuits-st-georges-clos-des-argillieres-1er-cru-domaine-michele-and-patrice-rion-burgundy","1055160","20101055160"
"Domaine Michele et Patrice Rion","2012","Nuits-St Georges, Clos des Argillieres, 1er Cru, Domaine Michele &amp; Patrice Rion, Burgundy","265","Case of 6 Bottles","https://www.bbr.com/products-20121055160-2012-nuits-st-georges-clos-des-argillieres-1er-cru-domaine-michele-and-patrice-rion-burgundy","1055160","20121055160"
"Domaine Michele et Patrice Rion","2014","Nuits-St Georges, Clos des Argillieres, 1er Cru, Domaine Michele &amp; Patrice Rion, Burgundy","190","Case of 6 Bottles","https://www.bbr.com/products-20141055160-2014-nuits-st-georges-clos-des-argillieres-1er-cru-domaine-michele-and-patrice-rion-burgundy","1055160","20141055160"
"Domaine Michele et Patrice Rion","2016","Nuits-St Georges, Clos des Argillieres, 1er Cru, Domaine Michele &amp; Patrice Rion, Burgundy","300","Case of 6 Bottles","https://www.bbr.com/products-20161055160-2016-nuits-st-georges-clos-des-argillieres-1er-cru-domaine-michele-and-patrice-rion-burgundy","1055160","20161055160"
"Domaine Michele et Patrice Rion","2017","Nuits-St Georges, Clos des Argillieres, 1er Cru, Domaine Michele &amp; Patrice Rion, Burgundy","270","Case of 6 Bottles","https://www.bbr.com/products-20171055160-2017-nuits-st-georges-clos-des-argillieres-1er-cru-domaine-michele-and-patrice-rion-burgundy","1055160","20171055160"
"Domaine Michele et Patrice Rion","2018","Nuits-St Georges, Clos des Argillieres, 1er Cru, Domaine Michele &amp; Patrice Rion, Burgundy","330","Case of 6 Bottles","https://www.bbr.com/products-20181055160-2018-nuits-st-georges-clos-des-argillieres-1er-cru-domaine-michele-and-patrice-rion-burgundy","1055160","20181055160"
"Domaine Michele et Patrice Rion","2019","Nuits-St Georges, Clos des Argillieres, 1er Cru, Domaine Michele &amp; Patrice Rion, Burgundy","348","Case of 6 Bottles","https://www.bbr.com/products-20191055160-2019-nuits-st-georges-clos-des-argillieres-1er-cru-domaine-michele-and-patrice-rion-burgundy","1055160","20191055160"
"Domaine Michele et Patrice Rion","2019","Nuits-St Georges, Clos des Argillieres, 1er Cru, Domaine Michele &amp; Patrice Rion, Burgundy","350","Case of 3 Magnums","https://www.bbr.com/products-20191055160-2019-nuits-st-georges-clos-des-argillieres-1er-cru-domaine-michele-and-patrice-rion-burgundy","1055160","20191055160"
"Domaine Michele et Patrice Rion","2020","Nuits-St Georges, Clos des Argillieres, 1er Cru, Domaine Michele &amp; Patrice Rion, Burgundy","310","Case of 6 Bottles","https://www.bbr.com/products-20201055160-2020-nuits-st-georges-clos-des-argillieres-1er-cru-domaine-michele-and-patrice-rion-burgundy","1055160","20201055160"
"Domaine Michele et Patrice Rion","2021","Nuits-St Georges, Clos des Argillieres, 1er Cru, Domaine Michele &amp; Patrice Rion, Burgundy","460","Case of 6 Bottles","https://www.bbr.com/products-20211055160-2021-nuits-st-georges-clos-des-argillieres-1er-cru-domaine-michele-and-patrice-rion-burgundy","1055160","20211055160"
"Domaine Michele et Patrice Rion","2022","Nuits-St Georges, Clos des Argillieres, 1er Cru, Domaine Michele &amp; Patrice Rion, Burgundy","520","Case of 6 Bottles","https://www.bbr.com/products-20221055160-2022-nuits-st-georges-clos-des-argillieres-1er-cru-domaine-michele-and-patrice-rion-burgundy","1055160","20221055160"
"Domaine Michele et Patrice Rion","2023","Nuits-St Georges, Clos des Argillieres, 1er Cru, Domaine Michele &amp; Patrice Rion, Burgundy","615","Case of 6 Bottles","https://www.bbr.com/products-20231055160-2023-nuits-st-georges-clos-des-argillieres-1er-cru-domaine-michele-and-patrice-rion-burgundy","1055160","20231055160"
"Domaine du Prieure Roch","2013","Nuits-St Georges, Clos des Argillieres, 1er Cru, Domaine Prieure Roch, Burgundy","4500","Case of 6 Bottles","https://www.bbr.com/products-20138111494-2013-nuits-st-georges-clos-des-argillieres-1er-cru-domaine-prieure-roch-burgundy","1230679","20138111494"
"Domaine du Prieure Roch","2019","Nuits-St Georges, Clos des Argillieres, 1er Cru, Domaine Prieure Roch, Burgundy","850","Case of 1 Magnums","https://www.bbr.com/products-20198111494-2019-nuits-st-georges-clos-des-argillieres-1er-cru-domaine-prieure-roch-burgundy","1230679","20198111494"
"Domaine du Prieure Roch","2020","Nuits-St Georges, Clos des Corvees, 1er Cru, Vieilles Vignes, Domaine Prieure Roch, Burgundy","2750","Case of 6 Bottles","https://www.bbr.com/products-20208146771-2020-nuits-st-georges-clos-des-corvees-1er-cru-vieilles-vignes-domaine-prieure-roch-burgundy","1675067","20208146771"
"Domaine du Prieure Roch","2021","Nuits-St Georges, Clos des Corvees, 1er Cru, Vieilles Vignes, Domaine Prieure Roch, Burgundy","1500","Case of 3 Bottles","https://www.bbr.com/products-20218146771-2021-nuits-st-georges-clos-des-corvees-1er-cru-vieilles-vignes-domaine-prieure-roch-burgundy","1675067","20218146771"
"Domaine du Prieure Roch","2021","Nuits-St Georges, Clos des Corvees, 1er Cru, Vieilles Vignes, Domaine Prieure Roch, Burgundy","800","Case of 1 Magnums","https://www.bbr.com/products-20218146771-2021-nuits-st-georges-clos-des-corvees-1er-cru-vieilles-vignes-domaine-prieure-roch-burgundy","1675067","20218146771"
"Domaine de L'Arlot","2009","Nuits-St Georges, Clos des Forets Saint Georges, 1er Cru, Domaine de l'Arlot, Burgundy","2200","Case of 12 Bottles","https://www.bbr.com/products-20098035138-2009-nuits-st-georges-clos-des-forets-saint-georges-1er-cru-domaine-de-l-arlot-burgundy","1018594","20098035138"
"Domaine de L'Arlot","2011","Nuits-St Georges, Clos des Forets Saint Georges, 1er Cru, Domaine de l'Arlot, Burgundy","990","Case of 12 Bottles","https://www.bbr.com/products-20118035138-2011-nuits-st-georges-clos-des-forets-saint-georges-1er-cru-domaine-de-l-arlot-burgundy","1018594","20118035138"
"Domaine de L'Arlot","2020","Nuits-St Georges, Clos des Forets Saint Georges, 1er Cru, Domaine de l'Arlot, Burgundy","474","Case of 6 Bottles","https://www.bbr.com/products-20208035138-2020-nuits-st-georges-clos-des-forets-saint-georges-1er-cru-domaine-de-l-arlot-burgundy","1018594","20208035138"
"Domaine de L'Arlot","2021","Nuits-St Georges, Clos des Forets Saint Georges, 1er Cru, Domaine de l'Arlot, Burgundy","440","Case of 6 Bottles","https://www.bbr.com/products-20218035138-2021-nuits-st-georges-clos-des-forets-saint-georges-1er-cru-domaine-de-l-arlot-burgundy","1018594","20218035138"
"Domaine de L'Arlot","2015","Nuits-St Georges, Clos des Forets Saint Georges, 1er Cru, Domaine del'Arlot, Burgundy","935","Case of 12 Bottles","https://www.bbr.com/products-20158035138-2015-nuits-st-georges-clos-des-forets-saint-georges-1er-cru-domaine-del-arlot-burgundy","1018594","20158035138"
"Domaine de L'Arlot","2017","Nuits-St Georges, Clos des Forets Saint Georges, 1er Cru, Domaine del'Arlot, Burgundy","495","Case of 6 Bottles","https://www.bbr.com/products-20178035138-2017-nuits-st-georges-clos-des-forets-saint-georges-1er-cru-domaine-del-arlot-burgundy","1018594","20178035138"
"Domaine de L'Arlot","2018","Nuits-St Georges, Clos des Forets Saint Georges, 1er Cru, Domaine del'Arlot, Burgundy","508","Case of 6 Bottles","https://www.bbr.com/products-20188035138-2018-nuits-st-georges-clos-des-forets-saint-georges-1er-cru-domaine-del-arlot-burgundy","1018594","20188035138"
"Domaine Jacques-Frederic Mugnier","2023","Nuits-St Georges, Clos des Fourches, Jacques-Frederic Mugnier, Burgundy","750","Case of 6 Bottles","https://www.bbr.com/products-20238114466-2023-nuits-st-georges-clos-des-fourches-jacques-frederic-mugnier-burgundy","1142167","20238114466"
"Chateau de Puligny-Montrachet","2009","Nuits-St Georges, Clos des Grandes Vignes, 1er Cru, Chateau de Puligny-Montrachet, Burgundy","850","Case of 12 Bottles","https://www.bbr.com/products-20098015082-2009-nuits-st-georges-clos-des-grandes-vignes-1er-cru-chateau-de-puligny-montrachet-burgundy","1023767","20098015082"
"Domaine du Comte Liger-Belair","2018","Nuits-St Georges, Clos des Grandes Vignes, 1er Cru, Domaine Comte Liger-Belair, Burgundy","3200","Case of 3 Bottles","https://www.bbr.com/products-20188109176-2018-nuits-st-georges-clos-des-grandes-vignes-1er-cru-domaine-comte-liger-belair-burgundy","1329670","20188109176"
"Henri Gouges","2014","Nuits-St Georges, Clos des Porrets St-Georges, 1er Cru, Domaine HenriGouges, Burgundy","285","Case of 6 Bottles","https://www.bbr.com/products-20148121923-2014-nuits-st-georges-clos-des-porrets-st-georges-1er-cru-domaine-henrigouges-burgundy","1035261","20148121923"
"Maison Joseph Drouhin","2018","Nuits-St Georges, Damodes, 1er Cru, Maison Joseph Drouhin, Burgundy","340","Case of 6 Bottles","https://www.bbr.com/products-20188166726-2018-nuits-st-georges-damodes-1er-cru-maison-joseph-drouhin-burgundy","1965742","20188166726"
"David Duband","2018","Nuits-St Georges, David Duband, Burgundy","285","Case of 6 Bottles","https://www.bbr.com/products-20188219451-2018-nuits-st-georges-david-duband-burgundy","1029714","20188219451"
"David Duband","2019","Nuits-St Georges, David Duband, Burgundy","231","Case of 6 Bottles","https://www.bbr.com/products-20198219451-2019-nuits-st-georges-david-duband-burgundy","1029714","20198219451"
"David Duband","2020","Nuits-St Georges, David Duband, Burgundy","248","Case of 6 Bottles","https://www.bbr.com/products-20208219451-2020-nuits-st-georges-david-duband-burgundy","1029714","20208219451"
"Domaine Arnoux-Lachaux","2017","Nuits-St Georges, Domaine Arnoux-Lachaux, Burgundy","1850","Case of 6 Bottles","https://www.bbr.com/products-20178064530-2017-nuits-st-georges-domaine-arnoux-lachaux-burgundy","1018741","20178064530"
"Henri Gouges","2006","Nuits-St Georges, Domaine Henri Gouges, Burgundy","940","Case of 12 Bottles","https://www.bbr.com/products-20068035255-2006-nuits-st-georges-domaine-henri-gouges-burgundy","1035232","20068035255"
"Domaine Lamarche","2021","Nuits-St Georges, Domaine Lamarche, Burgundy","388","Case of 6 Bottles","https://www.bbr.com/products-20218163679-2021-nuits-st-georges-domaine-lamarche-burgundy","2695648","20218163679"
"Domaine Leroy","2008","Nuits-St Georges, Domaine Leroy, Burgundy","8400","Case of 3 Bottles","https://www.bbr.com/products-20088110484-2008-nuits-st-georges-domaine-leroy-burgundy","1277320","20088110484"
"Meo-Camuzet","2020","Nuits-St Georges, Domaine Meo-Camuzet, Burgundy","355","Case of 6 Bottles","https://www.bbr.com/products-20208167925-2020-nuits-st-georges-domaine-meo-camuzet-burgundy","1046797","20208167925"
"Philippe Pacalet","2018","Nuits-St Georges, Domaine Philippe Pacalet, Burgundy","948","Case of 12 Bottles","https://www.bbr.com/products-20188051941-2018-nuits-st-georges-domaine-philippe-pacalet-burgundy","1746059","20188051941"
"Philippe Pacalet","2019","Nuits-St Georges, Domaine Philippe Pacalet, Burgundy","890","Case of 12 Bottles","https://www.bbr.com/products-20198051941-2019-nuits-st-georges-domaine-philippe-pacalet-burgundy","1746059","20198051941"
"Domaine Sylvain Cathiard","2010","Nuits-St Georges, Domaine Sylvain Cathiard, Burgundy","1050","Case of 6 Bottles","https://www.bbr.com/products-20108024761-2010-nuits-st-georges-domaine-sylvain-cathiard-burgundy","1023578","20108024761"
"Domaine Sylvain Cathiard","2013","Nuits-St Georges, Domaine Sylvain Cathiard, Burgundy","1500","Case of 6 Bottles","https://www.bbr.com/products-20138024761-2013-nuits-st-georges-domaine-sylvain-cathiard-burgundy","1023578","20138024761"
"Domaine Sylvain Cathiard","2017","Nuits-St Georges, Domaine Sylvain Cathiard, Burgundy","750","Case of 6 Bottles","https://www.bbr.com/products-20178024761-2017-nuits-st-georges-domaine-sylvain-cathiard-burgundy","1023578","20178024761"
"Domaine Sylvain Cathiard","2018","Nuits-St Georges, Domaine Sylvain Cathiard, Burgundy","870","Case of 6 Bottles","https://www.bbr.com/products-20188024761-2018-nuits-st-georges-domaine-sylvain-cathiard-burgundy","1023578","20188024761"
"Domaine Sylvain Cathiard","2019","Nuits-St Georges, Domaine Sylvain Cathiard, Burgundy","900","Case of 6 Bottles","https://www.bbr.com/products-20198024761-2019-nuits-st-georges-domaine-sylvain-cathiard-burgundy","1023578","20198024761"
"Emmanuel Rouget","2014","Nuits-St Georges, Emmanuel Rouget, Burgundy","1000","Case of 6 Bottles","https://www.bbr.com/products-20141364268-2014-nuits-st-georges-emmanuel-rouget-burgundy","1364268","20141364268"
"Emmanuel Rouget","2017","Nuits-St Georges, Emmanuel Rouget, Burgundy","1100","Case of 6 Bottles","https://www.bbr.com/products-20171364268-2017-nuits-st-georges-emmanuel-rouget-burgundy","1364268","20171364268"
"Emmanuel Rouget","2018","Nuits-St Georges, Emmanuel Rouget, Burgundy","2000","Case of 6 Bottles","https://www.bbr.com/products-20181364268-2018-nuits-st-georges-emmanuel-rouget-burgundy","1364268","20181364268"
"Hubert Lignier","2018","Nuits-St Georges, Hospices de Nuits, Les Vignerondes, 1er Cru, Hubert Lignier, Burgundy","670","Case of 6 Bottles","https://www.bbr.com/products-20188249557-2018-nuits-st-georges-hospices-de-nuits-les-vignerondes-1er-cru-hubert-lignier-burgundy","2592875","20188249557"
"Hubert Lignier","2019","Nuits-St Georges, Hospices de Nuits, Les Vignerondes, 1er Cru, Hubert Lignier, Burgundy","767","Case of 6 Bottles","https://www.bbr.com/products-20198249557-2019-nuits-st-georges-hospices-de-nuits-les-vignerondes-1er-cru-hubert-lignier-burgundy","2592875","20198249557"
"Maison Joseph Drouhin","2015","Nuits-St Georges, Joseph Drouhin, Burgundy","565","Case of 12 Bottles","https://www.bbr.com/products-20158058706-2015-nuits-st-georges-joseph-drouhin-burgundy","1029251","20158058706"
"Domaine Thibault Liger-Belair","2005","Nuits-St Georges, La Charmotte, Domaine Thibault Liger-Belair, Burgundy","645","Case of 12 Bottles","https://www.bbr.com/products-20058022608-2005-nuits-st-georges-la-charmotte-domaine-thibault-liger-belair-burgundy","1044937","20058022608"
"Domaine Thibault Liger-Belair","2010","Nuits-St Georges, La Charmotte, Domaine Thibault Liger-Belair, Burgundy","360","Case of 6 Bottles","https://www.bbr.com/products-20108022608-2010-nuits-st-georges-la-charmotte-domaine-thibault-liger-belair-burgundy","1044937","20108022608"
"Domaine Thibault Liger-Belair","2011","Nuits-St Georges, La Charmotte, Domaine Thibault Liger-Belair, Burgundy","220","Case of 6 Bottles","https://www.bbr.com/products-20118022608-2011-nuits-st-georges-la-charmotte-domaine-thibault-liger-belair-burgundy","1044937","20118022608"
"Domaine Thibault Liger-Belair","2015","Nuits-St Georges, La Charmotte, Domaine Thibault Liger-Belair, Burgundy","288","Case of 6 Bottles","https://www.bbr.com/products-20158022608-2015-nuits-st-georges-la-charmotte-domaine-thibault-liger-belair-burgundy","1044937","20158022608"
"Domaine Thibault Liger-Belair","2018","Nuits-St Georges, La Charmotte, Domaine Thibault Liger-Belair, Burgundy","330","Case of 6 Bottles","https://www.bbr.com/products-20188022608-2018-nuits-st-georges-la-charmotte-domaine-thibault-liger-belair-burgundy","1044937","20188022608"
"Domaine Perrot-Minot","2009","Nuits-St Georges, La Richemone, Cuvee Ultra, Vignes Centenaires,Domaine Perrot-Minot, Burgundy","2100","Case of 6 Bottles","https://www.bbr.com/products-20098039891-2009-nuits-st-georges-la-richemone-cuvee-ultra-vignes-centenaires-domaine-perrot-minot-burgundy","1174632","20098039891"
"Domaine Perrot-Minot","2010","Nuits-St Georges, La Richemone, Cuvee Ultra, Vignes Centenaires,Domaine Perrot-Minot, Burgundy","3000","Case of 12 Bottles","https://www.bbr.com/products-20108039891-2010-nuits-st-georges-la-richemone-cuvee-ultra-vignes-centenaires-domaine-perrot-minot-burgundy","1174632","20108039891"
"Domaine Perrot-Minot","2019","Nuits-St Georges, La Richemone, Cuvee Ultra, Vignes Centenaires,Domaine Perrot-Minot, Burgundy","2300","Case of 6 Bottles","https://www.bbr.com/products-20198039891-2019-nuits-st-georges-la-richemone-cuvee-ultra-vignes-centenaires-domaine-perrot-minot-burgundy","1174632","20198039891"
"Domaine Perrot-Minot","2013","Nuits-St Georges, La Richemone, Vignes Centenaires, Domaine Perrot- Minot, Burgundy","800","Case of 6 Bottles","https://www.bbr.com/products-20138039891-2013-nuits-st-georges-la-richemone-vignes-centenaires-domaine-perrot-minot-burgundy","1174632","20138039891"
"Domaine du Prieure Roch","2014","Nuits-St Georges, Le Clos des Corvees, 1er Cru, Domaine Prieure Roch, Burgundy","4000","Case of 6 Bottles","https://www.bbr.com/products-20148036409-2014-nuits-st-georges-le-clos-des-corvees-1er-cru-domaine-prieure-roch-burgundy","1053427","20148036409"
"Domaine du Prieure Roch","2017","Nuits-St Georges, Le Clos des Corvees, 1er Cru, Domaine Prieure Roch, Burgundy","1400","Case of 3 Bottles","https://www.bbr.com/products-20178036409-2017-nuits-st-georges-le-clos-des-corvees-1er-cru-domaine-prieure-roch-burgundy","1053427","20178036409"
"Domaine du Prieure Roch","2017","Nuits-St Georges, Le Clos des Corvees, 1er Cru, Domaine Prieure Roch, Burgundy","775","Case of 1 Magnums","https://www.bbr.com/products-20178036409-2017-nuits-st-georges-le-clos-des-corvees-1er-cru-domaine-prieure-roch-burgundy","1053427","20178036409"
"Jean-Claude Boisset","2021","Nuits-St Georges, Le Coteau des Bois, Jean-Claude Boisset, Burgundy","375","Case of 6 Bottles","https://www.bbr.com/products-20218319483-2021-nuits-st-georges-le-coteau-des-bois-jean-claude-boisset-burgundy","2168317","20218319483"
"Domaine Boigey Freres","2022","Nuits-St Georges, Les Boudots, 1er Cru, Domaine Boigey Freres, Burgundy","1218","Case of 6 Bottles","https://www.bbr.com/products-20228314840-2022-nuits-st-georges-les-boudots-1er-cru-domaine-boigey-freres-burgundy","2794309","20228314840"
"Louis Jadot","2013","Nuits-St Georges, Les Boudots, 1er Cru, Domaine Gagey, Louis Jadot, Burgundy","290","Case of 6 Bottles","https://www.bbr.com/products-20138022321-2013-nuits-st-georges-les-boudots-1er-cru-domaine-gagey-louis-jadot-burgundy","1319402","20138022321"
"Domaine Gerard Mugneret","2013","Nuits-St Georges, Les Boudots, 1er Cru, Domaine Gerard Mugneret, Burgundy","740","Case of 6 Bottles","https://www.bbr.com/products-20138181851-2013-nuits-st-georges-les-boudots-1er-cru-domaine-gerard-mugneret-burgundy","1229765","20138181851"
"Domaine Leroy","2011","Nuits-St Georges, Les Boudots, 1er Cru, Domaine Leroy, Burgundy","27000","Case of 6 Bottles","https://www.bbr.com/products-20118121167-2011-nuits-st-georges-les-boudots-1er-cru-domaine-leroy-burgundy","1044230","20118121167"
"Domaine Leroy","2015","Nuits-St Georges, Les Boudots, 1er Cru, Domaine Leroy, Burgundy","15000","Case of 3 Bottles","https://www.bbr.com/products-20158121167-2015-nuits-st-georges-les-boudots-1er-cru-domaine-leroy-burgundy","1044230","20158121167"
"Domaine Georges Noellat","2018","Nuits-St Georges, Les Boudots, 1er Cru, Georges Noellat, Burgundy","540","Case of 6 Bottles","https://www.bbr.com/products-20188209283-2018-nuits-st-georges-les-boudots-1er-cru-georges-noellat-burgundy","1213683","20188209283"
"Domaine Robert Chevillon","2018","Nuits-St Georges, Les Cailles, 1er Cru, Domaine Chevillon, Burgundy","600","Case of 6 Bottles","https://www.bbr.com/products-20188122542-2018-nuits-st-georges-les-cailles-1er-cru-domaine-chevillon-burgundy","1025165","20188122542"
"Domaine Robert Chevillon","2022","Nuits-St Georges, Les Chaignots, 1er Cru, Domaine Chevillon, Burgundy","450","Case of 6 Bottles","https://www.bbr.com/products-20228122539-2022-nuits-st-georges-les-chaignots-1er-cru-domaine-chevillon-burgundy","1025178","20228122539"
"Domaine Delaunay","2020","Nuits-St Georges, Les Crots, 1er Cru, Edouard Delaunay, Burgundy","290","Case of 6 Bottles","https://www.bbr.com/products-20208075747-2020-nuits-st-georges-les-crots-1er-cru-edouard-delaunay-burgundy","1805420","20208075747"
"Domaine Boigey Freres","2022","Nuits-St Georges, Les Damodes, 1er Cru, Domaine Boigey Freres, Burgundy","1218","Case of 6 Bottles","https://www.bbr.com/products-20228314837-2022-nuits-st-georges-les-damodes-1er-cru-domaine-boigey-freres-burgundy","2794282","20228314837"
"Domaine Joseph Faiveley","2015","Nuits-St Georges, Les Damodes, 1er Cru, Domaine Faiveley, Burgundy","469","Case of 6 Bottles","https://www.bbr.com/products-20158021210-2015-nuits-st-georges-les-damodes-1er-cru-domaine-faiveley-burgundy","1031582","20158021210"
"Domaine Joseph Faiveley","2020","Nuits-St Georges, Les Damodes, 1er Cru, Domaine Faiveley, Burgundy","468","Case of 6 Bottles","https://www.bbr.com/products-20208021210-2020-nuits-st-georges-les-damodes-1er-cru-domaine-faiveley-burgundy","1031582","20208021210"
"Domaine Jean Chauvenet","2018","Nuits-St Georges, Les Damodes, 1er Cru, Domaine Jean Chauvenet, Burgundy","365","Case of 6 Bottles","https://www.bbr.com/products-20181024979-2018-nuits-st-georges-les-damodes-1er-cru-domaine-jean-chauvenet-burgundy","1024979","20181024979"
"Domaine Naudin-Ferrand","2023","Nuits-St Georges, Les Damodes, 1er Cru, Domaine Naudin Ferrand, Burgundy","1250","Case of 6 Bottles","https://www.bbr.com/products-20231362512-2023-nuits-st-georges-les-damodes-1er-cru-domaine-naudin-ferrand-burgundy","1362512","20231362512"
"Domaine de la Vougeraie","2021","Nuits-St Georges, Les Damodes, 1er Cru, Domaine de la Vougeraie, Burgund","510","Case of 6 Bottles","https://www.bbr.com/products-20218020747-2021-nuits-st-georges-les-damodes-1er-cru-domaine-de-la-vougeraie-burgund","1059461","20218020747"
"Domaine de la Vougeraie","2022","Nuits-St Georges, Les Damodes, 1er Cru, Domaine de la Vougeraie, Burgund","550","Case of 6 Bottles","https://www.bbr.com/products-20228020747-2022-nuits-st-georges-les-damodes-1er-cru-domaine-de-la-vougeraie-burgund","1059461","20228020747"
"Domaine de la Vougeraie","2008","Nuits-St Georges, Les Damodes, 1er Cru, Domaine de la Vougeraie, Burgundy","500","Case of 6 Bottles","https://www.bbr.com/products-20088020747-2008-nuits-st-georges-les-damodes-1er-cru-domaine-de-la-vougeraie-burgundy","1059461","20088020747"
"Domaine de la Vougeraie","2011","Nuits-St Georges, Les Damodes, 1er Cru, Domaine de la Vougeraie, Burgundy","388","Case of 6 Bottles","https://www.bbr.com/products-20118020747-2011-nuits-st-georges-les-damodes-1er-cru-domaine-de-la-vougeraie-burgundy","1059461","20118020747"
"Domaine de la Vougeraie","2012","Nuits-St Georges, Les Damodes, 1er Cru, Domaine de la Vougeraie, Burgundy","308","Case of 6 Bottles","https://www.bbr.com/products-20128020747-2012-nuits-st-georges-les-damodes-1er-cru-domaine-de-la-vougeraie-burgundy","1059461","20128020747"
"Domaine de la Vougeraie","2013","Nuits-St Georges, Les Damodes, 1er Cru, Domaine de la Vougeraie, Burgundy","340","Case of 6 Bottles","https://www.bbr.com/products-20138020747-2013-nuits-st-georges-les-damodes-1er-cru-domaine-de-la-vougeraie-burgundy","1059461","20138020747"
"Domaine de la Vougeraie","2014","Nuits-St Georges, Les Damodes, 1er Cru, Domaine de la Vougeraie, Burgundy","295","Case of 6 Bottles","https://www.bbr.com/products-20148020747-2014-nuits-st-georges-les-damodes-1er-cru-domaine-de-la-vougeraie-burgundy","1059461","20148020747"
"Domaine de la Vougeraie","2015","Nuits-St Georges, Les Damodes, 1er Cru, Domaine de la Vougeraie, Burgundy","315","Case of 6 Bottles","https://www.bbr.com/products-20158020747-2015-nuits-st-georges-les-damodes-1er-cru-domaine-de-la-vougeraie-burgundy","1059461","20158020747"
"Domaine de la Vougeraie","2016","Nuits-St Georges, Les Damodes, 1er Cru, Domaine de la Vougeraie, Burgundy","420","Case of 6 Bottles","https://www.bbr.com/products-20168020747-2016-nuits-st-georges-les-damodes-1er-cru-domaine-de-la-vougeraie-burgundy","1059461","20168020747"
"Domaine de la Vougeraie","2017","Nuits-St Georges, Les Damodes, 1er Cru, Domaine de la Vougeraie, Burgundy","270","Case of 6 Bottles","https://www.bbr.com/products-20178020747-2017-nuits-st-georges-les-damodes-1er-cru-domaine-de-la-vougeraie-burgundy","1059461","20178020747"
"Domaine de la Vougeraie","2019","Nuits-St Georges, Les Damodes, 1er Cru, Domaine de la Vougeraie, Burgundy","325","Case of 6 Bottles","https://www.bbr.com/products-20198020747-2019-nuits-st-georges-les-damodes-1er-cru-domaine-de-la-vougeraie-burgundy","1059461","20198020747"
"Domaine de la Vougeraie","2020","Nuits-St Georges, Les Damodes, 1er Cru, Domaine de la Vougeraie, Burgundy","342","Case of 6 Bottles","https://www.bbr.com/products-20208020747-2020-nuits-st-georges-les-damodes-1er-cru-domaine-de-la-vougeraie-burgundy","1059461","20208020747"
"Dujac Fils et Pere","2016","Nuits-St Georges, Les Damodes, 1er Cru, Dujac Fils &amp; Pere, Burgundy","490","Case of 6 Bottles","https://www.bbr.com/products-20168017709-2016-nuits-st-georges-les-damodes-1er-cru-dujac-fils-and-pere-burgundy","1266083","20168017709"
"Hospices de Beaune","2020","Nuits-St Georges, Les Didiers, 1er Cru, Henri Gouges, Hospices de Nuits, Burgundy","600","Case of 6 Bottles","https://www.bbr.com/products-20208302825-2020-nuits-st-georges-les-didiers-1er-cru-henri-gouges-hospices-de-nuits-burgundy","2686288","20208302825"
"Hospices de Beaune","2020","Nuits-St Georges, Les Didiers, 1er Cru, Henri Gouges, Hospices de Nuits, Burgundy","769","Case of 6 Bottles","https://www.bbr.com/products-20208302825-2020-nuits-st-georges-les-didiers-1er-cru-henri-gouges-hospices-de-nuits-burgundy","2686288","20208302825"
"Domaine Michele et Patrice Rion","2023","Nuits-St Georges, Les Hauts Pruliers, 1er Cru, Patrice Rion, Burgundy","520","Case of 6 Bottles","https://www.bbr.com/products-20238148674-2023-nuits-st-georges-les-hauts-pruliers-1er-cru-patrice-rion-burgundy","2153304","20238148674"
"Domaine Jean Chauvenet","2015","Nuits-St Georges, Les Lavieres, Domaine Jean Chauvenet, Burgundy","250","Case of 6 Bottles","https://www.bbr.com/products-20151227602-2015-nuits-st-georges-les-lavieres-domaine-jean-chauvenet-burgundy","1227602","20151227602"
"Domaine Jean Chauvenet","2019","Nuits-St Georges, Les Lavieres, Domaine Jean Chauvenet, Burgundy","625","Case of 12 Bottles","https://www.bbr.com/products-20191227602-2019-nuits-st-georges-les-lavieres-domaine-jean-chauvenet-burgundy","1227602","20191227602"
"Domaine Jean Chauvenet","2022","Nuits-St Georges, Les Lavieres, Domaine Jean Chauvenet, Burgundy","150","Case of 6 Bottles","https://www.bbr.com/products-20221227602-2022-nuits-st-georges-les-lavieres-domaine-jean-chauvenet-burgundy","1227602","20221227602"
"Domaine Perrot-Minot","2014","Nuits-St Georges, Les Murgers des Cras, Domaine Perrot-Minot, Burgundy","550","Case of 6 Bottles","https://www.bbr.com/products-20148038403-2014-nuits-st-georges-les-murgers-des-cras-domaine-perrot-minot-burgundy","1534256","20148038403"
"Domaine Hudelot-Noellat","2018","Nuits-St Georges, Les Murgers, 1er Cru, Domaine Hudelot-Noellat, Burgundy","445","Case of 3 Bottles","https://www.bbr.com/products-20188121545-2018-nuits-st-georges-les-murgers-1er-cru-domaine-hudelot-noellat-burgundy","1037379","20188121545"
"Domaine Robert Chevillon","2021","Nuits-St Georges, Les Perrieres, 1er Cru, Domaine Chevillon, Burgundy","420","Case of 6 Bottles","https://www.bbr.com/products-20218122526-2021-nuits-st-georges-les-perrieres-1er-cru-domaine-chevillon-burgundy","1025194","20218122526"
"Domaine Tawse","2021","Nuits-St Georges, Les Perrieres, 1er Cru, Marchand-Tawse, Burgundy","315","Case of 6 Bottles","https://www.bbr.com/products-20218303369-2021-nuits-st-georges-les-perrieres-1er-cru-marchand-tawse-burgundy","1550072","20218303369"
"Meo-Camuzet","2018","Nuits-St Georges, Les Perrieres, 1er Cru, Meo-Camuzet Frere &amp; Soeurs, Burgundy","740","Case of 6 Bottles","https://www.bbr.com/products-20181046843-2018-nuits-st-georges-les-perrieres-1er-cru-meo-camuzet-frere-and-soeurs-burgundy","1046843","20181046843"
"Meo-Camuzet","2019","Nuits-St Georges, Les Perrieres, 1er Cru, Meo-Camuzet Frere &amp; Soeurs, Burgundy","830","Case of 6 Bottles","https://www.bbr.com/products-20191046843-2019-nuits-st-georges-les-perrieres-1er-cru-meo-camuzet-frere-and-soeurs-burgundy","1046843","20191046843"
"Domaine Joseph Faiveley","2011","Nuits-St Georges, Les Porets-St- Georges, 1er Cru, Domaine Faiveley, Burgundy","225","Case of 6 Bottles","https://www.bbr.com/products-20118008440-2011-nuits-st-georges-les-porets-st-georges-1er-cru-domaine-faiveley-burgundy","1156913","20118008440"
"Domaine Joseph Faiveley","2013","Nuits-St Georges, Les Porets-St- Georges, 1er Cru, Domaine Faiveley, Burgundy","398","Case of 6 Bottles","https://www.bbr.com/products-20138008440-2013-nuits-st-georges-les-porets-st-georges-1er-cru-domaine-faiveley-burgundy","1156913","20138008440"
"Domaine Joseph Faiveley","2016","Nuits-St Georges, Les Porets-St- Georges, 1er Cru, Domaine Faiveley, Burgundy","450","Case of 6 Bottles","https://www.bbr.com/products-20168008440-2016-nuits-st-georges-les-porets-st-georges-1er-cru-domaine-faiveley-burgundy","1156913","20168008440"
"Domaine Joseph Faiveley","2018","Nuits-St Georges, Les Porets-St- Georges, 1er Cru, Domaine Faiveley, Burgundy","280","Case of 6 Bottles","https://www.bbr.com/products-20188008440-2018-nuits-st-georges-les-porets-st-georges-1er-cru-domaine-faiveley-burgundy","1156913","20188008440"
"Domaine Joseph Faiveley","2020","Nuits-St Georges, Les Porets-St- Georges, 1er Cru, Domaine Faiveley, Burgundy","423","Case of 6 Bottles","https://www.bbr.com/products-20208008440-2020-nuits-st-georges-les-porets-st-georges-1er-cru-domaine-faiveley-burgundy","1156913","20208008440"
"Domaine Jean Chauvenet","2017","Nuits-St Georges, Les Poulettes, 1er Cru, Domaine Jean Chauvenet, Burgundy","450","Case of 6 Bottles","https://www.bbr.com/products-20171227615-2017-nuits-st-georges-les-poulettes-1er-cru-domaine-jean-chauvenet-burgundy","1227615","20171227615"
"David Duband","2017","Nuits-St Georges, Les Proces, 1er Cru, David Duband, Burgundy","300","Case of 6 Bottles","https://www.bbr.com/products-20178219435-2017-nuits-st-georges-les-proces-1er-cru-david-duband-burgundy","1029743","20178219435"
"Domaine Arnoux-Lachaux","2018","Nuits-St Georges, Les Proces, 1er Cru, Domaine Arnoux-Lachaux, Burgundy","2100","Case of 6 Bottles","https://www.bbr.com/products-20188227478-2018-nuits-st-georges-les-proces-1er-cru-domaine-arnoux-lachaux-burgundy","1018770","20188227478"
"David Duband","2015","Nuits-St Georges, Les Pruliers, 1er Cru, David Duband, Burgundy","835","Case of 12 Bottles","https://www.bbr.com/products-20158219406-2015-nuits-st-georges-les-pruliers-1er-cru-david-duband-burgundy","1029756","20158219406"
"David Duband","2018","Nuits-St Georges, Les Pruliers, 1er Cru, David Duband, Burgundy","345","Case of 6 Bottles","https://www.bbr.com/products-20188219406-2018-nuits-st-georges-les-pruliers-1er-cru-david-duband-burgundy","1029756","20188219406"
"David Duband","2020","Nuits-St Georges, Les Pruliers, 1er Cru, David Duband, Burgundy","384","Case of 6 Bottles","https://www.bbr.com/products-20208219406-2020-nuits-st-georges-les-pruliers-1er-cru-david-duband-burgundy","1029756","20208219406"
"Henri Gouges","2015","Nuits-St Georges, Les Pruliers, 1er Cru, Domaine Henri Gouges, Burgundy","390","Case of 6 Bottles","https://www.bbr.com/products-20158121907-2015-nuits-st-georges-les-pruliers-1er-cru-domaine-henri-gouges-burgundy","1035317","20158121907"
"Henri Gouges","2016","Nuits-St Georges, Les Pruliers, 1er Cru, Domaine Henri Gouges, Burgundy","315","Case of 6 Bottles","https://www.bbr.com/products-20168121907-2016-nuits-st-georges-les-pruliers-1er-cru-domaine-henri-gouges-burgundy","1035317","20168121907"
"Henri Gouges","2018","Nuits-St Georges, Les Pruliers, 1er Cru, Domaine Henri Gouges, Burgundy","340","Case of 6 Bottles","https://www.bbr.com/products-20188121907-2018-nuits-st-georges-les-pruliers-1er-cru-domaine-henri-gouges-burgundy","1035317","20188121907"
"Henri Gouges","2019","Nuits-St Georges, Les Pruliers, 1er Cru, Domaine Henri Gouges, Burgundy","395","Case of 6 Bottles","https://www.bbr.com/products-20198121907-2019-nuits-st-georges-les-pruliers-1er-cru-domaine-henri-gouges-burgundy","1035317","20198121907"
"Henri Gouges","2019","Nuits-St Georges, Les Pruliers, 1er Cru, Domaine Henri Gouges, Burgundy","425","Case of 3 Magnums","https://www.bbr.com/products-20198121907-2019-nuits-st-georges-les-pruliers-1er-cru-domaine-henri-gouges-burgundy","1035317","20198121907"
"Henri Gouges","2021","Nuits-St Georges, Les Pruliers, 1er Cru, Domaine Henri Gouges, Burgundy","435","Case of 3 Magnums","https://www.bbr.com/products-20218121907-2021-nuits-st-georges-les-pruliers-1er-cru-domaine-henri-gouges-burgundy","1035317","20218121907"
"Domaine Jean Grivot","2006","Nuits-St Georges, Les Pruliers, 1er Cru, Domaine Jean Grivot, Burgundy","1150","Case of 12 Bottles","https://www.bbr.com/products-20061035678-2006-nuits-st-georges-les-pruliers-1er-cru-domaine-jean-grivot-burgundy","1035678","20061035678"
"Domaine Jean Grivot","2007","Nuits-St Georges, Les Pruliers, 1er Cru, Domaine Jean Grivot, Burgundy","690","Case of 6 Bottles","https://www.bbr.com/products-20071035678-2007-nuits-st-georges-les-pruliers-1er-cru-domaine-jean-grivot-burgundy","1035678","20071035678"
"Domaine Jean Grivot","2010","Nuits-St Georges, Les Pruliers, 1er Cru, Domaine Jean Grivot, Burgundy","800","Case of 6 Bottles","https://www.bbr.com/products-20101035678-2010-nuits-st-georges-les-pruliers-1er-cru-domaine-jean-grivot-burgundy","1035678","20101035678"
"Domaine Jean Grivot","2011","Nuits-St Georges, Les Pruliers, 1er Cru, Domaine Jean Grivot, Burgundy","1010","Case of 12 Bottles","https://www.bbr.com/products-20111035678-2011-nuits-st-georges-les-pruliers-1er-cru-domaine-jean-grivot-burgundy","1035678","20111035678"
"Domaine Jean Grivot","2013","Nuits-St Georges, Les Pruliers, 1er Cru, Domaine Jean Grivot, Burgundy","450","Case of 6 Bottles","https://www.bbr.com/products-20131035678-2013-nuits-st-georges-les-pruliers-1er-cru-domaine-jean-grivot-burgundy","1035678","20131035678"
"Domaine Jean Grivot","2014","Nuits-St Georges, Les Pruliers, 1er Cru, Domaine Jean Grivot, Burgundy","550","Case of 6 Bottles","https://www.bbr.com/products-20141035678-2014-nuits-st-georges-les-pruliers-1er-cru-domaine-jean-grivot-burgundy","1035678","20141035678"
"Domaine Jean Grivot","2015","Nuits-St Georges, Les Pruliers, 1er Cru, Domaine Jean Grivot, Burgundy","825","Case of 6 Bottles","https://www.bbr.com/products-20151035678-2015-nuits-st-georges-les-pruliers-1er-cru-domaine-jean-grivot-burgundy","1035678","20151035678"
"Domaine Jean Grivot","2016","Nuits-St Georges, Les Pruliers, 1er Cru, Domaine Jean Grivot, Burgundy","600","Case of 6 Bottles","https://www.bbr.com/products-20161035678-2016-nuits-st-georges-les-pruliers-1er-cru-domaine-jean-grivot-burgundy","1035678","20161035678"
"Domaine Jean Grivot","2017","Nuits-St Georges, Les Pruliers, 1er Cru, Domaine Jean Grivot, Burgundy","695","Case of 6 Bottles","https://www.bbr.com/products-20171035678-2017-nuits-st-georges-les-pruliers-1er-cru-domaine-jean-grivot-burgundy","1035678","20171035678"
"Domaine Jean Grivot","2018","Nuits-St Georges, Les Pruliers, 1er Cru, Domaine Jean Grivot, Burgundy","695","Case of 6 Bottles","https://www.bbr.com/products-20181035678-2018-nuits-st-georges-les-pruliers-1er-cru-domaine-jean-grivot-burgundy","1035678","20181035678"
"Domaine Jean Grivot","2019","Nuits-St Georges, Les Pruliers, 1er Cru, Domaine Jean Grivot, Burgundy","695","Case of 6 Bottles","https://www.bbr.com/products-20191035678-2019-nuits-st-georges-les-pruliers-1er-cru-domaine-jean-grivot-burgundy","1035678","20191035678"
"Domaine Jean Grivot","2020","Nuits-St Georges, Les Pruliers, 1er Cru, Domaine Jean Grivot, Burgundy","725","Case of 6 Bottles","https://www.bbr.com/products-20201035678-2020-nuits-st-georges-les-pruliers-1er-cru-domaine-jean-grivot-burgundy","1035678","20201035678"
"Domaine Jean Grivot","2021","Nuits-St Georges, Les Pruliers, 1er Cru, Domaine Jean Grivot, Burgundy","795","Case of 6 Bottles","https://www.bbr.com/products-20211035678-2021-nuits-st-georges-les-pruliers-1er-cru-domaine-jean-grivot-burgundy","1035678","20211035678"
"Domaine Jean Grivot","2022","Nuits-St Georges, Les Pruliers, 1er Cru, Domaine Jean Grivot, Burgundy","1047","Case of 6 Bottles","https://www.bbr.com/products-20221035678-2022-nuits-st-georges-les-pruliers-1er-cru-domaine-jean-grivot-burgundy","1035678","20221035678"
"Domaine Jean Grivot","2023","Nuits-St Georges, Les Pruliers, 1er Cru, Domaine Jean Grivot, Burgundy","750","Case of 6 Bottles","https://www.bbr.com/products-20231035678-2023-nuits-st-georges-les-pruliers-1er-cru-domaine-jean-grivot-burgundy","1035678","20231035678"
"Domaine Jean Taupenot-Merme","2015","Nuits-St Georges, Les Pruliers, 1er Cru, Domaine Taupenot-Merme, Burgundy","375","Case of 6 Bottles","https://www.bbr.com/products-20158030641-2015-nuits-st-georges-les-pruliers-1er-cru-domaine-taupenot-merme-burgundy","1058060","20158030641"
"Domaine Jean Taupenot-Merme","2017","Nuits-St Georges, Les Pruliers, 1er Cru, Domaine Taupenot-Merme, Burgundy","502","Case of 6 Bottles","https://www.bbr.com/products-20178030641-2017-nuits-st-georges-les-pruliers-1er-cru-domaine-taupenot-merme-burgundy","1058060","20178030641"
"Domaine Jean Taupenot-Merme","2018","Nuits-St Georges, Les Pruliers, 1er Cru, Domaine Taupenot-Merme, Burgundy","250","Case of 6 Bottles","https://www.bbr.com/products-20188030641-2018-nuits-st-georges-les-pruliers-1er-cru-domaine-taupenot-merme-burgundy","1058060","20188030641"
"Domaine Jean Taupenot-Merme","2020","Nuits-St Georges, Les Pruliers, 1er Cru, Domaine Taupenot-Merme, Burgundy","444","Case of 6 Bottles","https://www.bbr.com/products-20208030641-2020-nuits-st-georges-les-pruliers-1er-cru-domaine-taupenot-merme-burgundy","1058060","20208030641"
"Henri Gouges","2012","Nuits-St Georges, Les Saint Georges, 1er Cru, Domaine Henri Gouges, Burgundy","1250","Case of 12 Bottles","https://www.bbr.com/products-20128121893-2012-nuits-st-georges-les-saint-georges-1er-cru-domaine-henri-gouges-burgundy","1035320","20128121893"
"Henri Gouges","2013","Nuits-St Georges, Les Saint Georges, 1er Cru, Domaine Henri Gouges, Burgundy","600","Case of 6 Bottles","https://www.bbr.com/products-20138121893-2013-nuits-st-georges-les-saint-georges-1er-cru-domaine-henri-gouges-burgundy","1035320","20138121893"
"Henri Gouges","2018","Nuits-St Georges, Les Saint Georges, 1er Cru, Domaine Henri Gouges, Burgundy","600","Case of 3 Magnums","https://www.bbr.com/products-20188121893-2018-nuits-st-georges-les-saint-georges-1er-cru-domaine-henri-gouges-burgundy","1035320","20188121893"
"Henri Gouges","2006","Nuits-St Georges, Les Saint Georges, 1er Cru, Domaine Henri Gouges,Burgundy","420","Case of 6 Bottles","https://www.bbr.com/products-20068121893-2006-nuits-st-georges-les-saint-georges-1er-cru-domaine-henri-gouges-burgundy","1035320","20068121893"
"Maison Joseph Drouhin","2017","Nuits-St Georges, Les Saint Georges, 1er Cru, Joseph Drouhin","390","Case of 6 Bottles","https://www.bbr.com/products-20178047788-2017-nuits-st-georges-les-saint-georges-1er-cru-joseph-drouhin","1029280","20178047788"
"Domaine Joseph Faiveley","1999","Nuits-St Georges, Les Saint-Georges, 1er Cru, Domaine Faiveley, Burgundy","1525","Case of 12 Bottles","https://www.bbr.com/products-19998021249-1999-nuits-st-georges-les-saint-georges-1er-cru-domaine-faiveley-burgundy","1031609","19998021249"
"Domaine Joseph Faiveley","2015","Nuits-St Georges, Les Saint-Georges, 1er Cru, Domaine Faiveley, Burgundy","525","Case of 6 Bottles","https://www.bbr.com/products-20158021249-2015-nuits-st-georges-les-saint-georges-1er-cru-domaine-faiveley-burgundy","1031609","20158021249"
"Domaine Joseph Faiveley","2018","Nuits-St Georges, Les Saint-Georges, 1er Cru, Domaine Faiveley, Burgundy","575","Case of 6 Bottles","https://www.bbr.com/products-20188021249-2018-nuits-st-georges-les-saint-georges-1er-cru-domaine-faiveley-burgundy","1031609","20188021249"
"Domaine Joseph Faiveley","2020","Nuits-St Georges, Les Saint-Georges, 1er Cru, Domaine Faiveley, Burgundy","688","Case of 6 Bottles","https://www.bbr.com/products-20208021249-2020-nuits-st-georges-les-saint-georges-1er-cru-domaine-faiveley-burgundy","1031609","20208021249"
"Remoriquet","2013","Nuits-St Georges, Les Saint-Georges, 1er Cru, Domaine Henri & Gilles Remoriquet, Burgundy","1200","Case of 12 Bottles","https://www.bbr.com/products-20138167491-2013-nuits-st-georges-les-saint-georges-1er-cru-domaine-henri-gilles-remoriquet-burgundy","1688539","20138167491"
"Domaine Thibault Liger-Belair","2006","Nuits-St Georges, Les Saint-Georges, 1er Cru, Domaine Thibault Liger-Belair, Burgundy","1600","Case of 12 Bottles","https://www.bbr.com/products-20068022611-2006-nuits-st-georges-les-saint-georges-1er-cru-domaine-thibault-liger-belair-burgundy","1225897","20068022611"
"Domaine Thibault Liger-Belair","2013","Nuits-St Georges, Les Saint-Georges, 1er Cru, Domaine Thibault Liger-Belair, Burgundy","565","Case of 6 Bottles","https://www.bbr.com/products-20138022611-2013-nuits-st-georges-les-saint-georges-1er-cru-domaine-thibault-liger-belair-burgundy","1225897","20138022611"
"Domaine Thibault Liger-Belair","2015","Nuits-St Georges, Les Saint-Georges, 1er Cru, Domaine Thibault Liger-Belair, Burgundy","550","Case of 6 Bottles","https://www.bbr.com/products-20158022611-2015-nuits-st-georges-les-saint-georges-1er-cru-domaine-thibault-liger-belair-burgundy","1225897","20158022611"
"Domaine Thibault Liger-Belair","2016","Nuits-St Georges, Les Saint-Georges, 1er Cru, Domaine Thibault Liger-Belair, Burgundy","2200","Case of 3 Magnums","https://www.bbr.com/products-20168022611-2016-nuits-st-georges-les-saint-georges-1er-cru-domaine-thibault-liger-belair-burgundy","1225897","20168022611"
"Domaine Thibault Liger-Belair","2017","Nuits-St Georges, Les Saint-Georges, 1er Cru, Domaine Thibault Liger-Belair, Burgundy","567","Case of 6 Bottles","https://www.bbr.com/products-20178022611-2017-nuits-st-georges-les-saint-georges-1er-cru-domaine-thibault-liger-belair-burgundy","1225897","20178022611"
"Domaine Thibault Liger-Belair","2018","Nuits-St Georges, Les Saint-Georges, 1er Cru, Domaine Thibault Liger-Belair, Burgundy","540","Case of 6 Bottles","https://www.bbr.com/products-20188022611-2018-nuits-st-georges-les-saint-georges-1er-cru-domaine-thibault-liger-belair-burgundy","1225897","20188022611"
"Domaine Thibault Liger-Belair","2023","Nuits-St Georges, Les Saint-Georges, 1er Cru, Domaine Thibault Liger-Belair, Burgundy","860","Case of 6 Bottles","https://www.bbr.com/products-20238022611-2023-nuits-st-georges-les-saint-georges-1er-cru-domaine-thibault-liger-belair-burgundy","1225897","20238022611"
"Domaine Thibault Liger-Belair","2009","Nuits-St Georges, Les Saint-Georges, 1er Cru, Domaine ThibaultLiger-Belair, Burgundy","1900","Case of 12 Bottles","https://www.bbr.com/products-20098022611-2009-nuits-st-georges-les-saint-georges-1er-cru-domaine-thibaultliger-belair-burgundy","1225897","20098022611"
"Domaine Thibault Liger-Belair","2010","Nuits-St Georges, Les Saint-Georges, 1er Cru, Domaine ThibaultLiger-Belair, Burgundy","925","Case of 6 Bottles","https://www.bbr.com/products-20108022611-2010-nuits-st-georges-les-saint-georges-1er-cru-domaine-thibaultliger-belair-burgundy","1225897","20108022611"
"Domaine Thibault Liger-Belair","2011","Nuits-St Georges, Les Saint-Georges, 1er Cru, Domaine ThibaultLiger-Belair, Burgundy","450","Case of 6 Bottles","https://www.bbr.com/products-20118022611-2011-nuits-st-georges-les-saint-georges-1er-cru-domaine-thibaultliger-belair-burgundy","1225897","20118022611"
"Louis Jadot","2015","Nuits-St Georges, Les Saint-Georges, 1er Cru, Louis Jadot, Burgundy","295","Case of 6 Bottles","https://www.bbr.com/products-20158022318-2015-nuits-st-georges-les-saint-georges-1er-cru-louis-jadot-burgundy","1038565","20158022318"
"Hospices de Beaune","2019","Nuits-St Georges, Les Saint-Julien Les Plateaux, Cuvee Claude Poyen, 1er Cru, Emmanuel Rouget , Hospices de Nuits, Burgundy","1450","Case of 12 Bottles","https://www.bbr.com/products-20198312439-2019-nuits-st-georges-les-saint-julien-les-plateaux-cuvee-claude-poyen-1er-cru-emmanuel-rouget-hospices-de-nuits-burgundy","2599829","20198312439"
"Domaine A-F Gros","2018","Nuits-St Georges, Les Saints-Georges, 1er Cru, A.-F. Gros, Burgundy","625","Case of 6 Bottles","https://www.bbr.com/products-20188053482-2018-nuits-st-georges-les-saints-georges-1er-cru-a-f-gros-burgundy","2168610","20188053482"
"Domaine A-F Gros","2020","Nuits-St Georges, Les St Georges, 1er Cru, Domaine A-F Gros, Burgundy","592","Case of 6 Bottles","https://www.bbr.com/products-20208053482-2020-nuits-st-georges-les-st-georges-1er-cru-domaine-a-f-gros-burgundy","2168610","20208053482"
"Philippe Charlopin","2018","Nuits-St Georges, Les St Georges, 1er Cru, Domaine Philippe Charlopin, Burgundy","1455","Case of 12 Bottles","https://www.bbr.com/products-20188121721-2018-nuits-st-georges-les-st-georges-1er-cru-domaine-philippe-charlopin-burgundy","8121721","20188121721"
"Domaine Michele et Patrice Rion","2020","Nuits-St Georges, Les Terres Blanches, 1er Cru, Domaine Michele & Patrice Rion, Burgundy","225","Case of 6 Bottles","https://www.bbr.com/products-20201153459-2020-nuits-st-georges-les-terres-blanches-1er-cru-domaine-michele-patrice-rion-burgundy","1153459","20201153459"
"Domaine Michele et Patrice Rion","2021","Nuits-St Georges, Les Terres Blanches, 1er Cru, Domaine Michele &amp; Patrice Rion, Burgundy","230","Case of 6 Bottles","https://www.bbr.com/products-20211153459-2021-nuits-st-georges-les-terres-blanches-1er-cru-domaine-michele-and-patrice-rion-burgundy","1153459","20211153459"
"Domaine Robert Chevillon","2008","Nuits-St Georges, Les Vaucrains, 1er Cru, Domaine Chevillon, Burgundy","1600","Case of 12 Bottles","https://www.bbr.com/products-20088122483-2008-nuits-st-georges-les-vaucrains-1er-cru-domaine-chevillon-burgundy","1025240","20088122483"
"Domaine Robert Chevillon","2013","Nuits-St Georges, Les Vaucrains, 1er Cru, Domaine Chevillon, Burgundy","835","Case of 12 Bottles","https://www.bbr.com/products-20138122483-2013-nuits-st-georges-les-vaucrains-1er-cru-domaine-chevillon-burgundy","1025240","20138122483"
"Domaine Robert Chevillon","2018","Nuits-St Georges, Les Vaucrains, 1er Cru, Domaine Chevillon, Burgundy","600","Case of 6 Bottles","https://www.bbr.com/products-20188122483-2018-nuits-st-georges-les-vaucrains-1er-cru-domaine-chevillon-burgundy","1025240","20188122483"
"Henri Gouges","2009","Nuits-St Georges, Les Vaucrains, 1er Cru, Domaine Henri Gouges, Burgundy","600","Case of 6 Bottles","https://www.bbr.com/products-20098121880-2009-nuits-st-georges-les-vaucrains-1er-cru-domaine-henri-gouges-burgundy","1035333","20098121880"
"Henri Gouges","2011","Nuits-St Georges, Les Vaucrains, 1er Cru, Domaine Henri Gouges, Burgundy","365","Case of 6 Bottles","https://www.bbr.com/products-20118121880-2011-nuits-st-georges-les-vaucrains-1er-cru-domaine-henri-gouges-burgundy","1035333","20118121880"
"Henri Gouges","2021","Nuits-St Georges, Les Vaucrains, 1er Cru, Domaine Henri Gouges, Burgundy","469","Case of 3 Bottles","https://www.bbr.com/products-20218121880-2021-nuits-st-georges-les-vaucrains-1er-cru-domaine-henri-gouges-burgundy","1035333","20218121880"
"Domaine Jean Chauvenet","2014","Nuits-St Georges, Les Vaucrains, 1er Cru, Domaine Jean Chauvenet, Burgundy","400","Case of 6 Bottles","https://www.bbr.com/products-20141025019-2014-nuits-st-georges-les-vaucrains-1er-cru-domaine-jean-chauvenet-burgundy","1025019","20141025019"
"Louis Jadot","2014","Nuits-St Georges, Les Vaucrains, 1er Cru, Louis Jadot, Burgundy","390","Case of 6 Bottles","https://www.bbr.com/products-20148012300-2014-nuits-st-georges-les-vaucrains-1er-cru-louis-jadot-burgundy","1038578","20148012300"
"Lucien Le Moine","2017","Nuits-St Georges, Les Vaucrains, 1er Cru, Lucien Le Moine, Burgundy","677","Case of 6 Bottles","https://www.bbr.com/products-20178222835-2017-nuits-st-georges-les-vaucrains-1er-cru-lucien-le-moine-burgundy","1042728","20178222835"
"Lucien Le Moine","2020","Nuits-St Georges, Les Vaucrains, 1er Cru, Lucien Le Moine, Burgundy","660","Case of 6 Bottles","https://www.bbr.com/products-20208222835-2020-nuits-st-georges-les-vaucrains-1er-cru-lucien-le-moine-burgundy","1042728","20208222835"
"Maison Leroy","2013","Nuits-St Georges, Maison Leroy, Burgundy","11800","Case of 12 Bottles","https://www.bbr.com/products-20138167635-2013-nuits-st-georges-maison-leroy-burgundy","1044201","20138167635"
"Meo-Camuzet","2018","Nuits-St Georges, Meo-Camuzet Freres & Soeurs, Burgundy","295","Case of 6 Bottles","https://www.bbr.com/products-20181046797-2018-nuits-st-georges-meo-camuzet-freres-soeurs-burgundy","2170941","20181046797"
"Meo-Camuzet","2019","Nuits-St Georges, Meo-Camuzet Freres & Soeurs, Burgundy","465","Case of 6 Bottles","https://www.bbr.com/products-20191046797-2019-nuits-st-georges-meo-camuzet-freres-soeurs-burgundy","2170941","20191046797"
"Meo-Camuzet","2015","Nuits-St Georges, Meo-Camuzet Freres &amp; Soeurs, Burgundy","600","Case of 6 Bottles","https://www.bbr.com/products-20151046797-2015-nuits-st-georges-meo-camuzet-freres-and-soeurs-burgundy","2170941","20151046797"
"Meo-Camuzet","2017","Nuits-St Georges, Meo-Camuzet Freres &amp; Soeurs, Burgundy","427","Case of 6 Bottles","https://www.bbr.com/products-20171046797-2017-nuits-st-georges-meo-camuzet-freres-and-soeurs-burgundy","2170941","20171046797"
"Meo-Camuzet","2020","Nuits-St Georges, Meo-Camuzet Freres &amp; Soeurs, Burgundy","336","Case of 6 Bottles","https://www.bbr.com/products-20201046797-2020-nuits-st-georges-meo-camuzet-freres-and-soeurs-burgundy","2170941","20201046797"
"Meo-Camuzet","2021","Nuits-St Georges, Meo-Camuzet Freres &amp; Soeurs, Burgundy","365","Case of 6 Bottles","https://www.bbr.com/products-20211046797-2021-nuits-st-georges-meo-camuzet-freres-and-soeurs-burgundy","2170941","20211046797"
"Maison Joseph Drouhin","2015","Nuits-St Georges, Proces, 1er Cru, Joseph Drouhin, Burgundy","300","Case of 6 Bottles","https://www.bbr.com/products-20158019110-2015-nuits-st-georges-proces-1er-cru-joseph-drouhin-burgundy","1029264","20158019110"
"Maison Joseph Drouhin","2017","Nuits-St Georges, Proces, 1er Cru, Joseph Drouhin, Burgundy","377.5","Case of 6 Bottles","https://www.bbr.com/products-20178019110-2017-nuits-st-georges-proces-1er-cru-joseph-drouhin-burgundy","1029264","20178019110"
"Maison Joseph Drouhin","2018","Nuits-St Georges, Proces, 1er Cru, Joseph Drouhin, Burgundy","380","Case of 6 Bottles","https://www.bbr.com/products-20188019110-2018-nuits-st-georges-proces-1er-cru-joseph-drouhin-burgundy","1029264","20188019110"
"Domaine Perrot-Minot","2012","Nuits-St Georges, Richemone 1er Cru Domaine Perrot-Minot, Burgundy","720","Case of 6 Bottles","https://www.bbr.com/products-20128038155-2012-nuits-st-georges-richemone-1er-cru-domaine-perrot-minot-burgundy","1309553","20128038155"
"Domaine Jean Grivot","2011","Nuits-St Georges, Ronciere, 1er Cru, Domaine Jean Grivot, Burgundy","536","Case of 6 Bottles","https://www.bbr.com/products-20111035681-2011-nuits-st-georges-ronciere-1er-cru-domaine-jean-grivot-burgundy","1035681","20111035681"
"Domaine Jean Grivot","2012","Nuits-St Georges, Ronciere, 1er Cru, Domaine Jean Grivot, Burgundy","595","Case of 6 Bottles","https://www.bbr.com/products-20121035681-2012-nuits-st-georges-ronciere-1er-cru-domaine-jean-grivot-burgundy","1035681","20121035681"
"Domaine Jean Grivot","2013","Nuits-St Georges, Ronciere, 1er Cru, Domaine Jean Grivot, Burgundy","395","Case of 6 Bottles","https://www.bbr.com/products-20131035681-2013-nuits-st-georges-ronciere-1er-cru-domaine-jean-grivot-burgundy","1035681","20131035681"
"Domaine Jean Grivot","2014","Nuits-St Georges, Ronciere, 1er Cru, Domaine Jean Grivot, Burgundy","440","Case of 6 Bottles","https://www.bbr.com/products-20141035681-2014-nuits-st-georges-ronciere-1er-cru-domaine-jean-grivot-burgundy","1035681","20141035681"
"Domaine Jean Grivot","2015","Nuits-St Georges, Ronciere, 1er Cru, Domaine Jean Grivot, Burgundy","580","Case of 6 Bottles","https://www.bbr.com/products-20151035681-2015-nuits-st-georges-ronciere-1er-cru-domaine-jean-grivot-burgundy","1035681","20151035681"
"Domaine Jean Grivot","2017","Nuits-St Georges, Ronciere, 1er Cru, Domaine Jean Grivot, Burgundy","475","Case of 6 Bottles","https://www.bbr.com/products-20171035681-2017-nuits-st-georges-ronciere-1er-cru-domaine-jean-grivot-burgundy","1035681","20171035681"
"Louis Jadot","2015","Nuits-St Georges, Vaucrains, 1er Cru, Louis Jadot, Burgundy","345","Case of 6 Bottles","https://www.bbr.com/products-20158012300-2015-nuits-st-georges-vaucrains-1er-cru-louis-jadot-burgundy","1038578","20158012300"
"Domaine de Bellene","2009","Nuits-St Georges, Vieilles Vignes, Domaine de Bellene, Burgundy","198","Case of 6 Bottles","https://www.bbr.com/products-20098134440-2009-nuits-st-georges-vieilles-vignes-domaine-de-bellene-burgundy","1399486","20098134440"
"Domaine de Bellene","2010","Nuits-St Georges, Vieilles Vignes, Domaine de Bellene, Burgundy","219","Case of 6 Bottles","https://www.bbr.com/products-20108134440-2010-nuits-st-georges-vieilles-vignes-domaine-de-bellene-burgundy","1399486","20108134440"
"Maison Roche de Bellene","2009","Nuits-St Georges, Vieilles Vignes, Maison Roche de Bellene, Burgundy","290","Case of 12 Bottles","https://www.bbr.com/products-20098020415-2009-nuits-st-georges-vieilles-vignes-maison-roche-de-bellene-burgundy","1124363","20098020415"
"Maison Roche de Bellene","2020","Nuits-St Georges, Vieilles Vignes, Maison Roche de Bellene, Burgundy","260","Case of 6 Bottles","https://www.bbr.com/products-20208020415-2020-nuits-st-georges-vieilles-vignes-maison-roche-de-bellene-burgundy","1124363","20208020415"
"Domaine Michele et Patrice Rion","2015","Nuits-St Georges, Vieilles Vignes, Patrice &amp; Maxime Rion, Burgundy","198","Case of 6 Bottles","https://www.bbr.com/products-20151055203-2015-nuits-st-georges-vieilles-vignes-patrice-and-maxime-rion-burgundy","1055203","20151055203"
"Domaine Michele et Patrice Rion","2016","Nuits-St Georges, Vieilles Vignes, Patrice &amp; Maxime Rion, Burgundy","360","Case of 12 Bottles","https://www.bbr.com/products-20161055203-2016-nuits-st-georges-vieilles-vignes-patrice-and-maxime-rion-burgundy","1055203","20161055203"
"Domaine Michele et Patrice Rion","2018","Nuits-St Georges, Vieilles Vignes, Patrice &amp; Maxime Rion, Burgundy","330","Case of 12 Bottles","https://www.bbr.com/products-20181055203-2018-nuits-st-georges-vieilles-vignes-patrice-and-maxime-rion-burgundy","1055203","20181055203"
"Domaine Michele et Patrice Rion","2019","Nuits-St Georges, Vieilles Vignes, Patrice &amp; Maxime Rion, Burgundy","456","Case of 12 Bottles","https://www.bbr.com/products-20191055203-2019-nuits-st-georges-vieilles-vignes-patrice-and-maxime-rion-burgundy","1055203","20191055203"
"Domaine Michele et Patrice Rion","2021","Nuits-St Georges, Vieilles Vignes, Patrice &amp; Maxime Rion, Burgundy","240","Case of 6 Bottles","https://www.bbr.com/products-20211055203-2021-nuits-st-georges-vieilles-vignes-patrice-and-maxime-rion-burgundy","1055203","20211055203"
"Domaine Michele et Patrice Rion","2022","Nuits-St Georges, Vieilles Vignes, Patrice &amp; Maxime Rion, Burgundy","300","Case of 6 Bottles","https://www.bbr.com/products-20221055203-2022-nuits-st-georges-vieilles-vignes-patrice-and-maxime-rion-burgundy","1055203","20221055203"
"Domaine Michele et Patrice Rion","2023","Nuits-St Georges, Vieilles Vignes, Patrice &amp; Maxime Rion, Burgundy","257","Case of 6 Bottles","https://www.bbr.com/products-20231055203-2023-nuits-st-georges-vieilles-vignes-patrice-and-maxime-rion-burgundy","1055203","20231055203"
"Domaine Leroy","2011","Nuits-St-Georges, Aux Bas de Combe Domaine Leroy","22750","Case of 6 Bottles","https://www.bbr.com/products-20118121170-2011-nuits-st-georges-aux-bas-de-combe-domaine-leroy","1044227","20118121170"
"Jerome Galeyrand","2021","Nuits-St-Georges, Jerome Galeyrand, Burgundy","360","Case of 6 Bottles","https://www.bbr.com/products-20218182207-2021-nuits-st-georges-jerome-galeyrand-burgundy","3049543","20218182207"
"Jerome Galeyrand","2023","Nuits-St-Georges, Jerome Galeyrand, Burgundy","400","Case of 6 Bottles","https://www.bbr.com/products-20238182207-2023-nuits-st-georges-jerome-galeyrand-burgundy","3049543","20238182207"
"Lucien Le Moine","2018","Nuits-St-Georges, Les Cailles, Lucien Le Moine","650","Case of 6 Bottles","https://www.bbr.com/products-20188218630-2018-nuits-st-georges-les-cailles-lucien-le-moine","1042698","20188218630"
"Philippe Pacalet","2019","Nuits-St-Georges, Les Damodes, 1er Cru, Domaine Philippe Pacalet, Burgundy","1685","Case of 12 Bottles","https://www.bbr.com/products-20198249560-2019-nuits-st-georges-les-damodes-1er-cru-domaine-philippe-pacalet-burgundy","1974708","20198249560"
"Domaine Chicotot","2020","Nuits-St-Georges, Les Papillon de Nuys, Domaine Chicotot, Burgundy","400","Case of 6 Bottles","https://www.bbr.com/products-20208166872-2020-nuits-st-georges-les-papillon-de-nuys-domaine-chicotot-burgundy","2154750","20208166872"
"Domaine Perrot-Minot","2010","Nuits-St. Georges, Les Murgers, 1er Cru, Perrot-Minot","980","Case of 6 Bottles","https://www.bbr.com/products-20108120551-2010-nuits-st-georges-les-murgers-1er-cru-perrot-minot","1051058","20108120551"
"Nyetimber Vineyard","2013","Nyetimber, 1086, Prestige Cuvee, Sussex, England","335","Case of 3 Bottles","https://www.bbr.com/products-20138053219-2013-nyetimber-1086-prestige-cuvee-sussex-england","1755549","20138053219"
"Nyetimber Vineyard","2013","Nyetimber, 1086, Rose, Prestige Cuvee, Sussex, England","500","Case of 3 Bottles","https://www.bbr.com/products-20138053222-2013-nyetimber-1086-rose-prestige-cuvee-sussex-england","1755552","20138053222"
"Nyetimber Vineyard","2015","Nyetimber, Blanc de Blancs, Brut, Sussex, England","250","Case of 6 Bottles","https://www.bbr.com/products-20158016861-2015-nyetimber-blanc-de-blancs-brut-sussex-england","1121388","20158016861"
"Nyetimber Vineyard","2016","Nyetimber, Blanc de Blancs, Brut, Sussex, England","590","Case of 6 Bottles","https://www.bbr.com/products-20168016861-2016-nyetimber-blanc-de-blancs-brut-sussex-england","1121388","20168016861"
"Nyetimber Vineyard","","Nyetimber, Classic Cuvee, King's Coronation Edition, Brut, Sussex, England","200","Case of 6 Bottles","https://www.bbr.com/products-10008241359-nyetimber-classic-cuvee-king-s-coronation-edition-brut-sussex-england","3104671","10008241359"
"Nyetimber Vineyard","","Nyetimber, Classic Cuvee, Team GB Edition, Brut, Sussex, England","180","Case of 6 Bottles","https://www.bbr.com/products-10008307918-nyetimber-classic-cuvee-team-gb-edition-brut-sussex-england","3034862","10008307918"
"Telmo Rodriguez","2019","O Diviso, Telmo Rodriguez, Ladeiras do Bibei, Valdeorras, Spain","245","Case of 6 Bottles","https://www.bbr.com/products-20198016496-2019-o-diviso-telmo-rodriguez-ladeiras-do-bibei-valdeorras-spain","1632372","20198016496"
"O2Y","2021","O2Y, Pourquoi Non?, Vin de France","180","Case of 6 Bottles","https://www.bbr.com/products-20218243076-2021-o2y-pourquoi-non-vin-de-france","2861641","20218243076"
"Occidental","2017","Occidental, Cuvee Catherine, Running Fence Vineyard Pinot Noir, Sonoma Coast, California, USA","620","Case of 6 Bottles","https://www.bbr.com/products-20178103842-2017-occidental-cuvee-catherine-running-fence-vineyard-pinot-noir-sonoma-coast-california-usa","1808665","20178103842"
"Occidental","2018","Occidental, Cuvee Catherine, Running Fence Vineyard Pinot Noir, Sonoma Coast, California, USA","1210","Case of 6 Bottles","https://www.bbr.com/products-20188103842-2018-occidental-cuvee-catherine-running-fence-vineyard-pinot-noir-sonoma-coast-california-usa","1808665","20188103842"
"Occidental","2019","Occidental, Cuvee Catherine, Running Fence Vineyard Pinot Noir, Sonoma Coast, California, USA","720","Case of 6 Bottles","https://www.bbr.com/products-20198103842-2019-occidental-cuvee-catherine-running-fence-vineyard-pinot-noir-sonoma-coast-california-usa","1808665","20198103842"
"Occidental","2020","Occidental, Cuvee Catherine, Running Fence Vineyard Pinot Noir, Sonoma Coast, California, USA","570","Case of 6 Bottles","https://www.bbr.com/products-20208103842-2020-occidental-cuvee-catherine-running-fence-vineyard-pinot-noir-sonoma-coast-california-usa","1808665","20208103842"
"Occidental","2021","Occidental, Cuvee Catherine, Running Fence Vineyard Pinot Noir, Sonoma Coast, California, USA","735","Case of 6 Bottles","https://www.bbr.com/products-20218103842-2021-occidental-cuvee-catherine-running-fence-vineyard-pinot-noir-sonoma-coast-california-usa","1808665","20218103842"
"Occidental","2017","Occidental, Cuvee Elizabeth, Bodega Headlands Vineyard Pinot Noir, Sonoma Coast, California, USA","660","Case of 6 Bottles","https://www.bbr.com/products-20178036672-2017-occidental-cuvee-elizabeth-bodega-headlands-vineyard-pinot-noir-sonoma-coast-california-usa","1365917","20178036672"
"Occidental","2022","Occidental, Cuvee Elizabeth, Bodega Headlands Vineyard Pinot Noir, Sonoma Coast, California, USA","535","Case of 6 Bottles","https://www.bbr.com/products-20228036672-2022-occidental-cuvee-elizabeth-bodega-headlands-vineyard-pinot-noir-sonoma-coast-california-usa","1365917","20228036672"
"Occidental","2014","Occidental, Cuvee Elizabeth, Bodega Headlands Vineyard Pinot Noir,Sonoma Coast, California, USA","1500","Case of 12 Bottles","https://www.bbr.com/products-20148036672-2014-occidental-cuvee-elizabeth-bodega-headlands-vineyard-pinot-noir-sonoma-coast-california-usa","1365917","20148036672"
"Occidental","2019","Occidental, Cuvee Elizabeth, Bodega Headlands Vineyard Pinot Noir,Sonoma Coast, California, USA","569","Case of 6 Bottles","https://www.bbr.com/products-20198036672-2019-occidental-cuvee-elizabeth-bodega-headlands-vineyard-pinot-noir-sonoma-coast-california-usa","1365917","20198036672"
"Occidental","2020","Occidental, Cuvee Elizabeth, Bodega Headlands Vineyard Pinot Noir,Sonoma Coast, California, USA","480","Case of 6 Bottles","https://www.bbr.com/products-20208036672-2020-occidental-cuvee-elizabeth-bodega-headlands-vineyard-pinot-noir-sonoma-coast-california-usa","1365917","20208036672"
"Occidental","2016","Occidental, Freestone-Occidental Pinot Noir, Sonoma Coast, California, USA","560","Case of 12 Bottles","https://www.bbr.com/products-20161595556-2016-occidental-freestone-occidental-pinot-noir-sonoma-coast-california-usa","1595556","20161595556"
"Occidental","2016","Occidental, Freestone-Occidental Pinot Noir, Sonoma Coast, California, USA","600","Case of 12 Bottles","https://www.bbr.com/products-20161595556-2016-occidental-freestone-occidental-pinot-noir-sonoma-coast-california-usa","1595556","20161595556"
"Occidental","2017","Occidental, Freestone-Occidental Pinot Noir, Sonoma Coast, California, USA","680","Case of 12 Bottles","https://www.bbr.com/products-20171595556-2017-occidental-freestone-occidental-pinot-noir-sonoma-coast-california-usa","1595556","20171595556"
"Occidental","2018","Occidental, Freestone-Occidental Pinot Noir, Sonoma Coast, California, USA","325","Case of 6 Bottles","https://www.bbr.com/products-20181595556-2018-occidental-freestone-occidental-pinot-noir-sonoma-coast-california-usa","1595556","20181595556"
"Occidental","2020","Occidental, Freestone-Occidental Pinot Noir, Sonoma Coast, California, USA","410","Case of 6 Bottles","https://www.bbr.com/products-20201595556-2020-occidental-freestone-occidental-pinot-noir-sonoma-coast-california-usa","1595556","20201595556"
"Occidental","2021","Occidental, Freestone-Occidental Pinot Noir, Sonoma Coast, California, USA","250","Case of 6 Bottles","https://www.bbr.com/products-20211595556-2021-occidental-freestone-occidental-pinot-noir-sonoma-coast-california-usa","1595556","20211595556"
"Occidental","2022","Occidental, Freestone-Occidental Pinot Noir, Sonoma Coast, California, USA","320","Case of 6 Bottles","https://www.bbr.com/products-20221595556-2022-occidental-freestone-occidental-pinot-noir-sonoma-coast-california-usa","1595556","20221595556"
"Occidental","2023","Occidental, Freestone-Occidental Pinot Noir, Sonoma Coast, California, USA","335","Case of 6 Bottles","https://www.bbr.com/products-20231595556-2023-occidental-freestone-occidental-pinot-noir-sonoma-coast-california-usa","1595556","20231595556"
"Occidental","2014","Occidental, Pinot Noir, Sonoma Coast, California, USA","590","Case of 12 Bottles","https://www.bbr.com/products-20148107446-2014-occidental-pinot-noir-sonoma-coast-california-usa","1410835","20148107446"
"Occidental","2017","Occidental, Station Vineyard Pinot Noir, Sonoma Coast, California, USA","515","Case of 6 Bottles","https://www.bbr.com/products-20178025351-2017-occidental-station-vineyard-pinot-noir-sonoma-coast-california-usa","1328383","20178025351"
"Olivier Bernstein","2012","Olivier Bernstein, Grand Cru Horizontal, Seven-Bottle Assortment Case","1800","Case of 1 Mixed Cases","https://www.bbr.com/products-20128001278-2012-olivier-bernstein-grand-cru-horizontal-seven-bottle-assortment-case","9003198","20128001278"
"Olivier Bernstein","2013","Olivier Bernstein, Grand Cru Horizontal, Seven-Bottle Assortment Case","1760","Case of 1 Mixed Cases","https://www.bbr.com/products-20138001278-2013-olivier-bernstein-grand-cru-horizontal-seven-bottle-assortment-case","9003390","20138001278"
"Olivier Bernstein","2014","Olivier Bernstein, Grand Cru Horizontal, Seven-Bottle Assortment Case","2500","Case of 1 Mixed Cases","https://www.bbr.com/products-20148001278-2014-olivier-bernstein-grand-cru-horizontal-seven-bottle-assortment-case","9003518","20148001278"
"Olivier Bernstein","2015","Olivier Bernstein, Grand Cru Horizontal, Seven-Bottle Assortment Case","3000","Case of 1 Mixed Cases","https://www.bbr.com/products-20158001278-2015-olivier-bernstein-grand-cru-horizontal-seven-bottle-assortment-case","9003693","20158001278"
"Olivier Bernstein","2016","Olivier Bernstein, Grand Cru Horizontal, Seven-Bottle Assortment Case","2750","Case of 1 Mixed Cases","https://www.bbr.com/products-20168001278-2016-olivier-bernstein-grand-cru-horizontal-seven-bottle-assortment-case","1485486","20168001278"
"Olivier Bernstein","2016","Olivier Bernstein, Grand Cru Horizontal, Seven-Bottle Assortment Case","2695","Case of 1 Mixed Cases","https://www.bbr.com/products-20168001278-2016-olivier-bernstein-grand-cru-horizontal-seven-bottle-assortment-case","1485486","20168001278"
"Olivier Bernstein","2017","Olivier Bernstein, Grand Cru Horizontal, Seven-Bottle Assortment Case","2500","Case of 1 Mixed Cases","https://www.bbr.com/products-20178001278-2017-olivier-bernstein-grand-cru-horizontal-seven-bottle-assortment-case","1485486","20178001278"
"Olivier Bernstein","2019","Olivier Bernstein, Grand Cru Horizontal, Seven-Bottle Assortment Case","3200","Case of 1 Mixed Cases","https://www.bbr.com/products-20198001278-2019-olivier-bernstein-grand-cru-horizontal-seven-bottle-assortment-case","1485486","20198001278"
"Opus One","2006","Opus One, Napa Valley, California, USA","2080","Case of 6 Bottles","https://www.bbr.com/products-20068015994-2006-opus-one-napa-valley-california-usa","1122662","20068015994"
"Opus One","2009","Opus One, Napa Valley, California, USA","2600","Case of 3 Magnums","https://www.bbr.com/products-20098015994-2009-opus-one-napa-valley-california-usa","1122662","20098015994"
"Opus One","2010","Opus One, Napa Valley, California, USA","2200","Case of 6 Bottles","https://www.bbr.com/products-20108015994-2010-opus-one-napa-valley-california-usa","1122662","20108015994"
"Opus One","2011","Opus One, Napa Valley, California, USA","1500","Case of 6 Bottles","https://www.bbr.com/products-20118015994-2011-opus-one-napa-valley-california-usa","1122662","20118015994"
"Opus One","2011","Opus One, Napa Valley, California, USA","1700","Case of 6 Bottles","https://www.bbr.com/products-20118015994-2011-opus-one-napa-valley-california-usa","1122662","20118015994"
"Opus One","2012","Opus One, Napa Valley, California, USA","1650","Case of 6 Bottles","https://www.bbr.com/products-20128015994-2012-opus-one-napa-valley-california-usa","1122662","20128015994"
"Opus One","2012","Opus One, Napa Valley, California, USA","1900","Case of 6 Bottles","https://www.bbr.com/products-20128015994-2012-opus-one-napa-valley-california-usa","1122662","20128015994"
"Opus One","2014","Opus One, Napa Valley, California, USA","1600","Case of 6 Bottles","https://www.bbr.com/products-20148015994-2014-opus-one-napa-valley-california-usa","1122662","20148015994"
"Opus One","2015","Opus One, Napa Valley, California, USA","1520","Case of 6 Bottles","https://www.bbr.com/products-20158015994-2015-opus-one-napa-valley-california-usa","1122662","20158015994"
"Opus One","2016","Opus One, Napa Valley, California, USA","1860","Case of 6 Bottles","https://www.bbr.com/products-20168015994-2016-opus-one-napa-valley-california-usa","1122662","20168015994"
"Opus One","2017","Opus One, Napa Valley, California, USA","1525","Case of 6 Bottles","https://www.bbr.com/products-20178015994-2017-opus-one-napa-valley-california-usa","1122662","20178015994"
"Opus One","2018","Opus One, Napa Valley, California, USA","1495","Case of 6 Bottles","https://www.bbr.com/products-20188015994-2018-opus-one-napa-valley-california-usa","1122662","20188015994"
"Opus One","2019","Opus One, Napa Valley, California, USA","1490","Case of 6 Bottles","https://www.bbr.com/products-20198015994-2019-opus-one-napa-valley-california-usa","1122662","20198015994"
"Opus One","2019","Opus One, Napa Valley, California, USA","1520","Case of 6 Bottles","https://www.bbr.com/products-20198015994-2019-opus-one-napa-valley-california-usa","1122662","20198015994"
"Opus One","2021","Opus One, Napa Valley, California, USA","1600","Case of 6 Bottles","https://www.bbr.com/products-20218015994-2021-opus-one-napa-valley-california-usa","1122662","20218015994"
"Opus One","2021","Opus One, Overture, Napa Valley, California, USA","1300","Case of 6 Bottles","https://www.bbr.com/products-20218251963-2021-opus-one-overture-napa-valley-california-usa","1260805","20218251963"
"Opus One","","Opus One, Overture, Napa Valley, California, USA (2016 Release)","550","Case of 6 Bottles","https://www.bbr.com/products-10008051550-opus-one-overture-napa-valley-california-usa-2016-release","1260805","10008051550"
"Opus One","","Opus One, Overture, Napa Valley, California, USA (2017 Release)","595","Case of 6 Bottles","https://www.bbr.com/products-10008110761-opus-one-overture-napa-valley-california-usa-2017-release","1260805","10008110761"
"Opus One","","Opus One, Overture, Napa Valley, California, USA (2018 Release)","972","Case of 6 Bottles","https://www.bbr.com/products-10008051547-opus-one-overture-napa-valley-california-usa-2018-release","1260805","10008051547"
"Orin Swift Cellars","2017","Orin Swift Cellars, Palermo, Napa Valley, California, USA","480","Case of 12 Bottles","https://www.bbr.com/products-20178042464-2017-orin-swift-cellars-palermo-napa-valley-california-usa","1709324","20178042464"
"Orma","2015","Orma, Sette Ponti, Tuscany, Italy","390","Case of 6 Bottles","https://www.bbr.com/products-20158209704-2015-orma-sette-ponti-tuscany-italy","1200007","20158209704"
"Orma","2022","Orma, Sette Ponti, Tuscany, Italy","215","Case of 6 Bottles","https://www.bbr.com/products-20228209704-2022-orma-sette-ponti-tuscany-italy","1200007","20228209704"
"Ornellaia","2018","Ornellaia Bianco, Tuscany, Italy","475","Case of 3 Bottles","https://www.bbr.com/products-20188108573-2018-ornellaia-bianco-tuscany-italy","1358708","20188108573"
"Ornellaia","2010","Ornellaia Variazioni in Rosso","350","Case of 3 Bottles","https://www.bbr.com/products-20108111902-2010-ornellaia-variazioni-in-rosso","1219975","20108111902"
"Ornellaia","2001","Ornellaia, Bolgheri Superiore, Tuscany, Italy","620","Case of 1 Magnums","https://www.bbr.com/products-20018012094-2001-ornellaia-bolgheri-superiore-tuscany-italy","1102024","20018012094"
"Ornellaia","2007","Ornellaia, Bolgheri Superiore, Tuscany, Italy","1300","Case of 6 Bottles","https://www.bbr.com/products-20078012094-2007-ornellaia-bolgheri-superiore-tuscany-italy","1102024","20078012094"
"Ornellaia","2009","Ornellaia, Bolgheri Superiore, Tuscany, Italy","1500","Case of 6 Bottles","https://www.bbr.com/products-20098012094-2009-ornellaia-bolgheri-superiore-tuscany-italy","1102024","20098012094"
"Ornellaia","2011","Ornellaia, Bolgheri Superiore, Tuscany, Italy","1000","Case of 6 Bottles","https://www.bbr.com/products-20118012094-2011-ornellaia-bolgheri-superiore-tuscany-italy","1102024","20118012094"
"Ornellaia","2013","Ornellaia, Bolgheri Superiore, Tuscany, Italy","1155","Case of 6 Bottles","https://www.bbr.com/products-20138012094-2013-ornellaia-bolgheri-superiore-tuscany-italy","1102024","20138012094"
"Ornellaia","2014","Ornellaia, Bolgheri Superiore, Tuscany, Italy","950","Case of 1 Double Magnums","https://www.bbr.com/products-20148012094-2014-ornellaia-bolgheri-superiore-tuscany-italy","1102024","20148012094"
"Ornellaia","2015","Ornellaia, Bolgheri Superiore, Tuscany, Italy","850","Case of 6 Bottles","https://www.bbr.com/products-20158012094-2015-ornellaia-bolgheri-superiore-tuscany-italy","1102024","20158012094"
"Ornellaia","2016","Ornellaia, Bolgheri Superiore, Tuscany, Italy","1100","Case of 6 Bottles","https://www.bbr.com/products-20168012094-2016-ornellaia-bolgheri-superiore-tuscany-italy","1102024","20168012094"
"Ornellaia","2016","Ornellaia, Bolgheri Superiore, Tuscany, Italy","1050","Case of 6 Bottles","https://www.bbr.com/products-20168012094-2016-ornellaia-bolgheri-superiore-tuscany-italy","1102024","20168012094"
"Ornellaia","2017","Ornellaia, Bolgheri Superiore, Tuscany, Italy","909","Case of 6 Bottles","https://www.bbr.com/products-20178012094-2017-ornellaia-bolgheri-superiore-tuscany-italy","1102024","20178012094"
"Ornellaia","2018","Ornellaia, Bolgheri Superiore, Tuscany, Italy","817","Case of 6 Bottles","https://www.bbr.com/products-20188012094-2018-ornellaia-bolgheri-superiore-tuscany-italy","1102024","20188012094"
"Ornellaia","2018","Ornellaia, Bolgheri Superiore, Tuscany, Italy","320","Case of 1 Magnums","https://www.bbr.com/products-20188012094-2018-ornellaia-bolgheri-superiore-tuscany-italy","1102024","20188012094"
"Ornellaia","2019","Ornellaia, Bolgheri Superiore, Tuscany, Italy","975","Case of 6 Bottles","https://www.bbr.com/products-20198012094-2019-ornellaia-bolgheri-superiore-tuscany-italy","1102024","20198012094"
"Ornellaia","2019","Ornellaia, Bolgheri Superiore, Tuscany, Italy","850","Case of 6 Bottles","https://www.bbr.com/products-20198012094-2019-ornellaia-bolgheri-superiore-tuscany-italy","1102024","20198012094"
"Ornellaia","2019","Ornellaia, Bolgheri Superiore, Tuscany, Italy","310","Case of 1 Magnums","https://www.bbr.com/products-20198012094-2019-ornellaia-bolgheri-superiore-tuscany-italy","1102024","20198012094"
"Ornellaia","2021","Ornellaia, Bolgheri Superiore, Tuscany, Italy","930","Case of 6 Bottles","https://www.bbr.com/products-20218012094-2021-ornellaia-bolgheri-superiore-tuscany-italy","1102024","20218012094"
"Ornellaia","2021","Ornellaia, Bolgheri Superiore, Tuscany, Italy","975","Case of 6 Bottles","https://www.bbr.com/products-20218012094-2021-ornellaia-bolgheri-superiore-tuscany-italy","1102024","20218012094"
"Ornellaia","2022","Ornellaia, Bolgheri Superiore, Tuscany, Italy","1100","Case of 6 Bottles","https://www.bbr.com/products-20228012094-2022-ornellaia-bolgheri-superiore-tuscany-italy","1102024","20228012094"
"Ornellaia","2022","Ornellaia, Bolgheri Superiore, Tuscany, Italy","800","Case of 6 Bottles","https://www.bbr.com/products-20228012094-2022-ornellaia-bolgheri-superiore-tuscany-italy","1102024","20228012094"
"Ornellaia","2022","Ornellaia, Bolgheri Superiore, Tuscany, Italy","345","Case of 1 Magnums","https://www.bbr.com/products-20228012094-2022-ornellaia-bolgheri-superiore-tuscany-italy","1102024","20228012094"
"Ornellaia","2009","Ornellaia, Vendemmia d'Artista, Bolgheri, Tuscany, Italy","1600","Case of 1 Magnums","https://www.bbr.com/products-20098312484-2009-ornellaia-vendemmia-d-artista-bolgheri-tuscany-italy","1133765","20098312484"
"Ox Hardy Wines","2010","Ox Hardy, 1891 Ancestor Vine Shiraz, McLaren Vale, Australia","300","Case of 3 Bottles","https://www.bbr.com/products-20108231888-2010-ox-hardy-1891-ancestor-vine-shiraz-mclaren-vale-australia","1915327","20108231888"
"Ox Hardy Wines","2012","Ox Hardy, 1891 Ancestor Vine Shiraz, McLaren Vale, Australia","275","Case of 3 Bottles","https://www.bbr.com/products-20128231888-2012-ox-hardy-1891-ancestor-vine-shiraz-mclaren-vale-australia","1915327","20128231888"
"Ox Hardy Wines","2019","Ox Hardy, Slate Shiraz, McLaren Vale, Australia","235","Case of 6 Bottles","https://www.bbr.com/products-20198231905-2019-ox-hardy-slate-shiraz-mclaren-vale-australia","1915330","20198231905"
"Yann Durieux","2019","PV Blanc, Recrue des Sens, Yann Durieux, Vin de France","1400","Case of 6 Bottles","https://www.bbr.com/products-20198248941-2019-pv-blanc-recrue-des-sens-yann-durieux-vin-de-france","2992011","20198248941"
"Cos d'Estournel","2022","Pagodes de Cos Blanc, Bordeaux","235","Case of 6 Bottles","https://www.bbr.com/products-20228235118-2022-pagodes-de-cos-blanc-bordeaux","1821288","20228235118"
"Cos d'Estournel","2005","Pagodes de Cos, St Estephe, Bordeaux","640","Case of 6 Magnums","https://www.bbr.com/products-20058004370-2005-pagodes-de-cos-st-estephe-bordeaux","1013645","20058004370"
"Cos d'Estournel","2009","Pagodes de Cos, St Estephe, Bordeaux","540","Case of 12 Bottles","https://www.bbr.com/products-20098004370-2009-pagodes-de-cos-st-estephe-bordeaux","1013645","20098004370"
"Cos d'Estournel","2009","Pagodes de Cos, St Estephe, Bordeaux","500","Case of 12 Bottles","https://www.bbr.com/products-20098004370-2009-pagodes-de-cos-st-estephe-bordeaux","1013645","20098004370"
"Cos d'Estournel","2010","Pagodes de Cos, St Estephe, Bordeaux","615","Case of 12 Bottles","https://www.bbr.com/products-20108004370-2010-pagodes-de-cos-st-estephe-bordeaux","1013645","20108004370"
"Cos d'Estournel","2011","Pagodes de Cos, St Estephe, Bordeaux","430","Case of 12 Bottles","https://www.bbr.com/products-20118004370-2011-pagodes-de-cos-st-estephe-bordeaux","1013645","20118004370"
"Cos d'Estournel","2011","Pagodes de Cos, St Estephe, Bordeaux","200","Case of 6 Bottles","https://www.bbr.com/products-20118004370-2011-pagodes-de-cos-st-estephe-bordeaux","1013645","20118004370"
"Cos d'Estournel","2015","Pagodes de Cos, St Estephe, Bordeaux","196","Case of 3 Magnums","https://www.bbr.com/products-20158004370-2015-pagodes-de-cos-st-estephe-bordeaux","1013645","20158004370"
"Cos d'Estournel","2019","Pagodes de Cos, St Estephe, Bordeaux","260","Case of 6 Bottles","https://www.bbr.com/products-20198004370-2019-pagodes-de-cos-st-estephe-bordeaux","1013645","20198004370"
"Cos d'Estournel","2020","Pagodes de Cos, St Estephe, Bordeaux","190","Case of 6 Bottles","https://www.bbr.com/products-20208004370-2020-pagodes-de-cos-st-estephe-bordeaux","1013645","20208004370"
"Cos d'Estournel","2020","Pagodes de Cos, St Estephe, Bordeaux","275","Case of 3 Magnums","https://www.bbr.com/products-20208004370-2020-pagodes-de-cos-st-estephe-bordeaux","1013645","20208004370"
"Cos d'Estournel","2021","Pagodes de Cos, St Estephe, Bordeaux","180","Case of 6 Bottles","https://www.bbr.com/products-20218004370-2021-pagodes-de-cos-st-estephe-bordeaux","1013645","20218004370"
"Cos d'Estournel","2022","Pagodes de Cos, St Estephe, Bordeaux","220","Case of 6 Bottles","https://www.bbr.com/products-20228004370-2022-pagodes-de-cos-st-estephe-bordeaux","1013645","20228004370"
"Artadi","2005","Pagos Viejos, Artadi, Rioja, Spain","310","Case of 6 Bottles","https://www.bbr.com/products-20058019859-2005-pagos-viejos-artadi-rioja-spain","1119741","20058019859"
"Artadi","2008","Pagos Viejos, Artadi, Rioja, Spain","500","Case of 6 Bottles","https://www.bbr.com/products-20088019859-2008-pagos-viejos-artadi-rioja-spain","1119741","20088019859"
"Artadi","2008","Pagos Viejos, Artadi, Rioja, Spain","570","Case of 6 Bottles","https://www.bbr.com/products-20088019859-2008-pagos-viejos-artadi-rioja-spain","1119741","20088019859"
"Artadi","2009","Pagos Viejos, Artadi, Rioja, Spain","240","Case of 6 Bottles","https://www.bbr.com/products-20098019859-2009-pagos-viejos-artadi-rioja-spain","1119741","20098019859"
"Artadi","2010","Pagos Viejos, Artadi, Rioja, Spain","265","Case of 6 Bottles","https://www.bbr.com/products-20108019859-2010-pagos-viejos-artadi-rioja-spain","1119741","20108019859"
"Artadi","2011","Pagos Viejos, Artadi, Rioja, Spain","273","Case of 6 Bottles","https://www.bbr.com/products-20118019859-2011-pagos-viejos-artadi-rioja-spain","1119741","20118019859"
"Artadi","2011","Pagos Viejos, Artadi, Rioja, Spain","275","Case of 6 Bottles","https://www.bbr.com/products-20118019859-2011-pagos-viejos-artadi-rioja-spain","1119741","20118019859"
"Artadi","2012","Pagos Viejos, Artadi, Rioja, Spain","240","Case of 6 Bottles","https://www.bbr.com/products-20128019859-2012-pagos-viejos-artadi-rioja-spain","1119741","20128019859"
"Bodegas Luna Beberide","2020","Paixar Mencia, Bodegas Luna Beberide, Bierzo, Spain","135","Case of 6 Bottles","https://www.bbr.com/products-20208233895-2020-paixar-mencia-bodegas-luna-beberide-bierzo-spain","1802458","20208233895"
"Tenuta di Trinoro","2009","Palazzi, Tenuta di Trinoro, Tuscany, Italy","1000","Case of 6 Bottles","https://www.bbr.com/products-20098213521-2009-palazzi-tenuta-di-trinoro-tuscany-italy","1105780","20098213521"
"Tenuta di Trinoro","2019","Palazzi, Tenuta di Trinoro, Tuscany, Italy","900","Case of 6 Bottles","https://www.bbr.com/products-20198213521-2019-palazzi-tenuta-di-trinoro-tuscany-italy","1105780","20198213521"
"Allegrini","2012","Palazzo della Torre, Veronese, Allegrini, Veneto, Italy","200","Case of 6 Bottles","https://www.bbr.com/products-20128118073-2012-palazzo-della-torre-veronese-allegrini-veneto-italy","1095085","20128118073"
"Hidalgo","","Palo Cortado Wellington Aged 30 Years (VORS)  Sherry, Andalucia, Spain","300","Case of 6 Half Bottles","https://www.bbr.com/products-10008400710-palo-cortado-wellington-aged-30-years-vors-sherry-andalucia-spain","","10008400710"
"Romano Dal Forno","2004","Passito Rosso, Vigna Sere, Romano dal Forno, Veneto, Italy","300","Case of 3 Half Bottles","https://www.bbr.com/products-20048212058-2004-passito-rosso-vigna-sere-romano-dal-forno-veneto-italy","1658042","20048212058"
"Azienda Agricola Le Ragnaie","2015","Passo del Lume Spento, Rosso, Le Ragnaie, Tuscany, Italy","350","Case of 6 Bottles","https://www.bbr.com/products-20158073916-2015-passo-del-lume-spento-rosso-le-ragnaie-tuscany-italy","2416610","20158073916"
"Azienda Agricola Le Ragnaie","2018","Passo del Lume Spento, Rosso, Le Ragnaie, Tuscany, Italy","510","Case of 6 Bottles","https://www.bbr.com/products-20188073916-2018-passo-del-lume-spento-rosso-le-ragnaie-tuscany-italy","2416610","20188073916"
"Patatsfontein Wines","2016","Patatsfontein, Steen Chenin Blanc, Montagu, Western Cape, South Africa","220","Case of 6 Bottles","https://www.bbr.com/products-20168168094-2016-patatsfontein-steen-chenin-blanc-montagu-western-cape-south-africa","2555889","20168168094"
"Chateau Latour","2005","Pauillac de Chateau Latour, Pauillac, Bordeaux","745","Case of 12 Bottles","https://www.bbr.com/products-20058015776-2005-pauillac-de-chateau-latour-pauillac-bordeaux","1013821","20058015776"
"Chateau Latour","2007","Pauillac de Chateau Latour, Pauillac, Bordeaux","660","Case of 12 Bottles","https://www.bbr.com/products-20078015776-2007-pauillac-de-chateau-latour-pauillac-bordeaux","1013821","20078015776"
"Chateau Latour","2008","Pauillac de Chateau Latour, Pauillac, Bordeaux","510","Case of 12 Bottles","https://www.bbr.com/products-20088015776-2008-pauillac-de-chateau-latour-pauillac-bordeaux","1013821","20088015776"
"Chateau Latour","2010","Pauillac de Chateau Latour, Pauillac, Bordeaux","575","Case of 6 Bottles","https://www.bbr.com/products-20108015776-2010-pauillac-de-chateau-latour-pauillac-bordeaux","1013821","20108015776"
"Chateau Latour","2011","Pauillac de Chateau Latour, Pauillac, Bordeaux","390","Case of 6 Bottles","https://www.bbr.com/products-20118015776-2011-pauillac-de-chateau-latour-pauillac-bordeaux","1013821","20118015776"
"Chateau Latour","2012","Pauillac de Chateau Latour, Pauillac, Bordeaux","375","Case of 6 Bottles","https://www.bbr.com/products-20128015776-2012-pauillac-de-chateau-latour-pauillac-bordeaux","1013821","20128015776"
"Chateau Latour","2013","Pauillac de Chateau Latour, Pauillac, Bordeaux","269","Case of 6 Bottles","https://www.bbr.com/products-20138015776-2013-pauillac-de-chateau-latour-pauillac-bordeaux","1013821","20138015776"
"Chateau Latour","2014","Pauillac de Chateau Latour, Pauillac, Bordeaux","300","Case of 6 Bottles","https://www.bbr.com/products-20148015776-2014-pauillac-de-chateau-latour-pauillac-bordeaux","1013821","20148015776"
"Chateau Latour","2016","Pauillac de Chateau Latour, Pauillac, Bordeaux","430","Case of 6 Bottles","https://www.bbr.com/products-20168015776-2016-pauillac-de-chateau-latour-pauillac-bordeaux","1013821","20168015776"
"Chateau Latour","2016","Pauillac de Chateau Latour, Pauillac, Bordeaux","450","Case of 6 Bottles","https://www.bbr.com/products-20168015776-2016-pauillac-de-chateau-latour-pauillac-bordeaux","1013821","20168015776"
"Chateau Latour","2016","Pauillac de Chateau Latour, Pauillac, Bordeaux","896","Case of 12 Bottles","https://www.bbr.com/products-20168015776-2016-pauillac-de-chateau-latour-pauillac-bordeaux","1013821","20168015776"
"Chateau Latour","2017","Pauillac de Chateau Latour, Pauillac, Bordeaux","325","Case of 6 Bottles","https://www.bbr.com/products-20178015776-2017-pauillac-de-chateau-latour-pauillac-bordeaux","1013821","20178015776"
"Chateau Latour","2018","Pauillac de Chateau Latour, Pauillac, Bordeaux","600","Case of 3 Magnums","https://www.bbr.com/products-20188015776-2018-pauillac-de-chateau-latour-pauillac-bordeaux","1013821","20188015776"
"Chateau Latour","2019","Pauillac de Chateau Latour, Pauillac, Bordeaux","400","Case of 6 Bottles","https://www.bbr.com/products-20198015776-2019-pauillac-de-chateau-latour-pauillac-bordeaux","1013821","20198015776"
"Chateau Latour","2019","Pauillac de Chateau Latour, Pauillac, Bordeaux","600","Case of 3 Magnums","https://www.bbr.com/products-20198015776-2019-pauillac-de-chateau-latour-pauillac-bordeaux","1013821","20198015776"
"Chateau Latour","2020","Pauillac de Chateau Latour, Pauillac, Bordeaux","305","Case of 6 Bottles","https://www.bbr.com/products-20208015776-2020-pauillac-de-chateau-latour-pauillac-bordeaux","1013821","20208015776"
"Paul Hobbs Winery","2014","Paul Hobbs, Beckstoffer Las Piedras Vineyard Cabernet Sauvignon, St. Helena, Napa Valley, California, USA","1333","Case of 6 Bottles","https://www.bbr.com/products-20148108821-2014-paul-hobbs-beckstoffer-las-piedras-vineyard-cabernet-sauvignon-st-helena-napa-valley-california-usa","1342150","20148108821"
"Paul Hobbs Winery","2013","Paul Hobbs, Nathan Coombs Estate, Cabernet Sauvignon, Coombsville, Napa Valley, California, USA","1388","Case of 6 Bottles","https://www.bbr.com/products-20138106771-2013-paul-hobbs-nathan-coombs-estate-cabernet-sauvignon-coombsville-napa-valley-california-usa","1454413","20138106771"
"Paul Hobbs Winery","2014","Paul Hobbs, Nathan Coombs Estate, Cabernet Sauvignon, Coombsville, Napa Valley, California, USA","1698","Case of 6 Bottles","https://www.bbr.com/products-20148106771-2014-paul-hobbs-nathan-coombs-estate-cabernet-sauvignon-coombsville-napa-valley-california-usa","1454413","20148106771"
"Jaboulet","2012","Paul Jaboulet Aine, Duo, Vin de France","220","Case of 1 Bottles","https://www.bbr.com/products-20128178376-2012-paul-jaboulet-aine-duo-vin-de-france","","20128178376"
"Paulus Wine Co.","2021","Paulus Wine Co., Bartas, Chenin Blanc, Stellenbosch, South Africa","90","Case of 6 Bottles","https://www.bbr.com/products-20218178549-2021-paulus-wine-co-bartas-chenin-blanc-stellenbosch-south-africa","2840051","20218178549"
"Chateau Margaux","2004","Pavillon Blanc du Chateau Margaux, Bordeaux","2600","Case of 12 Bottles","https://www.bbr.com/products-20048122861-2004-pavillon-blanc-du-chateau-margaux-bordeaux","1017379","20048122861"
"Chateau Margaux","2017","Pavillon Blanc du Chateau Margaux, Bordeaux","1600","Case of 6 Bottles","https://www.bbr.com/products-20178122861-2017-pavillon-blanc-du-chateau-margaux-bordeaux","1017379","20178122861"
"Chateau Margaux","2017","Pavillon Blanc du Chateau Margaux, Bordeaux","1200","Case of 6 Bottles","https://www.bbr.com/products-20178122861-2017-pavillon-blanc-du-chateau-margaux-bordeaux","1017379","20178122861"
"Chateau Margaux","2022","Pavillon Blanc du Chateau Margaux, Bordeaux","695","Case of 3 Bottles","https://www.bbr.com/products-20228122861-2022-pavillon-blanc-du-chateau-margaux-bordeaux","1017379","20228122861"
"Chateau Margaux","2009","Pavillon Blanc du Chateau Margaux, Margaux, Bordeaux","2800","Case of 12 Bottles","https://www.bbr.com/products-20098122861-2009-pavillon-blanc-du-chateau-margaux-margaux-bordeaux","1017379","20098122861"
"Chateau Margaux","2013","Pavillon Blanc du Chateau Margaux, Margaux, Bordeaux","1280","Case of 6 Bottles","https://www.bbr.com/products-20138122861-2013-pavillon-blanc-du-chateau-margaux-margaux-bordeaux","1017379","20138122861"
"Chateau Margaux","2005","Pavillon Rouge du Chateau Margaux, Margaux, Bordeaux","1460","Case of 12 Bottles","https://www.bbr.com/products-20058007964-2005-pavillon-rouge-du-chateau-margaux-margaux-bordeaux","1013892","20058007964"
"Chateau Margaux","2008","Pavillon Rouge du Chateau Margaux, Margaux, Bordeaux","1628","Case of 12 Bottles","https://www.bbr.com/products-20088007964-2008-pavillon-rouge-du-chateau-margaux-margaux-bordeaux","1013892","20088007964"
"Chateau Margaux","2009","Pavillon Rouge du Chateau Margaux, Margaux, Bordeaux","1100","Case of 6 Bottles","https://www.bbr.com/products-20098007964-2009-pavillon-rouge-du-chateau-margaux-margaux-bordeaux","1013892","20098007964"
"Chateau Margaux","2010","Pavillon Rouge du Chateau Margaux, Margaux, Bordeaux","925","Case of 6 Bottles","https://www.bbr.com/products-20108007964-2010-pavillon-rouge-du-chateau-margaux-margaux-bordeaux","1013892","20108007964"
"Chateau Margaux","2011","Pavillon Rouge du Chateau Margaux, Margaux, Bordeaux","1388","Case of 12 Bottles","https://www.bbr.com/products-20118007964-2011-pavillon-rouge-du-chateau-margaux-margaux-bordeaux","1013892","20118007964"
"Chateau Margaux","2014","Pavillon Rouge du Chateau Margaux, Margaux, Bordeaux","635","Case of 6 Bottles","https://www.bbr.com/products-20148007964-2014-pavillon-rouge-du-chateau-margaux-margaux-bordeaux","1013892","20148007964"
"Chateau Margaux","2014","Pavillon Rouge du Chateau Margaux, Margaux, Bordeaux","630","Case of 3 Magnums","https://www.bbr.com/products-20148007964-2014-pavillon-rouge-du-chateau-margaux-margaux-bordeaux","1013892","20148007964"
"Chateau Margaux","2016","Pavillon Rouge du Chateau Margaux, Margaux, Bordeaux","700","Case of 6 Bottles","https://www.bbr.com/products-20168007964-2016-pavillon-rouge-du-chateau-margaux-margaux-bordeaux","1013892","20168007964"
"Chateau Margaux","2017","Pavillon Rouge du Chateau Margaux, Margaux, Bordeaux","788","Case of 6 Bottles","https://www.bbr.com/products-20178007964-2017-pavillon-rouge-du-chateau-margaux-margaux-bordeaux","1013892","20178007964"
"Chateau Margaux","2017","Pavillon Rouge du Chateau Margaux, Margaux, Bordeaux","868","Case of 6 Bottles","https://www.bbr.com/products-20178007964-2017-pavillon-rouge-du-chateau-margaux-margaux-bordeaux","1013892","20178007964"
"Chateau Margaux","2019","Pavillon Rouge du Chateau Margaux, Margaux, Bordeaux","600","Case of 6 Bottles","https://www.bbr.com/products-20198007964-2019-pavillon-rouge-du-chateau-margaux-margaux-bordeaux","1013892","20198007964"
"Chateau Margaux","2019","Pavillon Rouge du Chateau Margaux, Margaux, Bordeaux","785","Case of 6 Bottles","https://www.bbr.com/products-20198007964-2019-pavillon-rouge-du-chateau-margaux-margaux-bordeaux","1013892","20198007964"
"Chateau Margaux","2022","Pavillon Rouge du Chateau Margaux, Margaux, Bordeaux","869","Case of 6 Bottles","https://www.bbr.com/products-20228007964-2022-pavillon-rouge-du-chateau-margaux-margaux-bordeaux","1013892","20228007964"
"Chateau Margaux","2023","Pavillon Rouge du Chateau Margaux, Margaux, Bordeaux","300","Case of 3 Bottles","https://www.bbr.com/products-20238007964-2023-pavillon-rouge-du-chateau-margaux-margaux-bordeaux","1013892","20238007964"
"Chateau Leoville Poyferre","2009","Pavillon de Leoville Poyferre, St Julien, Bordeaux","400","Case of 12 Bottles","https://www.bbr.com/products-20091155886-2009-pavillon-de-leoville-poyferre-st-julien-bordeaux","1155886","20091155886"
"Chateau Leoville Poyferre","2010","Pavillon de Leoville Poyferre, St Julien, Bordeaux","420","Case of 12 Bottles","https://www.bbr.com/products-20101155886-2010-pavillon-de-leoville-poyferre-st-julien-bordeaux","1155886","20101155886"
"Pax Mahle Wines","2019","Pax, Gamay Noir, Sonoma Coast, California, USA","235","Case of 12 Bottles","https://www.bbr.com/products-20198172853-2019-pax-gamay-noir-sonoma-coast-california-usa","2083423","20198172853"
"Pax Mahle Wines","2021","Pax, Sonoma-Hillsides, Syrah, Sonoma County, California, USA","630","Case of 12 Bottles","https://www.bbr.com/products-20218082406-2021-pax-sonoma-hillsides-syrah-sonoma-county-california-usa","1236525","20218082406"
"Terroir Al Limit","2016","Pedra De Guix, Terrior Al Limit, Priorat, Spain","385","Case of 6 Bottles","https://www.bbr.com/products-20168047863-2016-pedra-de-guix-terrior-al-limit-priorat-spain","1309090","20168047863"
"Telmo Rodriguez","2022","Pegaso Arrebatacapas, Telmo Rodriguez, Cebreros, Spain","390","Case of 6 Bottles","https://www.bbr.com/products-20228025595-2022-pegaso-arrebatacapas-telmo-rodriguez-cebreros-spain","1972906","20228025595"
"Telmo Rodriguez","2015","Pegaso Granito, Telmo Rodriguez, Sierra de Gredos, Spain","265","Case of 6 Bottles","https://www.bbr.com/products-20158005524-2015-pegaso-granito-telmo-rodriguez-sierra-de-gredos-spain","1304763","20158005524"
"Telmo Rodriguez","2018","Pegaso Granito, Telmo Rodriguez, Sierra de Gredos, Spain","150","Case of 6 Bottles","https://www.bbr.com/products-20188005524-2018-pegaso-granito-telmo-rodriguez-sierra-de-gredos-spain","1304763","20188005524"
"Telmo Rodriguez","2019","Pegaso Granito, Telmo Rodriguez, Sierra de Gredos, Spain","349","Case of 6 Bottles","https://www.bbr.com/products-20198005524-2019-pegaso-granito-telmo-rodriguez-sierra-de-gredos-spain","1304763","20198005524"
"Telmo Rodriguez","2021","Pegaso Granito, Telmo Rodriguez, Sierra de Gredos, Spain","285","Case of 6 Bottles","https://www.bbr.com/products-20218005524-2021-pegaso-granito-telmo-rodriguez-sierra-de-gredos-spain","1304763","20218005524"
"Telmo Rodriguez","2015","Pegaso Pizarra, Telmo Rodriguez, Sierra de Gredos, Spain","240","Case of 6 Bottles","https://www.bbr.com/products-20151304750-2015-pegaso-pizarra-telmo-rodriguez-sierra-de-gredos-spain","1304750","20151304750"
"Telmo Rodriguez","2018","Pegaso Pizarra, Telmo Rodriguez, Sierra de Gredos, Spain","180","Case of 6 Bottles","https://www.bbr.com/products-20181304750-2018-pegaso-pizarra-telmo-rodriguez-sierra-de-gredos-spain","1304750","20181304750"
"Telmo Rodriguez","2019","Pegaso Pizarra, Telmo Rodriguez, Sierra de Gredos, Spain","300","Case of 6 Bottles","https://www.bbr.com/products-20191304750-2019-pegaso-pizarra-telmo-rodriguez-sierra-de-gredos-spain","1304750","20191304750"
"Pegasus Bay","2012","Pegasus Bay, Prima Donna, Pinot Noir, Waipara Valley, New Zealand","300","Case of 6 Bottles","https://www.bbr.com/products-20128205849-2012-pegasus-bay-prima-donna-pinot-noir-waipara-valley-new-zealand","1328598","20128205849"
"Penfolds","2014","Penfolds Bin 51 Riesling, Eden Valley","150","Case of 6 Bottles","https://www.bbr.com/products-20148113094-2014-penfolds-bin-51-riesling-eden-valley","1180235","20148113094"
"Penfolds","2016","Penfolds Special Bin 111A, Shiraz, Clare Valley, Australia","300","Case of 1 Bottles","https://www.bbr.com/products-20168043807-2016-penfolds-special-bin-111a-shiraz-clare-valley-australia","1854718","20168043807"
"Penfolds","2016","Penfolds Special Bin 111A, Shiraz, Clare Valley, Australia","3895","Case of 6 Bottles","https://www.bbr.com/products-20168043807-2016-penfolds-special-bin-111a-shiraz-clare-valley-australia","1854718","20168043807"
"Penfolds","2016","Penfolds Special Bin 111A, Shiraz, Clare Valley, Australia","3895","Case of 6 Bottles","https://www.bbr.com/products-20168043807-2016-penfolds-special-bin-111a-shiraz-clare-valley-australia","1854718","20168043807"
"Penfolds","2012","Penfolds the Max Schubert Cabernet Shiraz, Barossa Valley-Coonawarra","850","Case of 6 Bottles","https://www.bbr.com/products-20128107576-2012-penfolds-the-max-schubert-cabernet-shiraz-barossa-valley-coonawarra","1404926","20128107576"
"Penfolds","2018","Penfolds, Bin 149 Cabernet Sauvignon, Wine of the World","475","Case of 6 Bottles","https://www.bbr.com/products-20188133355-2018-penfolds-bin-149-cabernet-sauvignon-wine-of-the-world","1997318","20188133355"
"Penfolds","2018","Penfolds, Bin 149 Cabernet Sauvignon, Wine of the World","240","Case of 1 Magnums","https://www.bbr.com/products-20188133355-2018-penfolds-bin-149-cabernet-sauvignon-wine-of-the-world","1997318","20188133355"
"Penfolds","2019","Penfolds, Bin 149 Cabernet Sauvignon, Wine of the World","475","Case of 6 Bottles","https://www.bbr.com/products-20198133355-2019-penfolds-bin-149-cabernet-sauvignon-wine-of-the-world","1997318","20198133355"
"Penfolds","2019","Penfolds, Bin 149 Cabernet Sauvignon, Wine of the World","465","Case of 6 Bottles","https://www.bbr.com/products-20198133355-2019-penfolds-bin-149-cabernet-sauvignon-wine-of-the-world","1997318","20198133355"
"Penfolds","2008","Penfolds, Bin 150 Marananga Shiraz, Barossa Valley, Australia","175","Case of 6 Bottles","https://www.bbr.com/products-20088011329-2008-penfolds-bin-150-marananga-shiraz-barossa-valley-australia","1260326","20088011329"
"Penfolds","2010","Penfolds, Bin 150 Marananga Shiraz, Barossa Valley, Australia","380","Case of 6 Bottles","https://www.bbr.com/products-20108011329-2010-penfolds-bin-150-marananga-shiraz-barossa-valley-australia","1260326","20108011329"
"Penfolds","2016","Penfolds, Bin 150 Marananga Shiraz, Barossa Valley, Australia","225","Case of 6 Bottles","https://www.bbr.com/products-20168011329-2016-penfolds-bin-150-marananga-shiraz-barossa-valley-australia","1260326","20168011329"
"Penfolds","2021","Penfolds, Bin 150 Marananga Shiraz, Barossa Valley, Australia","265","Case of 6 Bottles","https://www.bbr.com/products-20218011329-2021-penfolds-bin-150-marananga-shiraz-barossa-valley-australia","1260326","20218011329"
"Penfolds","2022","Penfolds, Bin 150 Marananga Shiraz, Barossa Valley, Australia","280","Case of 6 Bottles","https://www.bbr.com/products-20228011329-2022-penfolds-bin-150-marananga-shiraz-barossa-valley-australia","1260326","20228011329"
"Penfolds","2018","Penfolds, Bin 169 Cabernet Sauvignon, Coonawarra, Australia","630","Case of 6 Bottles","https://www.bbr.com/products-20188012007-2018-penfolds-bin-169-cabernet-sauvignon-coonawarra-australia","1179129","20188012007"
"Penfolds","2018","Penfolds, Bin 169 Cabernet Sauvignon, Coonawarra, Australia","869","Case of 6 Bottles","https://www.bbr.com/products-20188012007-2018-penfolds-bin-169-cabernet-sauvignon-coonawarra-australia","1179129","20188012007"
"Penfolds","2019","Penfolds, Bin 169 Cabernet Sauvignon, Coonawarra, Australia","630","Case of 6 Bottles","https://www.bbr.com/products-20198012007-2019-penfolds-bin-169-cabernet-sauvignon-coonawarra-australia","1179129","20198012007"
"Penfolds","2010","Penfolds, Bin 170 Kalimna Shiraz, Block 3C, Barossa Valley, Australia","1398","Case of 3 Bottles","https://www.bbr.com/products-20108111117-2010-penfolds-bin-170-kalimna-shiraz-block-3c-barossa-valley-australia","1242867","20108111117"
"Penfolds","2010","Penfolds, Bin 170 Kalimna Shiraz, Block 3C, Barossa Valley, Australia","1199","Case of 3 Bottles","https://www.bbr.com/products-20108111117-2010-penfolds-bin-170-kalimna-shiraz-block-3c-barossa-valley-australia","1242867","20108111117"
"Penfolds","2010","Penfolds, Bin 170 Kalimna Shiraz, Block 3C, Barossa Valley, Australia","1088","Case of 1 Magnums","https://www.bbr.com/products-20108111117-2010-penfolds-bin-170-kalimna-shiraz-block-3c-barossa-valley-australia","1242867","20108111117"
"Penfolds","2021","Penfolds, Bin 180 Cabernet Shiraz, Coonawarra, South Australia","970","Case of 2 Bottles","https://www.bbr.com/products-20218181011-2021-penfolds-bin-180-cabernet-shiraz-coonawarra-south-australia","3043206","20218181011"
"Penfolds","2010","Penfolds, Bin 28, Kalimna Shiraz, Australia","250","Case of 6 Bottles","https://www.bbr.com/products-20108113267-2010-penfolds-bin-28-kalimna-shiraz-australia","1177558","20108113267"
"Penfolds","2018","Penfolds, Bin 28, Kalimna Shiraz, Australia","189","Case of 6 Bottles","https://www.bbr.com/products-20188113267-2018-penfolds-bin-28-kalimna-shiraz-australia","1177558","20188113267"
"Penfolds","2020","Penfolds, Bin 28, Shiraz, Australia","175","Case of 6 Bottles","https://www.bbr.com/products-20208231947-2020-penfolds-bin-28-shiraz-australia","1177558","20208231947"
"Penfolds","2016","Penfolds, Bin 311 Chardonnay, Australia","150","Case of 6 Bottles","https://www.bbr.com/products-20168112853-2016-penfolds-bin-311-chardonnay-australia","1190995","20168112853"
"Penfolds","2020","Penfolds, Bin 311, Chardonnay, Australia","130","Case of 6 Bottles","https://www.bbr.com/products-20208065319-2020-penfolds-bin-311-chardonnay-australia","1190995","20208065319"
"Penfolds","2021","Penfolds, Bin 311, Chardonnay, Australia","120","Case of 6 Bottles","https://www.bbr.com/products-20218065319-2021-penfolds-bin-311-chardonnay-australia","1190995","20218065319"
"Penfolds","2022","Penfolds, Bin 311, Chardonnay, Australia","115","Case of 6 Bottles","https://www.bbr.com/products-20228065319-2022-penfolds-bin-311-chardonnay-australia","1190995","20228065319"
"Penfolds","2023","Penfolds, Bin 311, Chardonnay, Australia","126","Case of 6 Bottles","https://www.bbr.com/products-20238065319-2023-penfolds-bin-311-chardonnay-australia","1190995","20238065319"
"Penfolds","2011","Penfolds, Bin 389, Cabernet Shiraz, Australia","350","Case of 6 Bottles","https://www.bbr.com/products-20118125703-2011-penfolds-bin-389-cabernet-shiraz-australia","1004184","20118125703"
"Penfolds","2011","Penfolds, Bin 389, Cabernet Shiraz, Australia","225","Case of 6 Bottles","https://www.bbr.com/products-20118125703-2011-penfolds-bin-389-cabernet-shiraz-australia","1004184","20118125703"
"Penfolds","2012","Penfolds, Bin 389, Cabernet Shiraz, Australia","290","Case of 6 Bottles","https://www.bbr.com/products-20128125703-2012-penfolds-bin-389-cabernet-shiraz-australia","1004184","20128125703"
"Penfolds","2013","Penfolds, Bin 389, Cabernet Shiraz, Australia","245","Case of 6 Bottles","https://www.bbr.com/products-20138125703-2013-penfolds-bin-389-cabernet-shiraz-australia","1004184","20138125703"
"Penfolds","2014","Penfolds, Bin 389, Cabernet Shiraz, Australia","300","Case of 6 Bottles","https://www.bbr.com/products-20148125703-2014-penfolds-bin-389-cabernet-shiraz-australia","1004184","20148125703"
"Penfolds","2015","Penfolds, Bin 389, Cabernet Shiraz, Australia","255","Case of 6 Bottles","https://www.bbr.com/products-20158125703-2015-penfolds-bin-389-cabernet-shiraz-australia","1004184","20158125703"
"Penfolds","2016","Penfolds, Bin 389, Cabernet Shiraz, Australia","230","Case of 6 Bottles","https://www.bbr.com/products-20168125703-2016-penfolds-bin-389-cabernet-shiraz-australia","1004184","20168125703"
"Penfolds","2017","Penfolds, Bin 389, Cabernet Shiraz, Australia","230","Case of 6 Bottles","https://www.bbr.com/products-20178125703-2017-penfolds-bin-389-cabernet-shiraz-australia","1004184","20178125703"
"Penfolds","2018","Penfolds, Bin 389, Cabernet Shiraz, Australia","275","Case of 6 Bottles","https://www.bbr.com/products-20188125703-2018-penfolds-bin-389-cabernet-shiraz-australia","1004184","20188125703"
"Penfolds","2019","Penfolds, Bin 389, Cabernet Shiraz, Australia","260","Case of 6 Bottles","https://www.bbr.com/products-20198125703-2019-penfolds-bin-389-cabernet-shiraz-australia","1004184","20198125703"
"Penfolds","2019","Penfolds, Bin 389, Cabernet Shiraz, Australia","200","Case of 3 Magnums","https://www.bbr.com/products-20198125703-2019-penfolds-bin-389-cabernet-shiraz-australia","1004184","20198125703"
"Penfolds","2020","Penfolds, Bin 389, Cabernet Shiraz, Australia","245","Case of 6 Bottles","https://www.bbr.com/products-20208125703-2020-penfolds-bin-389-cabernet-shiraz-australia","1004184","20208125703"
"Penfolds","2020","Penfolds, Bin 389, Cabernet Shiraz, Australia","320","Case of 3 Magnums","https://www.bbr.com/products-20208125703-2020-penfolds-bin-389-cabernet-shiraz-australia","1004184","20208125703"
"Penfolds","2021","Penfolds, Bin 389, Cabernet Shiraz, Australia","294","Case of 6 Bottles","https://www.bbr.com/products-20218125703-2021-penfolds-bin-389-cabernet-shiraz-australia","1004184","20218125703"
"Penfolds","2021","Penfolds, Bin 389, Cabernet Shiraz, Australia","300","Case of 3 Magnums","https://www.bbr.com/products-20218125703-2021-penfolds-bin-389-cabernet-shiraz-australia","1004184","20218125703"
"Penfolds","2022","Penfolds, Bin 389, Cabernet Shiraz, Australia","330","Case of 6 Bottles","https://www.bbr.com/products-20228125703-2022-penfolds-bin-389-cabernet-shiraz-australia","1004184","20228125703"
"Penfolds","2011","Penfolds, Bin 407 Cabernet Sauvignon, Australia","400","Case of 6 Bottles","https://www.bbr.com/products-20118125699-2011-penfolds-bin-407-cabernet-sauvignon-australia","1004197","20118125699"
"Penfolds","2013","Penfolds, Bin 407 Cabernet Sauvignon, Australia","500","Case of 6 Bottles","https://www.bbr.com/products-20138125699-2013-penfolds-bin-407-cabernet-sauvignon-australia","1004197","20138125699"
"Penfolds","2017","Penfolds, Bin 407 Cabernet Sauvignon, Australia","400","Case of 6 Bottles","https://www.bbr.com/products-20178125699-2017-penfolds-bin-407-cabernet-sauvignon-australia","1004197","20178125699"
"Penfolds","2020","Penfolds, Bin 407 Cabernet Sauvignon, Australia","360","Case of 6 Bottles","https://www.bbr.com/products-20208125699-2020-penfolds-bin-407-cabernet-sauvignon-australia","1004197","20208125699"
"Penfolds","2021","Penfolds, Bin 407 Cabernet Sauvignon, Australia","320","Case of 6 Bottles","https://www.bbr.com/products-20218125699-2021-penfolds-bin-407-cabernet-sauvignon-australia","1004197","20218125699"
"Penfolds","2022","Penfolds, Bin 407 Cabernet Sauvignon, Australia","350","Case of 6 Bottles","https://www.bbr.com/products-20228125699-2022-penfolds-bin-407-cabernet-sauvignon-australia","1004197","20228125699"
"Penfolds","2022","Penfolds, Bin 51, Riesling, Eden Valley, Australia","120","Case of 6 Bottles","https://www.bbr.com/products-20228113094-2022-penfolds-bin-51-riesling-eden-valley-australia","1180235","20228113094"
"Penfolds","2018","Penfolds, Bin 600 Cabernet Shiraz, California, USA","225","Case of 6 Bottles","https://www.bbr.com/products-20188133397-2018-penfolds-bin-600-cabernet-shiraz-california-usa","1997291","20188133397"
"Penfolds","2019","Penfolds, Bin 600 Cabernet Shiraz, California, USA","200","Case of 6 Bottles","https://www.bbr.com/products-20198133397-2019-penfolds-bin-600-cabernet-shiraz-california-usa","1997291","20198133397"
"Penfolds","2018","Penfolds, Bin 704 Cabernet Sauvignon, Napa Valley, California, USA","250","Case of 6 Bottles","https://www.bbr.com/products-20188133384-2018-penfolds-bin-704-cabernet-sauvignon-napa-valley-california-usa","1997305","20188133384"
"Penfolds","2019","Penfolds, Bin 704 Cabernet Sauvignon, Napa Valley, California, USA","240","Case of 6 Bottles","https://www.bbr.com/products-20198133384-2019-penfolds-bin-704-cabernet-sauvignon-napa-valley-california-usa","1997305","20198133384"
"Penfolds","2020","Penfolds, Bin 704 Cabernet Sauvignon, Napa Valley, California, USA","295","Case of 6 Bottles","https://www.bbr.com/products-20208133384-2020-penfolds-bin-704-cabernet-sauvignon-napa-valley-california-usa","1997305","20208133384"
"Penfolds","2002","Penfolds, Bin 707 Cabernet Sauvignon, Australia","1488","Case of 6 Bottles","https://www.bbr.com/products-20028125673-2002-penfolds-bin-707-cabernet-sauvignon-australia","1004214","20028125673"
"Penfolds","2006","Penfolds, Bin 707 Cabernet Sauvignon, Australia","1500","Case of 6 Bottles","https://www.bbr.com/products-20068125673-2006-penfolds-bin-707-cabernet-sauvignon-australia","1004214","20068125673"
"Penfolds","2007","Penfolds, Bin 707 Cabernet Sauvignon, Australia","1388","Case of 6 Bottles","https://www.bbr.com/products-20078125673-2007-penfolds-bin-707-cabernet-sauvignon-australia","1004214","20078125673"
"Penfolds","2008","Penfolds, Bin 707 Cabernet Sauvignon, Australia","1100","Case of 6 Bottles","https://www.bbr.com/products-20088125673-2008-penfolds-bin-707-cabernet-sauvignon-australia","1004214","20088125673"
"Penfolds","2009","Penfolds, Bin 707 Cabernet Sauvignon, Australia","1688","Case of 6 Bottles","https://www.bbr.com/products-20098125673-2009-penfolds-bin-707-cabernet-sauvignon-australia","1004214","20098125673"
"Penfolds","2009","Penfolds, Bin 707 Cabernet Sauvignon, Australia","1698","Case of 6 Bottles","https://www.bbr.com/products-20098125673-2009-penfolds-bin-707-cabernet-sauvignon-australia","1004214","20098125673"
"Penfolds","2010","Penfolds, Bin 707 Cabernet Sauvignon, Australia","1750","Case of 6 Bottles","https://www.bbr.com/products-20108125673-2010-penfolds-bin-707-cabernet-sauvignon-australia","1004214","20108125673"
"Penfolds","2016","Penfolds, Bin 707 Cabernet Sauvignon, Australia","1500","Case of 6 Bottles","https://www.bbr.com/products-20168125673-2016-penfolds-bin-707-cabernet-sauvignon-australia","1004214","20168125673"
"Penfolds","2016","Penfolds, Bin 707 Cabernet Sauvignon, Australia","1395","Case of 6 Bottles","https://www.bbr.com/products-20168125673-2016-penfolds-bin-707-cabernet-sauvignon-australia","1004214","20168125673"
"Penfolds","2018","Penfolds, Bin 707 Cabernet Sauvignon, Australia","1450","Case of 6 Bottles","https://www.bbr.com/products-20188125673-2018-penfolds-bin-707-cabernet-sauvignon-australia","1004214","20188125673"
"Penfolds","2019","Penfolds, Bin 707 Cabernet Sauvignon, Australia","1200","Case of 6 Bottles","https://www.bbr.com/products-20198125673-2019-penfolds-bin-707-cabernet-sauvignon-australia","1004214","20198125673"
"Penfolds","2023","Penfolds, Bin 707 Cabernet Sauvignon, Australia","2450","Case of 6 Bottles","https://www.bbr.com/products-20238125673-2023-penfolds-bin-707-cabernet-sauvignon-australia","1004214","20238125673"
"Penfolds","2014","Penfolds, Bin 798 RWT Shiraz, Barossa Valley, Australia","440","Case of 6 Bottles","https://www.bbr.com/products-20148125628-2014-penfolds-bin-798-rwt-shiraz-barossa-valley-australia","1004331","20148125628"
"Penfolds","2015","Penfolds, Bin 798 RWT Shiraz, Barossa Valley, Australia","490","Case of 6 Bottles","https://www.bbr.com/products-20158125628-2015-penfolds-bin-798-rwt-shiraz-barossa-valley-australia","1004331","20158125628"
"Penfolds","2016","Penfolds, Bin 798 RWT Shiraz, Barossa Valley, Australia","595","Case of 6 Bottles","https://www.bbr.com/products-20168125628-2016-penfolds-bin-798-rwt-shiraz-barossa-valley-australia","1004331","20168125628"
"Penfolds","2017","Penfolds, Bin 798 RWT Shiraz, Barossa Valley, Australia","480","Case of 6 Bottles","https://www.bbr.com/products-20178125628-2017-penfolds-bin-798-rwt-shiraz-barossa-valley-australia","1004331","20178125628"
"Penfolds","2018","Penfolds, Bin 798 RWT Shiraz, Barossa Valley, Australia","450","Case of 6 Bottles","https://www.bbr.com/products-20188125628-2018-penfolds-bin-798-rwt-shiraz-barossa-valley-australia","1004331","20188125628"
"Penfolds","2018","Penfolds, Bin 798 RWT Shiraz, Barossa Valley, Australia","767","Case of 6 Bottles","https://www.bbr.com/products-20188125628-2018-penfolds-bin-798-rwt-shiraz-barossa-valley-australia","1004331","20188125628"
"Penfolds","2019","Penfolds, Bin 798 RWT Shiraz, Barossa Valley, Australia","475","Case of 6 Bottles","https://www.bbr.com/products-20198125628-2019-penfolds-bin-798-rwt-shiraz-barossa-valley-australia","1004331","20198125628"
"Penfolds","2020","Penfolds, Bin 798 RWT Shiraz, Barossa Valley, Australia","694","Case of 6 Bottles","https://www.bbr.com/products-20208125628-2020-penfolds-bin-798-rwt-shiraz-barossa-valley-australia","1004331","20208125628"
"Penfolds","2020","Penfolds, Bin 798 RWT Shiraz, Barossa Valley, Australia","690","Case of 6 Bottles","https://www.bbr.com/products-20208125628-2020-penfolds-bin-798-rwt-shiraz-barossa-valley-australia","1004331","20208125628"
"Penfolds","2021","Penfolds, Bin 798 RWT Shiraz, Barossa Valley, Australia","700","Case of 6 Bottles","https://www.bbr.com/products-20218125628-2021-penfolds-bin-798-rwt-shiraz-barossa-valley-australia","1004331","20218125628"
"Penfolds","2010","Penfolds, Cellar Reserve, Cabernet Sauvignon, Barossa Valley","698","Case of 6 Bottles","https://www.bbr.com/products-20108110253-2010-penfolds-cellar-reserve-cabernet-sauvignon-barossa-valley","1286878","20108110253"
"Penfolds","2019","Penfolds, Grange by NIGO, Barossa Valley, Australia","690","Case of 1 Bottles","https://www.bbr.com/products-20198305927-2019-penfolds-grange-by-nigo-barossa-valley-australia","1004285","20198305927"
"Penfolds","1998","Penfolds, Grange, Bin 95, Australia","2100","Case of 6 Bottles","https://www.bbr.com/products-19981004285-1998-penfolds-grange-bin-95-australia","1004285","19981004285"
"Penfolds","2001","Penfolds, Grange, Bin 95, Australia","1700","Case of 6 Bottles","https://www.bbr.com/products-20011004285-2001-penfolds-grange-bin-95-australia","1004285","20011004285"
"Penfolds","2002","Penfolds, Grange, Bin 95, Australia","2100","Case of 6 Bottles","https://www.bbr.com/products-20021004285-2002-penfolds-grange-bin-95-australia","1004285","20021004285"
"Penfolds","2005","Penfolds, Grange, Bin 95, Australia","1800","Case of 6 Bottles","https://www.bbr.com/products-20051004285-2005-penfolds-grange-bin-95-australia","1004285","20051004285"
"Penfolds","2006","Penfolds, Grange, Bin 95, Australia","2200","Case of 6 Bottles","https://www.bbr.com/products-20061004285-2006-penfolds-grange-bin-95-australia","1004285","20061004285"
"Penfolds","2006","Penfolds, Grange, Bin 95, Australia","4180","Case of 6 Magnums","https://www.bbr.com/products-20061004285-2006-penfolds-grange-bin-95-australia","1004285","20061004285"
"Penfolds","2007","Penfolds, Grange, Bin 95, Australia","1595","Case of 6 Bottles","https://www.bbr.com/products-20071004285-2007-penfolds-grange-bin-95-australia","1004285","20071004285"
"Penfolds","2008","Penfolds, Grange, Bin 95, Australia","2300","Case of 6 Bottles","https://www.bbr.com/products-20081004285-2008-penfolds-grange-bin-95-australia","1004285","20081004285"
"Penfolds","2008","Penfolds, Grange, Bin 95, Australia","2200","Case of 6 Bottles","https://www.bbr.com/products-20081004285-2008-penfolds-grange-bin-95-australia","1004285","20081004285"
"Penfolds","2008","Penfolds, Grange, Bin 95, Australia","3380","Case of 6 Bottles","https://www.bbr.com/products-20081004285-2008-penfolds-grange-bin-95-australia","1004285","20081004285"
"Penfolds","2009","Penfolds, Grange, Bin 95, Australia","1750","Case of 6 Bottles","https://www.bbr.com/products-20091004285-2009-penfolds-grange-bin-95-australia","1004285","20091004285"
"Penfolds","2010","Penfolds, Grange, Bin 95, Australia","1775","Case of 6 Bottles","https://www.bbr.com/products-20101004285-2010-penfolds-grange-bin-95-australia","1004285","20101004285"
"Penfolds","2011","Penfolds, Grange, Bin 95, Australia","1828","Case of 6 Bottles","https://www.bbr.com/products-20111004285-2011-penfolds-grange-bin-95-australia","1004285","20111004285"
"Penfolds","2012","Penfolds, Grange, Bin 95, Australia","1975","Case of 6 Bottles","https://www.bbr.com/products-20121004285-2012-penfolds-grange-bin-95-australia","1004285","20121004285"
"Penfolds","2012","Penfolds, Grange, Bin 95, Australia","2150","Case of 6 Bottles","https://www.bbr.com/products-20121004285-2012-penfolds-grange-bin-95-australia","1004285","20121004285"
"Penfolds","2013","Penfolds, Grange, Bin 95, Australia","1750","Case of 6 Bottles","https://www.bbr.com/products-20131004285-2013-penfolds-grange-bin-95-australia","1004285","20131004285"
"Penfolds","2014","Penfolds, Grange, Bin 95, Australia","1550","Case of 6 Bottles","https://www.bbr.com/products-20141004285-2014-penfolds-grange-bin-95-australia","1004285","20141004285"
"Penfolds","2015","Penfolds, Grange, Bin 95, Australia","1750","Case of 6 Bottles","https://www.bbr.com/products-20151004285-2015-penfolds-grange-bin-95-australia","1004285","20151004285"
"Penfolds","2017","Penfolds, Grange, Bin 95, Australia","1700","Case of 6 Bottles","https://www.bbr.com/products-20171004285-2017-penfolds-grange-bin-95-australia","1004285","20171004285"
"Penfolds","2017","Penfolds, Grange, Bin 95, Australia","1700","Case of 6 Bottles","https://www.bbr.com/products-20171004285-2017-penfolds-grange-bin-95-australia","1004285","20171004285"
"Penfolds","2018","Penfolds, Grange, Bin 95, Australia","2550","Case of 6 Bottles","https://www.bbr.com/products-20181004285-2018-penfolds-grange-bin-95-australia","1004285","20181004285"
"Penfolds","2018","Penfolds, Grange, Bin 95, Australia","2445","Case of 6 Bottles","https://www.bbr.com/products-20181004285-2018-penfolds-grange-bin-95-australia","1004285","20181004285"
"Penfolds","2020","Penfolds, Grange, Bin 95, Australia","2450","Case of 6 Bottles","https://www.bbr.com/products-20201004285-2020-penfolds-grange-bin-95-australia","1004285","20201004285"
"Penfolds","2021","Penfolds, Grange, Bin 95, Australia","2750","Case of 6 Bottles","https://www.bbr.com/products-20211004285-2021-penfolds-grange-bin-95-australia","1004285","20211004285"
"Penfolds","2003","Penfolds, Grange, Bin 95, Australia (Museum Stock)","3040","Case of 6 Magnums","https://www.bbr.com/products-20038108948-2003-penfolds-grange-bin-95-australia-museum-stock","1004285","20038108948"
"Penfolds","2010","Penfolds, Magill Estate Shiraz, Australia","595","Case of 6 Bottles","https://www.bbr.com/products-20108125644-2010-penfolds-magill-estate-shiraz-australia","1004315","20108125644"
"Penfolds","2013","Penfolds, Magill Estate Shiraz, Australia","540","Case of 6 Bottles","https://www.bbr.com/products-20138125644-2013-penfolds-magill-estate-shiraz-australia","1004315","20138125644"
"Penfolds","2015","Penfolds, Magill Estate Shiraz, Australia","470","Case of 6 Bottles","https://www.bbr.com/products-20158125644-2015-penfolds-magill-estate-shiraz-australia","1004315","20158125644"
"Penfolds","2018","Penfolds, Quantum, Bin 98 Cabernet Sauvignon, Wine of the World","1900","Case of 6 Bottles","https://www.bbr.com/products-20188133456-2018-penfolds-quantum-bin-98-cabernet-sauvignon-wine-of-the-world","1997321","20188133456"
"Penfolds","2005","Penfolds, RWT Shiraz, Barossa Valley, Australia","750","Case of 6 Bottles","https://www.bbr.com/products-20058125628-2005-penfolds-rwt-shiraz-barossa-valley-australia","1004331","20058125628"
"Penfolds","2007","Penfolds, RWT Shiraz, Barossa Valley, Australia","444","Case of 6 Bottles","https://www.bbr.com/products-20078125628-2007-penfolds-rwt-shiraz-barossa-valley-australia","1004331","20078125628"
"Penfolds","2011","Penfolds, RWT Shiraz, Barossa Valley, Australia","460","Case of 6 Bottles","https://www.bbr.com/products-20118125628-2011-penfolds-rwt-shiraz-barossa-valley-australia","1004331","20118125628"
"Penfolds","2012","Penfolds, RWT Shiraz, Barossa Valley, Australia","675","Case of 6 Bottles","https://www.bbr.com/products-20128125628-2012-penfolds-rwt-shiraz-barossa-valley-australia","1004331","20128125628"
"Penfolds","2013","Penfolds, RWT Shiraz, Barossa Valley, Australia","569","Case of 6 Bottles","https://www.bbr.com/products-20138125628-2013-penfolds-rwt-shiraz-barossa-valley-australia","1004331","20138125628"
"Penfolds","2020","Penfolds, Reserve Bin A Chardonnay, Adelaide Hills, Australia","365","Case of 6 Bottles","https://www.bbr.com/products-20208016281-2020-penfolds-reserve-bin-a-chardonnay-adelaide-hills-australia","1260313","20208016281"
"Penfolds","2021","Penfolds, Reserve Bin A Chardonnay, Adelaide Hills, Australia","660","Case of 6 Bottles","https://www.bbr.com/products-20218016281-2021-penfolds-reserve-bin-a-chardonnay-adelaide-hills-australia","1260313","20218016281"
"Penfolds","2002","Penfolds, St Henri Shiraz, Australia","325","Case of 6 Bottles","https://www.bbr.com/products-20028007847-2002-penfolds-st-henri-shiraz-australia","1004344","20028007847"
"Penfolds","2004","Penfolds, St Henri Shiraz, Australia","430","Case of 6 Bottles","https://www.bbr.com/products-20048007847-2004-penfolds-st-henri-shiraz-australia","1004344","20048007847"
"Penfolds","2005","Penfolds, St Henri Shiraz, Australia","499","Case of 6 Bottles","https://www.bbr.com/products-20058007847-2005-penfolds-st-henri-shiraz-australia","1004344","20058007847"
"Penfolds","2006","Penfolds, St Henri Shiraz, Australia","1150","Case of 6 Magnums","https://www.bbr.com/products-20068007847-2006-penfolds-st-henri-shiraz-australia","1004344","20068007847"
"Penfolds","2010","Penfolds, St Henri Shiraz, Australia","488","Case of 6 Bottles","https://www.bbr.com/products-20108007847-2010-penfolds-st-henri-shiraz-australia","1004344","20108007847"
"Penfolds","2010","Penfolds, St Henri Shiraz, Australia","488","Case of 6 Bottles","https://www.bbr.com/products-20108007847-2010-penfolds-st-henri-shiraz-australia","1004344","20108007847"
"Penfolds","2010","Penfolds, St Henri Shiraz, Australia","735","Case of 12 Half Bottles","https://www.bbr.com/products-20108007847-2010-penfolds-st-henri-shiraz-australia","1004344","20108007847"
"Penfolds","2011","Penfolds, St Henri Shiraz, Australia","375","Case of 6 Bottles","https://www.bbr.com/products-20118007847-2011-penfolds-st-henri-shiraz-australia","1004344","20118007847"
"Penfolds","2012","Penfolds, St Henri Shiraz, Australia","325","Case of 6 Bottles","https://www.bbr.com/products-20128007847-2012-penfolds-st-henri-shiraz-australia","1004344","20128007847"
"Penfolds","2013","Penfolds, St Henri Shiraz, Australia","300","Case of 6 Bottles","https://www.bbr.com/products-20138007847-2013-penfolds-st-henri-shiraz-australia","1004344","20138007847"
"Penfolds","2014","Penfolds, St Henri Shiraz, Australia","295","Case of 6 Bottles","https://www.bbr.com/products-20148007847-2014-penfolds-st-henri-shiraz-australia","1004344","20148007847"
"Penfolds","2015","Penfolds, St Henri Shiraz, Australia","318","Case of 6 Bottles","https://www.bbr.com/products-20158007847-2015-penfolds-st-henri-shiraz-australia","1004344","20158007847"
"Penfolds","2016","Penfolds, St Henri Shiraz, Australia","360","Case of 6 Bottles","https://www.bbr.com/products-20168007847-2016-penfolds-st-henri-shiraz-australia","1004344","20168007847"
"Penfolds","2017","Penfolds, St Henri Shiraz, Australia","330","Case of 6 Bottles","https://www.bbr.com/products-20178007847-2017-penfolds-st-henri-shiraz-australia","1004344","20178007847"
"Penfolds","2018","Penfolds, St Henri Shiraz, Australia","320","Case of 6 Bottles","https://www.bbr.com/products-20188007847-2018-penfolds-st-henri-shiraz-australia","1004344","20188007847"
"Penfolds","2019","Penfolds, St Henri Shiraz, Australia","324","Case of 6 Bottles","https://www.bbr.com/products-20198007847-2019-penfolds-st-henri-shiraz-australia","1004344","20198007847"
"Penfolds","2020","Penfolds, St Henri Shiraz, Australia","320","Case of 6 Bottles","https://www.bbr.com/products-20208007847-2020-penfolds-st-henri-shiraz-australia","1004344","20208007847"
"Penfolds","2021","Penfolds, St Henri Shiraz, Australia","335","Case of 6 Bottles","https://www.bbr.com/products-20218007847-2021-penfolds-st-henri-shiraz-australia","1004344","20218007847"
"Penfolds","2022","Penfolds, St Henri Shiraz, Australia","620","Case of 6 Bottles","https://www.bbr.com/products-20228007847-2022-penfolds-st-henri-shiraz-australia","1004344","20228007847"
"Penfolds","2018","Penfolds, Superblend 802.A, Australia","1382","Case of 6 Bottles","https://www.bbr.com/products-20188066651-2018-penfolds-superblend-802-a-australia","2085052","20188066651"
"Penfolds","2018","Penfolds, Superblend 802.B, Australia","1798","Case of 6 Bottles","https://www.bbr.com/products-20188160711-2018-penfolds-superblend-802-b-australia","2085065","20188160711"
"Penfolds","2003","Penfolds, Yattarna, Bin 144 Chardonnay, Australia","666","Case of 6 Bottles","https://www.bbr.com/products-20038010609-2003-penfolds-yattarna-bin-144-chardonnay-australia","1004357","20038010609"
"Penfolds","2007","Penfolds, Yattarna, Bin 144 Chardonnay, Australia","475","Case of 6 Bottles","https://www.bbr.com/products-20078010609-2007-penfolds-yattarna-bin-144-chardonnay-australia","1004357","20078010609"
"Penfolds","2013","Penfolds, Yattarna, Bin 144 Chardonnay, Australia","450","Case of 6 Bottles","https://www.bbr.com/products-20138010609-2013-penfolds-yattarna-bin-144-chardonnay-australia","1004357","20138010609"
"Penfolds","2015","Penfolds, Yattarna, Bin 144 Chardonnay, Australia","630","Case of 6 Bottles","https://www.bbr.com/products-20158010609-2015-penfolds-yattarna-bin-144-chardonnay-australia","1004357","20158010609"
"Penfolds","2017","Penfolds, Yattarna, Bin 144 Chardonnay, Australia","700","Case of 6 Bottles","https://www.bbr.com/products-20178010609-2017-penfolds-yattarna-bin-144-chardonnay-australia","1004357","20178010609"
"Penfolds","2020","Penfolds, Yattarna, Bin 144 Chardonnay, Australia","525","Case of 6 Bottles","https://www.bbr.com/products-20208010609-2020-penfolds-yattarna-bin-144-chardonnay-australia","1004357","20208010609"
"Penfolds","2021","Penfolds, Yattarna, Bin 144 Chardonnay, Australia","648","Case of 6 Bottles","https://www.bbr.com/products-20218010609-2021-penfolds-yattarna-bin-144-chardonnay-australia","1004357","20218010609"
"Chateau Lafleur","2017","Pensees de Lafleur, Pomerol, Bordeaux","550","Case of 6 Bottles","https://www.bbr.com/products-20178123578-2017-pensees-de-lafleur-pomerol-bordeaux","1013935","20178123578"
"Chateau Lafleur","2021","Pensees de Lafleur, Pomerol, Bordeaux","450","Case of 3 Bottles","https://www.bbr.com/products-20218123578-2021-pensees-de-lafleur-pomerol-bordeaux","1013935","20218123578"
"Tua Rita","2017","Per Sempre Syrah, Tua Rita, Tuscany, Italy","300","Case of 3 Bottles","https://www.bbr.com/products-20178201160-2017-per-sempre-syrah-tua-rita-tuscany-italy","1652356","20178201160"
"Per Se Vines","2015","PerSe, La Craie, Gualtallary, Mendoza, Argentina","500","Case of 4 Bottles","https://www.bbr.com/products-20158225328-2015-perse-la-craie-gualtallary-mendoza-argentina","1629318","20158225328"
"Perus","2016","PerUs, Janeen, Napa Valley, California, USA","688","Case of 3 Bottles","https://www.bbr.com/products-20168042103-2016-perus-janeen-napa-valley-california-usa","1819218","20168042103"
"San Giusto a Rentennano","2006","Percarlo, San Giusto a Rentennano, Tuscany, Italy","910","Case of 6 Bottles","https://www.bbr.com/products-20068213680-2006-percarlo-san-giusto-a-rentennano-tuscany-italy","1104637","20068213680"
"San Giusto a Rentennano","2007","Percarlo, San Giusto a Rentennano, Tuscany, Italy","500","Case of 6 Bottles","https://www.bbr.com/products-20078213680-2007-percarlo-san-giusto-a-rentennano-tuscany-italy","1104637","20078213680"
"San Giusto a Rentennano","2008","Percarlo, San Giusto a Rentennano, Tuscany, Italy","150","Case of 1 Magnums","https://www.bbr.com/products-20088213680-2008-percarlo-san-giusto-a-rentennano-tuscany-italy","1104637","20088213680"
"San Giusto a Rentennano","2010","Percarlo, San Giusto a Rentennano, Tuscany, Italy","530","Case of 6 Bottles","https://www.bbr.com/products-20108213680-2010-percarlo-san-giusto-a-rentennano-tuscany-italy","1104637","20108213680"
"San Giusto a Rentennano","2015","Percarlo, San Giusto a Rentennano, Tuscany, Italy","650","Case of 6 Bottles","https://www.bbr.com/products-20158213680-2015-percarlo-san-giusto-a-rentennano-tuscany-italy","1104637","20158213680"
"San Giusto a Rentennano","2016","Percarlo, San Giusto a Rentennano, Tuscany, Italy","840","Case of 6 Bottles","https://www.bbr.com/products-20168213680-2016-percarlo-san-giusto-a-rentennano-tuscany-italy","1104637","20168213680"
"San Giusto a Rentennano","2016","Percarlo, San Giusto a Rentennano, Tuscany, Italy","780","Case of 6 Bottles","https://www.bbr.com/products-20168213680-2016-percarlo-san-giusto-a-rentennano-tuscany-italy","1104637","20168213680"
"San Giusto a Rentennano","2016","Percarlo, San Giusto a Rentennano, Tuscany, Italy","300","Case of 1 Magnums","https://www.bbr.com/products-20168213680-2016-percarlo-san-giusto-a-rentennano-tuscany-italy","1104637","20168213680"
"San Giusto a Rentennano","2019","Percarlo, San Giusto a Rentennano, Tuscany, Italy","460","Case of 6 Bottles","https://www.bbr.com/products-20198213680-2019-percarlo-san-giusto-a-rentennano-tuscany-italy","1104637","20198213680"
"San Giusto a Rentennano","2020","Percarlo, San Giusto a Rentennano, Tuscany, Italy","490","Case of 6 Bottles","https://www.bbr.com/products-20208213680-2020-percarlo-san-giusto-a-rentennano-tuscany-italy","1104637","20208213680"
"Domaine Follin-Arbelet","2018","Pernand-Vergelesses Blanc, Domaine Follin-Arbelet, Burgundy","268","Case of 6 Bottles","https://www.bbr.com/products-20188033974-2018-pernand-vergelesses-blanc-domaine-follin-arbelet-burgundy","1838253","20188033974"
"Domaine Follin-Arbelet","2019","Pernand-Vergelesses Blanc, Domaine Follin-Arbelet, Burgundy","268","Case of 6 Bottles","https://www.bbr.com/products-20198033974-2019-pernand-vergelesses-blanc-domaine-follin-arbelet-burgundy","1838253","20198033974"
"Domaine Follin-Arbelet","2021","Pernand-Vergelesses Blanc, Domaine Follin-Arbelet, Burgundy","288","Case of 6 Bottles","https://www.bbr.com/products-20218033974-2021-pernand-vergelesses-blanc-domaine-follin-arbelet-burgundy","1838253","20218033974"
"Domaine Rollin","2022","Pernand-Vergelesses Blanc, Les Cloux, Domaine Rollin Pere &amp; Fils, Burgundy","342","Case of 6 Bottles","https://www.bbr.com/products-20221379239-2022-pernand-vergelesses-blanc-les-cloux-domaine-rollin-pere-and-fils-burgundy","1379239","20221379239"
"Domaine Rollin","2020","Pernand-Vergelesses Rouge, Domaine Rollin Pere &amp; Fils, Burgundy","285","Case of 12 Bottles","https://www.bbr.com/products-20201231155-2020-pernand-vergelesses-rouge-domaine-rollin-pere-and-fils-burgundy","1231155","20201231155"
"Domaine Rapet Pere et Fils","2021","Pernand-Vergelesses Rouge, Ile des Vergelesses, 1er Cru, Domaine Rapet Pere & Fils, Burgundy","280","Case of 6 Bottles","https://www.bbr.com/products-20218070638-2021-pernand-vergelesses-rouge-ile-des-vergelesses-1er-cru-domaine-rapet-pere-fils-burgundy","1054134","20218070638"
"Ramonet","2017","Pernand-Vergelesses Rouge, Les Belles Filles, Domaine Ramonet, Burgundy","600","Case of 12 Bottles","https://www.bbr.com/products-20178178507-2017-pernand-vergelesses-rouge-les-belles-filles-domaine-ramonet-burgundy","1431526","20178178507"
"Dugat-Py","2020","Pernand-Vergelesses Sous Fretille, Vieilles Vignes, 1er Cru, Dugat-Py","798","Case of 6 Bottles","https://www.bbr.com/products-20208109075-2020-pernand-vergelesses-sous-fretille-vieilles-vignes-1er-cru-dugat-py","1334133","20208109075"
"Olivier Leflaive","2022","Pernand-Vergelesses, Fichots, 1er Cru, Olivier Leflaive, Burgundy","280","Case of 6 Bottles","https://www.bbr.com/products-20228309114-2022-pernand-vergelesses-fichots-1er-cru-olivier-leflaive-burgundy","1865765","20228309114"
"Domaine Francois Buffet","2020","Pernand-Vergelesses, Ile des Vergelesses, 1er Cru, Domaine Francois Buffet, Burgundy","235","Case of 6 Bottles","https://www.bbr.com/products-20208032876-2020-pernand-vergelesses-ile-des-vergelesses-1er-cru-domaine-francois-buffet-burgundy","1034945","20208032876"
"Millemann Wines","2022","Pernand-Vergelesses, Ile des Vergelesses, 1er Cru, Millemann Wines, Burgundy","490","Case of 1 Bottles","https://www.bbr.com/products-20228324122-2022-pernand-vergelesses-ile-des-vergelesses-1er-cru-millemann-wines-burgundy","2952141","20228324122"
"Domaine Follin-Arbelet","2018","Pernand-Vergelesses, Les Fichots, 1er Cru, Domaine Follin-Arbelet, Burgundy","268","Case of 6 Bottles","https://www.bbr.com/products-20181149267-2018-pernand-vergelesses-les-fichots-1er-cru-domaine-follin-arbelet-burgundy","1149267","20181149267"
"Domaine Follin-Arbelet","2019","Pernand-Vergelesses, Les Fichots, 1er Cru, Domaine Follin-Arbelet, Burgundy","268","Case of 6 Bottles","https://www.bbr.com/products-20191149267-2019-pernand-vergelesses-les-fichots-1er-cru-domaine-follin-arbelet-burgundy","1149267","20191149267"
"Clos Cantenac","2020","Petit Cantenac, St Emilion, Bordeaux","120","Case of 6 Bottles","https://www.bbr.com/products-20208125006-2020-petit-cantenac-st-emilion-bordeaux","1007693","20208125006"
"Domaine Raveneau","2017","Petit Chablis, Domaine Francois Raveneau, Burgundy","1500","Case of 6 Bottles","https://www.bbr.com/products-20178228664-2017-petit-chablis-domaine-francois-raveneau-burgundy","1483873","20178228664"
"Domaine Raveneau","2018","Petit Chablis, Domaine Francois Raveneau, Burgundy","395","Case of 1 Magnums","https://www.bbr.com/products-20188228664-2018-petit-chablis-domaine-francois-raveneau-burgundy","1483873","20188228664"
"Chateau Figeac","2015","Petit-Figeac, St Emilion, Bordeaux","560","Case of 12 Bottles","https://www.bbr.com/products-20158014913-2015-petit-figeac-st-emilion-bordeaux","1176317","20158014913"
"Chateau Figeac","2015","Petit-Figeac, St Emilion, Bordeaux","560","Case of 12 Bottles","https://www.bbr.com/products-20158014913-2015-petit-figeac-st-emilion-bordeaux","1176317","20158014913"
"Chateau Figeac","2016","Petit-Figeac, St Emilion, Bordeaux","295","Case of 6 Bottles","https://www.bbr.com/products-20168014913-2016-petit-figeac-st-emilion-bordeaux","1176317","20168014913"
"Chateau Figeac","2020","Petit-Figeac, St Emilion, Bordeaux","250","Case of 6 Bottles","https://www.bbr.com/products-20208014913-2020-petit-figeac-st-emilion-bordeaux","1176317","20208014913"
"Chateau Figeac","2021","Petit-Figeac, St Emilion, Bordeaux","234","Case of 6 Bottles","https://www.bbr.com/products-20218014913-2021-petit-figeac-st-emilion-bordeaux","1176317","20218014913"
"Petrus","1980","Petrus, Pomerol, Bordeaux","2800","Case of 1 Bottles","https://www.bbr.com/products-19808010117-1980-petrus-pomerol-bordeaux","1014033","19808010117"
"Petrus","1988","Petrus, Pomerol, Bordeaux","3200","Case of 1 Bottles","https://www.bbr.com/products-19888010117-1988-petrus-pomerol-bordeaux","1014033","19888010117"
"Petrus","1990","Petrus, Pomerol, Bordeaux","41500","Case of 12 Bottles","https://www.bbr.com/products-19908010117-1990-petrus-pomerol-bordeaux","1014033","19908010117"
"Petrus","1994","Petrus, Pomerol, Bordeaux","7500","Case of 1 Magnums","https://www.bbr.com/products-19948010117-1994-petrus-pomerol-bordeaux","1014033","19948010117"
"Petrus","1996","Petrus, Pomerol, Bordeaux","9500","Case of 3 Bottles","https://www.bbr.com/products-19968010117-1996-petrus-pomerol-bordeaux","1014033","19968010117"
"Petrus","2000","Petrus, Pomerol, Bordeaux","22000","Case of 6 Bottles","https://www.bbr.com/products-20008010117-2000-petrus-pomerol-bordeaux","1014033","20008010117"
"Petrus","2004","Petrus, Pomerol, Bordeaux","8500","Case of 3 Bottles","https://www.bbr.com/products-20048010117-2004-petrus-pomerol-bordeaux","1014033","20048010117"
"Petrus","2004","Petrus, Pomerol, Bordeaux","12600","Case of 6 Bottles","https://www.bbr.com/products-20048010117-2004-petrus-pomerol-bordeaux","1014033","20048010117"
"Petrus","2005","Petrus, Pomerol, Bordeaux","28000","Case of 6 Bottles","https://www.bbr.com/products-20058010117-2005-petrus-pomerol-bordeaux","1014033","20058010117"
"Petrus","2006","Petrus, Pomerol, Bordeaux","7300","Case of 3 Bottles","https://www.bbr.com/products-20068010117-2006-petrus-pomerol-bordeaux","1014033","20068010117"
"Petrus","2006","Petrus, Pomerol, Bordeaux","14500","Case of 6 Bottles","https://www.bbr.com/products-20068010117-2006-petrus-pomerol-bordeaux","1014033","20068010117"
"Petrus","2011","Petrus, Pomerol, Bordeaux","13400","Case of 6 Bottles","https://www.bbr.com/products-20118010117-2011-petrus-pomerol-bordeaux","1014033","20118010117"
"Petrus","2012","Petrus, Pomerol, Bordeaux","14900","Case of 6 Bottles","https://www.bbr.com/products-20128010117-2012-petrus-pomerol-bordeaux","1014033","20128010117"
"Petrus","2012","Petrus, Pomerol, Bordeaux","13000","Case of 6 Bottles","https://www.bbr.com/products-20128010117-2012-petrus-pomerol-bordeaux","1014033","20128010117"
"Petrus","2013","Petrus, Pomerol, Bordeaux","5595","Case of 3 Bottles","https://www.bbr.com/products-20138010117-2013-petrus-pomerol-bordeaux","1014033","20138010117"
"Petrus","2014","Petrus, Pomerol, Bordeaux","6800","Case of 3 Bottles","https://www.bbr.com/products-20148010117-2014-petrus-pomerol-bordeaux","1014033","20148010117"
"Petrus","2015","Petrus, Pomerol, Bordeaux","8750","Case of 3 Bottles","https://www.bbr.com/products-20158010117-2015-petrus-pomerol-bordeaux","1014033","20158010117"
"Petrus","2015","Petrus, Pomerol, Bordeaux","21000","Case of 6 Bottles","https://www.bbr.com/products-20158010117-2015-petrus-pomerol-bordeaux","1014033","20158010117"
"Petrus","2015","Petrus, Pomerol, Bordeaux","8500","Case of 1 Magnums","https://www.bbr.com/products-20158010117-2015-petrus-pomerol-bordeaux","1014033","20158010117"
"Petrus","2016","Petrus, Pomerol, Bordeaux","10000","Case of 3 Bottles","https://www.bbr.com/products-20168010117-2016-petrus-pomerol-bordeaux","1014033","20168010117"
"Petrus","2017","Petrus, Pomerol, Bordeaux","6900","Case of 3 Bottles","https://www.bbr.com/products-20178010117-2017-petrus-pomerol-bordeaux","1014033","20178010117"
"Petrus","2018","Petrus, Pomerol, Bordeaux","10000","Case of 3 Bottles","https://www.bbr.com/products-20188010117-2018-petrus-pomerol-bordeaux","1014033","20188010117"
"Petrus","2018","Petrus, Pomerol, Bordeaux","2820","Case of 1 Bottles","https://www.bbr.com/products-20188010117-2018-petrus-pomerol-bordeaux","1014033","20188010117"
"Petrus","2019","Petrus, Pomerol, Bordeaux","10000","Case of 3 Bottles","https://www.bbr.com/products-20198010117-2019-petrus-pomerol-bordeaux","1014033","20198010117"
"Petrus","2019","Petrus, Pomerol, Bordeaux","2450","Case of 1 Bottles","https://www.bbr.com/products-20198010117-2019-petrus-pomerol-bordeaux","1014033","20198010117"
"Petrus","2019","Petrus, Pomerol, Bordeaux","8000","Case of 1 Magnums","https://www.bbr.com/products-20198010117-2019-petrus-pomerol-bordeaux","1014033","20198010117"
"Petrus","2019","Petrus, Pomerol, Bordeaux","20500","Case of 3 Magnums","https://www.bbr.com/products-20198010117-2019-petrus-pomerol-bordeaux","1014033","20198010117"
"Petrus","2021","Petrus, Pomerol, Bordeaux","7888","Case of 3 Bottles","https://www.bbr.com/products-20218010117-2021-petrus-pomerol-bordeaux","1014033","20218010117"
"Pewsey Vale Vineyard","2016","Pewsey Vale, The Contours Riesling, Museum Reserve, Eden Valley, Australia","135","Case of 6 Bottles","https://www.bbr.com/products-20168138868-2016-pewsey-vale-the-contours-riesling-museum-reserve-eden-valley-australia","1171006","20168138868"
"Philip Togni Vineyard","2012","Philip Togni Vineyard, Cabernet Sauvignon, Napa Valley, California, USA","1300","Case of 12 Bottles","https://www.bbr.com/products-20121123568-2012-philip-togni-vineyard-cabernet-sauvignon-napa-valley-california-usa","1123568","20121123568"
"Philip Togni Vineyard","2014","Philip Togni Vineyard, Cabernet Sauvignon, Napa Valley, California, USA","1100","Case of 12 Bottles","https://www.bbr.com/products-20141123568-2014-philip-togni-vineyard-cabernet-sauvignon-napa-valley-california-usa","1123568","20141123568"
"Philip Togni Vineyard","2015","Philip Togni Vineyard, Cabernet Sauvignon, Napa Valley, California, USA","1375","Case of 12 Bottles","https://www.bbr.com/products-20151123568-2015-philip-togni-vineyard-cabernet-sauvignon-napa-valley-california-usa","1123568","20151123568"
"Philip Togni Vineyard","2018","Philip Togni Vineyard, Cabernet Sauvignon, Napa Valley, California, USA","954","Case of 6 Bottles","https://www.bbr.com/products-20181123568-2018-philip-togni-vineyard-cabernet-sauvignon-napa-valley-california-usa","1123568","20181123568"
"Poggio Scalette","2005","Piantonaia, Poggio Scalette, Tuscany, Italy","325","Case of 1 Magnums","https://www.bbr.com/products-20058210865-2005-piantonaia-poggio-scalette-tuscany-italy","1159653","20058210865"
"Poggio Scalette","2009","Piantonaia, Poggio Scalette, Tuscany, Italy","425","Case of 6 Bottles","https://www.bbr.com/products-20098210865-2009-piantonaia-poggio-scalette-tuscany-italy","1159653","20098210865"
"Chateau Pichon-Longueville Lalande","2017","Pichon Comtesse Reserve, Pauillac, Bordeaux","190","Case of 6 Bottles","https://www.bbr.com/products-20178012788-2017-pichon-comtesse-reserve-pauillac-bordeaux","1014639","20178012788"
"Chateau Pichon-Longueville Lalande","2022","Pichon Comtesse Reserve, Pauillac, Bordeaux","230","Case of 6 Bottles","https://www.bbr.com/products-20228012788-2022-pichon-comtesse-reserve-pauillac-bordeaux","1014639","20228012788"
"Chateau Pichon-Longueville Lalande","2022","Pichon Comtesse Reserve, Pauillac, Bordeaux","250","Case of 12 Half Bottles","https://www.bbr.com/products-20228012788-2022-pichon-comtesse-reserve-pauillac-bordeaux","1014639","20228012788"
"Cesar Marquez","2022","Pico Ferreira, Cesar Marquez, Bierzo, Spain","218","Case of 6 Bottles","https://www.bbr.com/products-20228054346-2022-pico-ferreira-cesar-marquez-bierzo-spain","1831007","20228054346"
"Bodegas Casa Castillo","2017","Pie Franco, Casa Castillo, Jumilla, Spain","370","Case of 6 Bottles","https://www.bbr.com/products-20178031693-2017-pie-franco-casa-castillo-jumilla-spain","1172104","20178031693"
"Bodegas Casa Castillo","2020","Pie Franco, Casa Castillo, Jumilla, Spain","1299","Case of 6 Bottles","https://www.bbr.com/products-20208031693-2020-pie-franco-casa-castillo-jumilla-spain","1172104","20208031693"
"Pierre Graffeuille","2015","Pierre Graffeuille, Odyssee, Vin de France","195","Case of 6 Bottles","https://www.bbr.com/products-20158104230-2015-pierre-graffeuille-odyssee-vin-de-france","1656341","20158104230"
"Dominio de Pingus","2014","Pingus, Ribera del Duero, Spain","4300","Case of 6 Bottles","https://www.bbr.com/products-20148106120-2014-pingus-ribera-del-duero-spain","1120743","20148106120"
"Dominio de Pingus","2018","Pingus, Ribera del Duero, Spain","3780","Case of 6 Bottles","https://www.bbr.com/products-20188106120-2018-pingus-ribera-del-duero-spain","1120743","20188106120"
"Donnhoff","2012","Pinot Gris 'S', Donnhoff, Nahe","145","Case of 6 Bottles","https://www.bbr.com/products-20128113557-2012-pinot-gris-s-donnhoff-nahe","1171644","20128113557"
"Domaine Zind Humbrecht","2007","Pinot Gris, Clos Saint Urbain, Rangen de Thann, Grand Cru, Domaine Zind-Humbrecht, Alsace","370","Case of 6 Bottles","https://www.bbr.com/products-20078114147-2007-pinot-gris-clos-saint-urbain-rangen-de-thann-grand-cru-domaine-zind-humbrecht-alsace","1148042","20078114147"
"Domaine Zind Humbrecht","2019","Pinot Gris, Clos Saint Urbain, Rangen de Thann, Grand Cru, Domaine Zind-Humbrecht, Alsace","295","Case of 6 Bottles","https://www.bbr.com/products-20198114147-2019-pinot-gris-clos-saint-urbain-rangen-de-thann-grand-cru-domaine-zind-humbrecht-alsace","1148042","20198114147"
"Domaine Zind Humbrecht","2012","Pinot Gris, Clos Windsbuhl, Domaine Zind-Humbrecht, Alsace","250","Case of 6 Bottles","https://www.bbr.com/products-20128115391-2012-pinot-gris-clos-windsbuhl-domaine-zind-humbrecht-alsace","1125331","20128115391"
"Hugel et Fils","2015","Pinot Gris, Grossi Laue, Famille Hugel, Alsace","225","Case of 6 Bottles","https://www.bbr.com/products-20158108078-2015-pinot-gris-grossi-laue-famille-hugel-alsace","1379255","20158108078"
"Domaine Zind Humbrecht","2022","Pinot Gris, Rangen de Thann, Clos Saint Urbain, Grand Cru, Domaine Zind-Humbrecht, Alsace","370","Case of 6 Bottles","https://www.bbr.com/products-20228114147-2022-pinot-gris-rangen-de-thann-clos-saint-urbain-grand-cru-domaine-zind-humbrecht-alsace","1148042","20228114147"
"Trimbach","2017","Pinot Gris, Reserve Personnelle, Trimbach, Alsace","225","Case of 6 Bottles","https://www.bbr.com/products-20178126117-2017-pinot-gris-reserve-personnelle-trimbach-alsace","1000232","20178126117"
"Trimbach","2017","Pinot Gris, Reserve Personnelle, Trimbach, Alsace","210","Case of 3 Magnums","https://www.bbr.com/products-20178126117-2017-pinot-gris-reserve-personnelle-trimbach-alsace","1000232","20178126117"
"Trimbach","2018","Pinot Gris, Reserve Personnelle, Trimbach, Alsace","239","Case of 6 Bottles","https://www.bbr.com/products-20188126117-2018-pinot-gris-reserve-personnelle-trimbach-alsace","1000232","20188126117"
"Domaine Zind Humbrecht","2005","Pinot Gris, Selection de Grains Nobles, Clos Jebsal, Domaine Zind-Humbrecht, Alsace","700","Case of 12 Half Bottles","https://www.bbr.com/products-20058126016-2005-pinot-gris-selection-de-grains-nobles-clos-jebsal-domaine-zind-humbrecht-alsace","1000418","20058126016"
"Weingut Holger Koch","2015","Pinot Noir Herrenstuck (13-16), Holger Koch","150","Case of 6 Bottles","https://www.bbr.com/products-20158203496-2015-pinot-noir-herrenstuck-13-16-holger-koch","1448171","20158203496"
"Hugel et Fils","2016","Pinot Noir, Grossi Laue, Famille Hugel, Alsace","270","Case of 6 Bottles","https://www.bbr.com/products-20168036542-2016-pinot-noir-grossi-laue-famille-hugel-alsace","1845680","20168036542"
"Daniel Twardowski","2019","Pinot Noir, Hofberg Vineyard, Koenig, Daniel Twardowski, Mosel, Germany","620","Case of 6 Bottles","https://www.bbr.com/products-20198081786-2019-pinot-noir-hofberg-vineyard-koenig-daniel-twardowski-mosel-germany","3051177","20198081786"
"Domaine Albert Mann","2022","Pinot Noir, Les Saintes Claires, Albert Mann, Alsace","1695","Case of 12 Bottles","https://www.bbr.com/products-20228325783-2022-pinot-noir-les-saintes-claires-albert-mann-alsace","1768822","20228325783"
"Daniel Twardowski","2017","Pinot Noix Ardoise, Daniel Twardowski, Mosel, Germany","245","Case of 6 Bottles","https://www.bbr.com/products-20178308016-2017-pinot-noix-ardoise-daniel-twardowski-mosel-germany","1447288","20178308016"
"Champagne La Rogerie","","Pinots, Niedermohrschwihr Reserve Perpetuelle NV22, La Rogerie, Alsace","240","Case of 6 Bottles","https://www.bbr.com/products-10008317766-pinots-niedermohrschwihr-reserve-perpetuelle-nv22-la-rogerie-alsace","2988034","10008317766"
"Wine & Soul","2013","Pintas Character Tinto, Wine & Soul, Douro, Portugal","150","Case of 6 Bottles","https://www.bbr.com/products-20138168209-2013-pintas-character-tinto-wine-soul-douro-portugal","1219672","20138168209"
"Wine & Soul","2015","Pintas Tinto, Wine & Soul, Douro, Portugal","360","Case of 6 Bottles","https://www.bbr.com/products-20158168212-2015-pintas-tinto-wine-soul-douro-portugal","1203965","20158168212"
"Antinori","2017","Poggio Alle Nane, Le Mortelle, Antinori, Tuscany, Italy","420","Case of 6 Bottles","https://www.bbr.com/products-20178052557-2017-poggio-alle-nane-le-mortelle-antinori-tuscany-italy","1635230","20178052557"
"Poggio Lamentano","2021","Poggio Lamentano, Rosso, Bolgheri, Tuscany, Italy","600","Case of 6 Bottles","https://www.bbr.com/products-20218076148-2021-poggio-lamentano-rosso-bolgheri-tuscany-italy","2963071","20218076148"
"Poggio Lamentano","2023","Poggio Lamentano, Rosso, Bolgheri, Tuscany, Italy","228","Case of 6 Bottles","https://www.bbr.com/products-20238076148-2023-poggio-lamentano-rosso-bolgheri-tuscany-italy","2963071","20238076148"
"Saffredi di Maremma Pupille","2019","Poggio Valente, Fattoria Le Pupille, Tuscany, Italy","169","Case of 6 Bottles","https://www.bbr.com/products-20198213895-2019-poggio-valente-fattoria-le-pupille-tuscany-italy","1103702","20198213895"
"Saffredi di Maremma Pupille","2021","Poggio Valente, Fattoria Le Pupille, Tuscany, Italy","185","Case of 6 Bottles","https://www.bbr.com/products-20218213895-2021-poggio-valente-fattoria-le-pupille-tuscany-italy","1103702","20218213895"
"Ornellaia","2023","Poggio alle Gazze dell'Ornellaia, Tuscany, Italy","216","Case of 6 Bottles","https://www.bbr.com/products-20238115014-2023-poggio-alle-gazze-dell-ornellaia-tuscany-italy","1133749","20238115014"
"Lucien Le Moine","2014","Pommard 1er Cru, La Chaniere, Maison Lucien Le Moine","564","Case of 6 Bottles","https://www.bbr.com/products-20148205009-2014-pommard-1er-cru-la-chaniere-maison-lucien-le-moine","1372689","20148205009"
"Maison Camille Giroud","1978","Pommard, 1er Cru, Camille Giroud","5500","Case of 6 Bottles","https://www.bbr.com/products-19788024035-1978-pommard-1er-cru-camille-giroud","1034961","19788024035"
"Domaine Comte Armand","2003","Pommard, 1er Cru, Comte Armand, Burgundy","400","Case of 6 Bottles","https://www.bbr.com/products-20038003517-2003-pommard-1er-cru-comte-armand-burgundy","1026511","20038003517"
"Domaine Comte Armand","2009","Pommard, 1er Cru, Comte Armand, Burgundy","450","Case of 6 Bottles","https://www.bbr.com/products-20098003517-2009-pommard-1er-cru-comte-armand-burgundy","1026511","20098003517"
"Domaine Comte Armand","2011","Pommard, 1er Cru, Comte Armand, Burgundy","350","Case of 6 Bottles","https://www.bbr.com/products-20118003517-2011-pommard-1er-cru-comte-armand-burgundy","1026511","20118003517"
"Domaine Launay-Horiot","2018","Pommard, Clos Blanc, 1er Cru, Domaine Launay-Horiot, Burgundy","300","Case of 6 Bottles","https://www.bbr.com/products-20188057246-2018-pommard-clos-blanc-1er-cru-domaine-launay-horiot-burgundy","1423310","20188057246"
"Mark Haisma","2015","Pommard, Clos Les Arvelets, 1er Cru Mark Haisma","330","Case of 6 Bottles","https://www.bbr.com/products-20158203568-2015-pommard-clos-les-arvelets-1er-cru-mark-haisma","1445923","20158203568"
"Domaine Francois Buffet","2020","Pommard, Clos Micot, 1er Cru, Domaine Francois Buffet, Burgundy","305","Case of 6 Bottles","https://www.bbr.com/products-20208032863-2020-pommard-clos-micot-1er-cru-domaine-francois-buffet-burgundy","1543414","20208032863"
"Chateau de Meursault","2015","Pommard, Clos de Epenots, 1er Cru, Chateau de Meursault, Burgundy","388","Case of 6 Bottles","https://www.bbr.com/products-20158212452-2015-pommard-clos-de-epenots-1er-cru-chateau-de-meursault-burgundy","1123962","20158212452"
"Domaine Comte Armand","1999","Pommard, Clos des Epeneaux, 1er Cru, Comte Armand, Burgundy","1650","Case of 12 Bottles","https://www.bbr.com/products-19991026524-1999-pommard-clos-des-epeneaux-1er-cru-comte-armand-burgundy","1026524","19991026524"
"Domaine Comte Armand","2004","Pommard, Clos des Epeneaux, 1er Cru, Comte Armand, Burgundy","570","Case of 6 Bottles","https://www.bbr.com/products-20041026524-2004-pommard-clos-des-epeneaux-1er-cru-comte-armand-burgundy","1026524","20041026524"
"Domaine Comte Armand","2005","Pommard, Clos des Epeneaux, 1er Cru, Comte Armand, Burgundy","500","Case of 6 Bottles","https://www.bbr.com/products-20051026524-2005-pommard-clos-des-epeneaux-1er-cru-comte-armand-burgundy","1026524","20051026524"
"Domaine Comte Armand","2006","Pommard, Clos des Epeneaux, 1er Cru, Comte Armand, Burgundy","550","Case of 6 Bottles","https://www.bbr.com/products-20061026524-2006-pommard-clos-des-epeneaux-1er-cru-comte-armand-burgundy","1026524","20061026524"
"Domaine Comte Armand","2008","Pommard, Clos des Epeneaux, 1er Cru, Comte Armand, Burgundy","485","Case of 6 Bottles","https://www.bbr.com/products-20081026524-2008-pommard-clos-des-epeneaux-1er-cru-comte-armand-burgundy","1026524","20081026524"
"Domaine Comte Armand","2008","Pommard, Clos des Epeneaux, 1er Cru, Comte Armand, Burgundy","445","Case of 6 Bottles","https://www.bbr.com/products-20081026524-2008-pommard-clos-des-epeneaux-1er-cru-comte-armand-burgundy","1026524","20081026524"
"Domaine Comte Armand","2009","Pommard, Clos des Epeneaux, 1er Cru, Comte Armand, Burgundy","500","Case of 6 Bottles","https://www.bbr.com/products-20091026524-2009-pommard-clos-des-epeneaux-1er-cru-comte-armand-burgundy","1026524","20091026524"
"Domaine Comte Armand","2009","Pommard, Clos des Epeneaux, 1er Cru, Comte Armand, Burgundy","600","Case of 6 Bottles","https://www.bbr.com/products-20091026524-2009-pommard-clos-des-epeneaux-1er-cru-comte-armand-burgundy","1026524","20091026524"
"Domaine Comte Armand","2009","Pommard, Clos des Epeneaux, 1er Cru, Comte Armand, Burgundy","900","Case of 6 Magnums","https://www.bbr.com/products-20091026524-2009-pommard-clos-des-epeneaux-1er-cru-comte-armand-burgundy","1026524","20091026524"
"Domaine Comte Armand","2010","Pommard, Clos des Epeneaux, 1er Cru, Comte Armand, Burgundy","550","Case of 6 Bottles","https://www.bbr.com/products-20101026524-2010-pommard-clos-des-epeneaux-1er-cru-comte-armand-burgundy","1026524","20101026524"
"Domaine Comte Armand","2010","Pommard, Clos des Epeneaux, 1er Cru, Comte Armand, Burgundy","640","Case of 6 Bottles","https://www.bbr.com/products-20101026524-2010-pommard-clos-des-epeneaux-1er-cru-comte-armand-burgundy","1026524","20101026524"
"Domaine Comte Armand","2011","Pommard, Clos des Epeneaux, 1er Cru, Comte Armand, Burgundy","340","Case of 6 Bottles","https://www.bbr.com/products-20111026524-2011-pommard-clos-des-epeneaux-1er-cru-comte-armand-burgundy","1026524","20111026524"
"Domaine Comte Armand","2011","Pommard, Clos des Epeneaux, 1er Cru, Comte Armand, Burgundy","360","Case of 6 Bottles","https://www.bbr.com/products-20111026524-2011-pommard-clos-des-epeneaux-1er-cru-comte-armand-burgundy","1026524","20111026524"
"Domaine Comte Armand","2011","Pommard, Clos des Epeneaux, 1er Cru, Comte Armand, Burgundy","870","Case of 6 Magnums","https://www.bbr.com/products-20111026524-2011-pommard-clos-des-epeneaux-1er-cru-comte-armand-burgundy","1026524","20111026524"
"Domaine Comte Armand","2012","Pommard, Clos des Epeneaux, 1er Cru, Comte Armand, Burgundy","445","Case of 3 Magnums","https://www.bbr.com/products-20121026524-2012-pommard-clos-des-epeneaux-1er-cru-comte-armand-burgundy","1026524","20121026524"
"Domaine Comte Armand","2013","Pommard, Clos des Epeneaux, 1er Cru, Comte Armand, Burgundy","665","Case of 6 Bottles","https://www.bbr.com/products-20131026524-2013-pommard-clos-des-epeneaux-1er-cru-comte-armand-burgundy","1026524","20131026524"
"Domaine Comte Armand","2013","Pommard, Clos des Epeneaux, 1er Cru, Comte Armand, Burgundy","432","Case of 6 Bottles","https://www.bbr.com/products-20131026524-2013-pommard-clos-des-epeneaux-1er-cru-comte-armand-burgundy","1026524","20131026524"
"Domaine Comte Armand","2013","Pommard, Clos des Epeneaux, 1er Cru, Comte Armand, Burgundy","430","Case of 6 Bottles","https://www.bbr.com/products-20131026524-2013-pommard-clos-des-epeneaux-1er-cru-comte-armand-burgundy","1026524","20131026524"
"Domaine Comte Armand","2014","Pommard, Clos des Epeneaux, 1er Cru, Comte Armand, Burgundy","450","Case of 6 Bottles","https://www.bbr.com/products-20141026524-2014-pommard-clos-des-epeneaux-1er-cru-comte-armand-burgundy","1026524","20141026524"
"Domaine Comte Armand","2015","Pommard, Clos des Epeneaux, 1er Cru, Comte Armand, Burgundy","700","Case of 6 Bottles","https://www.bbr.com/products-20151026524-2015-pommard-clos-des-epeneaux-1er-cru-comte-armand-burgundy","1026524","20151026524"
"Domaine Comte Armand","2016","Pommard, Clos des Epeneaux, 1er Cru, Comte Armand, Burgundy","575","Case of 6 Bottles","https://www.bbr.com/products-20161026524-2016-pommard-clos-des-epeneaux-1er-cru-comte-armand-burgundy","1026524","20161026524"
"Domaine Comte Armand","2017","Pommard, Clos des Epeneaux, 1er Cru, Comte Armand, Burgundy","500","Case of 6 Bottles","https://www.bbr.com/products-20171026524-2017-pommard-clos-des-epeneaux-1er-cru-comte-armand-burgundy","1026524","20171026524"
"Domaine Comte Armand","2017","Pommard, Clos des Epeneaux, 1er Cru, Comte Armand, Burgundy","556","Case of 6 Bottles","https://www.bbr.com/products-20171026524-2017-pommard-clos-des-epeneaux-1er-cru-comte-armand-burgundy","1026524","20171026524"
"Domaine Comte Armand","2018","Pommard, Clos des Epeneaux, 1er Cru, Comte Armand, Burgundy","470","Case of 6 Bottles","https://www.bbr.com/products-20181026524-2018-pommard-clos-des-epeneaux-1er-cru-comte-armand-burgundy","1026524","20181026524"
"Domaine Comte Armand","2019","Pommard, Clos des Epeneaux, 1er Cru, Comte Armand, Burgundy","800","Case of 6 Bottles","https://www.bbr.com/products-20191026524-2019-pommard-clos-des-epeneaux-1er-cru-comte-armand-burgundy","1026524","20191026524"
"Domaine Comte Armand","2020","Pommard, Clos des Epeneaux, 1er Cru, Comte Armand, Burgundy","425","Case of 6 Bottles","https://www.bbr.com/products-20201026524-2020-pommard-clos-des-epeneaux-1er-cru-comte-armand-burgundy","1026524","20201026524"
"Domaine Comte Armand","2021","Pommard, Clos des Epeneaux, 1er Cru, Comte Armand, Burgundy","390","Case of 6 Bottles","https://www.bbr.com/products-20211026524-2021-pommard-clos-des-epeneaux-1er-cru-comte-armand-burgundy","1026524","20211026524"
"Domaine Comte Armand","2022","Pommard, Clos des Epeneaux, 1er Cru, Comte Armand, Burgundy","575","Case of 6 Bottles","https://www.bbr.com/products-20221026524-2022-pommard-clos-des-epeneaux-1er-cru-comte-armand-burgundy","1026524","20221026524"
"Maison Camille Giroud","1990","Pommard, Clos des Epenaux, 1er Cru, Camille Giroud","1200","Case of 6 Bottles","https://www.bbr.com/products-19908024051-1990-pommard-clos-des-epenaux-1er-cru-camille-giroud","1034974","19908024051"
"Louis Jadot","2015","Pommard, Clos la Commaraine, 1er Cru, Louis Jadot","268","Case of 6 Bottles","https://www.bbr.com/products-20158022350-2015-pommard-clos-la-commaraine-1er-cru-louis-jadot","1038611","20158022350"
"Domaine Voillot","2022","Pommard, Domaine Joseph Voillot, Burgundy","660","Case of 12 Bottles","https://www.bbr.com/products-20228153876-2022-pommard-domaine-joseph-voillot-burgundy","1059142","20228153876"
"Domaine Denis Carre","2020","Pommard, En Brescul, Domaine Denis Carre, Burgundy","150","Case of 6 Bottles","https://www.bbr.com/products-20208047036-2020-pommard-en-brescul-domaine-denis-carre-burgundy","1866371","20208047036"
"Domaine Denis Carre","2021","Pommard, En Brescul, Domaine Denis Carre, Burgundy","129","Case of 6 Bottles","https://www.bbr.com/products-20218047036-2021-pommard-en-brescul-domaine-denis-carre-burgundy","1866371","20218047036"
"Domaine Denis Carre","2022","Pommard, En Brescul, Domaine Denis Carre, Burgundy","185","Case of 6 Bottles","https://www.bbr.com/products-20228047036-2022-pommard-en-brescul-domaine-denis-carre-burgundy","1866371","20228047036"
"Domaine Denis Carre","2023","Pommard, En Brescul, Domaine Denis Carre, Burgundy","130","Case of 6 Bottles","https://www.bbr.com/products-20238047036-2023-pommard-en-brescul-domaine-denis-carre-burgundy","1866371","20238047036"
"Domaine Antoine Jobard","2020","Pommard, Epenots, 1er Cru, Domaine Antoine Jobard, Burgundy","440","Case of 6 Bottles","https://www.bbr.com/products-20208178158-2020-pommard-epenots-1er-cru-domaine-antoine-jobard-burgundy","2151414","20208178158"
"Domaine Parent","2016","Pommard, Epenots, 1er Cru, Domaine Parent, Burgundy","491","Case of 6 Bottles","https://www.bbr.com/products-20168054636-2016-pommard-epenots-1er-cru-domaine-parent-burgundy","1261235","20168054636"
"Domaine Parent","2019","Pommard, Epenots, 1er Cru, Domaine Parent, Burgundy","492","Case of 6 Bottles","https://www.bbr.com/products-20198054636-2019-pommard-epenots-1er-cru-domaine-parent-burgundy","1261235","20198054636"
"Maison Joseph Drouhin","2017","Pommard, Grands Epenots, 1er Cru, Joseph Drouhin, Burgundy","299","Case of 6 Bottles","https://www.bbr.com/products-20178166713-2017-pommard-grands-epenots-1er-cru-joseph-drouhin-burgundy","1029310","20178166713"
"Maison Joseph Drouhin","2019","Pommard, Grands Epenots, 1er Cru, Joseph Drouhin, Burgundy","300","Case of 6 Bottles","https://www.bbr.com/products-20198166713-2019-pommard-grands-epenots-1er-cru-joseph-drouhin-burgundy","1029310","20198166713"
"Domaine A-F Gros","2019","Pommard, La Chaniere, 1er Cru, A.-F. Gros, Burgundy","275","Case of 1 Magnums","https://www.bbr.com/products-20198121949-2019-pommard-la-chaniere-1er-cru-a-f-gros-burgundy","2585002","20198121949"
"Lucien Le Moine","2020","Pommard, La Chaniere, 1er Cru, Maison Lucien Le Moine, Burgundy","547","Case of 6 Bottles","https://www.bbr.com/products-20208205009-2020-pommard-la-chaniere-1er-cru-maison-lucien-le-moine-burgundy","1372689","20208205009"
"Domaine A-F Gros","2019","Pommard, Les Arvelets, 1er Cru, Domaine A.-F. Gros, Burgundy","500","Case of 6 Bottles","https://www.bbr.com/products-20198116747-2019-pommard-les-arvelets-1er-cru-domaine-a-f-gros-burgundy","1036226","20198116747"
"Philippe Pacalet","2017","Pommard, Les Arvelets, 1er Cru, Domaine Philippe Pacalet, Burgundy","1185","Case of 12 Bottles","https://www.bbr.com/products-20178051912-2017-pommard-les-arvelets-1er-cru-domaine-philippe-pacalet-burgundy","1385470","20178051912"
"Domaine Parent","2015","Pommard, Les Chanlins, 1er Cru, Domaine Parent, Burgundy","423","Case of 6 Bottles","https://www.bbr.com/products-20158116978-2015-pommard-les-chanlins-1er-cru-domaine-parent-burgundy","1050208","20158116978"
"Maison Joseph Drouhin","2020","Pommard, Les Chanlins-Bas, 1er Cru, Joseph Drouhin, Burgundy","395","Case of 6 Bottles","https://www.bbr.com/products-20208251178-2020-pommard-les-chanlins-bas-1er-cru-joseph-drouhin-burgundy","1962392","20208251178"
"Domaine Launay-Horiot","2018","Pommard, Les Chaponnieres, 1er Cru, Domaine Launay-Horiot, Burgundy","490","Case of 12 Bottles","https://www.bbr.com/products-20188135391-2018-pommard-les-chaponnieres-1er-cru-domaine-launay-horiot-burgundy","1423307","20188135391"
"Domaine Launay-Horiot","2018","Pommard, Les Chaponnieres, 1er Cru, Domaine Launay-Horiot, Burgundy","650","Case of 12 Bottles","https://www.bbr.com/products-20188135391-2018-pommard-les-chaponnieres-1er-cru-domaine-launay-horiot-burgundy","1423307","20188135391"
"Domaine Launay-Horiot","2019","Pommard, Les Chaponnieres, 1er Cru, Domaine Launay-Horiot, Burgundy","300","Case of 6 Bottles","https://www.bbr.com/products-20198135391-2019-pommard-les-chaponnieres-1er-cru-domaine-launay-horiot-burgundy","1423307","20198135391"
"Domaine Launay-Horiot","2020","Pommard, Les Chaponnieres, 1er Cru, Domaine Launay-Horiot, Burgundy","590","Case of 12 Bottles","https://www.bbr.com/products-20208135391-2020-pommard-les-chaponnieres-1er-cru-domaine-launay-horiot-burgundy","1423307","20208135391"
"Maison Camille Giroud","2019","Pommard, Les Cras, Camille Giroud, Burgundy","480","Case of 6 Bottles","https://www.bbr.com/products-20198024048-2019-pommard-les-cras-camille-giroud-burgundy","1034958","20198024048"
"Maison Camille Giroud","2021","Pommard, Les Cras, Camille Giroud, Burgundy","202","Case of 6 Bottles","https://www.bbr.com/products-20218024048-2021-pommard-les-cras-camille-giroud-burgundy","1034958","20218024048"
"Maison Camille Giroud","2022","Pommard, Les Cras, Camille Giroud, Burgundy","300","Case of 6 Bottles","https://www.bbr.com/products-20228169365-2022-pommard-les-cras-camille-giroud-burgundy","2180702","20228169365"
"Domaine de Montille","2015","Pommard, Les Cras, Domaine de Montille, Burgundy","560","Case of 12 Bottles","https://www.bbr.com/products-20158018328-2015-pommard-les-cras-domaine-de-montille-burgundy","1241932","20158018328"
"Louis Boillot","2015","Pommard, Les Croix Noires, 1er Cru, Domaine Louis Boillot &amp; Fils, Burgundy","285","Case of 6 Bottles","https://www.bbr.com/products-20158023487-2015-pommard-les-croix-noires-1er-cru-domaine-louis-boillot-and-fils-burgundy","1021356","20158023487"
"Louis Boillot","2018","Pommard, Les Croix Noires, 1er Cru, Domaine Louis Boillot &amp; Fils, Burgundy","310","Case of 6 Bottles","https://www.bbr.com/products-20188023487-2018-pommard-les-croix-noires-1er-cru-domaine-louis-boillot-and-fils-burgundy","1021356","20188023487"
"Louis Boillot","2019","Pommard, Les Croix Noires, 1er Cru, Domaine Louis Boillot &amp; Fils, Burgundy","340","Case of 6 Bottles","https://www.bbr.com/products-20198023487-2019-pommard-les-croix-noires-1er-cru-domaine-louis-boillot-and-fils-burgundy","1021356","20198023487"
"David Moreau","2021","Pommard, Les Digonelles, David Moreau, Burgundy","176","Case of 6 Bottles","https://www.bbr.com/products-20218148805-2021-pommard-les-digonelles-david-moreau-burgundy","2155614","20218148805"
"David Moreau","2022","Pommard, Les Digonelles, David Moreau, Burgundy","190","Case of 6 Bottles","https://www.bbr.com/products-20228148805-2022-pommard-les-digonelles-david-moreau-burgundy","2155614","20228148805"
"Lucien Le Moine","2014","Pommard, Les Epenots, 1er Cru, Lucien Le Moine, Burgundy","576","Case of 6 Bottles","https://www.bbr.com/products-20148212449-2014-pommard-les-epenots-1er-cru-lucien-le-moine-burgundy","1124158","20148212449"
"Lucien Le Moine","2019","Pommard, Les Epenots, 1er Cru, Lucien Le Moine, Burgundy","650","Case of 6 Bottles","https://www.bbr.com/products-20198212449-2019-pommard-les-epenots-1er-cru-lucien-le-moine-burgundy","1124158","20198212449"
"Lucien Le Moine","2020","Pommard, Les Epenots, 1er Cru, Lucien Le Moine, Burgundy","547","Case of 6 Bottles","https://www.bbr.com/products-20208212449-2020-pommard-les-epenots-1er-cru-lucien-le-moine-burgundy","1124158","20208212449"
"Louis Boillot","2023","Pommard, Les Fremiers, 1er Cru, Domaine Louis Boillot & Fils, Burgundy","400","Case of 6 Bottles","https://www.bbr.com/products-20231021369-2023-pommard-les-fremiers-1er-cru-domaine-louis-boillot-fils-burgundy","1021369","20231021369"
"Lucien Le Moine","2016","Pommard, Les Grands Epenots, 1er Cru, Lucien Le Moine, Burgundy","593","Case of 6 Bottles","https://www.bbr.com/products-20168103363-2016-pommard-les-grands-epenots-1er-cru-lucien-le-moine-burgundy","1042744","20168103363"
"Lucien Le Moine","2018","Pommard, Les Grands Epenots, 1er Cru, Lucien Le Moine, Burgundy","590","Case of 6 Bottles","https://www.bbr.com/products-20188103363-2018-pommard-les-grands-epenots-1er-cru-lucien-le-moine-burgundy","1042744","20188103363"
"Domaine de Montille","2017","Pommard, Les Grands Epenots, 1er Cru, Domaine de Montille, Burgundy","1083","Case of 12 Bottles","https://www.bbr.com/products-20178009681-2017-pommard-les-grands-epenots-1er-cru-domaine-de-montille-burgundy","1048124","20178009681"
"Domaine de Montille","2019","Pommard, Les Grands Epenots, 1er Cru, Domaine de Montille, Burgundy","650","Case of 6 Bottles","https://www.bbr.com/products-20198009681-2019-pommard-les-grands-epenots-1er-cru-domaine-de-montille-burgundy","1048124","20198009681"
"Pierre Girardin","2018","Pommard, Les Grands Epenots, 1er Cru, Pierre Girardin, Burgundy","500","Case of 6 Bottles","https://www.bbr.com/products-20188147710-2018-pommard-les-grands-epenots-1er-cru-pierre-girardin-burgundy","2134819","20188147710"
"Pierre Girardin","2021","Pommard, Les Grands Epenots, 1er Cru, Pierre Girardin, Burgundy","900","Case of 6 Bottles","https://www.bbr.com/products-20218147710-2021-pommard-les-grands-epenots-1er-cru-pierre-girardin-burgundy","2134819","20218147710"
"Domaine Denis Carre","2017","Pommard, Les Noizons, Domaine Denis Carre, Burgundy","195","Case of 6 Bottles","https://www.bbr.com/products-20178017060-2017-pommard-les-noizons-domaine-denis-carre-burgundy","1678026","20178017060"
"Domaine Denis Carre","2018","Pommard, Les Noizons, Domaine Denis Carre, Burgundy","200","Case of 6 Bottles","https://www.bbr.com/products-20188017060-2018-pommard-les-noizons-domaine-denis-carre-burgundy","1678026","20188017060"
"Domaine Denis Carre","2019","Pommard, Les Noizons, Domaine Denis Carre, Burgundy","245","Case of 6 Bottles","https://www.bbr.com/products-20198017060-2019-pommard-les-noizons-domaine-denis-carre-burgundy","1678026","20198017060"
"Domaine Denis Carre","2020","Pommard, Les Noizons, Domaine Denis Carre, Burgundy","190","Case of 6 Bottles","https://www.bbr.com/products-20208017060-2020-pommard-les-noizons-domaine-denis-carre-burgundy","1678026","20208017060"
"Domaine Denis Carre","2021","Pommard, Les Noizons, Domaine Denis Carre, Burgundy","130","Case of 6 Bottles","https://www.bbr.com/products-20218017060-2021-pommard-les-noizons-domaine-denis-carre-burgundy","1678026","20218017060"
"Domaine Denis Carre","2022","Pommard, Les Noizons, Domaine Denis Carre, Burgundy","180","Case of 6 Bottles","https://www.bbr.com/products-20228017060-2022-pommard-les-noizons-domaine-denis-carre-burgundy","1678026","20228017060"
"Domaine Denis Carre","2023","Pommard, Les Noizons, Domaine Denis Carre, Burgundy","300","Case of 6 Bottles","https://www.bbr.com/products-20238017060-2023-pommard-les-noizons-domaine-denis-carre-burgundy","1678026","20238017060"
"Louis Billard","2023","Pommard, Les Noizons, Louis Billard, Burgundy","500","Case of 6 Bottles","https://www.bbr.com/products-20238318662-2023-pommard-les-noizons-louis-billard-burgundy","2999355","20238318662"
"Domaine Launay-Horiot","2018","Pommard, Les Perrieres, Domaine Launay-Horiot, Burgundy","170","Case of 6 Bottles","https://www.bbr.com/products-20188229209-2018-pommard-les-perrieres-domaine-launay-horiot-burgundy","1423293","20188229209"
"Domaine Launay-Horiot","2018","Pommard, Les Perrieres, Domaine Launay-Horiot, Burgundy","180","Case of 3 Magnums","https://www.bbr.com/products-20188229209-2018-pommard-les-perrieres-domaine-launay-horiot-burgundy","1423293","20188229209"
"Domaine Launay-Horiot","2019","Pommard, Les Perrieres, Domaine Launay-Horiot, Burgundy","490","Case of 12 Bottles","https://www.bbr.com/products-20198229209-2019-pommard-les-perrieres-domaine-launay-horiot-burgundy","1423293","20198229209"
"Domaine Launay-Horiot","2020","Pommard, Les Perrieres, Domaine Launay-Horiot, Burgundy","255","Case of 12 Bottles","https://www.bbr.com/products-20208229209-2020-pommard-les-perrieres-domaine-launay-horiot-burgundy","1423293","20208229209"
"Vincent Dancer","2019","Pommard, Les Perrieres, Vincent Dancer, Burgundy","480","Case of 6 Bottles","https://www.bbr.com/products-20198219536-2019-pommard-les-perrieres-vincent-dancer-burgundy","1027866","20198219536"
"Sebastien Magnien","2011","Pommard, Les Petits Noizons, Domaine Sebastien Magnien, Burgundy","360","Case of 12 Bottles","https://www.bbr.com/products-20111132045-2011-pommard-les-petits-noizons-domaine-sebastien-magnien-burgundy","1132045","20111132045"
"Sebastien Magnien","2012","Pommard, Les Petits Noizons, Domaine Sebastien Magnien, Burgundy","270","Case of 6 Bottles","https://www.bbr.com/products-20121132045-2012-pommard-les-petits-noizons-domaine-sebastien-magnien-burgundy","1132045","20121132045"
"Sebastien Magnien","2015","Pommard, Les Petits Noizons, Domaine Sebastien Magnien, Burgundy","200","Case of 6 Bottles","https://www.bbr.com/products-20151132045-2015-pommard-les-petits-noizons-domaine-sebastien-magnien-burgundy","1132045","20151132045"
"Sebastien Magnien","2019","Pommard, Les Petits Noizons, Domaine Sebastien Magnien, Burgundy","220","Case of 6 Bottles","https://www.bbr.com/products-20191132045-2019-pommard-les-petits-noizons-domaine-sebastien-magnien-burgundy","1132045","20191132045"
"Sebastien Magnien","2020","Pommard, Les Petits Noizons, Domaine Sebastien Magnien, Burgundy","145","Case of 6 Bottles","https://www.bbr.com/products-20201132045-2020-pommard-les-petits-noizons-domaine-sebastien-magnien-burgundy","1132045","20201132045"
"Domaine Voillot","2005","Pommard, Les Pezerolles, Premier Cru, Domaine Joseph Voillot, Burgundy","875","Case of 12 Bottles","https://www.bbr.com/products-20058229834-2005-pommard-les-pezerolles-premier-cru-domaine-joseph-voillot-burgundy","1059171","20058229834"
"Domaine A-F Gros","2012","Pommard, Les Pezerolles, 1er Cru, Domaine A.-F. Gros, Burgundy","450","Case of 6 Bottles","https://www.bbr.com/products-20128010029-2012-pommard-les-pezerolles-1er-cru-domaine-a-f-gros-burgundy","1036239","20128010029"
"Domaine A-F Gros","2015","Pommard, Les Pezerolles, 1er Cru, Domaine A.-F. Gros, Burgundy","320","Case of 6 Bottles","https://www.bbr.com/products-20158010029-2015-pommard-les-pezerolles-1er-cru-domaine-a-f-gros-burgundy","1036239","20158010029"
"Domaine A-F Gros","2016","Pommard, Les Pezerolles, 1er Cru, Domaine A.-F. Gros, Burgundy","480","Case of 6 Bottles","https://www.bbr.com/products-20168010029-2016-pommard-les-pezerolles-1er-cru-domaine-a-f-gros-burgundy","1036239","20168010029"
"Domaine A-F Gros","2017","Pommard, Les Pezerolles, 1er Cru, Domaine A.-F. Gros, Burgundy","300","Case of 6 Bottles","https://www.bbr.com/products-20178010029-2017-pommard-les-pezerolles-1er-cru-domaine-a-f-gros-burgundy","1036239","20178010029"
"Domaine A-F Gros","2018","Pommard, Les Pezerolles, 1er Cru, Domaine A.-F. Gros, Burgundy","385","Case of 6 Bottles","https://www.bbr.com/products-20188010029-2018-pommard-les-pezerolles-1er-cru-domaine-a-f-gros-burgundy","1036239","20188010029"
"Domaine A-F Gros","2018","Pommard, Les Pezerolles, 1er Cru, Domaine A.-F. Gros, Burgundy","385","Case of 6 Bottles","https://www.bbr.com/products-20188010029-2018-pommard-les-pezerolles-1er-cru-domaine-a-f-gros-burgundy","1036239","20188010029"
"Domaine A-F Gros","2019","Pommard, Les Pezerolles, 1er Cru, Domaine A.-F. Gros, Burgundy","420","Case of 6 Bottles","https://www.bbr.com/products-20198010029-2019-pommard-les-pezerolles-1er-cru-domaine-a-f-gros-burgundy","1036239","20198010029"
"Domaine A-F Gros","2019","Pommard, Les Pezerolles, 1er Cru, Domaine A.-F. Gros, Burgundy","520","Case of 6 Bottles","https://www.bbr.com/products-20198010029-2019-pommard-les-pezerolles-1er-cru-domaine-a-f-gros-burgundy","1036239","20198010029"
"Domaine A-F Gros","2020","Pommard, Les Pezerolles, 1er Cru, Domaine A.-F. Gros, Burgundy","260","Case of 6 Bottles","https://www.bbr.com/products-20208010029-2020-pommard-les-pezerolles-1er-cru-domaine-a-f-gros-burgundy","1036239","20208010029"
"Domaine A-F Gros","2021","Pommard, Les Pezerolles, 1er Cru, Domaine A.-F. Gros, Burgundy","420","Case of 6 Bottles","https://www.bbr.com/products-20218010029-2021-pommard-les-pezerolles-1er-cru-domaine-a-f-gros-burgundy","1036239","20218010029"
"Domaine A-F Gros","2022","Pommard, Les Pezerolles, 1er Cru, Domaine A.-F. Gros, Burgundy","400","Case of 6 Bottles","https://www.bbr.com/products-20228010029-2022-pommard-les-pezerolles-1er-cru-domaine-a-f-gros-burgundy","1036239","20228010029"
"Domaine de Montille","2002","Pommard, Les Pezerolles, 1er Cru, Domaine de Montille, Burgundy","975","Case of 6 Bottles","https://www.bbr.com/products-20028016597-2002-pommard-les-pezerolles-1er-cru-domaine-de-montille-burgundy","1048140","20028016597"
"Domaine de Montille","2009","Pommard, Les Pezerolles, 1er Cru, Domaine de Montille, Burgundy","792","Case of 6 Bottles","https://www.bbr.com/products-20098016597-2009-pommard-les-pezerolles-1er-cru-domaine-de-montille-burgundy","1048140","20098016597"
"Domaine de Montille","2015","Pommard, Les Pezerolles, 1er Cru, Domaine de Montille, Burgundy","440","Case of 6 Bottles","https://www.bbr.com/products-20158016597-2015-pommard-les-pezerolles-1er-cru-domaine-de-montille-burgundy","1048140","20158016597"
"Domaine de Montille","2015","Pommard, Les Pezerolles, 1er Cru, Domaine de Montille, Burgundy","419","Case of 6 Bottles","https://www.bbr.com/products-20158016597-2015-pommard-les-pezerolles-1er-cru-domaine-de-montille-burgundy","1048140","20158016597"
"Domaine de Montille","2016","Pommard, Les Pezerolles, 1er Cru, Domaine de Montille, Burgundy","420","Case of 6 Bottles","https://www.bbr.com/products-20168016597-2016-pommard-les-pezerolles-1er-cru-domaine-de-montille-burgundy","1048140","20168016597"
"Domaine de Montille","2017","Pommard, Les Pezerolles, 1er Cru, Domaine de Montille, Burgundy","420","Case of 6 Bottles","https://www.bbr.com/products-20178016597-2017-pommard-les-pezerolles-1er-cru-domaine-de-montille-burgundy","1048140","20178016597"
"Domaine de Montille","2018","Pommard, Les Pezerolles, 1er Cru, Domaine de Montille, Burgundy","846","Case of 12 Bottles","https://www.bbr.com/products-20188016597-2018-pommard-les-pezerolles-1er-cru-domaine-de-montille-burgundy","1048140","20188016597"
"Domaine de Montille","2019","Pommard, Les Pezerolles, 1er Cru, Domaine de Montille, Burgundy","485","Case of 6 Bottles","https://www.bbr.com/products-20198016597-2019-pommard-les-pezerolles-1er-cru-domaine-de-montille-burgundy","1048140","20198016597"
"Domaine de Montille","2020","Pommard, Les Pezerolles, 1er Cru, Domaine de Montille, Burgundy","600","Case of 6 Bottles","https://www.bbr.com/products-20208016597-2020-pommard-les-pezerolles-1er-cru-domaine-de-montille-burgundy","1048140","20208016597"
"Domaine de Montille","2021","Pommard, Les Pezerolles, 1er Cru, Domaine de Montille, Burgundy","530","Case of 6 Bottles","https://www.bbr.com/products-20218016597-2021-pommard-les-pezerolles-1er-cru-domaine-de-montille-burgundy","1048140","20218016597"
"Domaine de Montille","2022","Pommard, Les Pezerolles, 1er Cru, Domaine de Montille, Burgundy","900","Case of 6 Bottles","https://www.bbr.com/products-20228016597-2022-pommard-les-pezerolles-1er-cru-domaine-de-montille-burgundy","1048140","20228016597"
"Domaine Launay-Horiot","2018","Pommard, Les Rugiens Bas, 1er Cru, Domaine Launay-Horiot, Burgundy","340","Case of 6 Bottles","https://www.bbr.com/products-20188057233-2018-pommard-les-rugiens-bas-1er-cru-domaine-launay-horiot-burgundy","1423323","20188057233"
"Domaine Launay-Horiot","2018","Pommard, Les Rugiens Bas, 1er Cru, Domaine Launay-Horiot, Burgundy","350","Case of 3 Magnums","https://www.bbr.com/products-20188057233-2018-pommard-les-rugiens-bas-1er-cru-domaine-launay-horiot-burgundy","1423323","20188057233"
"Domaine Michel Gaunoux","2009","Pommard, Les Rugiens Bas, 1er Cru, Domaine Michel Gaunoux, Burgundy","600","Case of 6 Bottles","https://www.bbr.com/products-20098219217-2009-pommard-les-rugiens-bas-1er-cru-domaine-michel-gaunoux-burgundy","1033049","20098219217"
"Domaine Michel Gaunoux","2017","Pommard, Les Rugiens Bas, 1er Cru, Domaine Michel Gaunoux, Burgundy","807","Case of 6 Bottles","https://www.bbr.com/products-20178219217-2017-pommard-les-rugiens-bas-1er-cru-domaine-michel-gaunoux-burgundy","1033049","20178219217"
"Bouchard Pere & Fils","2010","Pommard, Les Rugiens, 1er Cru, Domaine Bouchard Pere & Fils, Burgundy","1100","Case of 12 Bottles","https://www.bbr.com/products-20108020095-2010-pommard-les-rugiens-1er-cru-domaine-bouchard-pere-fils-burgundy","1022018","20108020095"
"Domaine Joseph Faiveley","2009","Pommard, Les Rugiens, 1er Cru, Domaine Faiveley, Burgundy","850","Case of 12 Bottles","https://www.bbr.com/products-20098011576-2009-pommard-les-rugiens-1er-cru-domaine-faiveley-burgundy","1031638","20098011576"
"Domaine Joseph Faiveley","2012","Pommard, Les Rugiens, 1er Cru, Domaine Faiveley, Burgundy","333","Case of 3 Magnums","https://www.bbr.com/products-20128011576-2012-pommard-les-rugiens-1er-cru-domaine-faiveley-burgundy","1031638","20128011576"
"Domaine Joseph Faiveley","2013","Pommard, Les Rugiens, 1er Cru, Domaine Faiveley, Burgundy","295","Case of 6 Bottles","https://www.bbr.com/products-20138011576-2013-pommard-les-rugiens-1er-cru-domaine-faiveley-burgundy","1031638","20138011576"
"Domaine Joseph Faiveley","2014","Pommard, Les Rugiens, 1er Cru, Domaine Faiveley, Burgundy","1139","Case of 6 Bottles","https://www.bbr.com/products-20148011576-2014-pommard-les-rugiens-1er-cru-domaine-faiveley-burgundy","1031638","20148011576"
"Domaine Joseph Faiveley","2015","Pommard, Les Rugiens, 1er Cru, Domaine Faiveley, Burgundy","435","Case of 6 Bottles","https://www.bbr.com/products-20158011576-2015-pommard-les-rugiens-1er-cru-domaine-faiveley-burgundy","1031638","20158011576"
"Domaine Joseph Faiveley","2016","Pommard, Les Rugiens, 1er Cru, Domaine Faiveley, Burgundy","575","Case of 6 Bottles","https://www.bbr.com/products-20168011576-2016-pommard-les-rugiens-1er-cru-domaine-faiveley-burgundy","1031638","20168011576"
"Domaine Joseph Faiveley","2018","Pommard, Les Rugiens, 1er Cru, Domaine Faiveley, Burgundy","600","Case of 6 Bottles","https://www.bbr.com/products-20188011576-2018-pommard-les-rugiens-1er-cru-domaine-faiveley-burgundy","1031638","20188011576"
"Domaine Joseph Faiveley","2020","Pommard, Les Rugiens, 1er Cru, Domaine Faiveley, Burgundy","350","Case of 6 Bottles","https://www.bbr.com/products-20208011576-2020-pommard-les-rugiens-1er-cru-domaine-faiveley-burgundy","1031638","20208011576"
"Domaine Francois Buffet","2012","Pommard, Les Rugiens, 1er Cru, Domaine Francois Buffet, Burgundy","1228","Case of 6 Bottles","https://www.bbr.com/products-20121308846-2012-pommard-les-rugiens-1er-cru-domaine-francois-buffet-burgundy","1308846","20121308846"
"Domaine Francois Buffet","2014","Pommard, Les Rugiens, 1er Cru, Domaine Francois Buffet, Burgundy","450","Case of 6 Bottles","https://www.bbr.com/products-20141308846-2014-pommard-les-rugiens-1er-cru-domaine-francois-buffet-burgundy","1308846","20141308846"
"Domaine Francois Buffet","2015","Pommard, Les Rugiens, 1er Cru, Domaine Francois Buffet, Burgundy","400","Case of 6 Bottles","https://www.bbr.com/products-20151308846-2015-pommard-les-rugiens-1er-cru-domaine-francois-buffet-burgundy","1308846","20151308846"
"Domaine Francois Buffet","2018","Pommard, Les Rugiens, 1er Cru, Domaine Francois Buffet, Burgundy","445","Case of 6 Bottles","https://www.bbr.com/products-20181308846-2018-pommard-les-rugiens-1er-cru-domaine-francois-buffet-burgundy","1308846","20181308846"
"Domaine Francois Buffet","2019","Pommard, Les Rugiens, 1er Cru, Domaine Francois Buffet, Burgundy","400","Case of 6 Bottles","https://www.bbr.com/products-20191308846-2019-pommard-les-rugiens-1er-cru-domaine-francois-buffet-burgundy","1308846","20191308846"
"Domaine Francois Buffet","2020","Pommard, Les Rugiens, 1er Cru, Domaine Francois Buffet, Burgundy","395","Case of 6 Bottles","https://www.bbr.com/products-20201308846-2020-pommard-les-rugiens-1er-cru-domaine-francois-buffet-burgundy","1308846","20201308846"
"Domaine Francois Buffet","2021","Pommard, Les Rugiens, 1er Cru, Domaine Francois Buffet, Burgundy","340","Case of 6 Bottles","https://www.bbr.com/products-20211308846-2021-pommard-les-rugiens-1er-cru-domaine-francois-buffet-burgundy","1308846","20211308846"
"Domaine Francois Buffet","2022","Pommard, Les Rugiens, 1er Cru, Domaine Francois Buffet, Burgundy","414","Case of 6 Bottles","https://www.bbr.com/products-20221308846-2022-pommard-les-rugiens-1er-cru-domaine-francois-buffet-burgundy","1308846","20221308846"
"Domaine Francois Buffet","2023","Pommard, Les Rugiens, 1er Cru, Domaine Francois Buffet, Burgundy","409","Case of 6 Bottles","https://www.bbr.com/products-20231308846-2023-pommard-les-rugiens-1er-cru-domaine-francois-buffet-burgundy","1308846","20231308846"
"Domaine Clerget","2018","Pommard, Les Rugiens, 1er Cru, Domaine Y. Clerget, Burgundy","330","Case of 6 Bottles","https://www.bbr.com/products-20188219884-2018-pommard-les-rugiens-1er-cru-domaine-y-clerget-burgundy","1025921","20188219884"
"Lucien Le Moine","2016","Pommard, Les Rugiens, 1er Cru, Lucien Le Moine, Burgundy","564","Case of 6 Bottles","https://www.bbr.com/products-20168218627-2016-pommard-les-rugiens-1er-cru-lucien-le-moine-burgundy","1042760","20168218627"
"Lucien Le Moine","2017","Pommard, Les Rugiens, 1er Cru, Lucien Le Moine, Burgundy","605","Case of 6 Bottles","https://www.bbr.com/products-20178218627-2017-pommard-les-rugiens-1er-cru-lucien-le-moine-burgundy","1042760","20178218627"
"Domaine de Montille","2005","Pommard, Les Rugiens-bas, 1er Cru, Domaine de Montille, Burgundy","1750","Case of 12 Bottles","https://www.bbr.com/products-20058018487-2005-pommard-les-rugiens-bas-1er-cru-domaine-de-montille-burgundy","1241189","20058018487"
"Domaine de Montille","2007","Pommard, Les Rugiens-bas, 1er Cru, Domaine de Montille, Burgundy","1450","Case of 12 Bottles","https://www.bbr.com/products-20078018487-2007-pommard-les-rugiens-bas-1er-cru-domaine-de-montille-burgundy","1241189","20078018487"
"Domaine de Montille","2008","Pommard, Les Rugiens-bas, 1er Cru, Domaine de Montille, Burgundy","1000","Case of 12 Bottles","https://www.bbr.com/products-20088018487-2008-pommard-les-rugiens-bas-1er-cru-domaine-de-montille-burgundy","1241189","20088018487"
"Domaine de Montille","2009","Pommard, Les Rugiens-bas, 1er Cru, Domaine de Montille, Burgundy","670","Case of 6 Bottles","https://www.bbr.com/products-20098018487-2009-pommard-les-rugiens-bas-1er-cru-domaine-de-montille-burgundy","1241189","20098018487"
"Domaine de Montille","2011","Pommard, Les Rugiens-bas, 1er Cru, Domaine de Montille, Burgundy","597","Case of 6 Bottles","https://www.bbr.com/products-20118018474-2011-pommard-les-rugiens-bas-1er-cru-domaine-de-montille-burgundy","1241189","20118018474"
"Domaine de Montille","2011","Pommard, Les Rugiens-bas, 1er Cru, Domaine de Montille, Burgundy","420","Case of 6 Bottles","https://www.bbr.com/products-20118018474-2011-pommard-les-rugiens-bas-1er-cru-domaine-de-montille-burgundy","1241189","20118018474"
"Domaine de Montille","2012","Pommard, Les Rugiens-bas, 1er Cru, Domaine de Montille, Burgundy","500","Case of 3 Magnums","https://www.bbr.com/products-20128018474-2012-pommard-les-rugiens-bas-1er-cru-domaine-de-montille-burgundy","1241189","20128018474"
"Domaine de Montille","2013","Pommard, Les Rugiens-bas, 1er Cru, Domaine de Montille, Burgundy","430","Case of 6 Bottles","https://www.bbr.com/products-20138018474-2013-pommard-les-rugiens-bas-1er-cru-domaine-de-montille-burgundy","1241189","20138018474"
"Domaine de Montille","2013","Pommard, Les Rugiens-bas, 1er Cru, Domaine de Montille, Burgundy","520","Case of 1 Jeroboam 300cl","https://www.bbr.com/products-20138018474-2013-pommard-les-rugiens-bas-1er-cru-domaine-de-montille-burgundy","1241189","20138018474"
"Domaine de Montille","2016","Pommard, Les Rugiens-bas, 1er Cru, Domaine de Montille, Burgundy","528","Case of 3 Magnums","https://www.bbr.com/products-20168018474-2016-pommard-les-rugiens-bas-1er-cru-domaine-de-montille-burgundy","1241189","20168018474"
"Domaine de Montille","2017","Pommard, Les Rugiens-bas, 1er Cru, Domaine de Montille, Burgundy","1297","Case of 12 Bottles","https://www.bbr.com/products-20178018474-2017-pommard-les-rugiens-bas-1er-cru-domaine-de-montille-burgundy","1241189","20178018474"
"Domaine de Montille","2017","Pommard, Les Rugiens-bas, 1er Cru, Domaine de Montille, Burgundy","1297","Case of 12 Bottles","https://www.bbr.com/products-20178018474-2017-pommard-les-rugiens-bas-1er-cru-domaine-de-montille-burgundy","1241189","20178018474"
"Domaine de Montille","2018","Pommard, Les Rugiens-bas, 1er Cru, Domaine de Montille, Burgundy","615","Case of 6 Bottles","https://www.bbr.com/products-20188018487-2018-pommard-les-rugiens-bas-1er-cru-domaine-de-montille-burgundy","1241189","20188018487"
"Domaine de Montille","2019","Pommard, Les Rugiens-bas, 1er Cru, Domaine de Montille, Burgundy","700","Case of 6 Bottles","https://www.bbr.com/products-20198018474-2019-pommard-les-rugiens-bas-1er-cru-domaine-de-montille-burgundy","1241189","20198018474"
"Domaine de Montille","2020","Pommard, Les Rugiens-bas, 1er Cru, Domaine de Montille, Burgundy","900","Case of 6 Bottles","https://www.bbr.com/products-20208018474-2020-pommard-les-rugiens-bas-1er-cru-domaine-de-montille-burgundy","1241189","20208018474"
"Domaine de Montille","2021","Pommard, Les Rugiens-bas, 1er Cru, Domaine de Montille, Burgundy","740","Case of 6 Bottles","https://www.bbr.com/products-20218018474-2021-pommard-les-rugiens-bas-1er-cru-domaine-de-montille-burgundy","1241189","20218018474"
"Domaine de Montille","2022","Pommard, Les Rugiens-bas, 1er Cru, Domaine de Montille, Burgundy","760","Case of 6 Bottles","https://www.bbr.com/products-20228018474-2022-pommard-les-rugiens-bas-1er-cru-domaine-de-montille-burgundy","1241189","20228018474"
"Domaine Bernard & Thierry Glantenay","2017","Pommard, Les Saussilles, 1er Cru, Domaine Bernard &amp; Thierry Glantenay, Burgundy","360","Case of 6 Bottles","https://www.bbr.com/products-20178311272-2017-pommard-les-saussilles-1er-cru-domaine-bernard-and-thierry-glantenay-burgundy","1315185","20178311272"
"Maxime Cheurlin Noellat","2018","Pommard, Les Saussilles, 1er Cru, Maxime Cheurlin Noellat, Burgundy","650","Case of 6 Bottles","https://www.bbr.com/products-20188128238-2018-pommard-les-saussilles-1er-cru-maxime-cheurlin-noellat-burgundy","1966446","20188128238"
"Domaine Leroy","2001","Pommard, Les Vignots, Domaine Leroy, Burgundy (2021 Release)","12500","Case of 3 Bottles","https://www.bbr.com/products-20018066925-2001-pommard-les-vignots-domaine-leroy-burgundy-2021-release","1044416","20018066925"
"Domaine Laurent","2016","Pommard, Les Epenots, 1er Cru, Vieilles Vignes, Dominique Laurent, Burgundy","475","Case of 6 Bottles","https://www.bbr.com/products-20168081962-2016-pommard-les-epenots-1er-cru-vieilles-vignes-dominique-laurent-burgundy","1228683","20168081962"
"Philippe Pacalet","2017","Pommard, Philippe Pacalet, Burgundy","870","Case of 12 Bottles","https://www.bbr.com/products-20178218210-2017-pommard-philippe-pacalet-burgundy","1050022","20178218210"
"Philippe Pacalet","2019","Pommard, Philippe Pacalet, Burgundy","993","Case of 12 Bottles","https://www.bbr.com/products-20198218210-2019-pommard-philippe-pacalet-burgundy","1050022","20198218210"
"Armand Heitz","2018","Pommard, Pezerolles, 1er Cru, Armand Heitz, Burgundy","390","Case of 6 Bottles","https://www.bbr.com/products-20188163578-2018-pommard-pezerolles-1er-cru-armand-heitz-burgundy","1535790","20188163578"
"Benjamin Leroux","2015","Pommard, Rugiens-Hauts, 1er Cru, Benjamin Leroux, Burgundy","390","Case of 6 Bottles","https://www.bbr.com/products-20158026781-2015-pommard-rugiens-hauts-1er-cru-benjamin-leroux-burgundy","1539206","20158026781"
"Benjamin Leroux","2016","Pommard, Rugiens-Hauts, 1er Cru, Benjamin Leroux, Burgundy","400","Case of 6 Bottles","https://www.bbr.com/products-20168026781-2016-pommard-rugiens-hauts-1er-cru-benjamin-leroux-burgundy","1539206","20168026781"
"Benjamin Leroux","2017","Pommard, Rugiens-Hauts, 1er Cru, Benjamin Leroux, Burgundy","350","Case of 6 Bottles","https://www.bbr.com/products-20178026781-2017-pommard-rugiens-hauts-1er-cru-benjamin-leroux-burgundy","1539206","20178026781"
"Benjamin Leroux","2018","Pommard, Rugiens-Hauts, 1er Cru, Benjamin Leroux, Burgundy","450","Case of 6 Bottles","https://www.bbr.com/products-20188026781-2018-pommard-rugiens-hauts-1er-cru-benjamin-leroux-burgundy","1539206","20188026781"
"Benjamin Leroux","2019","Pommard, Rugiens-Hauts, 1er Cru, Benjamin Leroux, Burgundy","400","Case of 6 Bottles","https://www.bbr.com/products-20198026781-2019-pommard-rugiens-hauts-1er-cru-benjamin-leroux-burgundy","1539206","20198026781"
"Benjamin Leroux","2020","Pommard, Rugiens-Hauts, 1er Cru, Benjamin Leroux, Burgundy","450","Case of 6 Bottles","https://www.bbr.com/products-20208026781-2020-pommard-rugiens-hauts-1er-cru-benjamin-leroux-burgundy","1539206","20208026781"
"Benjamin Leroux","2021","Pommard, Rugiens-Hauts, 1er Cru, Benjamin Leroux, Burgundy","680","Case of 6 Bottles","https://www.bbr.com/products-20218026781-2021-pommard-rugiens-hauts-1er-cru-benjamin-leroux-burgundy","1539206","20218026781"
"Benjamin Leroux","2022","Pommard, Rugiens-Hauts, 1er Cru, Benjamin Leroux, Burgundy","1529","Case of 6 Bottles","https://www.bbr.com/products-20228026781-2022-pommard-rugiens-hauts-1er-cru-benjamin-leroux-burgundy","1539206","20228026781"
"Domaine de la Cras Marc Soyard","2018","Pommard, Tercet, Marc Soyard, Burgundy","1200","Case of 12 Bottles","https://www.bbr.com/products-20188182412-2018-pommard-tercet-marc-soyard-burgundy","2119104","20188182412"
"Dugat-Py","2010","Pommard, Vieilles Vignes, Domaine Dugat-Py","1888","Case of 12 Bottles","https://www.bbr.com/products-20108121978-2010-pommard-vieilles-vignes-domaine-dugat-py","1030309","20108121978"
"Hospices de Beaune","2022","Pommard, Epenots, Cuvee Dom Goblet, 1er Cru, Domaine de Montille, Hospices de Beaune, Burgundy","875","Case of 6 Bottles","https://www.bbr.com/products-20228306331-2022-pommard-epenots-cuvee-dom-goblet-1er-cru-domaine-de-montille-hospices-de-beaune-burgundy","3091988","20228306331"
"Hospices de Beaune","2019","Pommard, Epenots, Cuvee Dom Goblet, 1er Cru, Hospices de Beaune, Burgundy","3300","Case of 3 Magnums","https://www.bbr.com/products-20198060776-2019-pommard-epenots-cuvee-dom-goblet-1er-cru-hospices-de-beaune-burgundy","1037177","20198060776"
"Bodegas y Vi?edos Ponce","2018","Ponce, Manchuela, Spain","225","Case of 6 Bottles","https://www.bbr.com/products-20188126276-2018-ponce-manchuela-spain","2040507","20188126276"
"Porseleinberg","2012","Porseleinberg, Swartland, South Africa","875","Case of 12 Bottles","https://www.bbr.com/products-20128030566-2012-porseleinberg-swartland-south-africa","1376791","20128030566"
"Porseleinberg","2015","Porseleinberg, Swartland, South Africa","980","Case of 12 Bottles","https://www.bbr.com/products-20158030566-2015-porseleinberg-swartland-south-africa","1376791","20158030566"
"Porseleinberg","2016","Porseleinberg, Swartland, South Africa","800","Case of 12 Bottles","https://www.bbr.com/products-20168030566-2016-porseleinberg-swartland-south-africa","1376791","20168030566"
"Porseleinberg","2017","Porseleinberg, Swartland, South Africa","600","Case of 12 Bottles","https://www.bbr.com/products-20178030566-2017-porseleinberg-swartland-south-africa","1376791","20178030566"
"Porseleinberg","2017","Porseleinberg, Swartland, South Africa","749","Case of 12 Bottles","https://www.bbr.com/products-20178030566-2017-porseleinberg-swartland-south-africa","1376791","20178030566"
"Porseleinberg","2018","Porseleinberg, Swartland, South Africa","767","Case of 12 Bottles","https://www.bbr.com/products-20188030566-2018-porseleinberg-swartland-south-africa","1376791","20188030566"
"Porseleinberg","2019","Porseleinberg, Swartland, South Africa","590","Case of 12 Bottles","https://www.bbr.com/products-20198030566-2019-porseleinberg-swartland-south-africa","1376791","20198030566"
"Porseleinberg","2020","Porseleinberg, Swartland, South Africa","525","Case of 12 Bottles","https://www.bbr.com/products-20208030566-2020-porseleinberg-swartland-south-africa","1376791","20208030566"
"Porseleinberg","2021","Porseleinberg, Swartland, South Africa","595","Case of 12 Bottles","https://www.bbr.com/products-20218030566-2021-porseleinberg-swartland-south-africa","1376791","20218030566"
"Porseleinberg","2021","Porseleinberg, Swartland, South Africa","595","Case of 12 Bottles","https://www.bbr.com/products-20218030566-2021-porseleinberg-swartland-south-africa","1376791","20218030566"
"Porseleinberg","2022","Porseleinberg, Swartland, South Africa","599","Case of 12 Bottles","https://www.bbr.com/products-20228030566-2022-porseleinberg-swartland-south-africa","1376791","20228030566"
"Porseleinberg","2023","Porseleinberg, Swartland, South Africa","700","Case of 12 Bottles","https://www.bbr.com/products-20238030566-2023-porseleinberg-swartland-south-africa","1376791","20238030566"
"Porseleinberg","","Porseleinberg, Syrah, Vertical (2010-2021), 12-Bottle Assortment Case","2000","Case of 1 Mixed case (12x75cl)s","https://www.bbr.com/products-10008176965-porseleinberg-syrah-vertical-2010-2021-12-bottle-assortment-case","","10008176965"
"Chryseia","2013","Post Scriptum Prats &amp; Symington","100","Case of 6 Bottles","https://www.bbr.com/products-20138109189-2013-post-scriptum-prats-and-symington","1329449","20138109189"
"Domaine du Roc des Boutires","2017","Pouilly Fuisse, Aux Bouthieres, Domaine du Roc des Boutires, Burgundy","300","Case of 6 Bottles","https://www.bbr.com/products-20178253097-2017-pouilly-fuisse-aux-bouthieres-domaine-du-roc-des-boutires-burgundy","2385875","20178253097"
"Chateau des Quarts","2020","Pouilly Fuisse, L?Orangerie du Chateau des Quarts, 1er Cru, Chateau des Quarts, Burgundy","200","Case of 6 Bottles","https://www.bbr.com/products-20208148762-2020-pouilly-fuisse-l-orangerie-du-chateau-des-quarts-1er-cru-chateau-des-quarts-burgundy","8148762","20208148762"
"Chateau des Quarts","2021","Pouilly Fuisse, L?Orangerie du Chateau des Quarts, 1er Cru, Chateau des Quarts, Burgundy","250","Case of 6 Bottles","https://www.bbr.com/products-20218148762-2021-pouilly-fuisse-l-orangerie-du-chateau-des-quarts-1er-cru-chateau-des-quarts-burgundy","8148762","20218148762"
"Chateau des Quarts","2022","Pouilly Fuisse, L?Orangerie du Chateau des Quarts, 1er Cru, Chateau des Quarts, Burgundy","300","Case of 6 Bottles","https://www.bbr.com/products-20228148762-2022-pouilly-fuisse-l-orangerie-du-chateau-des-quarts-1er-cru-chateau-des-quarts-burgundy","8148762","20228148762"
"Domaine Daniel Barraud","2021","Pouilly-Fuisse, Sur La Roche, 1er Cru, Domaine Barraud, Burgundy","160","Case of 6 Bottles","https://www.bbr.com/products-20218241955-2021-pouilly-fuisse-sur-la-roche-1er-cru-domaine-barraud-burgundy","2847669","20218241955"
"Domaine Daniel Barraud","2017","Pouilly-Fuisse, Sur La Roche, Domaine Barraud, Burgundy","220","Case of 6 Bottles","https://www.bbr.com/products-20178223890-2017-pouilly-fuisse-sur-la-roche-domaine-barraud-burgundy","1060362","20178223890"
"Olivier Merlin","2021","Pouilly-Fuisse, Au Vignerais, 1er Cru, Olivier Merlin, Burgundy","280","Case of 6 Bottles","https://www.bbr.com/products-20218145309-2021-pouilly-fuisse-au-vignerais-1er-cru-olivier-merlin-burgundy","2420466","20218145309"
"Olivier Merlin","2023","Pouilly-Fuisse, Au Vignerais, 1er Cru, Olivier Merlin, Burgundy","210","Case of 6 Bottles","https://www.bbr.com/products-20238145309-2023-pouilly-fuisse-au-vignerais-1er-cru-olivier-merlin-burgundy","2420466","20238145309"
"Bret Bros.","2018","Pouilly-Fuisse, Climat Au Vignerais, La Soufrandiere, Bret Brothers, Burgundy","500","Case of 12 Bottles","https://www.bbr.com/products-20188016858-2018-pouilly-fuisse-climat-au-vignerais-la-soufrandiere-bret-brothers-burgundy","1528536","20188016858"
"Olivier Merlin","2020","Pouilly-Fuisse, Clos de France, 1er Cru, Olivier Merlin, Burgundy","350","Case of 6 Bottles","https://www.bbr.com/products-20208034160-2020-pouilly-fuisse-clos-de-france-1er-cru-olivier-merlin-burgundy","1851586","20208034160"
"Olivier Merlin","2021","Pouilly-Fuisse, Clos de France, 1er Cru, Olivier Merlin, Burgundy","374","Case of 6 Bottles","https://www.bbr.com/products-20218034160-2021-pouilly-fuisse-clos-de-france-1er-cru-olivier-merlin-burgundy","1851586","20218034160"
"Olivier Merlin","2018","Pouilly-Fuisse, Clos de France, Olivier Merlin, Burgundy","170","Case of 6 Bottles","https://www.bbr.com/products-20188034160-2018-pouilly-fuisse-clos-de-france-olivier-merlin-burgundy","1851586","20188034160"
"Olivier Merlin","2019","Pouilly-Fuisse, Clos de France, Olivier Merlin, Burgundy","210","Case of 6 Bottles","https://www.bbr.com/products-20198034160-2019-pouilly-fuisse-clos-de-france-olivier-merlin-burgundy","1851586","20198034160"
"Chateau des Quarts","2022","Pouilly-Fuisse, Clos des Quarts, 1er Cru, Chateau des Quarts, Burgundy","300","Case of 6 Bottles","https://www.bbr.com/products-20228076698-2022-pouilly-fuisse-clos-des-quarts-1er-cru-chateau-des-quarts-burgundy","2150316","20228076698"
"Chateau des Quarts","2022","Pouilly-Fuisse, Clos des Quarts, 1er Cru, Chateau des Quarts, Burgundy","285","Case of 3 Magnums","https://www.bbr.com/products-20228076698-2022-pouilly-fuisse-clos-des-quarts-1er-cru-chateau-des-quarts-burgundy","2150316","20228076698"
"Chateau des Quarts","2023","Pouilly-Fuisse, Clos des Quarts, 1er Cru, Chateau des Quarts, Burgundy","285","Case of 6 Bottles","https://www.bbr.com/products-20238076698-2023-pouilly-fuisse-clos-des-quarts-1er-cru-chateau-des-quarts-burgundy","2150316","20238076698"
"Chateau des Quarts","2023","Pouilly-Fuisse, Clos des Quarts, 1er Cru, Chateau des Quarts, Burgundy","275","Case of 3 Magnums","https://www.bbr.com/products-20238076698-2023-pouilly-fuisse-clos-des-quarts-1er-cru-chateau-des-quarts-burgundy","2150316","20238076698"
"Chateau des Quarts","2012","Pouilly-Fuisse, Clos des Quarts, Chateau des Quarts, Burgundy","209","Case of 6 Bottles","https://www.bbr.com/products-20121448722-2012-pouilly-fuisse-clos-des-quarts-chateau-des-quarts-burgundy","1448722","20121448722"
"Chateau des Quarts","2014","Pouilly-Fuisse, Clos des Quarts, Chateau des Quarts, Burgundy","300","Case of 6 Bottles","https://www.bbr.com/products-20141448722-2014-pouilly-fuisse-clos-des-quarts-chateau-des-quarts-burgundy","1448722","20141448722"
"Chateau des Quarts","2018","Pouilly-Fuisse, Clos des Quarts, Chateau des Quarts, Burgundy","190","Case of 6 Bottles","https://www.bbr.com/products-20181448722-2018-pouilly-fuisse-clos-des-quarts-chateau-des-quarts-burgundy","1448722","20181448722"
"Chateau des Quarts","2019","Pouilly-Fuisse, Clos des Quarts, Chateau des Quarts, Burgundy","169","Case of 6 Bottles","https://www.bbr.com/products-20191448722-2019-pouilly-fuisse-clos-des-quarts-chateau-des-quarts-burgundy","1448722","20191448722"
"Chateau des Quarts","2020","Pouilly-Fuisse, Clos des Quarts, Chateau des Quarts, Burgundy","220","Case of 6 Bottles","https://www.bbr.com/products-20201448722-2020-pouilly-fuisse-clos-des-quarts-chateau-des-quarts-burgundy","1448722","20201448722"
"Chateau des Quarts","2020","Pouilly-Fuisse, Clos des Quarts, Chateau des Quarts, Burgundy","179","Case of 3 Magnums","https://www.bbr.com/products-20201448722-2020-pouilly-fuisse-clos-des-quarts-chateau-des-quarts-burgundy","1448722","20201448722"
"Chateau des Quarts","2021","Pouilly-Fuisse, Clos des Quarts, Chateau des Quarts, Burgundy","230","Case of 6 Bottles","https://www.bbr.com/products-20211448722-2021-pouilly-fuisse-clos-des-quarts-chateau-des-quarts-burgundy","1448722","20211448722"
"Chateau des Quarts","2017","Pouilly-Fuisse, Clos des Quarts, Cuvee 100 Ans, Chateau des Quarts, Burgundy","135","Case of 1 Magnums","https://www.bbr.com/products-20178027036-2017-pouilly-fuisse-clos-des-quarts-cuvee-100-ans-chateau-des-quarts-burgundy","1645411","20178027036"
"Heritiers du Comte Lafon","2020","Pouilly-Fuisse, En Chatenay, Les Heritiers du Comte Lafon, Burgundy","550","Case of 12 Bottles","https://www.bbr.com/products-20208064413-2020-pouilly-fuisse-en-chatenay-les-heritiers-du-comte-lafon-burgundy","2064808","20208064413"
"Esprit Leflaive","2018","Pouilly-Fuisse, Esprit Leflaive, Burgundy","600","Case of 6 Bottles","https://www.bbr.com/products-20188083227-2018-pouilly-fuisse-esprit-leflaive-burgundy","2158295","20188083227"
"Esprit Leflaive","2018","Pouilly-Fuisse, Esprit Leflaive, Burgundy","260","Case of 3 Magnums","https://www.bbr.com/products-20188083227-2018-pouilly-fuisse-esprit-leflaive-burgundy","2158295","20188083227"
"Esprit Leflaive","2019","Pouilly-Fuisse, Esprit Leflaive, Burgundy","300","Case of 3 Magnums","https://www.bbr.com/products-20198083227-2019-pouilly-fuisse-esprit-leflaive-burgundy","2158295","20198083227"
"Domaine Leflaive","2017","Pouilly-Fuisse, La Chaneau, Domaine Leflaive, Burgundy","975","Case of 6 Bottles","https://www.bbr.com/products-20178062145-2017-pouilly-fuisse-la-chaneau-domaine-leflaive-burgundy","1985742","20178062145"
"Domaine Jessica Litaud","2019","Pouilly-Fuisse, La Roche, Jessica Litaud, Burgundy","480","Case of 6 Bottles","https://www.bbr.com/products-20198301990-2019-pouilly-fuisse-la-roche-jessica-litaud-burgundy","2175180","20198301990"
"Domaine Jessica Litaud","2021","Pouilly-Fuisse, La Roche, Jessica Litaud, Burgundy","360","Case of 6 Bottles","https://www.bbr.com/products-20218301990-2021-pouilly-fuisse-la-roche-jessica-litaud-burgundy","2175180","20218301990"
"Esprit Leflaive","2018","Pouilly-Fuisse, Le Clos Reyssier, Esprit Leflaive, Burgundy","600","Case of 6 Bottles","https://www.bbr.com/products-20188256522-2018-pouilly-fuisse-le-clos-reyssier-esprit-leflaive-burgundy","2158282","20188256522"
"Olivier Merlin","2022","Pouilly-Fuisse, Les Chevrieres, 1er Cru, Olivier Merlin, Burgundy","195","Case of 6 Bottles","https://www.bbr.com/products-20228136109-2022-pouilly-fuisse-les-chevrieres-1er-cru-olivier-merlin-burgundy","1361847","20228136109"
"Domaine Verget","2020","Pouilly-Fuisse, Les Combes, Vieilles Vignes, Domaine Verget, Burgundy","720","Case of 12 Bottles","https://www.bbr.com/products-20208230953-2020-pouilly-fuisse-les-combes-vieilles-vignes-domaine-verget-burgundy","1233436","20208230953"
"Domaine Verget","2020","Pouilly-Fuisse, Les Combes, Vieilles Vignes, Domaine Verget, Burgundy","731","Case of 12 Bottles","https://www.bbr.com/products-20208230953-2020-pouilly-fuisse-les-combes-vieilles-vignes-domaine-verget-burgundy","1233436","20208230953"
"Domaine Jessica Litaud","2021","Pouilly-Fuisse, Les Crays, 1er Cru, Jessica Litaud, Burgundy","950","Case of 3 Magnums","https://www.bbr.com/products-20218174235-2021-pouilly-fuisse-les-crays-1er-cru-jessica-litaud-burgundy","2175193","20218174235"
"Domaine Jessica Litaud","2022","Pouilly-Fuisse, Les Crays, 1er Cru, Jessica Litaud, Burgundy","750","Case of 6 Bottles","https://www.bbr.com/products-20228174235-2022-pouilly-fuisse-les-crays-1er-cru-jessica-litaud-burgundy","2175193","20228174235"
"Domaine Jessica Litaud","2020","Pouilly-Fuisse, Les Crays, Jessica Litaud, Burgundy","650","Case of 6 Bottles","https://www.bbr.com/products-20208174235-2020-pouilly-fuisse-les-crays-jessica-litaud-burgundy","2175193","20208174235"
"Domaine Frantz Chagnoleau","2021","Pouilly-Fuisse, Pastoral, Domaine Frantz Chagnoleau, Burgundy","188","Case of 6 Bottles","https://www.bbr.com/products-20218232478-2021-pouilly-fuisse-pastoral-domaine-frantz-chagnoleau-burgundy","1330829","20218232478"
"Domaine Jessica Litaud","2021","Pouilly-Fuisse, Patchwork, Jessica Litaud, Burgundy","450","Case of 6 Bottles","https://www.bbr.com/products-20218174248-2021-pouilly-fuisse-patchwork-jessica-litaud-burgundy","2851040","20218174248"
"Domaine Guffens Heynen","2019","Pouilly-Fuisse, Premiers Jus, Domaine Guffens-Heynen, Burgundy","725","Case of 3 Bottles","https://www.bbr.com/products-20198163060-2019-pouilly-fuisse-premiers-jus-domaine-guffens-heynen-burgundy","2690988","20198163060"
"Olivier Merlin","2020","Pouilly-Fuisse, Sur La Roche, 1er Cru, Olivier Merlin, Burgundy","160","Case of 6 Bottles","https://www.bbr.com/products-20201361834-2020-pouilly-fuisse-sur-la-roche-1er-cru-olivier-merlin-burgundy","1361834","20201361834"
"Olivier Merlin","2015","Pouilly-Fuisse, Sur La Roche, Olivier Merlin, Burgundy","140","Case of 6 Bottles","https://www.bbr.com/products-20151361834-2015-pouilly-fuisse-sur-la-roche-olivier-merlin-burgundy","1361834","20151361834"
"Olivier Merlin","2019","Pouilly-Fuisse, Sur La Roche, Olivier Merlin, Burgundy","185","Case of 6 Bottles","https://www.bbr.com/products-20191361834-2019-pouilly-fuisse-sur-la-roche-olivier-merlin-burgundy","1361834","20191361834"
"Domaine des Gerbeaux","2015","Pouilly-Fuisse, Vers Cras, Domaine des Gerbeaux, Burgundy","250","Case of 12 Bottles","https://www.bbr.com/products-20158030742-2015-pouilly-fuisse-vers-cras-domaine-des-gerbeaux-burgundy","1508288","20158030742"
"Olivier Merlin","2019","Pouilly-Fuisse, Vieilles Vignes, Olivier Merlin, Burgundy","114","Case of 6 Bottles","https://www.bbr.com/products-20191233436-2019-pouilly-fuisse-vieilles-vignes-olivier-merlin-burgundy","1233436","20191233436"
"Olivier Merlin","2020","Pouilly-Fuisse, Vieilles Vignes, Olivier Merlin, Burgundy","185","Case of 6 Bottles","https://www.bbr.com/products-20201233436-2020-pouilly-fuisse-vieilles-vignes-olivier-merlin-burgundy","1233436","20201233436"
"Chateau du Nozet","2014","Pouilly-Fume, Baron De L, de Ladoucette, Loire","325","Case of 6 Bottles","https://www.bbr.com/products-20148035167-2014-pouilly-fume-baron-de-l-de-ladoucette-loire","1150663","20148035167"
"Chateau du Nozet","2017","Pouilly-Fume, Baron De L, de Ladoucette, Loire","340","Case of 6 Bottles","https://www.bbr.com/products-20178035167-2017-pouilly-fume-baron-de-l-de-ladoucette-loire","1150663","20178035167"
"Chateau du Nozet","2019","Pouilly-Fume, Baron De L, de Ladoucette, Loire","375","Case of 6 Bottles","https://www.bbr.com/products-20198035167-2019-pouilly-fume-baron-de-l-de-ladoucette-loire","1150663","20198035167"
"Chateau du Nozet","2019","Pouilly-Fume, Baron De L, de Ladoucette, Loire","398","Case of 3 Magnums","https://www.bbr.com/products-20198035167-2019-pouilly-fume-baron-de-l-de-ladoucette-loire","1150663","20198035167"
"Domaine Landrat-Guyollot","2018","Pouilly-Fume, La Rambarde, Domaine Landrat-Guyollot, Loire","160","Case of 12 Bottles","https://www.bbr.com/products-20181361922-2018-pouilly-fume-la-rambarde-domaine-landrat-guyollot-loire","1361922","20181361922"
"Gitton Pere et Fils","2020","Pouilly-Fume, Nebula, Gitton Pere & Fils, Loire","205","Case of 6 Bottles","https://www.bbr.com/products-20208069362-2020-pouilly-fume-nebula-gitton-pere-fils-loire","2356239","20208069362"
"Bret Bros.","2015","Pouilly-Vinzelles, Climat Les Longeays, La Soufrandiere, BretBrothers,  Burgundy","390","Case of 12 Bottles","https://www.bbr.com/products-20158016249-2015-pouilly-vinzelles-climat-les-longeays-la-soufrandiere-bretbrothers-burgundy","1325379","20158016249"
"Bret Bros.","2016","Pouilly-Vinzelles, Climat Les Longeays, La Soufrandiere, BretBrothers,  Burgundy","390","Case of 12 Bottles","https://www.bbr.com/products-20168016249-2016-pouilly-vinzelles-climat-les-longeays-la-soufrandiere-bretbrothers-burgundy","1325379","20168016249"
"Bret Bros.","2014","Pouilly-Vinzelles, Climat Les Quarts, Cuvee Millerandee, La Soufrandiere, Bret Brothers, Burgundy","540","Case of 6 Magnums","https://www.bbr.com/products-20148012023-2014-pouilly-vinzelles-climat-les-quarts-cuvee-millerandee-la-soufrandiere-bret-brothers-burgundy","1080506","20148012023"
"Bret Bros.","2015","Pouilly-Vinzelles, Climat Les Quarts, Cuvee Millerandee, La Soufrandiere, Bret Brothers, Burgundy","580","Case of 6 Magnums","https://www.bbr.com/products-20158012023-2015-pouilly-vinzelles-climat-les-quarts-cuvee-millerandee-la-soufrandiere-bret-brothers-burgundy","1080506","20158012023"
"Bret Bros.","2017","Pouilly-Vinzelles, Climat Les Quarts, Cuvee Millerandee, La Soufrandiere, Bret Brothers, Burgundy","680","Case of 6 Magnums","https://www.bbr.com/products-20178012023-2017-pouilly-vinzelles-climat-les-quarts-cuvee-millerandee-la-soufrandiere-bret-brothers-burgundy","1080506","20178012023"
"Bret Bros.","2018","Pouilly-Vinzelles, Climat Les Quarts, Cuvee Millerandee, La Soufrandiere, Bret Brothers, Burgundy","795","Case of 6 Magnums","https://www.bbr.com/products-20188012023-2018-pouilly-vinzelles-climat-les-quarts-cuvee-millerandee-la-soufrandiere-bret-brothers-burgundy","1080506","20188012023"
"Bret Bros.","2020","Pouilly-Vinzelles, Climat Les Quarts, Cuvee Millerandee, La Soufrandiere, Bret Brothers, Burgundy","495","Case of 6 Magnums","https://www.bbr.com/products-20208012023-2020-pouilly-vinzelles-climat-les-quarts-cuvee-millerandee-la-soufrandiere-bret-brothers-burgundy","1080506","20208012023"
"Bret Bros.","2021","Pouilly-Vinzelles, Climat Les Quarts, Cuvee Millerandee, La Soufrandiere, Bret Brothers, Burgundy","500","Case of 6 Magnums","https://www.bbr.com/products-20218012023-2021-pouilly-vinzelles-climat-les-quarts-cuvee-millerandee-la-soufrandiere-bret-brothers-burgundy","1080506","20218012023"
"Bret Bros.","2022","Pouilly-Vinzelles, Climat Les Quarts, Cuvee Millerandee, La Soufrandiere, Bret Brothers, Burgundy","420","Case of 3 Magnums","https://www.bbr.com/products-20228012023-2022-pouilly-vinzelles-climat-les-quarts-cuvee-millerandee-la-soufrandiere-bret-brothers-burgundy","1080506","20228012023"
"Bret Bros.","2023","Pouilly-Vinzelles, Climat Les Quarts, Cuvee Millerandee, La Soufrandiere, Bret Brothers, Burgundy","309","Case of 3 Magnums","https://www.bbr.com/products-20238012023-2023-pouilly-vinzelles-climat-les-quarts-cuvee-millerandee-la-soufrandiere-bret-brothers-burgundy","1080506","20238012023"
"Bret Bros.","2010","Pouilly-Vinzelles, Climat Les Quarts, La Soufrandiere, Bret Brothers, Burgundy","560","Case of 12 Bottles","https://www.bbr.com/products-20101080519-2010-pouilly-vinzelles-climat-les-quarts-la-soufrandiere-bret-brothers-burgundy","1080519","20101080519"
"Bret Bros.","2019","Pouilly-Vinzelles, Climat Les Quarts, La Soufrandiere, Bret Brothers, Burgundy","395","Case of 12 Bottles","https://www.bbr.com/products-20191080519-2019-pouilly-vinzelles-climat-les-quarts-la-soufrandiere-bret-brothers-burgundy","1080519","20191080519"
"Bret Bros.","2019","Pouilly-Vinzelles, Climat Les Quarts, La Soufrandiere, Bret Brothers, Burgundy","400","Case of 6 Magnums","https://www.bbr.com/products-20191080519-2019-pouilly-vinzelles-climat-les-quarts-la-soufrandiere-bret-brothers-burgundy","1080519","20191080519"
"Bret Bros.","2020","Pouilly-Vinzelles, Climat Les Quarts, La Soufrandiere, Bret Brothers, Burgundy","350","Case of 6 Bottles","https://www.bbr.com/products-20201080519-2020-pouilly-vinzelles-climat-les-quarts-la-soufrandiere-bret-brothers-burgundy","1080519","20201080519"
"Bret Bros.","2021","Pouilly-Vinzelles, Climat Les Quarts, La Soufrandiere, Bret Brothers, Burgundy","240","Case of 6 Bottles","https://www.bbr.com/products-20211080519-2021-pouilly-vinzelles-climat-les-quarts-la-soufrandiere-bret-brothers-burgundy","1080519","20211080519"
"Bret Bros.","2022","Pouilly-Vinzelles, Climat Les Quarts, La Soufrandiere, Bret Brothers, Burgundy","250","Case of 6 Bottles","https://www.bbr.com/products-20221080519-2022-pouilly-vinzelles-climat-les-quarts-la-soufrandiere-bret-brothers-burgundy","1080519","20221080519"
"Bret Bros.","2022","Pouilly-Vinzelles, Climat Les Quarts, La Soufrandiere, Bret Brothers, Burgundy","275","Case of 3 Magnums","https://www.bbr.com/products-20221080519-2022-pouilly-vinzelles-climat-les-quarts-la-soufrandiere-bret-brothers-burgundy","1080519","20221080519"
"Bret Bros.","2022","Pouilly-Vinzelles, La Soufrandiere, Bret Brothers, Burgundy","156","Case of 6 Bottles","https://www.bbr.com/products-20221080492-2022-pouilly-vinzelles-la-soufrandiere-bret-brothers-burgundy","1080492","20221080492"
"Bret Bros.","2019","Pouilly-Vinzelles, Les Quarts ZEN, La Soufrandiere, Bret Brothers, Burgundy","400","Case of 12 Bottles","https://www.bbr.com/products-20198110224-2019-pouilly-vinzelles-les-quarts-zen-la-soufrandiere-bret-brothers-burgundy","1132247","20198110224"
"Bret Bros.","2020","Pouilly-Vinzelles, Les Quarts ZEN, La Soufrandiere, Bret Brothers, Burgundy","349","Case of 6 Bottles","https://www.bbr.com/products-20208110224-2020-pouilly-vinzelles-les-quarts-zen-la-soufrandiere-bret-brothers-burgundy","1132247","20208110224"
"Bret Bros.","2023","Pouilly-Vinzelles, Les Quarts ZEN, La Soufrandiere, Bret Brothers, Burgundy","394","Case of 6 Bottles","https://www.bbr.com/products-20238110224-2023-pouilly-vinzelles-les-quarts-zen-la-soufrandiere-bret-brothers-burgundy","1132247","20238110224"
"Powell & Son","2016","Powell & Son, Barossa Valley Grenache Shiraz Mataro, S Australia","219","Case of 6 Bottles","https://www.bbr.com/products-20168108241-2016-powell-son-barossa-valley-grenache-shiraz-mataro-s-australia","1373774","20168108241"
"Powell & Son","2015","Powell &amp; Son Brennecker Grenache, Seppeltsfield, Australia","750","Case of 6 Bottles","https://www.bbr.com/products-20158106957-2015-powell-and-son-brennecker-grenache-seppeltsfield-australia","1441374","20158106957"
"Powell & Son","2015","Powell &amp; Son Loechel Eden Valley Shiraz, South Australia","440","Case of 6 Bottles","https://www.bbr.com/products-20158106960-2015-powell-and-son-loechel-eden-valley-shiraz-south-australia","1441361","20158106960"
"Powell & Son","2015","Powell &amp; Son, Barossa Valley Grenache Shiraz Mataro, S Australia","368","Case of 6 Bottles","https://www.bbr.com/products-20158108241-2015-powell-and-son-barossa-valley-grenache-shiraz-mataro-s-australia","1373774","20158108241"
"Bodegas Muga","2004","Prado Enea, Gran Reserva, Bodegas Muga, Rioja, Spain","520","Case of 6 Bottles","https://www.bbr.com/products-20048008466-2004-prado-enea-gran-reserva-bodegas-muga-rioja-spain","1120671","20048008466"
"Bodegas Muga","2004","Prado Enea, Gran Reserva, Bodegas Muga, Rioja, Spain","550","Case of 6 Bottles","https://www.bbr.com/products-20048008466-2004-prado-enea-gran-reserva-bodegas-muga-rioja-spain","1120671","20048008466"
"Bodegas Muga","2005","Prado Enea, Gran Reserva, Bodegas Muga, Rioja, Spain","290","Case of 6 Bottles","https://www.bbr.com/products-20058008466-2005-prado-enea-gran-reserva-bodegas-muga-rioja-spain","1120671","20058008466"
"Bodegas Muga","2005","Prado Enea, Gran Reserva, Bodegas Muga, Rioja, Spain","420","Case of 6 Bottles","https://www.bbr.com/products-20058008466-2005-prado-enea-gran-reserva-bodegas-muga-rioja-spain","1120671","20058008466"
"Bodegas Muga","2006","Prado Enea, Gran Reserva, Bodegas Muga, Rioja, Spain","290","Case of 6 Bottles","https://www.bbr.com/products-20068008466-2006-prado-enea-gran-reserva-bodegas-muga-rioja-spain","1120671","20068008466"
"Bodegas Muga","2006","Prado Enea, Gran Reserva, Bodegas Muga, Rioja, Spain","288","Case of 3 Magnums","https://www.bbr.com/products-20068008466-2006-prado-enea-gran-reserva-bodegas-muga-rioja-spain","1120671","20068008466"
"Bodegas Muga","2009","Prado Enea, Gran Reserva, Bodegas Muga, Rioja, Spain","135","Case of 3 Bottles","https://www.bbr.com/products-20098008466-2009-prado-enea-gran-reserva-bodegas-muga-rioja-spain","1120671","20098008466"
"Bodegas Muga","2009","Prado Enea, Gran Reserva, Bodegas Muga, Rioja, Spain","269","Case of 6 Bottles","https://www.bbr.com/products-20098008466-2009-prado-enea-gran-reserva-bodegas-muga-rioja-spain","1120671","20098008466"
"Bodegas Muga","2010","Prado Enea, Gran Reserva, Bodegas Muga, Rioja, Spain","338","Case of 6 Bottles","https://www.bbr.com/products-20108008466-2010-prado-enea-gran-reserva-bodegas-muga-rioja-spain","1120671","20108008466"
"Bodegas Muga","2010","Prado Enea, Gran Reserva, Bodegas Muga, Rioja, Spain","195","Case of 3 Bottles","https://www.bbr.com/products-20108008466-2010-prado-enea-gran-reserva-bodegas-muga-rioja-spain","1120671","20108008466"
"Bodegas Muga","2010","Prado Enea, Gran Reserva, Bodegas Muga, Rioja, Spain","345","Case of 3 Magnums","https://www.bbr.com/products-20108008466-2010-prado-enea-gran-reserva-bodegas-muga-rioja-spain","1120671","20108008466"
"Bodegas Muga","2011","Prado Enea, Gran Reserva, Bodegas Muga, Rioja, Spain","245","Case of 6 Bottles","https://www.bbr.com/products-20118008466-2011-prado-enea-gran-reserva-bodegas-muga-rioja-spain","1120671","20118008466"
"Produttori Del Barbaresco","2013","Produttori del Barbaresco, Barbaresco Riserva, Nine-Bottle Assortment Case","440","Case of 1 Mixed Cases","https://www.bbr.com/products-20138223311-2013-produttori-del-barbaresco-barbaresco-riserva-nine-bottle-assortment-case","1170706","20138223311"
"Produttori Del Barbaresco","2014","Produttori del Barbaresco, Barbaresco Riserva, Nine-Bottle Assortment Case","470","Case of 1 Mixed Cases","https://www.bbr.com/products-20148223311-2014-produttori-del-barbaresco-barbaresco-riserva-nine-bottle-assortment-case","1170706","20148223311"
"Produttori Del Barbaresco","2015","Produttori del Barbaresco, Barbaresco Riserva, Nine-Bottle Assortment Case","440","Case of 1 Mixed Cases","https://www.bbr.com/products-20158223311-2015-produttori-del-barbaresco-barbaresco-riserva-nine-bottle-assortment-case","1170706","20158223311"
"Produttori Del Barbaresco","2016","Produttori del Barbaresco, Barbaresco Riserva, Nine-Bottle Assortment Case","578","Case of 1 Mixed Cases","https://www.bbr.com/products-20168223311-2016-produttori-del-barbaresco-barbaresco-riserva-nine-bottle-assortment-case","1170706","20168223311"
"Produttori Del Barbaresco","2021","Produttori del Barbaresco, Barbaresco Riserva, Nine-Bottle Assortment Case","545","Case of 1 Mixed Cases","https://www.bbr.com/products-20218223311-2021-produttori-del-barbaresco-barbaresco-riserva-nine-bottle-assortment-case","1170706","20218223311"
"Promontory","2012","Promontory, Napa Valley, California, USA","1395","Case of 3 Bottles","https://www.bbr.com/products-20128108384-2012-promontory-napa-valley-california-usa","1366741","20128108384"
"Promontory","2013","Promontory, Napa Valley, California, USA","1490","Case of 3 Bottles","https://www.bbr.com/products-20138108384-2013-promontory-napa-valley-california-usa","1366741","20138108384"
"Promontory","2013","Promontory, Napa Valley, California, USA","1350","Case of 3 Bottles","https://www.bbr.com/products-20138108384-2013-promontory-napa-valley-california-usa","1366741","20138108384"
"Promontory","2014","Promontory, Napa Valley, California, USA","1398","Case of 3 Bottles","https://www.bbr.com/products-20148108384-2014-promontory-napa-valley-california-usa","1366741","20148108384"
"Promontory","2015","Promontory, Napa Valley, California, USA","1388","Case of 3 Bottles","https://www.bbr.com/products-20158108384-2015-promontory-napa-valley-california-usa","1366741","20158108384"
"Promontory","2016","Promontory, Napa Valley, California, USA","1850","Case of 3 Bottles","https://www.bbr.com/products-20168108384-2016-promontory-napa-valley-california-usa","1366741","20168108384"
"Promontory","2017","Promontory, Napa Valley, California, USA","2724","Case of 3 Bottles","https://www.bbr.com/products-20178108384-2017-promontory-napa-valley-california-usa","1366741","20178108384"
"Promontory","2018","Promontory, Napa Valley, California, USA","2469","Case of 3 Bottles","https://www.bbr.com/products-20188108384-2018-promontory-napa-valley-california-usa","1366741","20188108384"
"Bodegas y Vinedos Alnardo","2020","Psi, Bodegas y Vi?edos Alnardo, Ribera del Duero, Spain","230","Case of 12 Bottles","https://www.bbr.com/products-20208109961-2020-psi-bodegas-y-vi-edos-alnardo-ribera-del-duero-spain","1314436","20208109961"
"Pulenta Estate","2016","Pulenta Estate, Palma Carola Malbec, Mendoza, Argentina","380","Case of 6 Bottles","https://www.bbr.com/products-20168064918-2016-pulenta-estate-palma-carola-malbec-mendoza-argentina","2174138","20168064918"
"Domaine Pierre Vincent","2023","Puligny Montrachet, Domaine Pierre Vincent, Burgundy","992","Case of 6 Bottles","https://www.bbr.com/products-20238182092-2023-puligny-montrachet-domaine-pierre-vincent-burgundy","1449657","20238182092"
"Au Pied du Mont Chauve","2022","Puligny Montrachet, Les Demoiselles, 1er Cru, Au Pied du Mont Chauve, Burgundy","690","Case of 3 Bottles","https://www.bbr.com/products-20228184445-2022-puligny-montrachet-les-demoiselles-1er-cru-au-pied-du-mont-chauve-burgundy","1334364","20228184445"
"Domaine Bernard Moreau et Fils","2021","Puligny-Montrachet, Alex Moreau, Burgundy","440","Case of 6 Bottles","https://www.bbr.com/products-20218038298-2021-puligny-montrachet-alex-moreau-burgundy","1276873","20218038298"
"Benjamin Leroux","2012","Puligny-Montrachet, Benjamin Leroux, Burgundy","480","Case of 6 Bottles","https://www.bbr.com/products-20128025768-2012-puligny-montrachet-benjamin-leroux-burgundy","1074310","20128025768"
"Lucien Le Moine","2018","Puligny-Montrachet, Chalumaux, 1er Cru, Lucien Le Moine, Burgundy","790","Case of 6 Bottles","https://www.bbr.com/products-20188070670-2018-puligny-montrachet-chalumaux-1er-cru-lucien-le-moine-burgundy","1581016","20188070670"
"Etienne Sauzet","2013","Puligny-Montrachet, Champ Canet, 1er Cru, Etienne Sauzet, Burgundy","914","Case of 6 Bottles","https://www.bbr.com/products-20138023096-2013-puligny-montrachet-champ-canet-1er-cru-etienne-sauzet-burgundy","1080245","20138023096"
"Etienne Sauzet","2019","Puligny-Montrachet, Champ Canet, 1er Cru, Etienne Sauzet, Burgundy","900","Case of 6 Bottles","https://www.bbr.com/products-20198023096-2019-puligny-montrachet-champ-canet-1er-cru-etienne-sauzet-burgundy","1080245","20198023096"
"Etienne Sauzet","2020","Puligny-Montrachet, Champ Canet, 1er Cru, Etienne Sauzet, Burgundy","800","Case of 6 Bottles","https://www.bbr.com/products-20208023096-2020-puligny-montrachet-champ-canet-1er-cru-etienne-sauzet-burgundy","1080245","20208023096"
"Etienne Sauzet","2023","Puligny-Montrachet, Champ Canet, 1er Cru, Etienne Sauzet, Burgundy","725","Case of 6 Bottles","https://www.bbr.com/products-20238023096-2023-puligny-montrachet-champ-canet-1er-cru-etienne-sauzet-burgundy","1080245","20238023096"
"Domaine Joseph Faiveley","2018","Puligny-Montrachet, Champ Gain, 1er Cru, Domaine Faiveley, Burgundy","520","Case of 6 Bottles","https://www.bbr.com/products-20188021236-2018-puligny-montrachet-champ-gain-1er-cru-domaine-faiveley-burgundy","1543212","20188021236"
"Domaine de la Vougeraie","2014","Puligny-Montrachet, Champ Gain, 1er Cru, Domaine de la Vougeraie, Burgundy","660","Case of 6 Bottles","https://www.bbr.com/products-20148020776-2014-puligny-montrachet-champ-gain-1er-cru-domaine-de-la-vougeraie-burgundy","1449295","20148020776"
"Domaine de la Vougeraie","2015","Puligny-Montrachet, Champ Gain, 1er Cru, Domaine de la Vougeraie, Burgundy","570","Case of 6 Bottles","https://www.bbr.com/products-20158020776-2015-puligny-montrachet-champ-gain-1er-cru-domaine-de-la-vougeraie-burgundy","1449295","20158020776"
"Domaine de la Vougeraie","2016","Puligny-Montrachet, Champ Gain, 1er Cru, Domaine de la Vougeraie, Burgundy","640","Case of 6 Bottles","https://www.bbr.com/products-20168020776-2016-puligny-montrachet-champ-gain-1er-cru-domaine-de-la-vougeraie-burgundy","1449295","20168020776"
"Domaine de la Vougeraie","2017","Puligny-Montrachet, Champ Gain, 1er Cru, Domaine de la Vougeraie, Burgundy","515","Case of 6 Bottles","https://www.bbr.com/products-20178020776-2017-puligny-montrachet-champ-gain-1er-cru-domaine-de-la-vougeraie-burgundy","1449295","20178020776"
"Domaine de la Vougeraie","2018","Puligny-Montrachet, Champ Gain, 1er Cru, Domaine de la Vougeraie, Burgundy","475","Case of 6 Bottles","https://www.bbr.com/products-20188020776-2018-puligny-montrachet-champ-gain-1er-cru-domaine-de-la-vougeraie-burgundy","1449295","20188020776"
"Domaine de la Vougeraie","2019","Puligny-Montrachet, Champ Gain, 1er Cru, Domaine de la Vougeraie, Burgundy","520","Case of 6 Bottles","https://www.bbr.com/products-20198020776-2019-puligny-montrachet-champ-gain-1er-cru-domaine-de-la-vougeraie-burgundy","1449295","20198020776"
"Domaine de la Vougeraie","2020","Puligny-Montrachet, Champ Gain, 1er Cru, Domaine de la Vougeraie, Burgundy","490","Case of 6 Bottles","https://www.bbr.com/products-20208020776-2020-puligny-montrachet-champ-gain-1er-cru-domaine-de-la-vougeraie-burgundy","1449295","20208020776"
"Domaine de la Vougeraie","2021","Puligny-Montrachet, Champ Gain, 1er Cru, Domaine de la Vougeraie, Burgundy","460","Case of 6 Bottles","https://www.bbr.com/products-20218020776-2021-puligny-montrachet-champ-gain-1er-cru-domaine-de-la-vougeraie-burgundy","1449295","20218020776"
"Domaine de la Vougeraie","2022","Puligny-Montrachet, Champ Gain, 1er Cru, Domaine de la Vougeraie, Burgundy","580","Case of 6 Bottles","https://www.bbr.com/products-20228020776-2022-puligny-montrachet-champ-gain-1er-cru-domaine-de-la-vougeraie-burgundy","1449295","20228020776"
"Domaine Labruyere","2019","Puligny-Montrachet, Champ Gain, 1er Cru, Labruyere-Prieur, Burgundy","430","Case of 6 Bottles","https://www.bbr.com/products-20198078735-2019-puligny-montrachet-champ-gain-1er-cru-labruyere-prieur-burgundy","3012855","20198078735"
"Jean Marc Boillot","2022","Puligny-Montrachet, Champ-Canet, 1er Cru, Domaine Jean-Marc Boillot, Burgundy","680","Case of 6 Bottles","https://www.bbr.com/products-20221061532-2022-puligny-montrachet-champ-canet-1er-cru-domaine-jean-marc-boillot-burgundy","1061532","20221061532"
"Jean Marc Boillot","2022","Puligny-Montrachet, Champ-Canet, 1er Cru, Domaine Jean-Marc Boillot, Burgundy","365","Case of 3 Bottles","https://www.bbr.com/products-20221061532-2022-puligny-montrachet-champ-canet-1er-cru-domaine-jean-marc-boillot-burgundy","1061532","20221061532"
"Domaine Arnaud Ente","2014","Puligny-Montrachet, Champ-Gain, 1er Cru, Arnaud Ente, Burgundy","2450","Case of 1 Magnums","https://www.bbr.com/products-20141067837-2014-puligny-montrachet-champ-gain-1er-cru-arnaud-ente-burgundy","1067837","20141067837"
"Domaine Arnaud Ente","2015","Puligny-Montrachet, Champ-Gain, 1er Cru, Arnaud Ente, Burgundy","6600","Case of 6 Bottles","https://www.bbr.com/products-20151067837-2015-puligny-montrachet-champ-gain-1er-cru-arnaud-ente-burgundy","1067837","20151067837"
"Olivier Bernstein","2010","Puligny-Montrachet, Champ-Gain, 1er Cru, Olivier Bernstein, Burgundy","790","Case of 6 Bottles","https://www.bbr.com/products-20108019338-2010-puligny-montrachet-champ-gain-1er-cru-olivier-bernstein-burgundy","1157112","20108019338"
"Dominique Lafon","2011","Puligny-Montrachet, Champgain, 1er Cru, Dominique Lafon, Burgundy","550","Case of 6 Bottles","https://www.bbr.com/products-20118020848-2011-puligny-montrachet-champgain-1er-cru-dominique-lafon-burgundy","1071986","20118020848"
"Dominique Lafon","2013","Puligny-Montrachet, Champgain, 1er Cru, Dominique Lafon, Burgundy","625","Case of 6 Bottles","https://www.bbr.com/products-20138020848-2013-puligny-montrachet-champgain-1er-cru-dominique-lafon-burgundy","1071986","20138020848"
"Dominique Lafon","2014","Puligny-Montrachet, Champgain, 1er Cru, Dominique Lafon, Burgundy","1200","Case of 6 Bottles","https://www.bbr.com/products-20148020848-2014-puligny-montrachet-champgain-1er-cru-dominique-lafon-burgundy","1071986","20148020848"
"Dominique Lafon","2015","Puligny-Montrachet, Champgain, 1er Cru, Dominique Lafon, Burgundy","999","Case of 6 Bottles","https://www.bbr.com/products-20158020848-2015-puligny-montrachet-champgain-1er-cru-dominique-lafon-burgundy","1071986","20158020848"
"Dominique Lafon","2016","Puligny-Montrachet, Champgain, 1er Cru, Dominique Lafon, Burgundy","855","Case of 6 Bottles","https://www.bbr.com/products-20168020848-2016-puligny-montrachet-champgain-1er-cru-dominique-lafon-burgundy","1071986","20168020848"
"Dominique Lafon","2017","Puligny-Montrachet, Champgain, 1er Cru, Dominique Lafon, Burgundy","1200","Case of 6 Bottles","https://www.bbr.com/products-20178020848-2017-puligny-montrachet-champgain-1er-cru-dominique-lafon-burgundy","1071986","20178020848"
"Dominique Lafon","2018","Puligny-Montrachet, Champgain, 1er Cru, Dominique Lafon, Burgundy","630","Case of 6 Bottles","https://www.bbr.com/products-20188020848-2018-puligny-montrachet-champgain-1er-cru-dominique-lafon-burgundy","1071986","20188020848"
"Dominique Lafon","2019","Puligny-Montrachet, Champgain, 1er Cru, Dominique Lafon, Burgundy","720","Case of 6 Bottles","https://www.bbr.com/products-20198020848-2019-puligny-montrachet-champgain-1er-cru-dominique-lafon-burgundy","1071986","20198020848"
"Dominique Lafon","2022","Puligny-Montrachet, Champgain, 1er Cru, Dominique Lafon, Burgundy","888","Case of 6 Bottles","https://www.bbr.com/products-20228020848-2022-puligny-montrachet-champgain-1er-cru-dominique-lafon-burgundy","1071986","20228020848"
"Ramonet","2015","Puligny-Montrachet, Champs-Canet, 1er Cru, Domaine Ramonet, Burgundy","825","Case of 3 Bottles","https://www.bbr.com/products-20158119298-2015-puligny-montrachet-champs-canet-1er-cru-domaine-ramonet-burgundy","1079096","20158119298"
"Chateau de Puligny-Montrachet","2015","Puligny-Montrachet, Chateau de Puligny-Montrachet, Burgundy","700","Case of 12 Bottles","https://www.bbr.com/products-20151063217-2015-puligny-montrachet-chateau-de-puligny-montrachet-burgundy","1063217","20151063217"
"Domaine Leflaive","2016","Puligny-Montrachet, Clavoillon, 1er Cru, Domaine Leflaive, Burgundy","1794","Case of 6 Bottles","https://www.bbr.com/products-20161073485-2016-puligny-montrachet-clavoillon-1er-cru-domaine-leflaive-burgundy","1073485","20161073485"
"Domaine Leflaive","2018","Puligny-Montrachet, Clavoillon, 1er Cru, Domaine Leflaive, Burgundy","1866","Case of 6 Bottles","https://www.bbr.com/products-20181073485-2018-puligny-montrachet-clavoillon-1er-cru-domaine-leflaive-burgundy","1073485","20181073485"
"Domaine Leflaive","2019","Puligny-Montrachet, Clavoillon, 1er Cru, Domaine Leflaive, Burgundy","1199","Case of 3 Bottles","https://www.bbr.com/products-20191073485-2019-puligny-montrachet-clavoillon-1er-cru-domaine-leflaive-burgundy","1073485","20191073485"
"Domaine Leflaive","2020","Puligny-Montrachet, Clavoillon, 1er Cru, Domaine Leflaive, Burgundy","2350","Case of 6 Bottles","https://www.bbr.com/products-20201073485-2020-puligny-montrachet-clavoillon-1er-cru-domaine-leflaive-burgundy","1073485","20201073485"
"Domaine Leflaive","2020","Puligny-Montrachet, Clavoillon, 1er Cru, Domaine Leflaive, Burgundy","1988","Case of 6 Bottles","https://www.bbr.com/products-20201073485-2020-puligny-montrachet-clavoillon-1er-cru-domaine-leflaive-burgundy","1073485","20201073485"
"Domaine Leflaive","2021","Puligny-Montrachet, Clavoillon, 1er Cru, Domaine Leflaive, Burgundy","1900","Case of 3 Magnums","https://www.bbr.com/products-20211073485-2021-puligny-montrachet-clavoillon-1er-cru-domaine-leflaive-burgundy","1073485","20211073485"
"Domaine Leflaive","2022","Puligny-Montrachet, Clavoillon, 1er Cru, Domaine Leflaive, Burgundy","800","Case of 3 Bottles","https://www.bbr.com/products-20221073485-2022-puligny-montrachet-clavoillon-1er-cru-domaine-leflaive-burgundy","1073485","20221073485"
"Domaine Leflaive","2022","Puligny-Montrachet, Clavoillon, 1er Cru, Domaine Leflaive, Burgundy","1765","Case of 6 Bottles","https://www.bbr.com/products-20221073485-2022-puligny-montrachet-clavoillon-1er-cru-domaine-leflaive-burgundy","1073485","20221073485"
"Domaine Leflaive","2023","Puligny-Montrachet, Clavoillon, 1er Cru, Domaine Leflaive, Burgundy","1750","Case of 6 Bottles","https://www.bbr.com/products-20231073485-2023-puligny-montrachet-clavoillon-1er-cru-domaine-leflaive-burgundy","1073485","20231073485"
"Alvina Pernot","2022","Puligny-Montrachet, Clos de la Garenne, 1er Cru, Alvina Pernot, Burgundy","550","Case of 3 Bottles","https://www.bbr.com/products-20228235381-2022-puligny-montrachet-clos-de-la-garenne-1er-cru-alvina-pernot-burgundy","1873391","20228235381"
"Maison Joseph Drouhin","2014","Puligny-Montrachet, Clos de la Garenne, 1er Cru, Joseph Drouhin, Burgundy","1245","Case of 6 Magnums","https://www.bbr.com/products-20148018995-2014-puligny-montrachet-clos-de-la-garenne-1er-cru-joseph-drouhin-burgundy","1067491","20148018995"
"Louis Jadot","2022","Puligny-Montrachet, Clos de la Garenne, 1er Cru, Louis Jadot, Burgundy","595","Case of 3 Bottles","https://www.bbr.com/products-20228048899-2022-puligny-montrachet-clos-de-la-garenne-1er-cru-louis-jadot-burgundy","1070921","20228048899"
"Henri Boillot","2012","Puligny-Montrachet, Clos de la Mouchere, 1er Cru, Domaine Henri Boillot, Burgundy","1300","Case of 6 Bottles","https://www.bbr.com/products-20128014678-2012-puligny-montrachet-clos-de-la-mouchere-1er-cru-domaine-henri-boillot-burgundy","1061226","20128014678"
"Henri Boillot","2013","Puligny-Montrachet, Clos de la Mouchere, 1er Cru, Domaine Henri Boillot, Burgundy","790","Case of 3 Bottles","https://www.bbr.com/products-20138014678-2013-puligny-montrachet-clos-de-la-mouchere-1er-cru-domaine-henri-boillot-burgundy","1061226","20138014678"
"Henri Boillot","2022","Puligny-Montrachet, Clos de la Mouchere, 1er Cru, Domaine Henri Boillot, Burgundy","966","Case of 6 Bottles","https://www.bbr.com/products-20228014678-2022-puligny-montrachet-clos-de-la-mouchere-1er-cru-domaine-henri-boillot-burgundy","1061226","20228014678"
"Henri Boillot","2023","Puligny-Montrachet, Clos de la Mouchere, 1er Cru, Domaine Henri Boillot, Burgundy","995","Case of 6 Bottles","https://www.bbr.com/products-20238014678-2023-puligny-montrachet-clos-de-la-mouchere-1er-cru-domaine-henri-boillot-burgundy","1061226","20238014678"
"Dom Jean Chartron","2022","Puligny-Montrachet, Clos de la Pucelle, 1er Cru, Jean Chartron, Burgundy","685","Case of 6 Bottles","https://www.bbr.com/products-20228123767-2022-puligny-montrachet-clos-de-la-pucelle-1er-cru-jean-chartron-burgundy","1063914","20228123767"
"Alvina Pernot","2022","Puligny-Montrachet, Clos des Folatieres, 1er Cru, Alvina Pernot, Burgundy","590","Case of 3 Bottles","https://www.bbr.com/products-20228066505-2022-puligny-montrachet-clos-des-folatieres-1er-cru-alvina-pernot-burgundy","1873388","20228066505"
"Alvina Pernot","2021","Puligny-Montrachet, Clos des Noyers Brets, Alvina Pernot, Burgundy","480","Case of 6 Bottles","https://www.bbr.com/products-20218171612-2021-puligny-montrachet-clos-des-noyers-brets-alvina-pernot-burgundy","2196608","20218171612"
"Domaine Blain-Gagnard","2015","Puligny-Montrachet, Domaine Blain-Gagnard, Burgundy","695","Case of 12 Bottles","https://www.bbr.com/products-20158217271-2015-puligny-montrachet-domaine-blain-gagnard-burgundy","1060896","20158217271"
"Henri Boillot","2019","Puligny-Montrachet, Domaine Henri Boillot, Burgundy","432","Case of 6 Bottles","https://www.bbr.com/products-20198014665-2019-puligny-montrachet-domaine-henri-boillot-burgundy","1061183","20198014665"
"Domaine Jacques Carillon","2012","Puligny-Montrachet, Domaine Jacques Carillon, Burgundy","480","Case of 6 Bottles","https://www.bbr.com/products-20121195118-2012-puligny-montrachet-domaine-jacques-carillon-burgundy","1195118","20121195118"
"Domaine Jacques Carillon","2014","Puligny-Montrachet, Domaine Jacques Carillon, Burgundy","450","Case of 6 Bottles","https://www.bbr.com/products-20141195118-2014-puligny-montrachet-domaine-jacques-carillon-burgundy","1195118","20141195118"
"Domaine Jacques Carillon","2017","Puligny-Montrachet, Domaine Jacques Carillon, Burgundy","385","Case of 6 Bottles","https://www.bbr.com/products-20171195118-2017-puligny-montrachet-domaine-jacques-carillon-burgundy","1195118","20171195118"
"Domaine Jacques Carillon","2019","Puligny-Montrachet, Domaine Jacques Carillon, Burgundy","320","Case of 6 Bottles","https://www.bbr.com/products-20191195118-2019-puligny-montrachet-domaine-jacques-carillon-burgundy","1195118","20191195118"
"Domaine Jacques Carillon","2020","Puligny-Montrachet, Domaine Jacques Carillon, Burgundy","320","Case of 6 Bottles","https://www.bbr.com/products-20201195118-2020-puligny-montrachet-domaine-jacques-carillon-burgundy","1195118","20201195118"
"Domaine Jacques Carillon","2021","Puligny-Montrachet, Domaine Jacques Carillon, Burgundy","300","Case of 6 Bottles","https://www.bbr.com/products-20211195118-2021-puligny-montrachet-domaine-jacques-carillon-burgundy","1195118","20211195118"
"Domaine Jacques Carillon","2022","Puligny-Montrachet, Domaine Jacques Carillon, Burgundy","310","Case of 6 Bottles","https://www.bbr.com/products-20221195118-2022-puligny-montrachet-domaine-jacques-carillon-burgundy","1195118","20221195118"
"Domaine Jacques Carillon","2023","Puligny-Montrachet, Domaine Jacques Carillon, Burgundy","660","Case of 6 Bottles","https://www.bbr.com/products-20231195118-2023-puligny-montrachet-domaine-jacques-carillon-burgundy","1195118","20231195118"
"Jean Marc Boillot","2020","Puligny-Montrachet, Domaine Jean-Marc Boillot, Burgundy","420","Case of 6 Bottles","https://www.bbr.com/products-20201061516-2020-puligny-montrachet-domaine-jean-marc-boillot-burgundy","1061516","20201061516"
"Jean Marc Boillot","2021","Puligny-Montrachet, Domaine Jean-Marc Boillot, Burgundy","380","Case of 6 Bottles","https://www.bbr.com/products-20211061516-2021-puligny-montrachet-domaine-jean-marc-boillot-burgundy","1061516","20211061516"
"Jean Marc Boillot","2023","Puligny-Montrachet, Domaine Jean-Marc Boillot, Burgundy","330","Case of 6 Bottles","https://www.bbr.com/products-20231061516-2023-puligny-montrachet-domaine-jean-marc-boillot-burgundy","1061516","20231061516"
"Domaine Leflaive","2013","Puligny-Montrachet, Domaine Leflaive, Burgundy","1290","Case of 6 Bottles","https://www.bbr.com/products-20131073469-2013-puligny-montrachet-domaine-leflaive-burgundy","1073469","20131073469"
"Domaine Leflaive","2013","Puligny-Montrachet, Domaine Leflaive, Burgundy","1150","Case of 6 Bottles","https://www.bbr.com/products-20131073469-2013-puligny-montrachet-domaine-leflaive-burgundy","1073469","20131073469"
"Domaine Leflaive","2021","Puligny-Montrachet, Domaine Leflaive, Burgundy","1075","Case of 6 Bottles","https://www.bbr.com/products-20211073469-2021-puligny-montrachet-domaine-leflaive-burgundy","1073469","20211073469"
"Domaine Leflaive","2021","Puligny-Montrachet, Domaine Leflaive, Burgundy","1350","Case of 6 Bottles","https://www.bbr.com/products-20211073469-2021-puligny-montrachet-domaine-leflaive-burgundy","1073469","20211073469"
"Domaine Leflaive","2022","Puligny-Montrachet, Domaine Leflaive, Burgundy","1400","Case of 6 Bottles","https://www.bbr.com/products-20221073469-2022-puligny-montrachet-domaine-leflaive-burgundy","1073469","20221073469"
"Domaine Leflaive","2022","Puligny-Montrachet, Domaine Leflaive, Burgundy","1225","Case of 6 Bottles","https://www.bbr.com/products-20221073469-2022-puligny-montrachet-domaine-leflaive-burgundy","1073469","20221073469"
"Domaine Leflaive","2023","Puligny-Montrachet, Domaine Leflaive, Burgundy","1300","Case of 6 Bottles","https://www.bbr.com/products-20231073469-2023-puligny-montrachet-domaine-leflaive-burgundy","1073469","20231073469"
"Domaine Pernot-Belicard","2019","Puligny-Montrachet, Domaine Pernot Belicard, Burgundy","500","Case of 6 Bottles","https://www.bbr.com/products-20198224640-2019-puligny-montrachet-domaine-pernot-belicard-burgundy","1233696","20198224640"
"Domaine de Montille","2018","Puligny-Montrachet, Domaine de Montille, Burgundy","670","Case of 12 Bottles","https://www.bbr.com/products-20188012889-2018-puligny-montrachet-domaine-de-montille-burgundy","1063217","20188012889"
"Domaine de Montille","2019","Puligny-Montrachet, Domaine de Montille, Burgundy","590","Case of 12 Bottles","https://www.bbr.com/products-20198012889-2019-puligny-montrachet-domaine-de-montille-burgundy","1063217","20198012889"
"Domaine de Montille","2020","Puligny-Montrachet, Domaine de Montille, Burgundy","380","Case of 6 Bottles","https://www.bbr.com/products-20208012889-2020-puligny-montrachet-domaine-de-montille-burgundy","1063217","20208012889"
"Domaine de Montille","2021","Puligny-Montrachet, Domaine de Montille, Burgundy","280","Case of 6 Bottles","https://www.bbr.com/products-20218012889-2021-puligny-montrachet-domaine-de-montille-burgundy","1063217","20218012889"
"Domaine de Montille","2022","Puligny-Montrachet, Domaine de Montille, Burgundy","495","Case of 6 Bottles","https://www.bbr.com/products-20228012889-2022-puligny-montrachet-domaine-de-montille-burgundy","1063217","20228012889"
"Domaine de Montille","2023","Puligny-Montrachet, Domaine de Montille, Burgundy","400","Case of 6 Bottles","https://www.bbr.com/products-20238012889-2023-puligny-montrachet-domaine-de-montille-burgundy","1063217","20238012889"
"Domaine de la Vougeraie","2017","Puligny-Montrachet, Domaine de la Vougeraie, Burgundy","330","Case of 6 Bottles","https://www.bbr.com/products-20178020763-2017-puligny-montrachet-domaine-de-la-vougeraie-burgundy","1437847","20178020763"
"Etienne Sauzet","2012","Puligny-Montrachet, Etienne Sauzet, Burgundy","620","Case of 6 Bottles","https://www.bbr.com/products-20128023083-2012-puligny-montrachet-etienne-sauzet-burgundy","1080232","20128023083"
"Etienne Sauzet","2016","Puligny-Montrachet, Etienne Sauzet, Burgundy","550","Case of 6 Bottles","https://www.bbr.com/products-20168023083-2016-puligny-montrachet-etienne-sauzet-burgundy","1080232","20168023083"
"Etienne Sauzet","2019","Puligny-Montrachet, Etienne Sauzet, Burgundy","710","Case of 6 Bottles","https://www.bbr.com/products-20198023083-2019-puligny-montrachet-etienne-sauzet-burgundy","1080232","20198023083"
"Etienne Sauzet","2021","Puligny-Montrachet, Etienne Sauzet, Burgundy","600","Case of 6 Bottles","https://www.bbr.com/products-20218023083-2021-puligny-montrachet-etienne-sauzet-burgundy","1080232","20218023083"
"Etienne Sauzet","2022","Puligny-Montrachet, Etienne Sauzet, Burgundy","500","Case of 6 Bottles","https://www.bbr.com/products-20228023083-2022-puligny-montrachet-etienne-sauzet-burgundy","1080232","20228023083"
"Maison Joseph Drouhin","2016","Puligny-Montrachet, Folatieres, 1er Cru, Joseph Drouhin, Burgundy","1085","Case of 12 Bottles","https://www.bbr.com/products-20168019019-2016-puligny-montrachet-folatieres-1er-cru-joseph-drouhin-burgundy","1067488","20168019019"
"Maison Joseph Drouhin","2018","Puligny-Montrachet, Folatieres, 1er Cru, Joseph Drouhin, Burgundy","542","Case of 3 Magnums","https://www.bbr.com/products-20188019019-2018-puligny-montrachet-folatieres-1er-cru-joseph-drouhin-burgundy","1067488","20188019019"
"Chapelle de Blagny","2017","Puligny-Montrachet, Hameau de Blagny, 1er Cru, Chapelle de Blagny, Burgundy","600","Case of 6 Bottles","https://www.bbr.com/products-20178041122-2017-puligny-montrachet-hameau-de-blagny-1er-cru-chapelle-de-blagny-burgundy","1855962","20178041122"
"Chapelle de Blagny","2017","Puligny-Montrachet, Hameau de Blagny, 1er Cru, Chapelle de Blagny, Burgundy","1188","Case of 12 Bottles","https://www.bbr.com/products-20178041122-2017-puligny-montrachet-hameau-de-blagny-1er-cru-chapelle-de-blagny-burgundy","1855962","20178041122"
"Domaine Comtesse de Cherisey ","2017","Puligny-Montrachet, Hameau de Blagny, 1er Cru, Comtesse de Cherisey,Burgundy","495","Case of 6 Bottles","https://www.bbr.com/products-20171196681-2017-puligny-montrachet-hameau-de-blagny-1er-cru-comtesse-de-cherisey-burgundy","1238284","20171196681"
"Lucien Le Moine","2017","Puligny-Montrachet, Hameau de Blagny, 1er Cru, Lucien Le Moine, Burgundy","735","Case of 6 Bottles","https://www.bbr.com/products-20178055659-2017-puligny-montrachet-hameau-de-blagny-1er-cru-lucien-le-moine-burgundy","1864205","20178055659"
"Maison Joseph Drouhin","2012","Puligny-Montrachet, Joseph Drouhin, Burgundy","510","Case of 6 Bottles","https://www.bbr.com/products-20128019006-2012-puligny-montrachet-joseph-drouhin-burgundy","1067459","20128019006"
"Maison Joseph Drouhin","2021","Puligny-Montrachet, Joseph Drouhin, Burgundy","330","Case of 6 Bottles","https://www.bbr.com/products-20218019006-2021-puligny-montrachet-joseph-drouhin-burgundy","1067459","20218019006"
"Chateau de Puligny-Montrachet","2013","Puligny-Montrachet, La Garenne, 1er Cru, Chateau de Puligny-Montrachet, Burgundy","375","Case of 6 Bottles","https://www.bbr.com/products-20131063246-2013-puligny-montrachet-la-garenne-1er-cru-chateau-de-puligny-montrachet-burgundy","1063246","20131063246"
"Domaine de Montille","2017","Puligny-Montrachet, La Garenne, 1er Cru, Domaine de Montille, Burgundy","880","Case of 12 Bottles","https://www.bbr.com/products-20178018373-2017-puligny-montrachet-la-garenne-1er-cru-domaine-de-montille-burgundy","1063246","20178018373"
"Domaine de Montille","2018","Puligny-Montrachet, La Garenne, 1er Cru, Domaine de Montille, Burgundy","425","Case of 6 Bottles","https://www.bbr.com/products-20188018373-2018-puligny-montrachet-la-garenne-1er-cru-domaine-de-montille-burgundy","1063246","20188018373"
"Domaine de Montille","2018","Puligny-Montrachet, La Garenne, 1er Cru, Domaine de Montille, Burgundy","960","Case of 12 Bottles","https://www.bbr.com/products-20188018373-2018-puligny-montrachet-la-garenne-1er-cru-domaine-de-montille-burgundy","1063246","20188018373"
"Domaine de Montille","2020","Puligny-Montrachet, La Garenne, 1er Cru, Domaine de Montille, Burgundy","390","Case of 6 Bottles","https://www.bbr.com/products-20208018373-2020-puligny-montrachet-la-garenne-1er-cru-domaine-de-montille-burgundy","1063246","20208018373"
"Domaine de Montille","2021","Puligny-Montrachet, La Garenne, 1er Cru, Domaine de Montille, Burgundy","530","Case of 6 Bottles","https://www.bbr.com/products-20218018373-2021-puligny-montrachet-la-garenne-1er-cru-domaine-de-montille-burgundy","1063246","20218018373"
"Domaine de Montille","2022","Puligny-Montrachet, La Garenne, 1er Cru, Domaine de Montille, Burgundy","735","Case of 6 Bottles","https://www.bbr.com/products-20228018373-2022-puligny-montrachet-la-garenne-1er-cru-domaine-de-montille-burgundy","1063246","20228018373"
"Etienne Sauzet","2019","Puligny-Montrachet, La Garenne, 1er Cru, Etienne Sauzet, Burgundy","750","Case of 6 Bottles","https://www.bbr.com/products-20198023126-2019-puligny-montrachet-la-garenne-1er-cru-etienne-sauzet-burgundy","1080287","20198023126"
"Etienne Sauzet","2020","Puligny-Montrachet, La Garenne, 1er Cru, Etienne Sauzet, Burgundy","700","Case of 6 Bottles","https://www.bbr.com/products-20208023126-2020-puligny-montrachet-la-garenne-1er-cru-etienne-sauzet-burgundy","1080287","20208023126"
"Etienne Sauzet","2021","Puligny-Montrachet, La Garenne, 1er Cru, Etienne Sauzet, Burgundy","350","Case of 3 Bottles","https://www.bbr.com/products-20218023126-2021-puligny-montrachet-la-garenne-1er-cru-etienne-sauzet-burgundy","1080287","20218023126"
"Domaine Joseph Colin","2022","Puligny-Montrachet, La Garenne, 1er Cru, Joseph Colin, Burgundy","700","Case of 6 Bottles","https://www.bbr.com/products-20228030928-2022-puligny-montrachet-la-garenne-1er-cru-joseph-colin-burgundy","1790977","20228030928"
"Louis Jadot","2021","Puligny-Montrachet, La Garenne, 1er Cru, Louis Jadot, Burgundy","330","Case of 3 Bottles","https://www.bbr.com/products-20218083272-2021-puligny-montrachet-la-garenne-1er-cru-louis-jadot-burgundy","1070921","20218083272"
"Jean Marc Boillot","2022","Puligny-Montrachet, La Truffiere, 1er Cru, Domaine Jean-Marc Boillot, Burgundy","500","Case of 6 Bottles","https://www.bbr.com/products-20221061604-2022-puligny-montrachet-la-truffiere-1er-cru-domaine-jean-marc-boillot-burgundy","1061604","20221061604"
"Etienne Sauzet","2022","Puligny-Montrachet, La Truffiere, 1er Cru, Etienne Sauzet, Burgundy","600","Case of 3 Bottles","https://www.bbr.com/products-20228023171-2022-puligny-montrachet-la-truffiere-1er-cru-etienne-sauzet-burgundy","1080320","20228023171"
"Domaine de Montille","2017","Puligny-Montrachet, Le Cailleret, 1er Cru, Domaine de Montille, Burgundy","1624","Case of 12 Bottles","https://www.bbr.com/products-20178018230-2017-puligny-montrachet-le-cailleret-1er-cru-domaine-de-montille-burgundy","1076024","20178018230"
"Domaine de Montille","2019","Puligny-Montrachet, Le Cailleret, 1er Cru, Domaine de Montille, Burgundy","860","Case of 6 Bottles","https://www.bbr.com/products-20198018230-2019-puligny-montrachet-le-cailleret-1er-cru-domaine-de-montille-burgundy","1076024","20198018230"
"Domaine de Montille","2021","Puligny-Montrachet, Le Cailleret, 1er Cru, Domaine de Montille, Burgundy","1500","Case of 6 Bottles","https://www.bbr.com/products-20218018230-2021-puligny-montrachet-le-cailleret-1er-cru-domaine-de-montille-burgundy","1076024","20218018230"
"Domaine de Montille","2022","Puligny-Montrachet, Le Cailleret, 1er Cru, Domaine de Montille, Burgundy","1280","Case of 6 Bottles","https://www.bbr.com/products-20228018230-2022-puligny-montrachet-le-cailleret-1er-cru-domaine-de-montille-burgundy","1076024","20228018230"
"Domaine de Montille","2022","Puligny-Montrachet, Le Cailleret, 1er Cru, Domaine de Montille, Burgundy","1245","Case of 3 Magnums","https://www.bbr.com/products-20228018230-2022-puligny-montrachet-le-cailleret-1er-cru-domaine-de-montille-burgundy","1076024","20228018230"
"Domaine de la Pousse D'Or","2017","Puligny-Montrachet, Le Cailleret, 1er Cru, La Pousse d'Or, Burgundy","620","Case of 6 Bottles","https://www.bbr.com/products-20178109512-2017-puligny-montrachet-le-cailleret-1er-cru-la-pousse-d-or-burgundy","1319662","20178109512"
"Domaine Michel Bouzereau","2014","Puligny-Montrachet, Le Cailleret, 1er Cru, Michel Bouzereau & Fils, Burgundy","715","Case of 6 Bottles","https://www.bbr.com/products-20148021311-2014-puligny-montrachet-le-cailleret-1er-cru-michel-bouzereau-fils-burgundy","1062467","20148021311"
"Domaine Michel Bouzereau","2015","Puligny-Montrachet, Le Cailleret, 1er Cru, Michel Bouzereau & Fils, Burgundy","675","Case of 6 Bottles","https://www.bbr.com/products-20158021311-2015-puligny-montrachet-le-cailleret-1er-cru-michel-bouzereau-fils-burgundy","1062467","20158021311"
"Domaine Michel Bouzereau","2018","Puligny-Montrachet, Le Cailleret, 1er Cru, Michel Bouzereau & Fils, Burgundy","675","Case of 6 Bottles","https://www.bbr.com/products-20188021311-2018-puligny-montrachet-le-cailleret-1er-cru-michel-bouzereau-fils-burgundy","1062467","20188021311"
"Domaine Michel Bouzereau","2016","Puligny-Montrachet, Le Cailleret, 1er Cru, Michel Bouzereau &amp; Fils, Burgundy","620","Case of 6 Bottles","https://www.bbr.com/products-20168021311-2016-puligny-montrachet-le-cailleret-1er-cru-michel-bouzereau-and-fils-burgundy","1062467","20168021311"
"Domaine Michel Bouzereau","2021","Puligny-Montrachet, Le Cailleret, 1er Cru, Michel Bouzereau &amp; Fils, Burgundy","998","Case of 6 Bottles","https://www.bbr.com/products-20218021311-2021-puligny-montrachet-le-cailleret-1er-cru-michel-bouzereau-and-fils-burgundy","1062467","20218021311"
"Domaine Michel Bouzereau","2022","Puligny-Montrachet, Le Cailleret, 1er Cru, Michel Bouzereau &amp; Fils, Burgundy","850","Case of 6 Bottles","https://www.bbr.com/products-20228021311-2022-puligny-montrachet-le-cailleret-1er-cru-michel-bouzereau-and-fils-burgundy","1062467","20228021311"
"Pierre Girardin","2021","Puligny-Montrachet, Le Cailleret, 1er Cru, Pierre Girardin, Burgundy","1480","Case of 6 Bottles","https://www.bbr.com/products-20218301437-2021-puligny-montrachet-le-cailleret-1er-cru-pierre-girardin-burgundy","2931795","20218301437"
"Domaine Antoine Jobard","2015","Puligny-Montrachet, Le Trezin, Domaine Antoine Jobard, Burgundy","450","Case of 6 Bottles","https://www.bbr.com/products-20158006563-2015-puligny-montrachet-le-trezin-domaine-antoine-jobard-burgundy","1071436","20158006563"
"Domaine Antoine Jobard","2018","Puligny-Montrachet, Le Trezin, Domaine Antoine Jobard, Burgundy","335","Case of 6 Bottles","https://www.bbr.com/products-20188006563-2018-puligny-montrachet-le-trezin-domaine-antoine-jobard-burgundy","1071436","20188006563"
"Domaine Antoine Jobard","2020","Puligny-Montrachet, Le Trezin, Domaine Antoine Jobard, Burgundy","400","Case of 6 Bottles","https://www.bbr.com/products-20208006563-2020-puligny-montrachet-le-trezin-domaine-antoine-jobard-burgundy","1071436","20208006563"
"Domaine Antoine Jobard","2022","Puligny-Montrachet, Le Trezin, Domaine Antoine Jobard, Burgundy","480","Case of 6 Bottles","https://www.bbr.com/products-20228006563-2022-puligny-montrachet-le-trezin-domaine-antoine-jobard-burgundy","1071436","20228006563"
"Jean-Claude Bachelet","2010","Puligny-Montrachet, Les Aubues, Jean-Claude Bachelet & Fils, Burgundy","700","Case of 12 Bottles","https://www.bbr.com/products-20101171484-2010-puligny-montrachet-les-aubues-jean-claude-bachelet-fils-burgundy","1171484","20101171484"
"Jean-Claude Bachelet","2014","Puligny-Montrachet, Les Aubues, Jean-Claude Bachelet & Fils, Burgundy","630","Case of 12 Bottles","https://www.bbr.com/products-20141171484-2014-puligny-montrachet-les-aubues-jean-claude-bachelet-fils-burgundy","1171484","20141171484"
"Jean-Claude Bachelet","2015","Puligny-Montrachet, Les Aubues, Jean-Claude Bachelet & Fils, Burgundy","700","Case of 12 Bottles","https://www.bbr.com/products-20151171484-2015-puligny-montrachet-les-aubues-jean-claude-bachelet-fils-burgundy","1171484","20151171484"
"Jean-Claude Bachelet","2016","Puligny-Montrachet, Les Aubues, Jean-Claude Bachelet & Fils, Burgundy","589","Case of 6 Bottles","https://www.bbr.com/products-20161171484-2016-puligny-montrachet-les-aubues-jean-claude-bachelet-fils-burgundy","1171484","20161171484"
"Jean-Claude Bachelet","2017","Puligny-Montrachet, Les Aubues, Jean-Claude Bachelet & Fils, Burgundy","320","Case of 1 Jeroboam 300cl","https://www.bbr.com/products-20171171484-2017-puligny-montrachet-les-aubues-jean-claude-bachelet-fils-burgundy","1171484","20171171484"
"Jean-Claude Bachelet","2018","Puligny-Montrachet, Les Aubues, Jean-Claude Bachelet &amp; Fils, Burgundy","315","Case of 6 Bottles","https://www.bbr.com/products-20181171484-2018-puligny-montrachet-les-aubues-jean-claude-bachelet-and-fils-burgundy","1171484","20181171484"
"Jean-Claude Bachelet","2021","Puligny-Montrachet, Les Aubues, Jean-Claude Bachelet &amp; Fils, Burgundy","377","Case of 6 Bottles","https://www.bbr.com/products-20211171484-2021-puligny-montrachet-les-aubues-jean-claude-bachelet-and-fils-burgundy","1171484","20211171484"
"Jean-Claude Bachelet","2023","Puligny-Montrachet, Les Aubues, Jean-Claude Bachelet &amp; Fils, Burgundy","495","Case of 6 Bottles","https://www.bbr.com/products-20231171484-2023-puligny-montrachet-les-aubues-jean-claude-bachelet-and-fils-burgundy","1171484","20231171484"
"Alvina Pernot","2022","Puligny-Montrachet, Les Chalumaux, 1er Cru, Alvina Pernot, Burgundy","488","Case of 3 Bottles","https://www.bbr.com/products-20228235394-2022-puligny-montrachet-les-chalumaux-1er-cru-alvina-pernot-burgundy","1905016","20228235394"
"Chateau de Puligny-Montrachet","2015","Puligny-Montrachet, Les Chalumeaux, 1er Cru, Chateau dePuligny-Montrachet, Burgundy","835","Case of 12 Bottles","https://www.bbr.com/products-20151063220-2015-puligny-montrachet-les-chalumeaux-1er-cru-chateau-depuligny-montrachet-burgundy","1766264","20151063220"
"Domaine de Montille","2018","Puligny-Montrachet, Les Chalumeaux, 1er Cru, Domaine de Montille, Burgundy","515","Case of 6 Bottles","https://www.bbr.com/products-20188013017-2018-puligny-montrachet-les-chalumeaux-1er-cru-domaine-de-montille-burgundy","1766264","20188013017"
"Domaine Jacques Carillon","2021","Puligny-Montrachet, Les Champs Canet, 1er Cru, Domaine Jacques Carillon, Burgundy","800","Case of 6 Bottles","https://www.bbr.com/products-20211198281-2021-puligny-montrachet-les-champs-canet-1er-cru-domaine-jacques-carillon-burgundy","1198281","20211198281"
"Domaine Jacques Carillon","2022","Puligny-Montrachet, Les Champs Canet, 1er Cru, Domaine Jacques Carillon, Burgundy","700","Case of 6 Bottles","https://www.bbr.com/products-20221198281-2022-puligny-montrachet-les-champs-canet-1er-cru-domaine-jacques-carillon-burgundy","1198281","20221198281"
"Maison Deux Montille","2016","Puligny-Montrachet, Les Champs Gains, 1er Cru, Deux Montille Soeur Frere, Burgundy","780","Case of 12 Bottles","https://www.bbr.com/products-20168211572-2016-puligny-montrachet-les-champs-gains-1er-cru-deux-montille-soeur-frere-burgundy","1142776","20168211572"
"Domaine Antoine Jobard","2011","Puligny-Montrachet, Les Champs-Gains, 1er Cru, Domaine Antoine Jobard, Burgundy","575","Case of 6 Bottles","https://www.bbr.com/products-20111171367-2011-puligny-montrachet-les-champs-gains-1er-cru-domaine-antoine-jobard-burgundy","1171367","20111171367"
"Alain Chavy","2020","Puligny-Montrachet, Les Charmes, Domaine Alain Chavy, Burgundy","360","Case of 6 Bottles","https://www.bbr.com/products-20208022783-2020-puligny-montrachet-les-charmes-domaine-alain-chavy-burgundy","1372979","20208022783"
"Alain Chavy","2022","Puligny-Montrachet, Les Charmes, Domaine Alain Chavy, Burgundy","318","Case of 6 Bottles","https://www.bbr.com/products-20228022783-2022-puligny-montrachet-les-charmes-domaine-alain-chavy-burgundy","1372979","20228022783"
"Dujac","2021","Puligny-Montrachet, Les Combettes, 1er Cru, Domaine Dujac, Burgundy","760","Case of 3 Bottles","https://www.bbr.com/products-20218226354-2021-puligny-montrachet-les-combettes-1er-cru-domaine-dujac-burgundy","1410398","20218226354"
"Dujac","2022","Puligny-Montrachet, Les Combettes, 1er Cru, Domaine Dujac, Burgundy","519","Case of 3 Bottles","https://www.bbr.com/products-20228226354-2022-puligny-montrachet-les-combettes-1er-cru-domaine-dujac-burgundy","1410398","20228226354"
"Domaine Francois Carillon","2017","Puligny-Montrachet, Les Combettes, 1er Cru, Domaine Francois Carillon, Burgundy","1225","Case of 12 Bottles","https://www.bbr.com/products-20178040822-2017-puligny-montrachet-les-combettes-1er-cru-domaine-francois-carillon-burgundy","1170647","20178040822"
"Domaine Francois Carillon","2018","Puligny-Montrachet, Les Combettes, 1er Cru, Domaine Francois Carillon, Burgundy","1275","Case of 12 Bottles","https://www.bbr.com/products-20188040822-2018-puligny-montrachet-les-combettes-1er-cru-domaine-francois-carillon-burgundy","1170647","20188040822"
"Henri Boillot","2016","Puligny-Montrachet, Les Combettes, 1er Cru, Domaine Henri Boillot, Burgundy","985","Case of 6 Bottles","https://www.bbr.com/products-20168035460-2016-puligny-montrachet-les-combettes-1er-cru-domaine-henri-boillot-burgundy","1231966","20168035460"
"Jacques Prieur","2017","Puligny-Montrachet, Les Combettes, 1er Cru, Domaine Jacques Prieur, Burgundy","705","Case of 6 Bottles","https://www.bbr.com/products-20178216199-2017-puligny-montrachet-les-combettes-1er-cru-domaine-jacques-prieur-burgundy","1078695","20178216199"
"Jean Marc Boillot","2022","Puligny-Montrachet, Les Combettes, 1er Cru, Domaine Jean-Marc Boillot, Burgundy","369","Case of 3 Bottles","https://www.bbr.com/products-20221061545-2022-puligny-montrachet-les-combettes-1er-cru-domaine-jean-marc-boillot-burgundy","1061545","20221061545"
"Jean Marc Boillot","2023","Puligny-Montrachet, Les Combettes, 1er Cru, Domaine Jean-Marc Boillot, Burgundy","618","Case of 6 Bottles","https://www.bbr.com/products-20231061545-2023-puligny-montrachet-les-combettes-1er-cru-domaine-jean-marc-boillot-burgundy","1061545","20231061545"
"Etienne Sauzet","2014","Puligny-Montrachet, Les Combettes, 1er Cru, Etienne Sauzet, Burgundy","1725","Case of 6 Bottles","https://www.bbr.com/products-20148023142-2014-puligny-montrachet-les-combettes-1er-cru-etienne-sauzet-burgundy","1080261","20148023142"
"Etienne Sauzet","2015","Puligny-Montrachet, Les Combettes, 1er Cru, Etienne Sauzet, Burgundy","1200","Case of 6 Bottles","https://www.bbr.com/products-20158023142-2015-puligny-montrachet-les-combettes-1er-cru-etienne-sauzet-burgundy","1080261","20158023142"
"Domaine Philippe Colin","2021","Puligny-Montrachet, Les Demoiselles, 1er Cru, Domaine Philippe Colin, Burgundy","525","Case of 3 Bottles","https://www.bbr.com/products-20211599378-2021-puligny-montrachet-les-demoiselles-1er-cru-domaine-philippe-colin-burgundy","1124031","20211599378"
"Domaine Leflaive","2014","Puligny-Montrachet, Les Enseigneres, 1er Cru, Olivier Leflaive, Burgundy","1700","Case of 12 Bottles","https://www.bbr.com/products-20148053831-2014-puligny-montrachet-les-enseigneres-1er-cru-olivier-leflaive-burgundy","1074075","20148053831"
"Domaine Francois Carillon","2017","Puligny-Montrachet, Les Enseigneres, Domaine Francois Carillon, Burgundy","800","Case of 12 Bottles","https://www.bbr.com/products-20178164096-2017-puligny-montrachet-les-enseigneres-domaine-francois-carillon-burgundy","1232178","20178164096"
"Ramonet","2021","Puligny-Montrachet, Les Enseigneres, Domaine Ramonet, Burgundy","1135","Case of 6 Bottles","https://www.bbr.com/products-20218119285-2021-puligny-montrachet-les-enseigneres-domaine-ramonet-burgundy","1079100","20218119285"
"Domaine d'Auvenay","2013","Puligny-Montrachet, Les Enseigneres, Domaine d'Auvenay, Burgundy","17000","Case of 3 Bottles","https://www.bbr.com/products-20138045579-2013-puligny-montrachet-les-enseigneres-domaine-d-auvenay-burgundy","1421723","20138045579"
"Chateau de Puligny-Montrachet","2012","Puligny-Montrachet, Les Folatieres, 1er Cru, Chateau de Puligny-Montrachet, Burgundy","520","Case of 6 Bottles","https://www.bbr.com/products-20121063233-2012-puligny-montrachet-les-folatieres-1er-cru-chateau-de-puligny-montrachet-burgundy","1842113","20121063233"
"Chateau de Puligny-Montrachet","2014","Puligny-Montrachet, Les Folatieres, 1er Cru, Chateau dePuligny-Montrachet, Burgundy","550","Case of 6 Bottles","https://www.bbr.com/products-20141063233-2014-puligny-montrachet-les-folatieres-1er-cru-chateau-depuligny-montrachet-burgundy","1842113","20141063233"
"David Moret","2018","Puligny-Montrachet, Les Folatieres, 1er Cru, David Moret, Burgundy","610","Case of 6 Bottles","https://www.bbr.com/products-20188116402-2018-puligny-montrachet-les-folatieres-1er-cru-david-moret-burgundy","1546620","20188116402"
"Domaine Bachelet-Monnot","2022","Puligny-Montrachet, Les Folatieres, 1er Cru, Domaine Bachelet-Monnot, Burgundy","1020","Case of 6 Bottles","https://www.bbr.com/products-20228019817-2022-puligny-montrachet-les-folatieres-1er-cru-domaine-bachelet-monnot-burgundy","1060216","20228019817"
"Domaine Bachelet-Monnot","2022","Puligny-Montrachet, Les Folatieres, 1er Cru, Domaine Bachelet-Monnot, Burgundy","1075","Case of 6 Bottles","https://www.bbr.com/products-20228019817-2022-puligny-montrachet-les-folatieres-1er-cru-domaine-bachelet-monnot-burgundy","1060216","20228019817"
"Dujac","2021","Puligny-Montrachet, Les Folatieres, 1er Cru, Domaine Dujac, Burgundy","570","Case of 3 Bottles","https://www.bbr.com/products-20218027485-2021-puligny-montrachet-les-folatieres-1er-cru-domaine-dujac-burgundy","1410385","20218027485"
"Domaine Jean-Louis Chavy","2017","Puligny-Montrachet, Les Folatieres, 1er Cru, Domaine Jean-Louis Chavy, Burgundy","900","Case of 12 Bottles","https://www.bbr.com/products-20178010579-2017-puligny-montrachet-les-folatieres-1er-cru-domaine-jean-louis-chavy-burgundy","1132306","20178010579"
"Domaine Jean-Louis Chavy","2020","Puligny-Montrachet, Les Folatieres, 1er Cru, Domaine Jean-Louis Chavy, Burgundy","450","Case of 6 Bottles","https://www.bbr.com/products-20208010579-2020-puligny-montrachet-les-folatieres-1er-cru-domaine-jean-louis-chavy-burgundy","1132306","20208010579"
"Domaine Jean-Louis Chavy","2022","Puligny-Montrachet, Les Folatieres, 1er Cru, Domaine Jean-Louis Chavy, Burgundy","595","Case of 6 Bottles","https://www.bbr.com/products-20228010579-2022-puligny-montrachet-les-folatieres-1er-cru-domaine-jean-louis-chavy-burgundy","1132306","20228010579"
"Domaine Jean-Louis Chavy","2023","Puligny-Montrachet, Les Folatieres, 1er Cru, Domaine Jean-Louis Chavy, Burgundy","600","Case of 6 Bottles","https://www.bbr.com/products-20238010579-2023-puligny-montrachet-les-folatieres-1er-cru-domaine-jean-louis-chavy-burgundy","1132306","20238010579"
"Domaine Leflaive","2014","Puligny-Montrachet, Les Folatieres, 1er Cru, Domaine Leflaive, Burgundy","3000","Case of 6 Bottles","https://www.bbr.com/products-20141073502-2014-puligny-montrachet-les-folatieres-1er-cru-domaine-leflaive-burgundy","1073502","20141073502"
"Domaine Leflaive","2017","Puligny-Montrachet, Les Folatieres, 1er Cru, Domaine Leflaive, Burgundy","2050","Case of 6 Bottles","https://www.bbr.com/products-20171073502-2017-puligny-montrachet-les-folatieres-1er-cru-domaine-leflaive-burgundy","1073502","20171073502"
"Olivier Leflaive","2019","Puligny-Montrachet, Les Folatieres, 1er Cru, Domaine Olivier Leflaive, Burgundy","1200","Case of 6 Bottles","https://www.bbr.com/products-20198011882-2019-puligny-montrachet-les-folatieres-1er-cru-domaine-olivier-leflaive-burgundy","1074088","20198011882"
"Olivier Leflaive","2020","Puligny-Montrachet, Les Folatieres, 1er Cru, Domaine Olivier Leflaive, Burgundy","699","Case of 6 Bottles","https://www.bbr.com/products-20208011882-2020-puligny-montrachet-les-folatieres-1er-cru-domaine-olivier-leflaive-burgundy","1074088","20208011882"
"Sebastien Magnien","2022","Puligny-Montrachet, Les Folatieres, 1er Cru, Domaine Sebastien Magnien, Burgundy","540","Case of 6 Bottles","https://www.bbr.com/products-20221171615-2022-puligny-montrachet-les-folatieres-1er-cru-domaine-sebastien-magnien-burgundy","1171615","20221171615"
"Domaine d'Auvenay","2007","Puligny-Montrachet, Les Folatieres, 1er Cru, Domaine d'Auvenay, Burgundy","22500","Case of 3 Bottles","https://www.bbr.com/products-20078119940-2007-puligny-montrachet-les-folatieres-1er-cru-domaine-d-auvenay-burgundy","1060102","20078119940"
"Domaine de Montille","2017","Puligny-Montrachet, Les Folatieres, 1er Cru, Domaine de Montille, Burgundy","1128","Case of 12 Bottles","https://www.bbr.com/products-20178032690-2017-puligny-montrachet-les-folatieres-1er-cru-domaine-de-montille-burgundy","1842113","20178032690"
"Domaine de Montille","2017","Puligny-Montrachet, Les Folatieres, 1er Cru, Domaine de Montille, Burgundy","550","Case of 6 Bottles","https://www.bbr.com/products-20178032690-2017-puligny-montrachet-les-folatieres-1er-cru-domaine-de-montille-burgundy","1842113","20178032690"
"Domaine de Montille","2018","Puligny-Montrachet, Les Folatieres, 1er Cru, Domaine de Montille, Burgundy","570","Case of 6 Bottles","https://www.bbr.com/products-20188032690-2018-puligny-montrachet-les-folatieres-1er-cru-domaine-de-montille-burgundy","1842113","20188032690"
"Domaine de Montille","2019","Puligny-Montrachet, Les Folatieres, 1er Cru, Domaine de Montille, Burgundy","655","Case of 6 Bottles","https://www.bbr.com/products-20198032690-2019-puligny-montrachet-les-folatieres-1er-cru-domaine-de-montille-burgundy","1842113","20198032690"
"Domaine de Montille","2019","Puligny-Montrachet, Les Folatieres, 1er Cru, Domaine de Montille, Burgundy","575","Case of 6 Bottles","https://www.bbr.com/products-20198032690-2019-puligny-montrachet-les-folatieres-1er-cru-domaine-de-montille-burgundy","1842113","20198032690"
"Domaine de Montille","2020","Puligny-Montrachet, Les Folatieres, 1er Cru, Domaine de Montille, Burgundy","650","Case of 6 Bottles","https://www.bbr.com/products-20208032690-2020-puligny-montrachet-les-folatieres-1er-cru-domaine-de-montille-burgundy","1842113","20208032690"
"Domaine de Montille","2021","Puligny-Montrachet, Les Folatieres, 1er Cru, Domaine de Montille, Burgundy","695","Case of 6 Bottles","https://www.bbr.com/products-20218032690-2021-puligny-montrachet-les-folatieres-1er-cru-domaine-de-montille-burgundy","1842113","20218032690"
"Domaine de Montille","2022","Puligny-Montrachet, Les Folatieres, 1er Cru, Domaine de Montille, Burgundy","995","Case of 6 Bottles","https://www.bbr.com/products-20228032690-2022-puligny-montrachet-les-folatieres-1er-cru-domaine-de-montille-burgundy","1842113","20228032690"
"Domaine de Montille","2023","Puligny-Montrachet, Les Folatieres, 1er Cru, Domaine de Montille, Burgundy","670","Case of 6 Bottles","https://www.bbr.com/products-20238032690-2023-puligny-montrachet-les-folatieres-1er-cru-domaine-de-montille-burgundy","1842113","20238032690"
"Etienne Sauzet","2011","Puligny-Montrachet, Les Folatieres, 1er Cru, Etienne Sauzet, Burgundy","1700","Case of 6 Bottles","https://www.bbr.com/products-20118023113-2011-puligny-montrachet-les-folatieres-1er-cru-etienne-sauzet-burgundy","1080274","20118023113"
"Maison Joseph Drouhin","2020","Puligny-Montrachet, Les Folatieres, 1er Cru, Joseph Drouhin, Burgundy","587","Case of 6 Bottles","https://www.bbr.com/products-20208019019-2020-puligny-montrachet-les-folatieres-1er-cru-joseph-drouhin-burgundy","1067488","20208019019"
"Lucien Le Moine","2018","Puligny-Montrachet, Les Folatieres, 1er Cru, Lucien Le Moine, Burgundy","820","Case of 6 Bottles","https://www.bbr.com/products-20188216753-2018-puligny-montrachet-les-folatieres-1er-cru-lucien-le-moine-burgundy","1073339","20188216753"
"Olivier Leflaive","2023","Puligny-Montrachet, Les Folatieres, 1er Cru, Olivier Leflaive, Burgundy","525","Case of 3 Bottles","https://www.bbr.com/products-20238304223-2023-puligny-montrachet-les-folatieres-1er-cru-olivier-leflaive-burgundy","1074088","20238304223"
"Etienne Sauzet","2019","Puligny-Montrachet, Les Folatieres, En la Richarde, 1er Cru, Etienne Sauzet, Burgundy","1288","Case of 6 Bottles","https://www.bbr.com/products-20198023113-2019-puligny-montrachet-les-folatieres-en-la-richarde-1er-cru-etienne-sauzet-burgundy","1080274","20198023113"
"Maison Pierre-Yves Colin-Morey","2016","Puligny-Montrachet, Les Garennes, 1er Cru, Pierre-Yves Colin-Morey,Burgundy","650","Case of 3 Bottles","https://www.bbr.com/products-20168041311-2016-puligny-montrachet-les-garennes-1er-cru-pierre-yves-colin-morey-burgundy","1344981","20168041311"
"Domaine Bitouzet-Prieur","2018","Puligny-Montrachet, Les Levrons, Domaine Bitouzet-Prieur, Burgundy","300","Case of 6 Bottles","https://www.bbr.com/products-20188029551-2018-puligny-montrachet-les-levrons-domaine-bitouzet-prieur-burgundy","1354449","20188029551"
"Domaine Bitouzet-Prieur","2019","Puligny-Montrachet, Les Levrons, Domaine Bitouzet-Prieur, Burgundy","379","Case of 6 Bottles","https://www.bbr.com/products-20198029551-2019-puligny-montrachet-les-levrons-domaine-bitouzet-prieur-burgundy","1354449","20198029551"
"Domaine Bitouzet-Prieur","2020","Puligny-Montrachet, Les Levrons, Domaine Bitouzet-Prieur, Burgundy","300","Case of 6 Bottles","https://www.bbr.com/products-20208029551-2020-puligny-montrachet-les-levrons-domaine-bitouzet-prieur-burgundy","1354449","20208029551"
"Domaine Bitouzet-Prieur","2022","Puligny-Montrachet, Les Levrons, Domaine Bitouzet-Prieur, Burgundy","390","Case of 6 Bottles","https://www.bbr.com/products-20228029551-2022-puligny-montrachet-les-levrons-domaine-bitouzet-prieur-burgundy","1354449","20228029551"
"Henri Boillot","2018","Puligny-Montrachet, Les Perrieres, 1er Cru, Domaine Henri Boillot, Burgundy","1369","Case of 6 Bottles","https://www.bbr.com/products-20188227016-2018-puligny-montrachet-les-perrieres-1er-cru-domaine-henri-boillot-burgundy","1061239","20188227016"
"Domaine Jacques Carillon","2022","Puligny-Montrachet, Les Perrieres, 1er Cru, Domaine Jacques Carillon, Burgundy","700","Case of 6 Bottles","https://www.bbr.com/products-20221195134-2022-puligny-montrachet-les-perrieres-1er-cru-domaine-jacques-carillon-burgundy","1195134","20221195134"
"Domaine Jacques Carillon","2023","Puligny-Montrachet, Les Perrieres, 1er Cru, Domaine Jacques Carillon, Burgundy","800","Case of 6 Bottles","https://www.bbr.com/products-20231195134-2023-puligny-montrachet-les-perrieres-1er-cru-domaine-jacques-carillon-burgundy","1195134","20231195134"
"Domaine Jacques Carillon","2018","Puligny-Montrachet, Les Perrieres, 1er Cru, Domaine Jacques Carillon,Burgundy","1377","Case of 12 Bottles","https://www.bbr.com/products-20181195134-2018-puligny-montrachet-les-perrieres-1er-cru-domaine-jacques-carillon-burgundy","1195134","20181195134"
"Domaine Jacques Carillon","2021","Puligny-Montrachet, Les Perrieres, 1er Cru, Domaine Jacques Carillon,Burgundy","738","Case of 6 Bottles","https://www.bbr.com/products-20211195134-2021-puligny-montrachet-les-perrieres-1er-cru-domaine-jacques-carillon-burgundy","1195134","20211195134"
"Domaine Pernot-Belicard","2016","Puligny-Montrachet, Les Perrieres, 1er Cru, Domaine Pernot Belicard, Burgundy","600","Case of 3 Magnums","https://www.bbr.com/products-20168206790-2016-puligny-montrachet-les-perrieres-1er-cru-domaine-pernot-belicard-burgundy","1308729","20168206790"
"Domaine Pernot-Belicard","2018","Puligny-Montrachet, Les Perrieres, 1er Cru, Domaine Pernot Belicard,Burgundy","595","Case of 6 Bottles","https://www.bbr.com/products-20188206790-2018-puligny-montrachet-les-perrieres-1er-cru-domaine-pernot-belicard-burgundy","1308729","20188206790"
"Etienne Sauzet","2023","Puligny-Montrachet, Les Perrieres, 1er Cru, Etienne Sauzet, Burgundy","840","Case of 6 Bottles","https://www.bbr.com/products-20238023155-2023-puligny-montrachet-les-perrieres-1er-cru-etienne-sauzet-burgundy","1080304","20238023155"
"Domaine Francois Carillon","2010","Puligny-Montrachet, Les Perrieres, 1er Cru, Francois Carillon, Burgundy","1900","Case of 12 Bottles","https://www.bbr.com/products-20108210618-2010-puligny-montrachet-les-perrieres-1er-cru-francois-carillon-burgundy","1170634","20108210618"
"Henri Boillot","2022","Puligny-Montrachet, Les Pucelles, 1er Cru, Domaine Henri Boillot, Burgundy","1000","Case of 6 Bottles","https://www.bbr.com/products-20228227003-2022-puligny-montrachet-les-pucelles-1er-cru-domaine-henri-boillot-burgundy","1061242","20228227003"
"Domaine Leflaive","2005","Puligny-Montrachet, Les Pucelles, 1er Cru, Domaine Leflaive, Burgundy","3000","Case of 6 Bottles","https://www.bbr.com/products-20051073515-2005-puligny-montrachet-les-pucelles-1er-cru-domaine-leflaive-burgundy","1073515","20051073515"
"Domaine Leflaive","2007","Puligny-Montrachet, Les Pucelles, 1er Cru, Domaine Leflaive, Burgundy","2600","Case of 6 Bottles","https://www.bbr.com/products-20071073515-2007-puligny-montrachet-les-pucelles-1er-cru-domaine-leflaive-burgundy","1073515","20071073515"
"Domaine Leflaive","2011","Puligny-Montrachet, Les Pucelles, 1er Cru, Domaine Leflaive, Burgundy","3100","Case of 6 Bottles","https://www.bbr.com/products-20111073515-2011-puligny-montrachet-les-pucelles-1er-cru-domaine-leflaive-burgundy","1073515","20111073515"
"Domaine Leflaive","2014","Puligny-Montrachet, Les Pucelles, 1er Cru, Domaine Leflaive, Burgundy","3000","Case of 3 Magnums","https://www.bbr.com/products-20141073515-2014-puligny-montrachet-les-pucelles-1er-cru-domaine-leflaive-burgundy","1073515","20141073515"
"Olivier Leflaive","2016","Puligny-Montrachet, Les Pucelles, 1er Cru, Olivier Leflaive, Burgundy","1250","Case of 6 Bottles","https://www.bbr.com/products-20168016151-2016-puligny-montrachet-les-pucelles-1er-cru-olivier-leflaive-burgundy","1074134","20168016151"
"Olivier Leflaive","2018","Puligny-Montrachet, Les Pucelles, 1er Cru, Olivier Leflaive, Burgundy","1150","Case of 6 Bottles","https://www.bbr.com/products-20188016151-2018-puligny-montrachet-les-pucelles-1er-cru-olivier-leflaive-burgundy","1074134","20188016151"
"Olivier Leflaive","2021","Puligny-Montrachet, Les Pucelles, 1er Cru, Olivier Leflaive, Burgundy","700","Case of 1 Magnums","https://www.bbr.com/products-20218016151-2021-puligny-montrachet-les-pucelles-1er-cru-olivier-leflaive-burgundy","1074134","20218016151"
"Domaine Paul Pernot et ses Fils","2016","Puligny-Montrachet, Les Pucelles, 1er Cru, Paul Pernot, Burgundy","1650","Case of 12 Bottles","https://www.bbr.com/products-20168216391-2016-puligny-montrachet-les-pucelles-1er-cru-paul-pernot-burgundy","1077744","20168216391"
"Pierre Girardin","2020","Puligny-Montrachet, Les Pucelles, 1er Cru, Pierre Girardin, Burgundy","3000","Case of 6 Magnums","https://www.bbr.com/products-20208174088-2020-puligny-montrachet-les-pucelles-1er-cru-pierre-girardin-burgundy","2116767","20208174088"
"Domaine Arnaud Ente","2015","Puligny-Montrachet, Les Referts, 1er Cru, Arnaud Ente, Burgundy","1650","Case of 1 Magnums","https://www.bbr.com/products-20151067866-2015-puligny-montrachet-les-referts-1er-cru-arnaud-ente-burgundy","1067866","20151067866"
"Domaine Arnaud Ente","2016","Puligny-Montrachet, Les Referts, 1er Cru, Arnaud Ente, Burgundy","1695","Case of 1 Magnums","https://www.bbr.com/products-20161067866-2016-puligny-montrachet-les-referts-1er-cru-arnaud-ente-burgundy","1067866","20161067866"
"Maison Camille Giroud","2020","Puligny-Montrachet, Les Referts, 1er Cru, Camille Giroud, Burgundy","1150","Case of 6 Bottles","https://www.bbr.com/products-20208149134-2020-puligny-montrachet-les-referts-1er-cru-camille-giroud-burgundy","2157575","20208149134"
"Maison Camille Giroud","2021","Puligny-Montrachet, Les Referts, 1er Cru, Camille Giroud, Burgundy","888","Case of 6 Bottles","https://www.bbr.com/products-20218149134-2021-puligny-montrachet-les-referts-1er-cru-camille-giroud-burgundy","2157575","20218149134"
"Domaine Bachelet-Monnot","2014","Puligny-Montrachet, Les Referts, 1er Cru, Domaine Bachelet-Monnot, Burgundy","1300","Case of 6 Bottles","https://www.bbr.com/products-20148019820-2014-puligny-montrachet-les-referts-1er-cru-domaine-bachelet-monnot-burgundy","1060229","20148019820"
"Domaine Bachelet-Monnot","2020","Puligny-Montrachet, Les Referts, 1er Cru, Domaine Bachelet-Monnot, Burgundy","710","Case of 6 Bottles","https://www.bbr.com/products-20208019820-2020-puligny-montrachet-les-referts-1er-cru-domaine-bachelet-monnot-burgundy","1060229","20208019820"
"Domaine Joseph Faiveley","2016","Puligny-Montrachet, Les Referts, 1er Cru, Domaine Faiveley, Burgundy","600","Case of 6 Bottles","https://www.bbr.com/products-20168021265-2016-puligny-montrachet-les-referts-1er-cru-domaine-faiveley-burgundy","1382059","20168021265"
"Domaine Joseph Faiveley","2018","Puligny-Montrachet, Les Referts, 1er Cru, Domaine Faiveley, Burgundy","960","Case of 6 Bottles","https://www.bbr.com/products-20188021265-2018-puligny-montrachet-les-referts-1er-cru-domaine-faiveley-burgundy","1382059","20188021265"
"Domaine Jacques Carillon","2014","Puligny-Montrachet, Les Referts, 1er Cru, Domaine Jacques Carillon, Burgundy","820","Case of 6 Bottles","https://www.bbr.com/products-20141195121-2014-puligny-montrachet-les-referts-1er-cru-domaine-jacques-carillon-burgundy","1195121","20141195121"
"Domaine Jacques Carillon","2016","Puligny-Montrachet, Les Referts, 1er Cru, Domaine Jacques Carillon, Burgundy","850","Case of 6 Bottles","https://www.bbr.com/products-20161195121-2016-puligny-montrachet-les-referts-1er-cru-domaine-jacques-carillon-burgundy","1195121","20161195121"
"Domaine Jacques Carillon","2018","Puligny-Montrachet, Les Referts, 1er Cru, Domaine Jacques Carillon, Burgundy","700","Case of 6 Bottles","https://www.bbr.com/products-20181195121-2018-puligny-montrachet-les-referts-1er-cru-domaine-jacques-carillon-burgundy","1195121","20181195121"
"Domaine Jacques Carillon","2022","Puligny-Montrachet, Les Referts, 1er Cru, Domaine Jacques Carillon, Burgundy","888","Case of 6 Bottles","https://www.bbr.com/products-20221195121-2022-puligny-montrachet-les-referts-1er-cru-domaine-jacques-carillon-burgundy","1195121","20221195121"
"Jean Marc Boillot","2015","Puligny-Montrachet, Les Referts, 1er Cru, Domaine Jean-Marc Boillot, Burgundy","777","Case of 6 Bottles","https://www.bbr.com/products-20151061590-2015-puligny-montrachet-les-referts-1er-cru-domaine-jean-marc-boillot-burgundy","1061590","20151061590"
"Jean Marc Boillot","2020","Puligny-Montrachet, Les Referts, 1er Cru, Domaine Jean-Marc Boillot, Burgundy","550","Case of 6 Bottles","https://www.bbr.com/products-20201061590-2020-puligny-montrachet-les-referts-1er-cru-domaine-jean-marc-boillot-burgundy","1061590","20201061590"
"Jean Marc Boillot","2021","Puligny-Montrachet, Les Referts, 1er Cru, Domaine Jean-Marc Boillot, Burgundy","540","Case of 6 Bottles","https://www.bbr.com/products-20211061590-2021-puligny-montrachet-les-referts-1er-cru-domaine-jean-marc-boillot-burgundy","1061590","20211061590"
"Jean Marc Boillot","2022","Puligny-Montrachet, Les Referts, 1er Cru, Domaine Jean-Marc Boillot, Burgundy","595","Case of 6 Bottles","https://www.bbr.com/products-20221061590-2022-puligny-montrachet-les-referts-1er-cru-domaine-jean-marc-boillot-burgundy","1061590","20221061590"
"Etienne Sauzet","2011","Puligny-Montrachet, Les Referts, 1er Cru, Etienne Sauzet, Burgundy","849","Case of 6 Bottles","https://www.bbr.com/products-20118023168-2011-puligny-montrachet-les-referts-1er-cru-etienne-sauzet-burgundy","1080317","20118023168"
"Etienne Sauzet","2021","Puligny-Montrachet, Les Referts, 1er Cru, Etienne Sauzet, Burgundy","465","Case of 3 Bottles","https://www.bbr.com/products-20218023168-2021-puligny-montrachet-les-referts-1er-cru-etienne-sauzet-burgundy","1080317","20218023168"
"Etienne Sauzet","2023","Puligny-Montrachet, Les Referts, 1er Cru, Etienne Sauzet, Burgundy","650","Case of 6 Bottles","https://www.bbr.com/products-20238023168-2023-puligny-montrachet-les-referts-1er-cru-etienne-sauzet-burgundy","1080317","20238023168"
"Jean-Philippe Fichet","2017","Puligny-Montrachet, Les Referts, 1er Cru, Jean-Philippe Fichet, Burgundy","550","Case of 6 Bottles","https://www.bbr.com/products-20178026505-2017-puligny-montrachet-les-referts-1er-cru-jean-philippe-fichet-burgundy","1068469","20178026505"
"Jean-Philippe Fichet","2019","Puligny-Montrachet, Les Referts, 1er Cru, Jean-Philippe Fichet, Burgundy","550","Case of 6 Bottles","https://www.bbr.com/products-20198026505-2019-puligny-montrachet-les-referts-1er-cru-jean-philippe-fichet-burgundy","1068469","20198026505"
"Jean-Philippe Fichet","2020","Puligny-Montrachet, Les Referts, 1er Cru, Jean-Philippe Fichet, Burgundy","990","Case of 6 Bottles","https://www.bbr.com/products-20208026505-2020-puligny-montrachet-les-referts-1er-cru-jean-philippe-fichet-burgundy","1068469","20208026505"
"Jean-Philippe Fichet","2022","Puligny-Montrachet, Les Referts, 1er Cru, Jean-Philippe Fichet, Burgundy","560","Case of 6 Bottles","https://www.bbr.com/products-20228026505-2022-puligny-montrachet-les-referts-1er-cru-jean-philippe-fichet-burgundy","1068469","20228026505"
"Jean-Philippe Fichet","2023","Puligny-Montrachet, Les Referts, 1er Cru, Jean-Philippe Fichet, Burgundy","996","Case of 6 Bottles","https://www.bbr.com/products-20238026505-2023-puligny-montrachet-les-referts-1er-cru-jean-philippe-fichet-burgundy","1068469","20238026505"
"Olivier Leflaive","2023","Puligny-Montrachet, Les Referts, 1er Cru, Olivier Leflaive, Burgundy","769","Case of 6 Bottles","https://www.bbr.com/products-20238030553-2023-puligny-montrachet-les-referts-1er-cru-olivier-leflaive-burgundy","1074147","20238030553"
"Domaine Hubert Lamy","2020","Puligny-Montrachet, Les Tremblots, Haute Densite, Domaine Hubert Lamy, Burgundy","2688","Case of 3 Bottles","https://www.bbr.com/products-20208019383-2020-puligny-montrachet-les-tremblots-haute-densite-domaine-hubert-lamy-burgundy","1330904","20208019383"
"Domaine Hubert Lamy","2020","Puligny-Montrachet, Les Tremblots, Haute Densite, Domaine Hubert Lamy, Burgundy","870","Case of 1 Bottles","https://www.bbr.com/products-20208019383-2020-puligny-montrachet-les-tremblots-haute-densite-domaine-hubert-lamy-burgundy","1330904","20208019383"
"Domaine Hubert Lamy","2020","Puligny-Montrachet, Les Tremblots, Haute Densite, Domaine Hubert Lamy, Burgundy","890","Case of 1 Bottles","https://www.bbr.com/products-20208019383-2020-puligny-montrachet-les-tremblots-haute-densite-domaine-hubert-lamy-burgundy","1330904","20208019383"
"Domaine Hubert Lamy","2021","Puligny-Montrachet, Les Tremblots, Haute Densite, Domaine Hubert Lamy, Burgundy","900","Case of 1 Bottles","https://www.bbr.com/products-20218019383-2021-puligny-montrachet-les-tremblots-haute-densite-domaine-hubert-lamy-burgundy","1330904","20218019383"
"Domaine Hubert Lamy","2022","Puligny-Montrachet, Les Tremblots, Haute Densite, Domaine Hubert Lamy, Burgundy","995","Case of 1 Bottles","https://www.bbr.com/products-20228019383-2022-puligny-montrachet-les-tremblots-haute-densite-domaine-hubert-lamy-burgundy","1330904","20228019383"
"Domaine Hubert Lamy","2020","Puligny-Montrachet, Les Tremblots, Vieilles Vignes, Domaine Hubert Lamy, Burgundy","1050","Case of 6 Bottles","https://www.bbr.com/products-20208045768-2020-puligny-montrachet-les-tremblots-vieilles-vignes-domaine-hubert-lamy-burgundy","1335967","20208045768"
"Domaine Hubert Lamy","2021","Puligny-Montrachet, Les Tremblots, Vieilles Vignes, Domaine Hubert Lamy, Burgundy","660","Case of 6 Bottles","https://www.bbr.com/products-20218045768-2021-puligny-montrachet-les-tremblots-vieilles-vignes-domaine-hubert-lamy-burgundy","1335967","20218045768"
"Olivier Leflaive","2016","Puligny-Montrachet, Olivier Leflaive, Burgundy","550","Case of 6 Bottles","https://www.bbr.com/products-20161074020-2016-puligny-montrachet-olivier-leflaive-burgundy","1074020","20161074020"
"Olivier Leflaive","2018","Puligny-Montrachet, Olivier Leflaive, Burgundy","580","Case of 6 Bottles","https://www.bbr.com/products-20181074020-2018-puligny-montrachet-olivier-leflaive-burgundy","1074020","20181074020"
"Olivier Leflaive","2019","Puligny-Montrachet, Olivier Leflaive, Burgundy","400","Case of 6 Bottles","https://www.bbr.com/products-20191074020-2019-puligny-montrachet-olivier-leflaive-burgundy","1074020","20191074020"
"Olivier Leflaive","2020","Puligny-Montrachet, Olivier Leflaive, Burgundy","425","Case of 6 Bottles","https://www.bbr.com/products-20201074020-2020-puligny-montrachet-olivier-leflaive-burgundy","1074020","20201074020"
"Olivier Leflaive","2020","Puligny-Montrachet, Olivier Leflaive, Burgundy","390","Case of 3 Magnums","https://www.bbr.com/products-20201074020-2020-puligny-montrachet-olivier-leflaive-burgundy","1074020","20201074020"
"Olivier Leflaive","2021","Puligny-Montrachet, Olivier Leflaive, Burgundy","500","Case of 6 Bottles","https://www.bbr.com/products-20211074020-2021-puligny-montrachet-olivier-leflaive-burgundy","1074020","20211074020"
"Olivier Leflaive","2022","Puligny-Montrachet, Olivier Leflaive, Burgundy","445","Case of 6 Bottles","https://www.bbr.com/products-20221074020-2022-puligny-montrachet-olivier-leflaive-burgundy","1074020","20221074020"
"Olivier Leflaive","2023","Puligny-Montrachet, Olivier Leflaive, Burgundy","400","Case of 6 Bottles","https://www.bbr.com/products-20231074020-2023-puligny-montrachet-olivier-leflaive-burgundy","1074020","20231074020"
"Philippe Pacalet","2018","Puligny-Montrachet, Philippe Pacalet, Burgundy","1410","Case of 12 Bottles","https://www.bbr.com/products-20188216519-2018-puligny-montrachet-philippe-pacalet-burgundy","1077601","20188216519"
"Maison Joseph Drouhin","2013","Puligny-Montrachet, Pucelles, 1er Cru, Joseph Drouhin, Burgundy","1356","Case of 12 Bottles","https://www.bbr.com/products-20138019022-2013-puligny-montrachet-pucelles-1er-cru-joseph-drouhin-burgundy","1067505","20138019022"
"Maison Joseph Drouhin","2015","Puligny-Montrachet, Pucelles, 1er Cru, Joseph Drouhin, Burgundy","765","Case of 6 Bottles","https://www.bbr.com/products-20158019022-2015-puligny-montrachet-pucelles-1er-cru-joseph-drouhin-burgundy","1067505","20158019022"
"Jean-Claude Bachelet","2014","Puligny-Montrachet, Sous le Puits, 1er Cru, Jean-Claude Bachelet & Fils, Burgundy","950","Case of 6 Bottles","https://www.bbr.com/products-20141171497-2014-puligny-montrachet-sous-le-puits-1er-cru-jean-claude-bachelet-fils-burgundy","1171497","20141171497"
"Jean-Claude Bachelet","2018","Puligny-Montrachet, Sous le Puits, 1er Cru, Jean-Claude Bachelet & Fils, Burgundy","500","Case of 6 Bottles","https://www.bbr.com/products-20181171497-2018-puligny-montrachet-sous-le-puits-1er-cru-jean-claude-bachelet-fils-burgundy","1171497","20181171497"
"Jean-Claude Bachelet","2017","Puligny-Montrachet, Sous le Puits, 1er Cru, Jean-Claude Bachelet &amp; Fils, Burgundy","780","Case of 6 Bottles","https://www.bbr.com/products-20171171497-2017-puligny-montrachet-sous-le-puits-1er-cru-jean-claude-bachelet-and-fils-burgundy","1171497","20171171497"
"Millemann Wines","2022","Puligny-Montrachet, Sous le Puits, 1er Cru, Millemann Wines, Burgundy","640","Case of 1 Bottles","https://www.bbr.com/products-20228254094-2022-puligny-montrachet-sous-le-puits-1er-cru-millemann-wines-burgundy","2952138","20228254094"
"Etienne Sauzet","2021","Puligny-Montrachet, Terroirs de Blagny, 1er Cru, Domaine Etienne Sauzet, Burgundy","575","Case of 3 Bottles","https://www.bbr.com/products-20218166074-2021-puligny-montrachet-terroirs-de-blagny-1er-cru-domaine-etienne-sauzet-burgundy","2805939","20218166074"
"Descendientes de Palacios","2021","Petalos, Descendientes de J. Palacios, Bierzo, Spain","265","Case of 12 Bottles","https://www.bbr.com/products-20211120860-2021-petalos-descendientes-de-j-palacios-bierzo-spain","1120860","20211120860"
"Cantina Terlano","2022","Quarz, Sauvignon Blanc, Cantina Terlan, Alto Adige, Italy","390","Case of 6 Bottles","https://www.bbr.com/products-20228173775-2022-quarz-sauvignon-blanc-cantina-terlan-alto-adige-italy","1162721","20228173775"
"Quilceda Creek","2015","Quilceda Creek, Cabernet Sauvignon, Columbia Valley, Washington, USA","1200","Case of 6 Bottles","https://www.bbr.com/products-20158109251-2015-quilceda-creek-cabernet-sauvignon-columbia-valley-washington-usa","1328282","20158109251"
"Quilceda Creek","2014","Quilceda Creek, Red, Palengat Vineyard, Columbia Valley, Washington, USA","600","Case of 6 Bottles","https://www.bbr.com/products-20148071954-2014-quilceda-creek-red-palengat-vineyard-columbia-valley-washington-usa","1366897","20148071954"
"Quinta de Roriz","2000","Quinta de Roriz Vintage Port, Portugal","268","Case of 6 Bottles","https://www.bbr.com/products-20008116981-2000-quinta-de-roriz-vintage-port-portugal","1107814","20008116981"
"Quinta De La Rosa","","Quinta de la Rosa, 30-Year-Old, Tawny Port, Portugal (Anniversary Edition Gift Box)","500","Case of 6 Half Litres","https://www.bbr.com/products-10008010915-quinta-de-la-rosa-30-year-old-tawny-port-portugal-anniversary-edition-gift-box","1776878","10008010915"
"Quinta De La Rosa","2007","Quinta de la Rosa, Port, Portugal","820","Case of 6 Bottles","https://www.bbr.com/products-20071175525-2007-quinta-de-la-rosa-port-portugal","1656354","20071175525"
"Quinta De La Rosa","2011","Quinta de la Rosa, Port, Portugal","240","Case of 6 Bottles","https://www.bbr.com/products-20111175525-2011-quinta-de-la-rosa-port-portugal","1656354","20111175525"
"Quinta De La Rosa","2012","Quinta de la Rosa, Port, Portugal","370","Case of 6 Bottles","https://www.bbr.com/products-20121175525-2012-quinta-de-la-rosa-port-portugal","1656354","20121175525"
"Quinta De La Rosa","2017","Quinta de la Rosa, Port, Portugal","495","Case of 6 Bottles","https://www.bbr.com/products-20171175525-2017-quinta-de-la-rosa-port-portugal","1656354","20171175525"
"Quinta De La Rosa","2019","Quinta de la Rosa, Port, Portugal","340","Case of 6 Bottles","https://www.bbr.com/products-20191175525-2019-quinta-de-la-rosa-port-portugal","1656354","20191175525"
"Quinta do Noval","","Quinta do Noval Vintage Collection, Six-bottle Assortment Case","435","Case of 1 6 Bottle Assortments","https://www.bbr.com/products-10008107970-quinta-do-noval-vintage-collection-six-bottle-assortment-case","1107768","10008107970"
"Quinta do Noval","","Quinta do Noval, 50-Year-Old, Tawny, Port, Portugal","485","Case of 1 Bottles","https://www.bbr.com/products-10008252768-quinta-do-noval-50-year-old-tawny-port-portugal","3057889","10008252768"
"Quinta do Noval","2007","Quinta do Noval, Colheita, Port, Portugal","375","Case of 6 Bottles","https://www.bbr.com/products-20078071215-2007-quinta-do-noval-colheita-port-portugal","1107973","20078071215"
"Quinta do Noval","","Quinta do Noval, Nacional, 1x75cl each 2011,2001,2000,1997,1996,1963","15000","Case of 1 6 Bottle Assortments","https://www.bbr.com/products-10008043331-quinta-do-noval-nacional-1x75cl-each-2011-2001-2000-1997-1996-1963","1107986","10008043331"
"Quinta do Noval","2001","Quinta do Noval, Nacional, Port, Portugal","375","Case of 1 Bottles","https://www.bbr.com/products-20018116952-2001-quinta-do-noval-nacional-port-portugal","1107986","20018116952"
"Quinta do Noval","2004","Quinta do Noval, Nacional, Port, Portugal","447","Case of 1 Bottles","https://www.bbr.com/products-20048116952-2004-quinta-do-noval-nacional-port-portugal","1107986","20048116952"
"Quinta do Noval","2011","Quinta do Noval, Nacional, Port, Portugal","1295","Case of 1 Bottles","https://www.bbr.com/products-20118116952-2011-quinta-do-noval-nacional-port-portugal","1107986","20118116952"
"Quinta do Noval","2011","Quinta do Noval, Nacional, Port, Portugal","1300","Case of 1 Bottles","https://www.bbr.com/products-20118116952-2011-quinta-do-noval-nacional-port-portugal","1107986","20118116952"
"Quinta do Noval","2016","Quinta do Noval, Nacional, Port, Portugal","650","Case of 1 Bottles","https://www.bbr.com/products-20168116952-2016-quinta-do-noval-nacional-port-portugal","1107986","20168116952"
"Quinta do Noval","2017","Quinta do Noval, Nacional, Port, Portugal","838","Case of 1 Bottles","https://www.bbr.com/products-20178116952-2017-quinta-do-noval-nacional-port-portugal","1107986","20178116952"
"Quinta do Noval","2017","Quinta do Noval, Nacional, Port, Portugal","840","Case of 1 Bottles","https://www.bbr.com/products-20178116952-2017-quinta-do-noval-nacional-port-portugal","1107986","20178116952"
"Quinta do Noval","1994","Quinta do Noval, Port, Portugal","1145","Case of 12 Bottles","https://www.bbr.com/products-19948117018-1994-quinta-do-noval-port-portugal","1107768","19948117018"
"Quinta do Noval","2000","Quinta do Noval, Port, Portugal","315","Case of 6 Bottles","https://www.bbr.com/products-20008117018-2000-quinta-do-noval-port-portugal","1107768","20008117018"
"Quinta do Noval","2003","Quinta do Noval, Port, Portugal","300","Case of 6 Bottles","https://www.bbr.com/products-20038117018-2003-quinta-do-noval-port-portugal","1107768","20038117018"
"Quinta do Noval","2007","Quinta do Noval, Port, Portugal","255","Case of 6 Bottles","https://www.bbr.com/products-20078117018-2007-quinta-do-noval-port-portugal","1107768","20078117018"
"Quinta do Noval","2007","Quinta do Noval, Port, Portugal","260","Case of 6 Bottles","https://www.bbr.com/products-20078117018-2007-quinta-do-noval-port-portugal","1107768","20078117018"
"Quinta do Noval","2011","Quinta do Noval, Port, Portugal","335","Case of 6 Bottles","https://www.bbr.com/products-20118117018-2011-quinta-do-noval-port-portugal","1107768","20118117018"
"Quinta do Noval","2014","Quinta do Noval, Port, Portugal","240","Case of 6 Bottles","https://www.bbr.com/products-20148117018-2014-quinta-do-noval-port-portugal","1107768","20148117018"
"Quinta do Noval","2015","Quinta do Noval, Port, Portugal","250","Case of 6 Bottles","https://www.bbr.com/products-20158117018-2015-quinta-do-noval-port-portugal","1107768","20158117018"
"Quinta do Noval","2016","Quinta do Noval, Port, Portugal","260","Case of 6 Bottles","https://www.bbr.com/products-20168117018-2016-quinta-do-noval-port-portugal","1107768","20168117018"
"Quinta do Noval","2017","Quinta do Noval, Port, Portugal","275","Case of 6 Bottles","https://www.bbr.com/products-20178117018-2017-quinta-do-noval-port-portugal","1107768","20178117018"
"Quinta do Noval","2019","Quinta do Noval, Port, Portugal","270","Case of 6 Bottles","https://www.bbr.com/products-20198117018-2019-quinta-do-noval-port-portugal","1107768","20198117018"
"Qinta do Vallado","1866","Quinta do Vallado, Adelaide Tributa, Very Old Port, Portugal","2888","Case of 1 Bottles","https://www.bbr.com/products-18668210458-1866-quinta-do-vallado-adelaide-tributa-very-old-port-portugal","1174182","18668210458"
"Quinta do Vesuvio","1994","Quinta do Vesuvio, Port, Portugal","695","Case of 6 Bottles","https://www.bbr.com/products-19948113892-1994-quinta-do-vesuvio-port-portugal","1893216","19948113892"
"Quinta do Vesuvio","1994","Quinta do Vesuvio, Port, Portugal","550","Case of 6 Bottles","https://www.bbr.com/products-19948113892-1994-quinta-do-vesuvio-port-portugal","1893216","19948113892"
"Quinta do Vesuvio","1997","Quinta do Vesuvio, Port, Portugal","285","Case of 6 Bottles","https://www.bbr.com/products-19978113892-1997-quinta-do-vesuvio-port-portugal","1893216","19978113892"
"Quinta do Vesuvio","2000","Quinta do Vesuvio, Port, Portugal","235","Case of 6 Bottles","https://www.bbr.com/products-20008113892-2000-quinta-do-vesuvio-port-portugal","1893216","20008113892"
"Quinta do Vesuvio","2003","Quinta do Vesuvio, Port, Portugal","185","Case of 6 Bottles","https://www.bbr.com/products-20038113892-2003-quinta-do-vesuvio-port-portugal","1893216","20038113892"
"Quinta do Vesuvio","2004","Quinta do Vesuvio, Port, Portugal","220","Case of 6 Bottles","https://www.bbr.com/products-20048113892-2004-quinta-do-vesuvio-port-portugal","1893216","20048113892"
"Quinta do Vesuvio","2005","Quinta do Vesuvio, Port, Portugal","225","Case of 6 Bottles","https://www.bbr.com/products-20058113892-2005-quinta-do-vesuvio-port-portugal","1893216","20058113892"
"Quinta do Vesuvio","2009","Quinta do Vesuvio, Port, Portugal","338","Case of 6 Bottles","https://www.bbr.com/products-20098113892-2009-quinta-do-vesuvio-port-portugal","1893216","20098113892"
"Quinta do Vesuvio","2011","Quinta do Vesuvio, Port, Portugal","260","Case of 6 Bottles","https://www.bbr.com/products-20118113892-2011-quinta-do-vesuvio-port-portugal","1893216","20118113892"
"Quinta do Vesuvio","2012","Quinta do Vesuvio, Port, Portugal","230","Case of 6 Bottles","https://www.bbr.com/products-20128113892-2012-quinta-do-vesuvio-port-portugal","1893216","20128113892"
"Quinta do Vesuvio","2013","Quinta do Vesuvio, Port, Portugal","240","Case of 6 Bottles","https://www.bbr.com/products-20138113892-2013-quinta-do-vesuvio-port-portugal","1893216","20138113892"
"Quinta do Vesuvio","2015","Quinta do Vesuvio, Port, Portugal","240","Case of 6 Bottles","https://www.bbr.com/products-20158113892-2015-quinta-do-vesuvio-port-portugal","1893216","20158113892"
"Quinta do Vesuvio","2016","Quinta do Vesuvio, Port, Portugal","240","Case of 6 Bottles","https://www.bbr.com/products-20168113892-2016-quinta-do-vesuvio-port-portugal","1893216","20168113892"
"Quinta do Vesuvio","2017","Quinta do Vesuvio, Port, Portugal","295","Case of 6 Bottles","https://www.bbr.com/products-20178113892-2017-quinta-do-vesuvio-port-portugal","1893216","20178113892"
"Quinta do Vesuvio","2018","Quinta do Vesuvio, Port, Portugal","440","Case of 6 Bottles","https://www.bbr.com/products-20188113892-2018-quinta-do-vesuvio-port-portugal","1893216","20188113892"
"Quintessa","2016","Quintessa, Rutherford, Napa Valley, Calfornia, USA","900","Case of 6 Bottles","https://www.bbr.com/products-20168139038-2016-quintessa-rutherford-napa-valley-calfornia-usa","1141290","20168139038"
"Alvaro Palacios","2018","Qui?on de Valmira, Alvaro Palacios, Rioja, Spain","1125","Case of 6 Bottles","https://www.bbr.com/products-20181462616-2018-qui-on-de-valmira-alvaro-palacios-rioja-spain","1462616","20181462616"
"Alvaro Palacios","2020","Qui?on de Valmira, Alvaro Palacios, Rioja, Spain","675","Case of 3 Bottles","https://www.bbr.com/products-20201462616-2020-qui-on-de-valmira-alvaro-palacios-rioja-spain","1462616","20201462616"
"Alvaro Palacios","2020","Qui?on de Valmira, Alvaro Palacios, Rioja, Spain","570","Case of 3 Bottles","https://www.bbr.com/products-20201462616-2020-qui-on-de-valmira-alvaro-palacios-rioja-spain","1462616","20201462616"
"Graci, Sicily","2013","Quota 1000 Barbabecchi, Graci, Sicily, Italy","600","Case of 6 Bottles","https://www.bbr.com/products-20138013844-2013-quota-1000-barbabecchi-graci-sicily-italy","1496172","20138013844"
"Graci, Sicily","2011","Quota 600, Etna Rosso, Graci, Sicily, Italy","170","Case of 6 Bottles","https://www.bbr.com/products-20118016728-2011-quota-600-etna-rosso-graci-sicily-italy","1496185","20118016728"
"Qupe","2012","Qupe, Sonnie's Sawyer Lindquist Syrah, Edna Valley, California, USA","200","Case of 6 Bottles","https://www.bbr.com/products-20121475931-2012-qupe-sonnie-s-sawyer-lindquist-syrah-edna-valley-california-usa","1438046","20121475931"
"Raats Family Wines","2019","Raats Family Wines, Eden, High Density Single Vineyard Chenin Blanc, Stellenbosch, South Africa","300","Case of 6 Bottles","https://www.bbr.com/products-20198065973-2019-raats-family-wines-eden-high-density-single-vineyard-chenin-blanc-stellenbosch-south-africa","1611450","20198065973"
"Raats Family Wines","2022","Raats Family Wines, Eden, High Density Single Vineyard Chenin Blanc, Stellenbosch, South Africa","372","Case of 6 Bottles","https://www.bbr.com/products-20228065973-2022-raats-family-wines-eden-high-density-single-vineyard-chenin-blanc-stellenbosch-south-africa","1611450","20228065973"
"Racines Wines","2017","Racines, Bentrock Chardonnay, Santa Rita Hills, California, USA","735","Case of 12 Bottles","https://www.bbr.com/products-20178049854-2017-racines-bentrock-chardonnay-santa-rita-hills-california-usa","1867307","20178049854"
"Racines Wines","2018","Racines, Bentrock Chardonnay, Santa Rita Hills, California, USA","590","Case of 6 Bottles","https://www.bbr.com/products-20188049854-2018-racines-bentrock-chardonnay-santa-rita-hills-california-usa","1867307","20188049854"
"Racines Wines","2020","Racines, Chardonnay, Santa Rita Hills, California, USA","225","Case of 6 Bottles","https://www.bbr.com/products-20208049841-2020-racines-chardonnay-santa-rita-hills-california-usa","1876321","20208049841"
"Racines Wines","2020","Racines, Cuvee Pinot Noir, Santa Rita Hills, California, USA","250","Case of 6 Bottles","https://www.bbr.com/products-20208049737-2020-racines-cuvee-pinot-noir-santa-rita-hills-california-usa","1876363","20208049737"
"Racines Wines","2017","Racines, La Rinconada Pinot Noir, Santa Rita Hills, California, USA","845","Case of 12 Bottles","https://www.bbr.com/products-20178049753-2017-racines-la-rinconada-pinot-noir-santa-rita-hills-california-usa","1876347","20178049753"
"Racines Wines","2020","Racines, Sanford &amp; Benedict Chardonnay, Santa Rita Hills, California, USA","480","Case of 6 Bottles","https://www.bbr.com/products-20208049867-2020-racines-sanford-and-benedict-chardonnay-santa-rita-hills-california-usa","1876334","20208049867"
"Racines Wines","2018","Racines, Wenzlau Chardonnay, Santa Rita Hills, California, USA","320","Case of 6 Bottles","https://www.bbr.com/products-20188139416-2018-racines-wenzlau-chardonnay-santa-rita-hills-california-usa","2179540","20188139416"
"Racines Wines","2019","Racines, Wenzlau Chardonnay, Santa Rita Hills, California, USA","370","Case of 6 Bottles","https://www.bbr.com/products-20198139416-2019-racines-wenzlau-chardonnay-santa-rita-hills-california-usa","2179540","20198139416"
"Raen Winery","2017","Raen, Bodega Vineyard Pinot Noir, Freestone Occidental, Sonoma Coast, California, USA","525","Case of 6 Bottles","https://www.bbr.com/products-20178036803-2017-raen-bodega-vineyard-pinot-noir-freestone-occidental-sonoma-coast-california-usa","1537303","20178036803"
"Raen Winery","2018","Raen, Bodega Vineyard Pinot Noir, Freestone Occidental, Sonoma Coast, California, USA","995","Case of 6 Bottles","https://www.bbr.com/products-20188036803-2018-raen-bodega-vineyard-pinot-noir-freestone-occidental-sonoma-coast-california-usa","1537303","20188036803"
"Raen Winery","2017","Raen, Charles Ranch Vineyard Chardonnay, Fort Ross-Seaview, SonomaCoast, California, USA","450","Case of 6 Bottles","https://www.bbr.com/products-20178052270-2017-raen-charles-ranch-vineyard-chardonnay-fort-ross-seaview-sonomacoast-california-usa","1862546","20178052270"
"Raen Winery","2018","Raen, Fort Ross, Seaview, Sea Field Vineyard Pinot Noir, Sonoma Coast, California, USA","1095","Case of 6 Bottles","https://www.bbr.com/products-20188055880-2018-raen-fort-ross-seaview-sea-field-vineyard-pinot-noir-sonoma-coast-california-usa","1885635","20188055880"
"Raen Winery","2020","Raen, Fort Ross, Seaview, Sea Field Vineyard Pinot Noir, Sonoma Coast, California, USA","400","Case of 6 Bottles","https://www.bbr.com/products-20208055880-2020-raen-fort-ross-seaview-sea-field-vineyard-pinot-noir-sonoma-coast-california-usa","1885635","20208055880"
"Raen Winery","2016","Raen, Homefield Vineyard Pinot Noir, Fort Ross-Seaview, Sonoma Coast, California, USA","495","Case of 6 Bottles","https://www.bbr.com/products-20168052267-2016-raen-homefield-vineyard-pinot-noir-fort-ross-seaview-sonoma-coast-california-usa","1870231","20168052267"
"Raen Winery","2017","Raen, Homefield Vineyard Pinot Noir, Fort Ross-Seaview, Sonoma Coast, California, USA","500","Case of 6 Bottles","https://www.bbr.com/products-20178052267-2017-raen-homefield-vineyard-pinot-noir-fort-ross-seaview-sonoma-coast-california-usa","1870231","20178052267"
"Raen Winery","2015","Raen, Royal St. Roberts Cuvee, Pinot Noir, Sonoma Coast, California, USA","450","Case of 6 Bottles","https://www.bbr.com/products-20158107651-2015-raen-royal-st-roberts-cuvee-pinot-noir-sonoma-coast-california-usa","1401967","20158107651"
"Raen Winery","2017","Raen, Royal St. Roberts Cuvee, Pinot Noir, Sonoma Coast, California, USA","420","Case of 6 Bottles","https://www.bbr.com/products-20178107651-2017-raen-royal-st-roberts-cuvee-pinot-noir-sonoma-coast-california-usa","1401967","20178107651"
"Raen Winery","2018","Raen, Royal St. Roberts Cuvee, Pinot Noir, Sonoma Coast, California, USA","795","Case of 6 Bottles","https://www.bbr.com/products-20188107651-2018-raen-royal-st-roberts-cuvee-pinot-noir-sonoma-coast-california-usa","1401967","20188107651"
"Raen Winery","2018","Raen, Royal St. Roberts Cuvee, Pinot Noir, Sonoma Coast, California, USA","325","Case of 1 Magnums","https://www.bbr.com/products-20188107651-2018-raen-royal-st-roberts-cuvee-pinot-noir-sonoma-coast-california-usa","1401967","20188107651"
"Raen Winery","2021","Raen, Royal St. Roberts Cuvee, Pinot Noir, Sonoma Coast, California, USA","495","Case of 6 Bottles","https://www.bbr.com/products-20218107651-2021-raen-royal-st-roberts-cuvee-pinot-noir-sonoma-coast-california-usa","1401967","20218107651"
"Donovan Rall","2022","Rall, Ava, Syrah, Swartland, South Africa","294","Case of 6 Bottles","https://www.bbr.com/products-20228149583-2022-rall-ava-syrah-swartland-south-africa","1873955","20228149583"
"Ramey Wine Cellars","2015","Ramey Template, Napa Valley, California, USA","300","Case of 6 Bottles","https://www.bbr.com/products-20158039947-2015-ramey-template-napa-valley-california-usa","1851889","20158039947"
"Ramey Wine Cellars","2017","Ramey Template, Napa Valley, California, USA","400","Case of 6 Bottles","https://www.bbr.com/products-20178039947-2017-ramey-template-napa-valley-california-usa","1851889","20178039947"
"Ramey Wine Cellars","2016","Ramey, Annum, Napa Valley, California, USA","555","Case of 6 Bottles","https://www.bbr.com/products-20161158601-2016-ramey-annum-napa-valley-california-usa","1158601","20161158601"
"Ramey Wine Cellars","2014","Ramey, Cabernet Sauvignon, Napa Valley, California, USA","517","Case of 12 Bottles","https://www.bbr.com/products-20141255355-2014-ramey-cabernet-sauvignon-napa-valley-california-usa","1255355","20141255355"
"Ramey Wine Cellars","2020","Ramey, Chardonnay, Russian River Valley, California, USA","250","Case of 6 Bottles","https://www.bbr.com/products-20201199581-2020-ramey-chardonnay-russian-river-valley-california-usa","1199581","20201199581"
"Ramey Wine Cellars","2021","Ramey, Charles Ranch Vineyard Chardonnay, Fort Ross-Seaview, Sonoma County, California, USA","285","Case of 6 Bottles","https://www.bbr.com/products-20218181053-2021-ramey-charles-ranch-vineyard-chardonnay-fort-ross-seaview-sonoma-county-california-usa","2378666","20218181053"
"Ramey Wine Cellars","2018","Ramey, Hyde Chardonnay, Carneros, Napa Valley, California, USA","340","Case of 6 Bottles","https://www.bbr.com/products-20181199552-2018-ramey-hyde-chardonnay-carneros-napa-valley-california-usa","1199552","20181199552"
"Ramey Wine Cellars","2016","Ramey, Ritchie Chardonnay, Russian River Valley, California, USA","400","Case of 12 Bottles","https://www.bbr.com/products-20161199578-2016-ramey-ritchie-chardonnay-russian-river-valley-california-usa","1199578","20161199578"
"Ramey Wine Cellars","2018","Ramey, Ritchie Chardonnay, Russian River Valley, California, USA","320","Case of 6 Bottles","https://www.bbr.com/products-20181199578-2018-ramey-ritchie-chardonnay-russian-river-valley-california-usa","1199578","20181199578"
"Ramey Wine Cellars","2022","Ramey, Ritchie Chardonnay, Russian River Valley, California, USA","395","Case of 6 Bottles","https://www.bbr.com/products-20221199578-2022-ramey-ritchie-chardonnay-russian-river-valley-california-usa","1199578","20221199578"
"Ramey Wine Cellars","2018","Ramey, Rochioli Chardonnay, Russian River, California, USA","380","Case of 6 Bottles","https://www.bbr.com/products-20181622087-2018-ramey-rochioli-chardonnay-russian-river-california-usa","1622087","20181622087"
"Ramey Wine Cellars","2020","Ramey, Rochioli Chardonnay, Russian River, California, USA","635","Case of 6 Bottles","https://www.bbr.com/products-20201622087-2020-ramey-rochioli-chardonnay-russian-river-california-usa","1622087","20201622087"
"Ramey Wine Cellars","2022","Ramey, Rochioli Chardonnay, Russian River, California, USA","465","Case of 6 Bottles","https://www.bbr.com/products-20221622087-2022-ramey-rochioli-chardonnay-russian-river-california-usa","1622087","20221622087"
"Ramey Wine Cellars","2016","Ramey, Westside Farms Vineyard Chardonnay, Russian River Valley, California, USA","300","Case of 6 Bottles","https://www.bbr.com/products-20168058432-2016-ramey-westside-farms-vineyard-chardonnay-russian-river-valley-california-usa","1915574","20168058432"
"Ramey Wine Cellars","2019","Ramey, Westside Farms Vineyard Chardonnay, Russian River Valley, California, USA","450","Case of 6 Bottles","https://www.bbr.com/products-20198058432-2019-ramey-westside-farms-vineyard-chardonnay-russian-river-valley-california-usa","1915574","20198058432"
"Rare Champagne","2008","Rare Champagne, Rose Millesime, Brut","475","Case of 3 Bottles","https://www.bbr.com/products-20088060965-2008-rare-champagne-rose-millesime-brut","1583951","20088060965"
"Domaine des Escaravailles","2016","Rasteau, La Ponce, Domaine des Escaravailles","95","Case of 6 Bottles","https://www.bbr.com/products-20168015457-2016-rasteau-la-ponce-domaine-des-escaravailles","1242085","20168015457"
"Weingut Zilliken","2015","Rausch, Riesling Auslese, No 04, Goldkapsel, Weingut Zilliken, Mosel","550","Case of 6 Bottles","https://www.bbr.com/products-20158205735-2015-rausch-riesling-auslese-no-04-goldkapsel-weingut-zilliken-mosel","1336296","20158205735"
"Raventos i Blanc","2017","Raventos i Blanc, De Nit Rose, Brut, Penedes, Spain","150","Case of 6 Bottles","https://www.bbr.com/products-20171648803-2017-raventos-i-blanc-de-nit-rose-brut-penedes-spain","1648803","20171648803"
"Raventos i Blanc","2011","Raventos i Blanc, Manuel Raventos Negra, Brut, Penedes, Spain","294","Case of 6 Bottles","https://www.bbr.com/products-20111538687-2011-raventos-i-blanc-manuel-raventos-negra-brut-penedes-spain","1538687","20111538687"
"Realm Cellars","2017","Realm Cellars, Moonracer, Napa Valley, California, USA","1650","Case of 6 Bottles","https://www.bbr.com/products-20178118855-2017-realm-cellars-moonracer-napa-valley-california-usa","1603071","20178118855"
"Realm Cellars","2017","Realm Cellars, Moonracer, Napa Valley, California, USA","1625","Case of 3 Magnums","https://www.bbr.com/products-20178118855-2017-realm-cellars-moonracer-napa-valley-california-usa","1603071","20178118855"
"Realm Cellars","2019","Realm Cellars, The Absurd, Cabernet Sauvignon, Napa Valley, California, USA","4950","Case of 3 Bottles","https://www.bbr.com/products-20198229166-2019-realm-cellars-the-absurd-cabernet-sauvignon-napa-valley-california-usa","1323232","20198229166"
"Realm Cellars","2019","Realm Cellars, The Bard, Napa Valley, California, USA","690","Case of 6 Bottles","https://www.bbr.com/products-20198224536-2019-realm-cellars-the-bard-napa-valley-california-usa","1321528","20198224536"
"Realm Cellars","2019","Realm Cellars, The Tempest, Napa Valley, California, USA","995","Case of 6 Bottles","https://www.bbr.com/products-20198176952-2019-realm-cellars-the-tempest-napa-valley-california-usa","1186211","20198176952"
"Tua Rita","2013","Redigaffi 7, Tua Rita, Tuscany, Italy","800","Case of 1 Magnums","https://www.bbr.com/products-20138149323-2013-redigaffi-7-tua-rita-tuscany-italy","2025166","20138149323"
"Tua Rita","2014","Redigaffi, Tua Rita, Tuscany, Italy","338","Case of 3 Bottles","https://www.bbr.com/products-20148213417-2014-redigaffi-tua-rita-tuscany-italy","1105823","20148213417"
"Tua Rita","2016","Redigaffi, Tua Rita, Tuscany, Italy","550","Case of 3 Bottles","https://www.bbr.com/products-20168213417-2016-redigaffi-tua-rita-tuscany-italy","1105823","20168213417"
"Tua Rita","2016","Redigaffi, Tua Rita, Tuscany, Italy","1200","Case of 1 Imperials","https://www.bbr.com/products-20168213417-2016-redigaffi-tua-rita-tuscany-italy","1105823","20168213417"
"Tua Rita","2018","Redigaffi, Tua Rita, Tuscany, Italy","360","Case of 3 Bottles","https://www.bbr.com/products-20188213417-2018-redigaffi-tua-rita-tuscany-italy","1105823","20188213417"
"Tua Rita","2018","Redigaffi, Tua Rita, Tuscany, Italy","250","Case of 1 Magnums","https://www.bbr.com/products-20188213417-2018-redigaffi-tua-rita-tuscany-italy","1105823","20188213417"
"Tua Rita","2019","Redigaffi, Tua Rita, Tuscany, Italy","400","Case of 1 Double Magnums","https://www.bbr.com/products-20198213417-2019-redigaffi-tua-rita-tuscany-italy","1105823","20198213417"
"Tua Rita","2019","Redigaffi, Tua Rita, Tuscany, Italy","788","Case of 1 Imperials","https://www.bbr.com/products-20198213417-2019-redigaffi-tua-rita-tuscany-italy","1105823","20198213417"
"Tua Rita","2021","Redigaffi, Tua Rita, Tuscany, Italy","400","Case of 3 Bottles","https://www.bbr.com/products-20218213417-2021-redigaffi-tua-rita-tuscany-italy","1105823","20218213417"
"Bodegas Remirez de Ganuza","2013","Remirez de Ganuza, Blanco, Gran Reserva, Rioja, Spain","129","Case of 3 Bottles","https://www.bbr.com/products-20138177904-2013-remirez-de-ganuza-blanco-gran-reserva-rioja-spain","2117982","20138177904"
"Bodegas Remirez de Ganuza","2004","Remirez de Ganuza, Gran Reserva, Bodegas F. Remirez de Ganuza","1000","Case of 1 Magnums","https://www.bbr.com/products-20048014825-2004-remirez-de-ganuza-gran-reserva-bodegas-f-remirez-de-ganuza","1295687","20048014825"
"Bodegas Remirez de Ganuza","2011","Remirez de Ganuza, Gran Reserva, Rioja, Spain","355","Case of 6 Bottles","https://www.bbr.com/products-20118014825-2011-remirez-de-ganuza-gran-reserva-rioja-spain","1295687","20118014825"
"Bodegas Remirez de Ganuza","2012","Remirez de Ganuza, Gran Reserva, Rioja, Spain","355","Case of 6 Bottles","https://www.bbr.com/products-20128014825-2012-remirez-de-ganuza-gran-reserva-rioja-spain","1295687","20128014825"
"Bodegas Remirez de Ganuza","2013","Remirez de Ganuza, Gran Reserva, Rioja, Spain","725","Case of 6 Bottles","https://www.bbr.com/products-20138014825-2013-remirez-de-ganuza-gran-reserva-rioja-spain","1295687","20138014825"
"Tenute Dettori","2019","Renosu Rosso, Romangia, Dettori, Sardinia, Italy","90","Case of 6 Bottles","https://www.bbr.com/products-20198316192-2019-renosu-rosso-romangia-dettori-sardinia-italy","1713994","20198316192"
"Bodegas Pago de los Capellanes","2009","Reserva, Pago de los Capellanes, Ribera del Duero, Spain","230","Case of 6 Bottles","https://www.bbr.com/products-20098030032-2009-reserva-pago-de-los-capellanes-ribera-del-duero-spain","1135466","20098030032"
"Restless River Wines","2020","Restless River, Ava Marie Chardonnay, Hemel en Aarde, South Africa","210","Case of 6 Bottles","https://www.bbr.com/products-20208230331-2020-restless-river-ava-marie-chardonnay-hemel-en-aarde-south-africa","1611694","20208230331"
"Restless River Wines","2017","Restless River, Main Road and Dignity Cabernet Sauvignon, Hemel en Aarde, South Africa","420","Case of 6 Bottles","https://www.bbr.com/products-20178230344-2017-restless-river-main-road-and-dignity-cabernet-sauvignon-hemel-en-aarde-south-africa","1611708","20178230344"
"Reyneke","2019","Reyneke, Reserve Cabernet Sauvignon, Stellenbosch, South Africa","290","Case of 6 Bottles","https://www.bbr.com/products-20198256333-2019-reyneke-reserve-cabernet-sauvignon-stellenbosch-south-africa","1722370","20198256333"
"Reyneke","2020","Reyneke, Reserve, Stellenbosch, South Africa","275","Case of 6 Bottles","https://www.bbr.com/products-20208111625-2020-reyneke-reserve-stellenbosch-south-africa","1226328","20208111625"
"Reyneke","2019","Reyneke, Syrah, Stellenbosch, South Africa","200","Case of 6 Bottles","https://www.bbr.com/products-20198304858-2019-reyneke-syrah-stellenbosch-south-africa","1399893","20198304858"
"Rhys Vineyards","2018","Rhys, Alpine Vineyard Chardonnay, Santa Cruz Mountains, California,USA","675","Case of 6 Bottles","https://www.bbr.com/products-20188204493-2018-rhys-alpine-vineyard-chardonnay-santa-cruz-mountains-california-usa","1387357","20188204493"
"Rhys Vineyards","2019","Rhys, Bearwallow Vineyard Pinot Noir, Anderson Valley, California, USA","395","Case of 6 Bottles","https://www.bbr.com/products-20198204842-2019-rhys-bearwallow-vineyard-pinot-noir-anderson-valley-california-usa","1378779","20198204842"
"Rhys Vineyards","2014","Rhys, Horseshoe Vineyard Chardonnay, Santa Cruz Mountains, California, USA","680","Case of 6 Bottles","https://www.bbr.com/products-20148121910-2014-rhys-horseshoe-vineyard-chardonnay-santa-cruz-mountains-california-usa","1387386","20148121910"
"Rhys Vineyards","2018","Rhys, Horseshoe Vineyard Chardonnay, Santa Cruz Mountains, California, USA","1025","Case of 12 Bottles","https://www.bbr.com/products-20188121910-2018-rhys-horseshoe-vineyard-chardonnay-santa-cruz-mountains-california-usa","1387386","20188121910"
"Moss Wood","2013","Ribbon Vale Cabernet Sauvignon, Moss Wood","200","Case of 12 Bottles","https://www.bbr.com/products-20138141822-2013-ribbon-vale-cabernet-sauvignon-moss-wood","1432653","20138141822"
"Richard Kershaw Wines","2015","Richard Kershaw, Clonal Selection Chardonnay, Elgin, South Africa","300","Case of 6 Bottles","https://www.bbr.com/products-20151362639-2015-richard-kershaw-clonal-selection-chardonnay-elgin-south-africa","1362639","20151362639"
"Richard Kershaw Wines","2016","Richard Kershaw, Clonal Selection Chardonnay, Elgin, South Africa","350","Case of 6 Bottles","https://www.bbr.com/products-20161362639-2016-richard-kershaw-clonal-selection-chardonnay-elgin-south-africa","1362639","20161362639"
"Richard Kershaw Wines","2013","Richard Kershaw, Clonal Selection Syrah, Elgin, South Africa","150","Case of 6 Bottles","https://www.bbr.com/products-20138000880-2013-richard-kershaw-clonal-selection-syrah-elgin-south-africa","1362642","20138000880"
"Richard Leroy","2022","Richard Leroy, Les Noels de Montbenault, Chenin Blanc, Vin de France","1580","Case of 6 Bottles","https://www.bbr.com/products-20228056034-2022-richard-leroy-les-noels-de-montbenault-chenin-blanc-vin-de-france","1678215","20228056034"
"Domaine A-F Gros","2013","Richebourg, Grand Cru, Domaine A.-F. Gros, Burgundy","3525","Case of 6 Bottles","https://www.bbr.com/products-20138009968-2013-richebourg-grand-cru-domaine-a-f-gros-burgundy","1036242","20138009968"
"Domaine A-F Gros","2014","Richebourg, Grand Cru, Domaine A.-F. Gros, Burgundy","3496","Case of 6 Bottles","https://www.bbr.com/products-20148009968-2014-richebourg-grand-cru-domaine-a-f-gros-burgundy","1036242","20148009968"
"Domaine A-F Gros","2015","Richebourg, Grand Cru, Domaine A.-F. Gros, Burgundy","2980","Case of 3 Bottles","https://www.bbr.com/products-20158009968-2015-richebourg-grand-cru-domaine-a-f-gros-burgundy","1036242","20158009968"
"Domaine A-F Gros","2016","Richebourg, Grand Cru, Domaine A.-F. Gros, Burgundy","3560","Case of 6 Bottles","https://www.bbr.com/products-20168009968-2016-richebourg-grand-cru-domaine-a-f-gros-burgundy","1036242","20168009968"
"Domaine A-F Gros","2016","Richebourg, Grand Cru, Domaine A.-F. Gros, Burgundy","2137","Case of 3 Bottles","https://www.bbr.com/products-20168009968-2016-richebourg-grand-cru-domaine-a-f-gros-burgundy","1036242","20168009968"
"Domaine A-F Gros","2017","Richebourg, Grand Cru, Domaine A.-F. Gros, Burgundy","1900","Case of 3 Bottles","https://www.bbr.com/products-20178009968-2017-richebourg-grand-cru-domaine-a-f-gros-burgundy","1036242","20178009968"
"Domaine A-F Gros","2017","Richebourg, Grand Cru, Domaine A.-F. Gros, Burgundy","3600","Case of 6 Bottles","https://www.bbr.com/products-20178009968-2017-richebourg-grand-cru-domaine-a-f-gros-burgundy","1036242","20178009968"
"Domaine A-F Gros","2019","Richebourg, Grand Cru, Domaine A.-F. Gros, Burgundy","2170","Case of 3 Bottles","https://www.bbr.com/products-20198009968-2019-richebourg-grand-cru-domaine-a-f-gros-burgundy","1036242","20198009968"
"Domaine A-F Gros","2019","Richebourg, Grand Cru, Domaine A.-F. Gros, Burgundy","1919","Case of 3 Bottles","https://www.bbr.com/products-20198009968-2019-richebourg-grand-cru-domaine-a-f-gros-burgundy","1036242","20198009968"
"Domaine A-F Gros","2021","Richebourg, Grand Cru, Domaine A.-F. Gros, Burgundy","2750","Case of 3 Bottles","https://www.bbr.com/products-20218009968-2021-richebourg-grand-cru-domaine-a-f-gros-burgundy","1036242","20218009968"
"Domaine A-F Gros","2021","Richebourg, Grand Cru, Domaine A.-F. Gros, Burgundy","1500","Case of 3 Bottles","https://www.bbr.com/products-20218009968-2021-richebourg-grand-cru-domaine-a-f-gros-burgundy","1036242","20218009968"
"Domaine A-F Gros","2022","Richebourg, Grand Cru, Domaine A.-F. Gros, Burgundy","1625","Case of 3 Bottles","https://www.bbr.com/products-20228009968-2022-richebourg-grand-cru-domaine-a-f-gros-burgundy","1036242","20228009968"
"Domaine A-F Gros","2023","Richebourg, Grand Cru, Domaine A.-F. Gros, Burgundy","3000","Case of 3 Bottles","https://www.bbr.com/products-20238009968-2023-richebourg-grand-cru-domaine-a-f-gros-burgundy","1036242","20238009968"
"Domaine Anne Gros","2021","Richebourg, Grand Cru, Domaine Anne Gros, Burgundy","2300","Case of 3 Bottles","https://www.bbr.com/products-20218035053-2021-richebourg-grand-cru-domaine-anne-gros-burgundy","1036082","20218035053"
"Domaine Anne Gros","2022","Richebourg, Grand Cru, Domaine Anne Gros, Burgundy","2050","Case of 3 Bottles","https://www.bbr.com/products-20228035053-2022-richebourg-grand-cru-domaine-anne-gros-burgundy","1036082","20228035053"
"Gros Frere et Soeur","2018","Richebourg, Grand Cru, Domaine Gros Frere & Soeur, Burgundy","4225","Case of 6 Bottles","https://www.bbr.com/products-20188219015-2018-richebourg-grand-cru-domaine-gros-frere-soeur-burgundy","1036385","20188219015"
"Gros Frere et Soeur","2023","Richebourg, Grand Cru, Domaine Gros Frere &amp; Soeur, Burgundy","1770","Case of 3 Bottles","https://www.bbr.com/products-20238219015-2023-richebourg-grand-cru-domaine-gros-frere-and-soeur-burgundy","1036385","20238219015"
"Domaine Hudelot-Noellat","2017","Richebourg, Grand Cru, Domaine Hudelot-Noellat, Burgundy","9250","Case of 1 Imperials","https://www.bbr.com/products-20178121532-2017-richebourg-grand-cru-domaine-hudelot-noellat-burgundy","1037382","20178121532"
"Domaine Hudelot-Noellat","2020","Richebourg, Grand Cru, Domaine Hudelot-Noellat, Burgundy","5390","Case of 3 Bottles","https://www.bbr.com/products-20208121532-2020-richebourg-grand-cru-domaine-hudelot-noellat-burgundy","1037382","20208121532"
"Domaine Jean Grivot","2002","Richebourg, Grand Cru, Domaine Jean Grivot, Burgundy","7950","Case of 6 Bottles","https://www.bbr.com/products-20021035708-2002-richebourg-grand-cru-domaine-jean-grivot-burgundy","1035708","20021035708"
"Domaine Jean Grivot","2009","Richebourg, Grand Cru, Domaine Jean Grivot, Burgundy","5500","Case of 6 Bottles","https://www.bbr.com/products-20091035708-2009-richebourg-grand-cru-domaine-jean-grivot-burgundy","1035708","20091035708"
"Domaine Jean Grivot","2017","Richebourg, Grand Cru, Domaine Jean Grivot, Burgundy","1150","Case of 1 Bottles","https://www.bbr.com/products-20171035708-2017-richebourg-grand-cru-domaine-jean-grivot-burgundy","1035708","20171035708"
"Domaine Jean Grivot","2018","Richebourg, Grand Cru, Domaine Jean Grivot, Burgundy","1000","Case of 1 Bottles","https://www.bbr.com/products-20181035708-2018-richebourg-grand-cru-domaine-jean-grivot-burgundy","1035708","20181035708"
"Domaine Jean Grivot","2019","Richebourg, Grand Cru, Domaine Jean Grivot, Burgundy","1333","Case of 1 Bottles","https://www.bbr.com/products-20191035708-2019-richebourg-grand-cru-domaine-jean-grivot-burgundy","1035708","20191035708"
"Domaine Jean Grivot","2020","Richebourg, Grand Cru, Domaine Jean Grivot, Burgundy","1795","Case of 1 Bottles","https://www.bbr.com/products-20201035708-2020-richebourg-grand-cru-domaine-jean-grivot-burgundy","1035708","20201035708"
"Domaine Jean Grivot","2021","Richebourg, Grand Cru, Domaine Jean Grivot, Burgundy","1595","Case of 1 Bottles","https://www.bbr.com/products-20211035708-2021-richebourg-grand-cru-domaine-jean-grivot-burgundy","1035708","20211035708"
"Domaine Jean Grivot","2023","Richebourg, Grand Cru, Domaine Jean Grivot, Burgundy","1100","Case of 1 Bottles","https://www.bbr.com/products-20231035708-2023-richebourg-grand-cru-domaine-jean-grivot-burgundy","1035708","20231035708"
"Domaine Leroy","2011","Richebourg, Grand Cru, Domaine Leroy, Burgundy","43500","Case of 6 Bottles","https://www.bbr.com/products-20118121109-2011-richebourg-grand-cru-domaine-leroy-burgundy","1044429","20118121109"
"Domaine Leroy","2011","Richebourg, Grand Cru, Domaine Leroy, Burgundy","25000","Case of 3 Bottles","https://www.bbr.com/products-20118121109-2011-richebourg-grand-cru-domaine-leroy-burgundy","1044429","20118121109"
"Domaine Leroy","2012","Richebourg, Grand Cru, Domaine Leroy, Burgundy","39500","Case of 3 Bottles","https://www.bbr.com/products-20128121109-2012-richebourg-grand-cru-domaine-leroy-burgundy","1044429","20128121109"
"Domaine Leroy","2014","Richebourg, Grand Cru, Domaine Leroy, Burgundy","45000","Case of 6 Bottles","https://www.bbr.com/products-20148121109-2014-richebourg-grand-cru-domaine-leroy-burgundy","1044429","20148121109"
"Domaine Mongeard-Mugneret","2017","Richebourg, Grand Cru, Domaine Mongeard-Mugneret, Burgundy","2025","Case of 3 Bottles","https://www.bbr.com/products-20178218311-2017-richebourg-grand-cru-domaine-mongeard-mugneret-burgundy","1047808","20178218311"
"Meo-Camuzet","2005","Richebourg, Grand Cru, Domaine Meo-Camuzet, Burgundy","8500","Case of 3 Bottles","https://www.bbr.com/products-20051046872-2005-richebourg-grand-cru-domaine-meo-camuzet-burgundy","1046872","20051046872"
"Meo-Camuzet","2015","Richebourg, Grand Cru, Domaine Meo-Camuzet, Burgundy","14990","Case of 6 Bottles","https://www.bbr.com/products-20151046872-2015-richebourg-grand-cru-domaine-meo-camuzet-burgundy","1046872","20151046872"
"Meo-Camuzet","2017","Richebourg, Grand Cru, Domaine Meo-Camuzet, Burgundy","1681","Case of 1 Bottles","https://www.bbr.com/products-20171046872-2017-richebourg-grand-cru-domaine-meo-camuzet-burgundy","1046872","20171046872"
"Meo-Camuzet","2018","Richebourg, Grand Cru, Domaine Meo-Camuzet, Burgundy","1500","Case of 1 Bottles","https://www.bbr.com/products-20181046872-2018-richebourg-grand-cru-domaine-meo-camuzet-burgundy","1046872","20181046872"
"Meo-Camuzet","2020","Richebourg, Grand Cru, Domaine Meo-Camuzet, Burgundy","3000","Case of 1 Bottles","https://www.bbr.com/products-20201046872-2020-richebourg-grand-cru-domaine-meo-camuzet-burgundy","1046872","20201046872"
"Meo-Camuzet","2021","Richebourg, Grand Cru, Domaine Meo-Camuzet, Burgundy","1450","Case of 1 Bottles","https://www.bbr.com/products-20211046872-2021-richebourg-grand-cru-domaine-meo-camuzet-burgundy","1046872","20211046872"
"Meo-Camuzet","2022","Richebourg, Grand Cru, Domaine Meo-Camuzet, Burgundy","1880","Case of 1 Bottles","https://www.bbr.com/products-20221046872-2022-richebourg-grand-cru-domaine-meo-camuzet-burgundy","1046872","20221046872"
"Meo-Camuzet","2023","Richebourg, Grand Cru, Domaine Meo-Camuzet, Burgundy","1650","Case of 1 Bottles","https://www.bbr.com/products-20231046872-2023-richebourg-grand-cru-domaine-meo-camuzet-burgundy","1046872","20231046872"
"Domaine Thibault Liger-Belair","2007","Richebourg, Grand Cru, Domaine Thibault Liger-Belair, Burgundy","3000","Case of 6 Bottles","https://www.bbr.com/products-20078022624-2007-richebourg-grand-cru-domaine-thibault-liger-belair-burgundy","1045006","20078022624"
"Domaine Thibault Liger-Belair","2008","Richebourg, Grand Cru, Domaine Thibault Liger-Belair, Burgundy","3650","Case of 3 Magnums","https://www.bbr.com/products-20088022624-2008-richebourg-grand-cru-domaine-thibault-liger-belair-burgundy","1045006","20088022624"
"Domaine Thibault Liger-Belair","2009","Richebourg, Grand Cru, Domaine Thibault Liger-Belair, Burgundy","5950","Case of 6 Bottles","https://www.bbr.com/products-20098022624-2009-richebourg-grand-cru-domaine-thibault-liger-belair-burgundy","1045006","20098022624"
"Domaine Thibault Liger-Belair","2012","Richebourg, Grand Cru, Domaine Thibault Liger-Belair, Burgundy","5850","Case of 6 Bottles","https://www.bbr.com/products-20128022624-2012-richebourg-grand-cru-domaine-thibault-liger-belair-burgundy","1045006","20128022624"
"Domaine Thibault Liger-Belair","2013","Richebourg, Grand Cru, Domaine Thibault Liger-Belair, Burgundy","3110","Case of 6 Bottles","https://www.bbr.com/products-20138022624-2013-richebourg-grand-cru-domaine-thibault-liger-belair-burgundy","1045006","20138022624"
"Domaine Thibault Liger-Belair","2018","Richebourg, Grand Cru, Domaine Thibault Liger-Belair, Burgundy","3950","Case of 6 Bottles","https://www.bbr.com/products-20188022624-2018-richebourg-grand-cru-domaine-thibault-liger-belair-burgundy","1045006","20188022624"
"Domaine Thibault Liger-Belair","2019","Richebourg, Grand Cru, Domaine Thibault Liger-Belair, Burgundy","1698","Case of 3 Bottles","https://www.bbr.com/products-20198022624-2019-richebourg-grand-cru-domaine-thibault-liger-belair-burgundy","1045006","20198022624"
"Domaine Thibault Liger-Belair","2019","Richebourg, Grand Cru, Domaine Thibault Liger-Belair, Burgundy","1000","Case of 1 Magnums","https://www.bbr.com/products-20198022624-2019-richebourg-grand-cru-domaine-thibault-liger-belair-burgundy","1045006","20198022624"
"Domaine Thibault Liger-Belair","2020","Richebourg, Grand Cru, Domaine Thibault Liger-Belair, Burgundy","1850","Case of 3 Bottles","https://www.bbr.com/products-20208022624-2020-richebourg-grand-cru-domaine-thibault-liger-belair-burgundy","1045006","20208022624"
"Domaine Thibault Liger-Belair","2021","Richebourg, Grand Cru, Domaine Thibault Liger-Belair, Burgundy","1550","Case of 3 Bottles","https://www.bbr.com/products-20218022624-2021-richebourg-grand-cru-domaine-thibault-liger-belair-burgundy","1045006","20218022624"
"Domaine Thibault Liger-Belair","2022","Richebourg, Grand Cru, Domaine Thibault Liger-Belair, Burgundy","1450","Case of 3 Bottles","https://www.bbr.com/products-20228022624-2022-richebourg-grand-cru-domaine-thibault-liger-belair-burgundy","1045006","20228022624"
"Domaine de la Romanee-Conti (DRC)","2002","Richebourg, Grand Cru, Domaine de la Romanee-Conti, Burgundy","27500","Case of 6 Bottles","https://www.bbr.com/products-20028122164-2002-richebourg-grand-cru-domaine-de-la-romanee-conti-burgundy","1028674","20028122164"
"Domaine de la Romanee-Conti (DRC)","2007","Richebourg, Grand Cru, Domaine de la Romanee-Conti, Burgundy","25000","Case of 6 Bottles","https://www.bbr.com/products-20078122164-2007-richebourg-grand-cru-domaine-de-la-romanee-conti-burgundy","1028674","20078122164"
"Domaine de la Romanee-Conti (DRC)","2012","Richebourg, Grand Cru, Domaine de la Romanee-Conti, Burgundy","4200","Case of 1 Bottles","https://www.bbr.com/products-20128122164-2012-richebourg-grand-cru-domaine-de-la-romanee-conti-burgundy","1028674","20128122164"
"Domaine de la Romanee-Conti (DRC)","2012","Richebourg, Grand Cru, Domaine de la Romanee-Conti, Burgundy","4600","Case of 1 Bottles","https://www.bbr.com/products-20128122164-2012-richebourg-grand-cru-domaine-de-la-romanee-conti-burgundy","1028674","20128122164"
"Domaine de la Romanee-Conti (DRC)","2017","Richebourg, Grand Cru, Domaine de la Romanee-Conti, Burgundy","3900","Case of 1 Bottles","https://www.bbr.com/products-20178122164-2017-richebourg-grand-cru-domaine-de-la-romanee-conti-burgundy","1028674","20178122164"
"Albert Bichot","2017","Richebourg, Grand Cru, Domaine du Clos Frantin, Albert Bichot, Burgundy","1480","Case of 3 Bottles","https://www.bbr.com/products-20178220293-2017-richebourg-grand-cru-domaine-du-clos-frantin-albert-bichot-burgundy","1020085","20178220293"
"Lucien Le Moine","2017","Richebourg, Grand Cru, Lucien Le Moine, Burgundy","2220","Case of 3 Bottles","https://www.bbr.com/products-20178218614-2017-richebourg-grand-cru-lucien-le-moine-burgundy","1042773","20178218614"
"Maison Roche de Bellene","2014","Richebourg, Grand Cru, Maison Roche de Bellene","2600","Case of 6 Bottles","https://www.bbr.com/products-20148020431-2014-richebourg-grand-cru-maison-roche-de-bellene","1156665","20148020431"
"Maison Roche de Bellene","2020","Richebourg, Grand Cru, Maison Roche de Bellene, Burgundy","1600","Case of 3 Bottles","https://www.bbr.com/products-20208020431-2020-richebourg-grand-cru-maison-roche-de-bellene-burgundy","1156665","20208020431"
"Pierre Girardin","2020","Richebourg, Grand Cru, Pierre Girardin, Burgundy","2000","Case of 1 Bottles","https://www.bbr.com/products-20208164298-2020-richebourg-grand-cru-pierre-girardin-burgundy","2004534","20208164298"
"Pierre Girardin","2021","Richebourg, Grand Cru, Pierre Girardin, Burgundy","1200","Case of 1 Bottles","https://www.bbr.com/products-20218164298-2021-richebourg-grand-cru-pierre-girardin-burgundy","2004534","20218164298"
"Ridge Vineyards","2011","Ridge Vineyards, Estate Cabernet Sauvignon, Santa Cruz Mountains, California, USA","640","Case of 12 Bottles","https://www.bbr.com/products-20111346608-2011-ridge-vineyards-estate-cabernet-sauvignon-santa-cruz-mountains-california-usa","1151152","20111346608"
"Ridge Vineyards","2014","Ridge Vineyards, Estate Cabernet Sauvignon, Santa Cruz Mountains, California, USA","1300","Case of 12 Bottles","https://www.bbr.com/products-20141346608-2014-ridge-vineyards-estate-cabernet-sauvignon-santa-cruz-mountains-california-usa","1151152","20141346608"
"Ridge Vineyards","2016","Ridge Vineyards, Estate Cabernet Sauvignon, Santa Cruz Mountains, California, USA","1290","Case of 12 Bottles","https://www.bbr.com/products-20161346608-2016-ridge-vineyards-estate-cabernet-sauvignon-santa-cruz-mountains-california-usa","1151152","20161346608"
"Ridge Vineyards","2017","Ridge Vineyards, Estate Cabernet Sauvignon, Santa Cruz Mountains, California, USA","740","Case of 12 Bottles","https://www.bbr.com/products-20171346608-2017-ridge-vineyards-estate-cabernet-sauvignon-santa-cruz-mountains-california-usa","1151152","20171346608"
"Ridge Vineyards","2023","Ridge Vineyards, Estate Chardonnay, Santa Cruz Mountains, California, USA","860","Case of 12 Bottles","https://www.bbr.com/products-20231151165-2023-ridge-vineyards-estate-chardonnay-santa-cruz-mountains-california-usa","1151165","20231151165"
"Ridge Vineyards","2023","Ridge Vineyards, Estate Chardonnay, Santa Cruz Mountains, California, USA","858","Case of 12 Bottles","https://www.bbr.com/products-20231151165-2023-ridge-vineyards-estate-chardonnay-santa-cruz-mountains-california-usa","1151165","20231151165"
"Ridge Vineyards","2015","Ridge Vineyards, Geyserville, Alexander Valley, Sonoma County, California, USA","675","Case of 12 Bottles","https://www.bbr.com/products-20158005146-2015-ridge-vineyards-geyserville-alexander-valley-sonoma-county-california-usa","1123135","20158005146"
"Ridge Vineyards","2016","Ridge Vineyards, Geyserville, Alexander Valley, Sonoma County, California, USA","650","Case of 12 Bottles","https://www.bbr.com/products-20168005146-2016-ridge-vineyards-geyserville-alexander-valley-sonoma-county-california-usa","1123135","20168005146"
"Ridge Vineyards","2016","Ridge Vineyards, Geyserville, Alexander Valley, Sonoma County, California, USA","700","Case of 6 Magnums","https://www.bbr.com/products-20168005146-2016-ridge-vineyards-geyserville-alexander-valley-sonoma-county-california-usa","1123135","20168005146"
"Ridge Vineyards","2019","Ridge Vineyards, Geyserville, Alexander Valley, Sonoma County, California, USA","550","Case of 12 Bottles","https://www.bbr.com/products-20198005146-2019-ridge-vineyards-geyserville-alexander-valley-sonoma-county-california-usa","1123135","20198005146"
"Ridge Vineyards","2016","Ridge Vineyards, Lytton Estate Petite Sirah, Dry Creek Valley, Sonoma Valley, California, USA","420","Case of 12 Bottles","https://www.bbr.com/products-20168005159-2016-ridge-vineyards-lytton-estate-petite-sirah-dry-creek-valley-sonoma-valley-california-usa","1345135","20168005159"
"Ridge Vineyards","2015","Ridge Vineyards, Lytton Springs, Dry Creek Valley, Sonoma County, California, USA","600","Case of 12 Bottles","https://www.bbr.com/products-20158005162-2015-ridge-vineyards-lytton-springs-dry-creek-valley-sonoma-county-california-usa","1135828","20158005162"
"Ridge Vineyards","2017","Ridge Vineyards, Lytton Springs, Dry Creek Valley, Sonoma County, California, USA","600","Case of 12 Bottles","https://www.bbr.com/products-20178005162-2017-ridge-vineyards-lytton-springs-dry-creek-valley-sonoma-county-california-usa","1135828","20178005162"
"Ridge Vineyards","2017","Ridge Vineyards, Lytton Springs, Dry Creek Valley, Sonoma County, California, USA","575","Case of 6 Magnums","https://www.bbr.com/products-20178005162-2017-ridge-vineyards-lytton-springs-dry-creek-valley-sonoma-county-california-usa","1135828","20178005162"
"Ridge Vineyards","2018","Ridge Vineyards, Lytton Springs, Dry Creek Valley, Sonoma County, California, USA","425","Case of 12 Bottles","https://www.bbr.com/products-20188005162-2018-ridge-vineyards-lytton-springs-dry-creek-valley-sonoma-county-california-usa","1135828","20188005162"
"Ridge Vineyards","2019","Ridge Vineyards, Lytton Springs, Dry Creek Valley, Sonoma County, California, USA","595","Case of 12 Bottles","https://www.bbr.com/products-20198005162-2019-ridge-vineyards-lytton-springs-dry-creek-valley-sonoma-county-california-usa","1135828","20198005162"
"Ridge Vineyards","2013","Ridge Vineyards, Monte Bello Chardonnay, Santa Cruz Mountains, California, USA","1400","Case of 12 Bottles","https://www.bbr.com/products-20131123151-2013-ridge-vineyards-monte-bello-chardonnay-santa-cruz-mountains-california-usa","1123151","20131123151"
"Ridge Vineyards","1998","Ridge Vineyards, Monte Bello, Santa Cruz Mountains, California, USA","1282","Case of 3 Magnums","https://www.bbr.com/products-19988005188-1998-ridge-vineyards-monte-bello-santa-cruz-mountains-california-usa","1123164","19988005188"
"Ridge Vineyards","2006","Ridge Vineyards, Monte Bello, Santa Cruz Mountains, California, USA","2295","Case of 6 Magnums","https://www.bbr.com/products-20068005188-2006-ridge-vineyards-monte-bello-santa-cruz-mountains-california-usa","1123164","20068005188"
"Ridge Vineyards","2007","Ridge Vineyards, Monte Bello, Santa Cruz Mountains, California, USA","1400","Case of 6 Bottles","https://www.bbr.com/products-20078005188-2007-ridge-vineyards-monte-bello-santa-cruz-mountains-california-usa","1123164","20078005188"
"Ridge Vineyards","2008","Ridge Vineyards, Monte Bello, Santa Cruz Mountains, California, USA","1080","Case of 6 Bottles","https://www.bbr.com/products-20088005188-2008-ridge-vineyards-monte-bello-santa-cruz-mountains-california-usa","1123164","20088005188"
"Ridge Vineyards","2008","Ridge Vineyards, Monte Bello, Santa Cruz Mountains, California, USA","720","Case of 1 Double Magnums","https://www.bbr.com/products-20088005188-2008-ridge-vineyards-monte-bello-santa-cruz-mountains-california-usa","1123164","20088005188"
"Ridge Vineyards","2009","Ridge Vineyards, Monte Bello, Santa Cruz Mountains, California, USA","1195","Case of 6 Bottles","https://www.bbr.com/products-20098005188-2009-ridge-vineyards-monte-bello-santa-cruz-mountains-california-usa","1123164","20098005188"
"Ridge Vineyards","2009","Ridge Vineyards, Monte Bello, Santa Cruz Mountains, California, USA","1200","Case of 6 Bottles","https://www.bbr.com/products-20098005188-2009-ridge-vineyards-monte-bello-santa-cruz-mountains-california-usa","1123164","20098005188"
"Ridge Vineyards","2010","Ridge Vineyards, Monte Bello, Santa Cruz Mountains, California, USA","1400","Case of 6 Bottles","https://www.bbr.com/products-20108005188-2010-ridge-vineyards-monte-bello-santa-cruz-mountains-california-usa","1123164","20108005188"
"Ridge Vineyards","2011","Ridge Vineyards, Monte Bello, Santa Cruz Mountains, California, USA","700","Case of 6 Bottles","https://www.bbr.com/products-20118005188-2011-ridge-vineyards-monte-bello-santa-cruz-mountains-california-usa","1123164","20118005188"
"Ridge Vineyards","2012","Ridge Vineyards, Monte Bello, Santa Cruz Mountains, California, USA","850","Case of 6 Bottles","https://www.bbr.com/products-20128005188-2012-ridge-vineyards-monte-bello-santa-cruz-mountains-california-usa","1123164","20128005188"
"Ridge Vineyards","2012","Ridge Vineyards, Monte Bello, Santa Cruz Mountains, California, USA","900","Case of 6 Bottles","https://www.bbr.com/products-20128005188-2012-ridge-vineyards-monte-bello-santa-cruz-mountains-california-usa","1123164","20128005188"
"Ridge Vineyards","2013","Ridge Vineyards, Monte Bello, Santa Cruz Mountains, California, USA","1500","Case of 6 Bottles","https://www.bbr.com/products-20138005188-2013-ridge-vineyards-monte-bello-santa-cruz-mountains-california-usa","1123164","20138005188"
"Ridge Vineyards","2015","Ridge Vineyards, Monte Bello, Santa Cruz Mountains, California, USA","1400","Case of 6 Bottles","https://www.bbr.com/products-20158005188-2015-ridge-vineyards-monte-bello-santa-cruz-mountains-california-usa","1123164","20158005188"
"Ridge Vineyards","2015","Ridge Vineyards, Monte Bello, Santa Cruz Mountains, California, USA","1350","Case of 6 Bottles","https://www.bbr.com/products-20158005188-2015-ridge-vineyards-monte-bello-santa-cruz-mountains-california-usa","1123164","20158005188"
"Ridge Vineyards","2016","Ridge Vineyards, Monte Bello, Santa Cruz Mountains, California, USA","900","Case of 6 Bottles","https://www.bbr.com/products-20168005188-2016-ridge-vineyards-monte-bello-santa-cruz-mountains-california-usa","1123164","20168005188"
"Ridge Vineyards","2016","Ridge Vineyards, Monte Bello, Santa Cruz Mountains, California, USA","935","Case of 6 Bottles","https://www.bbr.com/products-20168005188-2016-ridge-vineyards-monte-bello-santa-cruz-mountains-california-usa","1123164","20168005188"
"Ridge Vineyards","2016","Ridge Vineyards, Monte Bello, Santa Cruz Mountains, California, USA","850","Case of 3 Magnums","https://www.bbr.com/products-20168005188-2016-ridge-vineyards-monte-bello-santa-cruz-mountains-california-usa","1123164","20168005188"
"Ridge Vineyards","2017","Ridge Vineyards, Monte Bello, Santa Cruz Mountains, California, USA","1000","Case of 6 Bottles","https://www.bbr.com/products-20178005188-2017-ridge-vineyards-monte-bello-santa-cruz-mountains-california-usa","1123164","20178005188"
"Ridge Vineyards","2018","Ridge Vineyards, Monte Bello, Santa Cruz Mountains, California, USA","978","Case of 6 Bottles","https://www.bbr.com/products-20188005188-2018-ridge-vineyards-monte-bello-santa-cruz-mountains-california-usa","1123164","20188005188"
"Ridge Vineyards","2019","Ridge Vineyards, Monte Bello, Santa Cruz Mountains, California, USA","900","Case of 6 Bottles","https://www.bbr.com/products-20198005188-2019-ridge-vineyards-monte-bello-santa-cruz-mountains-california-usa","1123164","20198005188"
"Ridge Vineyards","2019","Ridge Vineyards, Monte Bello, Santa Cruz Mountains, California, USA","439","Case of 3 Bottles","https://www.bbr.com/products-20198005188-2019-ridge-vineyards-monte-bello-santa-cruz-mountains-california-usa","1123164","20198005188"
"Ridge Vineyards","2020","Ridge Vineyards, Monte Bello, Santa Cruz Mountains, California, USA","525","Case of 3 Bottles","https://www.bbr.com/products-20208005188-2020-ridge-vineyards-monte-bello-santa-cruz-mountains-california-usa","1123164","20208005188"
"Ridge Vineyards","2021","Ridge Vineyards, Monte Bello, Santa Cruz Mountains, California, USA","575","Case of 3 Bottles","https://www.bbr.com/products-20218005188-2021-ridge-vineyards-monte-bello-santa-cruz-mountains-california-usa","1123164","20218005188"
"Weingut Schloss Lieser","2021","Riesling Auslese, Niederberg Helden, Schloss Lieser, Mosel, Germany [18","170","Case of 6 Bottles","https://www.bbr.com/products-20218168182-2021-riesling-auslese-niederberg-helden-schloss-lieser-mosel-germany-18","","20218168182"
"Weingut Joh Jos Prum","2017","Riesling Auslese, Wehlener Sonnenuhr, Auktion, Joh. Jos. Prum, Mosel, Germany [20 18]","530","Case of 6 Bottles","https://www.bbr.com/products-20178035952-2017-riesling-auslese-wehlener-sonnenuhr-auktion-joh-jos-prum-mosel-germany-20-18","1090556","20178035952"
"Weingut Schafer-Frohlich","2017","Riesling Bockenauer Felseneck Spatlese, Goldkap, Shafer-Frohlich","225","Case of 6 Bottles","https://www.bbr.com/products-20178039530-2017-riesling-bockenauer-felseneck-spatlese-goldkap-shafer-frohlich","1091175","20178039530"
"Domaine Weinbach","2016","Riesling Cuvee Colette, Domaine Weinbach","287","Case of 6 Bottles","https://www.bbr.com/products-20168204800-2016-riesling-cuvee-colette-domaine-weinbach","1379284","20168204800"
"Domaine Zind Humbrecht","2015","Riesling Horizontal (1xClos St Urbain, 1xBrand, 1x Clos Windsbuhl), Domaine Zind Humbrecht, Three-Magnum Assortment Case","250","Case of 1 Mixed Cases","https://www.bbr.com/products-20158053844-2015-riesling-horizontal-1xclos-st-urbain-1xbrand-1x-clos-windsbuhl-domaine-zind-humbrecht-three-magnum-assortment-case","8053844","20158053844"
"Weingut Immich-Batterieberg","2016","Riesling R, Enkircher Batterieberg, Immich-Batterieberg, Mosel, Germany","525","Case of 6 Bottles","https://www.bbr.com/products-20168162513-2016-riesling-r-enkircher-batterieberg-immich-batterieberg-mosel-germany","1671870","20168162513"
"Weingut Schloss Lieser","2017","Riesling Spatlese, Brauneberger Juffer Sonnenuhr, (12-18) Lieser","85","Case of 6 Bottles","https://www.bbr.com/products-20178039761-2017-riesling-spatlese-brauneberger-juffer-sonnenuhr-12-18-lieser","","20178039761"
"Maximin Grunhaus (Dr. Carl von Schubert)","2020","Riesling, Abstberg, Grosses Gewachs, Maximin Grunhaus, Mosel, Germany [26 21]","180","Case of 6 Bottles","https://www.bbr.com/products-20208153560-2020-riesling-abstberg-grosses-gewachs-maximin-grunhaus-mosel-germany-26-21","1422863","20208153560"
"Van Volxem","2019","Riesling, Altenberg, Alte Reben, Grosses Gewachs, Van Volxem, Mosel, Germany","230","Case of 6 Bottles","https://www.bbr.com/products-20198063591-2019-riesling-altenberg-alte-reben-grosses-gewachs-van-volxem-mosel-germany","1742543","20198063591"
"Van Volxem","2019","Riesling, Altenberg, Alte Reben, Grosses Gewachs, Van Volxem, Mosel, Germany","260","Case of 1 Double Magnums","https://www.bbr.com/products-20198063591-2019-riesling-altenberg-alte-reben-grosses-gewachs-van-volxem-mosel-germany","1742543","20198063591"
"Weingut Selbach-Oster","2010","Riesling, Auslese*, Zeltinger Sonnenuhr, Selbach-Oster, Mosel, Germany","160","Case of 6 Bottles","https://www.bbr.com/products-20108139836-2010-riesling-auslese-zeltinger-sonnenuhr-selbach-oster-mosel-germany","1092433","20108139836"
"Maximin Grunhaus (Dr. Carl von Schubert)","2018","Riesling, Auslese, Abstberg No. 89, Maximin Grunhaus, Von Schubert, Mosel, Germany","300","Case of 12 Half Bottles","https://www.bbr.com/products-20188114554-2018-riesling-auslese-abstberg-no-89-maximin-grunhaus-von-schubert-mosel-germany","1939774","20188114554"
"Dr. H. Thanisch","2017","Riesling, Auslese, Bernkasteler Doctor, Dr. H. Thanisch, Mosel, Germany","255","Case of 6 Bottles","https://www.bbr.com/products-20178163930-2017-riesling-auslese-bernkasteler-doctor-dr-h-thanisch-mosel-germany","1218529","20178163930"
"Weingut Fritz Haag","2019","Riesling, Auslese, Brauneberger Juffer Sonnenuhr, Fritz Haag, Mosel, Germany [06 20]","150","Case of 6 Bottles","https://www.bbr.com/products-20198125152-2019-riesling-auslese-brauneberger-juffer-sonnenuhr-fritz-haag-mosel-germany-06-20","1086175","20198125152"
"Weingut Schafer-Frohlich","2017","Riesling, Auslese, Felseneck, Schafer-Frohlich, Nahe, Germany","200","Case of 6 Half Bottles","https://www.bbr.com/products-20178325927-2017-riesling-auslese-felseneck-schafer-frohlich-nahe-germany","1091146","20178325927"
"Weingut Willi Schaefer","2016","Riesling, Auslese, Graacher Himmelreich No. 4, Willi Schaefer, Mosel, Germany","229","Case of 12 Half Bottles","https://www.bbr.com/products-20168004585-2016-riesling-auslese-graacher-himmelreich-no-4-willi-schaefer-mosel-germany","1329784","20168004585"
"Weingut Joh Jos Prum","2017","Riesling, Auslese, Graacher Himmelreich, Goldkapsel, Joh. Jos. Prum, Mosel, Germany","600","Case of 6 Bottles","https://www.bbr.com/products-20171090208-2017-riesling-auslese-graacher-himmelreich-goldkapsel-joh-jos-prum-mosel-germany","1090208","20171090208"
"Weingut Joh Jos Prum","2019","Riesling, Auslese, Graacher Himmelreich, Goldkapsel, Joh. Jos. Prum, Mosel, Germany","525","Case of 6 Bottles","https://www.bbr.com/products-20191090208-2019-riesling-auslese-graacher-himmelreich-goldkapsel-joh-jos-prum-mosel-germany","1090208","20191090208"
"Weingut Joh Jos Prum","2011","Riesling, Auslese, Graacher Himmelreich, Goldkapsel, Joh. Jos. Prum, Mosel, Germany (Museum Release)","400","Case of 6 Bottles","https://www.bbr.com/products-20118159908-2011-riesling-auslese-graacher-himmelreich-goldkapsel-joh-jos-prum-mosel-germany-museum-release","1090208","20118159908"
"Weingut Joh Jos Prum","2015","Riesling, Auslese, Graacher Himmelreich, Joh. Jos. Prum, Mosel, Germany","260","Case of 6 Bottles","https://www.bbr.com/products-20158118291-2015-riesling-auslese-graacher-himmelreich-joh-jos-prum-mosel-germany","1090194","20158118291"
"Weingut Joh Jos Prum","2017","Riesling, Auslese, Graacher Himmelreich, Joh. Jos. Prum, Mosel, Germany","180","Case of 6 Bottles","https://www.bbr.com/products-20178118291-2017-riesling-auslese-graacher-himmelreich-joh-jos-prum-mosel-germany","1090194","20178118291"
"Weingut Joh Jos Prum","2018","Riesling, Auslese, Graacher Himmelreich, Joh. Jos. Prum, Mosel, Germany","260","Case of 6 Bottles","https://www.bbr.com/products-20188118291-2018-riesling-auslese-graacher-himmelreich-joh-jos-prum-mosel-germany","1090194","20188118291"
"Weingut Joh Jos Prum","2019","Riesling, Auslese, Graacher Himmelreich, Joh. Jos. Prum, Mosel, Germany","198","Case of 6 Bottles","https://www.bbr.com/products-20198118291-2019-riesling-auslese-graacher-himmelreich-joh-jos-prum-mosel-germany","1090194","20198118291"
"Donnhoff","2005","Riesling, Auslese, Niederhauser Hermannshohle, Goldkapsel, Donnhoff, Nahe, Germany","450","Case of 6 Bottles","https://www.bbr.com/products-20058118695-2005-riesling-auslese-niederhauser-hermannshohle-goldkapsel-donnhoff-nahe-germany","1084706","20058118695"
"Donnhoff","2011","Riesling, Auslese, Niederhauser Hermannshohle, Goldkapsel, Donnhoff, Nahe, Germany","600","Case of 12 Half Bottles","https://www.bbr.com/products-20118118695-2011-riesling-auslese-niederhauser-hermannshohle-goldkapsel-donnhoff-nahe-germany","1084706","20118118695"
"Donnhoff","2015","Riesling, Auslese, Niederhauser Hermannshohle, Goldkapsel, Donnhoff, Nahe, Germany","343","Case of 6 Half Bottles","https://www.bbr.com/products-20158118695-2015-riesling-auslese-niederhauser-hermannshohle-goldkapsel-donnhoff-nahe-germany","1084706","20158118695"
"Donnhoff","2017","Riesling, Auslese, Niederhauser Hermannshohle, Goldkapsel, Donnhoff, Nahe, Germany","295","Case of 3 Magnums","https://www.bbr.com/products-20178118695-2017-riesling-auslese-niederhauser-hermannshohle-goldkapsel-donnhoff-nahe-germany","1084706","20178118695"
"Donnhoff","2019","Riesling, Auslese, Niederhauser Hermannshohle, Goldkapsel, Donnhoff, Nahe, Germany","780","Case of 6 Bottles","https://www.bbr.com/products-20198118695-2019-riesling-auslese-niederhauser-hermannshohle-goldkapsel-donnhoff-nahe-germany","1084706","20198118695"
"Donnhoff","2020","Riesling, Auslese, Niederhauser Hermannshohle, Goldkapsel, Donnhoff, Nahe, Germany","360","Case of 6 Bottles","https://www.bbr.com/products-20208118695-2020-riesling-auslese-niederhauser-hermannshohle-goldkapsel-donnhoff-nahe-germany","1084706","20208118695"
"Donnhoff","2021","Riesling, Auslese, Niederhauser Hermannshohle, Goldkapsel, Donnhoff, Nahe, Germany","325","Case of 6 Half Bottles","https://www.bbr.com/products-20218118695-2021-riesling-auslese-niederhauser-hermannshohle-goldkapsel-donnhoff-nahe-germany","1084706","20218118695"
"Donnhoff","2023","Riesling, Auslese, Niederhauser Hermannshohle, Goldkapsel, Donnhoff, Nahe, Germany","300","Case of 6 Half Bottles","https://www.bbr.com/products-20238118695-2023-riesling-auslese-niederhauser-hermannshohle-goldkapsel-donnhoff-nahe-germany","1084706","20238118695"
"Donnhoff","2017","Riesling, Auslese, Oberhauser Brucke, Goldkapsel, Donnhoff, Nahe, Germany","495","Case of 6 Bottles","https://www.bbr.com/products-20178014812-2017-riesling-auslese-oberhauser-brucke-goldkapsel-donnhoff-nahe-germany","1084823","20178014812"
"Donnhoff","2018","Riesling, Auslese, Oberhauser Brucke, Goldkapsel, Donnhoff, Nahe, Germany","340","Case of 6 Bottles","https://www.bbr.com/products-20188014812-2018-riesling-auslese-oberhauser-brucke-goldkapsel-donnhoff-nahe-germany","1084823","20188014812"
"Donnhoff","2020","Riesling, Auslese, Oberhauser Brucke, Goldkapsel, Donnhoff, Nahe, Germany","285","Case of 12 Half Bottles","https://www.bbr.com/products-20208014812-2020-riesling-auslese-oberhauser-brucke-goldkapsel-donnhoff-nahe-germany","1084823","20208014812"
"Donnhoff","2023","Riesling, Auslese, Oberhauser Brucke, Goldkapsel, Donnhoff, Nahe, Germany","300","Case of 6 Half Bottles","https://www.bbr.com/products-20238014812-2023-riesling-auslese-oberhauser-brucke-goldkapsel-donnhoff-nahe-germany","1084823","20238014812"
"Schloss Johannisberg","2019","Riesling, Auslese, Rosalack, Schloss Johannisberg, Rheingau, Germany","465","Case of 12 Half Bottles","https://www.bbr.com/products-20198163103-2019-riesling-auslese-rosalack-schloss-johannisberg-rheingau-germany","1091683","20198163103"
"Weingut Zilliken","2017","Riesling, Auslese, Saarburger Rausch, Forstmeister Geltz Zilliken, Mosel, Germany [05 18]","245","Case of 6 Bottles","https://www.bbr.com/products-20178039673-2017-riesling-auslese-saarburger-rausch-forstmeister-geltz-zilliken-mosel-germany-05-18","1094655","20178039673"
"Egon Muller","2011","Riesling, Auslese, Scharzhofberger, Egon Muller, Mosel, Germany","2850","Case of 6 Bottles","https://www.bbr.com/products-20118118389-2011-riesling-auslese-scharzhofberger-egon-muller-mosel-germany","1089769","20118118389"
"Weingut Joh Jos Prum","2015","Riesling, Auslese, Wehlener Sonnenuhr, Goldkapsel, Joh. Jos. Prum, Mosel, Germany","622","Case of 6 Bottles","https://www.bbr.com/products-20158013440-2015-riesling-auslese-wehlener-sonnenuhr-goldkapsel-joh-jos-prum-mosel-germany","1090426","20158013440"
"Weingut Joh Jos Prum","2016","Riesling, Auslese, Wehlener Sonnenuhr, Goldkapsel, Joh. Jos. Prum, Mosel, Germany","420","Case of 6 Bottles","https://www.bbr.com/products-20168013440-2016-riesling-auslese-wehlener-sonnenuhr-goldkapsel-joh-jos-prum-mosel-germany","1090426","20168013440"
"Weingut Joh Jos Prum","2018","Riesling, Auslese, Wehlener Sonnenuhr, Goldkapsel, Joh. Jos. Prum, Mosel, Germany","450","Case of 6 Bottles","https://www.bbr.com/products-20188013440-2018-riesling-auslese-wehlener-sonnenuhr-goldkapsel-joh-jos-prum-mosel-germany","1090426","20188013440"
"Weingut Joh Jos Prum","2020","Riesling, Auslese, Wehlener Sonnenuhr, Goldkapsel, Joh. Jos. Prum, Mosel, Germany","390","Case of 6 Bottles","https://www.bbr.com/products-20208013440-2020-riesling-auslese-wehlener-sonnenuhr-goldkapsel-joh-jos-prum-mosel-germany","1090426","20208013440"
"Weingut Joh Jos Prum","2008","Riesling, Auslese, Wehlener Sonnenuhr, Joh. Jos. Prum, Mosel, Germany","400","Case of 12 Bottles","https://www.bbr.com/products-20081090413-2008-riesling-auslese-wehlener-sonnenuhr-joh-jos-prum-mosel-germany","1090413","20081090413"
"Weingut Joh Jos Prum","2009","Riesling, Auslese, Wehlener Sonnenuhr, Joh. Jos. Prum, Mosel, Germany","290","Case of 6 Bottles","https://www.bbr.com/products-20091090413-2009-riesling-auslese-wehlener-sonnenuhr-joh-jos-prum-mosel-germany","1090413","20091090413"
"Weingut Joh Jos Prum","2011","Riesling, Auslese, Wehlener Sonnenuhr, Joh. Jos. Prum, Mosel, Germany","228","Case of 6 Bottles","https://www.bbr.com/products-20111090413-2011-riesling-auslese-wehlener-sonnenuhr-joh-jos-prum-mosel-germany","1090413","20111090413"
"Weingut Joh Jos Prum","2016","Riesling, Auslese, Wehlener Sonnenuhr, Joh. Jos. Prum, Mosel, Germany","200","Case of 6 Bottles","https://www.bbr.com/products-20161090413-2016-riesling-auslese-wehlener-sonnenuhr-joh-jos-prum-mosel-germany","1090413","20161090413"
"Weingut Joh Jos Prum","2019","Riesling, Auslese, Wehlener Sonnenuhr, Joh. Jos. Prum, Mosel, Germany","250","Case of 6 Bottles","https://www.bbr.com/products-20191090413-2019-riesling-auslese-wehlener-sonnenuhr-joh-jos-prum-mosel-germany","1090413","20191090413"
"Weingut Joh Jos Prum","2020","Riesling, Auslese, Wehlener Sonnenuhr, Joh. Jos. Prum, Mosel, Germany","195","Case of 6 Bottles","https://www.bbr.com/products-20201090413-2020-riesling-auslese-wehlener-sonnenuhr-joh-jos-prum-mosel-germany","1090413","20201090413"
"Weingut Joh Jos Prum","2021","Riesling, Auslese, Wehlener Sonnenuhr, Joh. Jos. Prum, Mosel, Germany","235","Case of 6 Bottles","https://www.bbr.com/products-20211090413-2021-riesling-auslese-wehlener-sonnenuhr-joh-jos-prum-mosel-germany","1090413","20211090413"
"Weingut Joh Jos Prum","2021","Riesling, Auslese, Wehlener Sonnenuhr, Joh. Jos. Prum, Mosel, Germany","250","Case of 12 Half Bottles","https://www.bbr.com/products-20211090413-2021-riesling-auslese-wehlener-sonnenuhr-joh-jos-prum-mosel-germany","1090413","20211090413"
"Weingut Joh Jos Prum","2021","Riesling, Auslese, Wehlener Sonnenuhr, Joh. Jos. Prum, Mosel, Germany","270","Case of 3 Magnums","https://www.bbr.com/products-20211090413-2021-riesling-auslese-wehlener-sonnenuhr-joh-jos-prum-mosel-germany","1090413","20211090413"
"Weingut Joh Jos Prum","2023","Riesling, Auslese, Wehlener Sonnenuhr, Joh. Jos. Prum, Mosel, Germany","399","Case of 6 Bottles","https://www.bbr.com/products-20231090413-2023-riesling-auslese-wehlener-sonnenuhr-joh-jos-prum-mosel-germany","1090413","20231090413"
"Weingut Joh Jos Prum","2023","Riesling, Auslese, Wehlener Sonnenuhr, Joh. Jos. Prum, Mosel, Germany","400","Case of 6 Bottles","https://www.bbr.com/products-20231090413-2023-riesling-auslese-wehlener-sonnenuhr-joh-jos-prum-mosel-germany","1090413","20231090413"
"Weingut Vollenweider","2017","Riesling, Auslese, Wolfer Goldgrube, Portz, Vollenweider, Mosel, Germany","257","Case of 6 Bottles","https://www.bbr.com/products-20178039934-2017-riesling-auslese-wolfer-goldgrube-portz-vollenweider-mosel-germany","1092895","20178039934"
"Weingut Willi Schaefer","2010","Riesling, Beerenauslese, Graacher Domprobst, Willi Schaefer, Mosel, Germany","255","Case of 1 Half Bottles","https://www.bbr.com/products-20108181226-2010-riesling-beerenauslese-graacher-domprobst-willi-schaefer-mosel-germany","3012552","20108181226"
"Weingut Joh Jos Prum","1999","Riesling, Beerenauslese, Wehlener Sonnenuhr, Joh. Jos. Prum, Mosel, Germany","3000","Case of 6 Bottles","https://www.bbr.com/products-19998035848-1999-riesling-beerenauslese-wehlener-sonnenuhr-joh-jos-prum-mosel-germany","1144262","19998035848"
"Markus Molitor","2013","Riesling, Beerenauslese, Zeltinger Sonnenuhr, *, Goldkapsel, Markus Molitor, Mosel, Germany","5000","Case of 6 Half Bottles","https://www.bbr.com/products-20138164214-2013-riesling-beerenauslese-zeltinger-sonnenuhr-goldkapsel-markus-molitor-mosel-germany","1265901","20138164214"
"Weingut Schafer-Frohlich","2023","Riesling, Bockenau Stromberg, Grosses Gewachs, Schafer-Frohlich, Nahe, Germany [20 24]","353","Case of 6 Bottles","https://www.bbr.com/products-20238312527-2023-riesling-bockenau-stromberg-grosses-gewachs-schafer-frohlich-nahe-germany-20-24","1605886","20238312527"
"Van Volxem","2019","Riesling, Bockstein, Grosses Gewachs, Van Volxem, Mosel, Germany","260","Case of 6 Bottles","https://www.bbr.com/products-20198063458-2019-riesling-bockstein-grosses-gewachs-van-volxem-mosel-germany","2044299","20198063458"
"Van Volxem","2020","Riesling, Bockstein, Grosses Gewachs, Van Volxem, Mosel, Germany","185","Case of 6 Bottles","https://www.bbr.com/products-20208063458-2020-riesling-bockstein-grosses-gewachs-van-volxem-mosel-germany","2044299","20208063458"
"Domaine Zind Humbrecht","2015","Riesling, Brand, Grand Cru, Domaine Zind-Humbrecht, Alsace","310","Case of 6 Bottles","https://www.bbr.com/products-20158111074-2015-riesling-brand-grand-cru-domaine-zind-humbrecht-alsace","1245406","20158111074"
"Domaine Zind Humbrecht","2016","Riesling, Brand, Grand Cru, Domaine Zind-Humbrecht, Alsace","255","Case of 6 Bottles","https://www.bbr.com/products-20168111074-2016-riesling-brand-grand-cru-domaine-zind-humbrecht-alsace","1245406","20168111074"
"Domaine Zind Humbrecht","2017","Riesling, Brand, Grand Cru, Domaine Zind-Humbrecht, Alsace","250","Case of 6 Bottles","https://www.bbr.com/products-20178111074-2017-riesling-brand-grand-cru-domaine-zind-humbrecht-alsace","1245406","20178111074"
"Domaine Zind Humbrecht","2019","Riesling, Brand, Grand Cru, Domaine Zind-Humbrecht, Alsace","330","Case of 6 Bottles","https://www.bbr.com/products-20198111074-2019-riesling-brand-grand-cru-domaine-zind-humbrecht-alsace","1245406","20198111074"
"Domaine Zind Humbrecht","2020","Riesling, Brand, Grand Cru, Domaine Zind-Humbrecht, Alsace","285","Case of 6 Bottles","https://www.bbr.com/products-20208111074-2020-riesling-brand-grand-cru-domaine-zind-humbrecht-alsace","1245406","20208111074"
"Domaine Zind Humbrecht","2011","Riesling, Brand, Grand Cru, Vieilles Vignes, Domaine Zind-Humbrecht, Alsace","580","Case of 12 Bottles","https://www.bbr.com/products-20118113586-2011-riesling-brand-grand-cru-vieilles-vignes-domaine-zind-humbrecht-alsace","1170995","20118113586"
"Weingut Schloss Lieser","2020","Riesling, Brauneberger Juffer Sonnenuhr, Grosses Gawachs, Schloss Lieser, Mosel, Germany [31 21]","190","Case of 6 Bottles","https://www.bbr.com/products-20208154088-2020-riesling-brauneberger-juffer-sonnenuhr-grosses-gawachs-schloss-lieser-mosel-germany-31-21","1248683","20208154088"
"Battenfeld Spanier","2017","Riesling, C.O. Liquid Earth, Battenfeld Spanier, Rheinhessen, Germany","525","Case of 3 Bottles","https://www.bbr.com/products-20178159432-2017-riesling-c-o-liquid-earth-battenfeld-spanier-rheinhessen-germany","2173580","20178159432"
"Battenfeld Spanier","2017","Riesling, C.O. Liquid Earth, Battenfeld Spanier, Rheinhessen, Germany","515","Case of 3 Bottles","https://www.bbr.com/products-20178159432-2017-riesling-c-o-liquid-earth-battenfeld-spanier-rheinhessen-germany","2173580","20178159432"
"Battenfeld Spanier","2018","Riesling, C.O. Liquid Earth, Battenfeld Spanier, Rheinhessen, Germany","550","Case of 3 Bottles","https://www.bbr.com/products-20188159432-2018-riesling-c-o-liquid-earth-battenfeld-spanier-rheinhessen-germany","2173580","20188159432"
"Battenfeld Spanier","2019","Riesling, C.O. Liquid Earth, Battenfeld Spanier, Rheinhessen, Germany","500","Case of 3 Bottles","https://www.bbr.com/products-20198159432-2019-riesling-c-o-liquid-earth-battenfeld-spanier-rheinhessen-germany","2173580","20198159432"
"Domaine Zind Humbrecht","2007","Riesling, Clos Hauserer, Domaine Zind-Humbrecht, Alsace","400","Case of 6 Bottles","https://www.bbr.com/products-20078126061-2007-riesling-clos-hauserer-domaine-zind-humbrecht-alsace","1000359","20078126061"
"Domaine Zind Humbrecht","2016","Riesling, Clos Hauserer, Domaine Zind-Humbrecht, Alsace","140","Case of 6 Bottles","https://www.bbr.com/products-20168126061-2016-riesling-clos-hauserer-domaine-zind-humbrecht-alsace","1000359","20168126061"
"Domaine Zind Humbrecht","2017","Riesling, Clos Hauserer, Domaine Zind-Humbrecht, Alsace","190","Case of 6 Bottles","https://www.bbr.com/products-20178126061-2017-riesling-clos-hauserer-domaine-zind-humbrecht-alsace","1000359","20178126061"
"Domaine Zind Humbrecht","2011","Riesling, Clos Saint Urbain, Rangen de Thann, Grand Cru, Domaine Zind-Humbrecht, Alsace","800","Case of 12 Bottles","https://www.bbr.com/products-20118125992-2011-riesling-clos-saint-urbain-rangen-de-thann-grand-cru-domaine-zind-humbrecht-alsace","1000450","20118125992"
"Domaine Zind Humbrecht","2019","Riesling, Clos Saint Urbain, Rangen de Thann, Grand Cru, Domaine Zind-Humbrecht, Alsace","888","Case of 6 Magnums","https://www.bbr.com/products-20198125992-2019-riesling-clos-saint-urbain-rangen-de-thann-grand-cru-domaine-zind-humbrecht-alsace","1000450","20198125992"
"Domaine Zind Humbrecht","2016","Riesling, Clos Saint Urbain, Rangen de Thann, Grand Cru, DomaineZind-Humbrecht, Alsace","400","Case of 6 Bottles","https://www.bbr.com/products-20168125992-2016-riesling-clos-saint-urbain-rangen-de-thann-grand-cru-domainezind-humbrecht-alsace","1000450","20168125992"
"Domaine Zind Humbrecht","2017","Riesling, Clos Saint Urbain, Rangen de Thann, Grand Cru, DomaineZind-Humbrecht, Alsace","425","Case of 6 Bottles","https://www.bbr.com/products-20178125992-2017-riesling-clos-saint-urbain-rangen-de-thann-grand-cru-domainezind-humbrecht-alsace","1000450","20178125992"
"Trimbach","2005","Riesling, Clos Ste Hune, Trimbach, Alsace","1400","Case of 6 Bottles","https://www.bbr.com/products-20058008626-2005-riesling-clos-ste-hune-trimbach-alsace","1316384","20058008626"
"Trimbach","2006","Riesling, Clos Ste Hune, Trimbach, Alsace","500","Case of 3 Bottles","https://www.bbr.com/products-20068008626-2006-riesling-clos-ste-hune-trimbach-alsace","1316384","20068008626"
"Trimbach","2006","Riesling, Clos Ste Hune, Trimbach, Alsace","625","Case of 3 Bottles","https://www.bbr.com/products-20068008626-2006-riesling-clos-ste-hune-trimbach-alsace","1316384","20068008626"
"Trimbach","2007","Riesling, Clos Ste Hune, Trimbach, Alsace","625","Case of 3 Bottles","https://www.bbr.com/products-20078008626-2007-riesling-clos-ste-hune-trimbach-alsace","1316384","20078008626"
"Trimbach","2007","Riesling, Clos Ste Hune, Trimbach, Alsace","1400","Case of 6 Bottles","https://www.bbr.com/products-20078008626-2007-riesling-clos-ste-hune-trimbach-alsace","1316384","20078008626"
"Trimbach","2007","Riesling, Clos Ste Hune, Trimbach, Alsace","575","Case of 3 Bottles","https://www.bbr.com/products-20078008626-2007-riesling-clos-ste-hune-trimbach-alsace","1316384","20078008626"
"Trimbach","2008","Riesling, Clos Ste Hune, Trimbach, Alsace","550","Case of 3 Bottles","https://www.bbr.com/products-20088008626-2008-riesling-clos-ste-hune-trimbach-alsace","1316384","20088008626"
"Trimbach","2009","Riesling, Clos Ste Hune, Trimbach, Alsace","625","Case of 3 Bottles","https://www.bbr.com/products-20098008626-2009-riesling-clos-ste-hune-trimbach-alsace","1316384","20098008626"
"Trimbach","2011","Riesling, Clos Ste Hune, Trimbach, Alsace","540","Case of 3 Bottles","https://www.bbr.com/products-20118008626-2011-riesling-clos-ste-hune-trimbach-alsace","1316384","20118008626"
"Trimbach","2012","Riesling, Clos Ste Hune, Trimbach, Alsace","650","Case of 3 Bottles","https://www.bbr.com/products-20128008626-2012-riesling-clos-ste-hune-trimbach-alsace","1316384","20128008626"
"Trimbach","2012","Riesling, Clos Ste Hune, Trimbach, Alsace","690","Case of 3 Bottles","https://www.bbr.com/products-20128008626-2012-riesling-clos-ste-hune-trimbach-alsace","1316384","20128008626"
"Trimbach","2013","Riesling, Clos Ste Hune, Trimbach, Alsace","1600","Case of 3 Magnums","https://www.bbr.com/products-20138008626-2013-riesling-clos-ste-hune-trimbach-alsace","1316384","20138008626"
"Trimbach","2014","Riesling, Clos Ste Hune, Trimbach, Alsace","725","Case of 3 Bottles","https://www.bbr.com/products-20148008626-2014-riesling-clos-ste-hune-trimbach-alsace","1316384","20148008626"
"Trimbach","2014","Riesling, Clos Ste Hune, Trimbach, Alsace","525","Case of 1 Magnums","https://www.bbr.com/products-20148008626-2014-riesling-clos-ste-hune-trimbach-alsace","1316384","20148008626"
"Trimbach","2015","Riesling, Clos Ste Hune, Trimbach, Alsace","695","Case of 3 Bottles","https://www.bbr.com/products-20158008626-2015-riesling-clos-ste-hune-trimbach-alsace","1316384","20158008626"
"Trimbach","2016","Riesling, Clos Ste Hune, Trimbach, Alsace","680","Case of 3 Bottles","https://www.bbr.com/products-20168008626-2016-riesling-clos-ste-hune-trimbach-alsace","1316384","20168008626"
"Trimbach","2017","Riesling, Clos Ste Hune, Trimbach, Alsace","660","Case of 3 Bottles","https://www.bbr.com/products-20178008626-2017-riesling-clos-ste-hune-trimbach-alsace","1316384","20178008626"
"Trimbach","2018","Riesling, Clos Ste Hune, Trimbach, Alsace","690","Case of 3 Bottles","https://www.bbr.com/products-20188008626-2018-riesling-clos-ste-hune-trimbach-alsace","1316384","20188008626"
"Trimbach","2019","Riesling, Clos Ste Hune, Trimbach, Alsace","690","Case of 3 Bottles","https://www.bbr.com/products-20198008626-2019-riesling-clos-ste-hune-trimbach-alsace","1316384","20198008626"
"Domaine Zind Humbrecht","2006","Riesling, Clos Windsbuhl, Domaine Zind-Humbrecht, Alsace","400","Case of 6 Bottles","https://www.bbr.com/products-20068112404-2006-riesling-clos-windsbuhl-domaine-zind-humbrecht-alsace","1210943","20068112404"
"Domaine Zind Humbrecht","2011","Riesling, Clos Windsbuhl, Domaine Zind-Humbrecht, Alsace","515","Case of 12 Bottles","https://www.bbr.com/products-20118112404-2011-riesling-clos-windsbuhl-domaine-zind-humbrecht-alsace","1210943","20118112404"
"Domaine Zind Humbrecht","2012","Riesling, Clos Windsbuhl, Domaine Zind-Humbrecht, Alsace","360","Case of 6 Bottles","https://www.bbr.com/products-20128112404-2012-riesling-clos-windsbuhl-domaine-zind-humbrecht-alsace","1210943","20128112404"
"Trimbach","2001","Riesling, Cuvee Frederic Emile, 375th Anniversary, Trimbach, Alsace","1404","Case of 6 Bottles","https://www.bbr.com/products-20018110934-2001-riesling-cuvee-frederic-emile-375th-anniversary-trimbach-alsace","1249635","20018110934"
"Trimbach","2001","Riesling, Cuvee Frederic Emile, Trimbach, Alsace","727","Case of 6 Bottles","https://www.bbr.com/products-20018008639-2001-riesling-cuvee-frederic-emile-trimbach-alsace","1000287","20018008639"
"Trimbach","2005","Riesling, Cuvee Frederic Emile, Trimbach, Alsace","360","Case of 6 Bottles","https://www.bbr.com/products-20058008639-2005-riesling-cuvee-frederic-emile-trimbach-alsace","1000287","20058008639"
"Trimbach","2008","Riesling, Cuvee Frederic Emile, Trimbach, Alsace","375","Case of 6 Bottles","https://www.bbr.com/products-20088008639-2008-riesling-cuvee-frederic-emile-trimbach-alsace","1000287","20088008639"
"Trimbach","2008","Riesling, Cuvee Frederic Emile, Trimbach, Alsace","360","Case of 3 Magnums","https://www.bbr.com/products-20088008639-2008-riesling-cuvee-frederic-emile-trimbach-alsace","1000287","20088008639"
"Trimbach","2009","Riesling, Cuvee Frederic Emile, Trimbach, Alsace","270","Case of 6 Bottles","https://www.bbr.com/products-20098008639-2009-riesling-cuvee-frederic-emile-trimbach-alsace","1000287","20098008639"
"Trimbach","2010","Riesling, Cuvee Frederic Emile, Trimbach, Alsace","284","Case of 6 Bottles","https://www.bbr.com/products-20108008639-2010-riesling-cuvee-frederic-emile-trimbach-alsace","1000287","20108008639"
"Trimbach","2010","Riesling, Cuvee Frederic Emile, Trimbach, Alsace","285","Case of 3 Magnums","https://www.bbr.com/products-20108008639-2010-riesling-cuvee-frederic-emile-trimbach-alsace","1000287","20108008639"
"Trimbach","2011","Riesling, Cuvee Frederic Emile, Trimbach, Alsace","245","Case of 6 Bottles","https://www.bbr.com/products-20118008639-2011-riesling-cuvee-frederic-emile-trimbach-alsace","1000287","20118008639"
"Trimbach","2012","Riesling, Cuvee Frederic Emile, Trimbach, Alsace","255","Case of 6 Bottles","https://www.bbr.com/products-20128008639-2012-riesling-cuvee-frederic-emile-trimbach-alsace","1000287","20128008639"
"Trimbach","2013","Riesling, Cuvee Frederic Emile, Trimbach, Alsace","239","Case of 6 Bottles","https://www.bbr.com/products-20138008639-2013-riesling-cuvee-frederic-emile-trimbach-alsace","1000287","20138008639"
"Trimbach","2013","Riesling, Cuvee Frederic Emile, Trimbach, Alsace","380","Case of 3 Magnums","https://www.bbr.com/products-20138008639-2013-riesling-cuvee-frederic-emile-trimbach-alsace","1000287","20138008639"
"Trimbach","2014","Riesling, Cuvee Frederic Emile, Trimbach, Alsace","249","Case of 6 Bottles","https://www.bbr.com/products-20148008639-2014-riesling-cuvee-frederic-emile-trimbach-alsace","1000287","20148008639"
"Trimbach","2015","Riesling, Cuvee Frederic Emile, Trimbach, Alsace","350","Case of 6 Bottles","https://www.bbr.com/products-20158008639-2015-riesling-cuvee-frederic-emile-trimbach-alsace","1000287","20158008639"
"Trimbach","2015","Riesling, Cuvee Frederic Emile, Trimbach, Alsace","335","Case of 3 Magnums","https://www.bbr.com/products-20158008639-2015-riesling-cuvee-frederic-emile-trimbach-alsace","1000287","20158008639"
"Trimbach","2016","Riesling, Cuvee Frederic Emile, Trimbach, Alsace","350","Case of 3 Magnums","https://www.bbr.com/products-20168008639-2016-riesling-cuvee-frederic-emile-trimbach-alsace","1000287","20168008639"
"Trimbach","2017","Riesling, Cuvee Frederic Emile, Trimbach, Alsace","375","Case of 6 Bottles","https://www.bbr.com/products-20178008639-2017-riesling-cuvee-frederic-emile-trimbach-alsace","1000287","20178008639"
"Trimbach","2018","Riesling, Cuvee Frederic Emile, Trimbach, Alsace","300","Case of 6 Bottles","https://www.bbr.com/products-20188008639-2018-riesling-cuvee-frederic-emile-trimbach-alsace","1000287","20188008639"
"Trimbach","2019","Riesling, Cuvee Frederic Emile, Trimbach, Alsace","399","Case of 6 Bottles","https://www.bbr.com/products-20198008639-2019-riesling-cuvee-frederic-emile-trimbach-alsace","1000287","20198008639"
"Domaine Weinbach","2019","Riesling, Cuvee Theo, Domaine Weinbach, Alsace","240","Case of 6 Bottles","https://www.bbr.com/products-20198056845-2019-riesling-cuvee-theo-domaine-weinbach-alsace","1360853","20198056845"
"Eva Fricke","2023","Riesling, Dry, Eltville Collection, Eva Fricke, Rheingau, Germany","650","Case of 3 Bottles","https://www.bbr.com/products-20238073017-2023-riesling-dry-eltville-collection-eva-fricke-rheingau-germany","3069279","20238073017"
"Donnhoff","2015","Riesling, Eiswein, Oberhauser Brucke, Donnhoff, Nahe, Germany","1592","Case of 6 Half Bottles","https://www.bbr.com/products-20158118624-2015-riesling-eiswein-oberhauser-brucke-donnhoff-nahe-germany","1084878","20158118624"
"Weingut Immich-Batterieberg","2017","Riesling, Enkircher Zeppwingert, Immich-Batterieberg, Mosel, Germany","525","Case of 6 Bottles","https://www.bbr.com/products-20178056236-2017-riesling-enkircher-zeppwingert-immich-batterieberg-mosel-germany","1435582","20178056236"
"Hugel et Fils","2014","Riesling, Estate, Famille Hugel, Alsace","195","Case of 6 Bottles","https://www.bbr.com/products-20148036496-2014-riesling-estate-famille-hugel-alsace","1379297","20148036496"
"Weingut Peter Lauer . Ayl","2020","Riesling, Feils, Fass 13, Grosses Gewachs, Peter Lauer, Mosel, Germany","160","Case of 6 Bottles","https://www.bbr.com/products-20208304089-2020-riesling-feils-fass-13-grosses-gewachs-peter-lauer-mosel-germany","1464258","20208304089"
"Weingut Peter Lauer . Ayl","2023","Riesling, Feils, Fass 13, Grosses Gewachs, Peter Lauer, Mosel, Germany [13 24]","188","Case of 6 Bottles","https://www.bbr.com/products-20238304089-2023-riesling-feils-fass-13-grosses-gewachs-peter-lauer-mosel-germany-13-24","1464258","20238304089"
"Donnhoff","2018","Riesling, Felsenberg Felsenturmchen, Grosses Gewachs, Donnhoff, Nahe, Germany","225","Case of 6 Bottles","https://www.bbr.com/products-20188011257-2018-riesling-felsenberg-felsenturmchen-grosses-gewachs-donnhoff-nahe-germany","1517013","20188011257"
"Donnhoff","2019","Riesling, Felsenberg Felsenturmchen, Grosses Gewachs, Donnhoff, Nahe, Germany","240","Case of 6 Bottles","https://www.bbr.com/products-20198011257-2019-riesling-felsenberg-felsenturmchen-grosses-gewachs-donnhoff-nahe-germany","1517013","20198011257"
"Donnhoff","2020","Riesling, Felsenberg Felsenturmchen, Grosses Gewachs, Donnhoff, Nahe, Germany","609","Case of 6 Bottles","https://www.bbr.com/products-20208011257-2020-riesling-felsenberg-felsenturmchen-grosses-gewachs-donnhoff-nahe-germany","1517013","20208011257"
"Reichsrat von Buhl","2018","Riesling, Forster Pechstein, Gosses Gewachs, Reichsrat von Buhl,Pfalz, Germany","250","Case of 6 Bottles","https://www.bbr.com/products-20188215945-2018-riesling-forster-pechstein-gosses-gewachs-reichsrat-von-buhl-pfalz-germany","1083608","20188215945"
"Weingut Schafer-Frohlich","2021","Riesling, Fruhlingsplatzchen, Grosses Gewachs, Schafer-Frohlich, Nahe, Germany","299","Case of 6 Bottles","https://www.bbr.com/products-20218244842-2021-riesling-fruhlingsplatzchen-grosses-gewachs-schafer-frohlich-nahe-germany","1691014","20218244842"
"Weingut Schafer-Frohlich","2023","Riesling, Fruhlingsplatzchen, Grosses Gewachs, Schafer-Frohlich, Nahe, Germany","300","Case of 6 Bottles","https://www.bbr.com/products-20238244842-2023-riesling-fruhlingsplatzchen-grosses-gewachs-schafer-frohlich-nahe-germany","1691014","20238244842"
"Trimbach","2013","Riesling, Geisberg, Grand Cru, Trimbach, Alsace","310","Case of 3 Bottles","https://www.bbr.com/products-20138108225-2013-riesling-geisberg-grand-cru-trimbach-alsace","1373820","20138108225"
"Trimbach","2015","Riesling, Geisberg, Grand Cru, Trimbach, Alsace","230","Case of 3 Bottles","https://www.bbr.com/products-20158108225-2015-riesling-geisberg-grand-cru-trimbach-alsace","1373820","20158108225"
"Trimbach","2019","Riesling, Geisberg, Grand Cru, Trimbach, Alsace","190","Case of 3 Bottles","https://www.bbr.com/products-20198108225-2019-riesling-geisberg-grand-cru-trimbach-alsace","1373820","20198108225"
"A. Christmann","2021","Riesling, Gimmeldinger Kapellenberg, Erste Lage, A. Christmann, Pfalz, Germany","200","Case of 6 Bottles","https://www.bbr.com/products-20218163897-2021-riesling-gimmeldinger-kapellenberg-erste-lage-a-christmann-pfalz-germany","2698421","20218163897"
"A. Christmann","2021","Riesling, Gimmeldinger Meerspinne, A. Christmann, Pfalz, Germany","285","Case of 6 Bottles","https://www.bbr.com/products-20218149987-2021-riesling-gimmeldinger-meerspinne-a-christmann-pfalz-germany","1422049","20218149987"
"Van Volxem","2019","Riesling, Gottesfuss, Alte Reben, Grosses Gewachs, Van Volxem, Mosel, Germany","240","Case of 6 Bottles","https://www.bbr.com/products-20198063588-2019-riesling-gottesfuss-alte-reben-grosses-gewachs-van-volxem-mosel-germany","1466089","20198063588"
"Weingut Schloss Lieser","2018","Riesling, Graacher Himmelreich (29 19) Grosses Gewachs, Schloss Lieser, Mosel, Germany","190","Case of 6 Bottles","https://www.bbr.com/products-20188054203-2018-riesling-graacher-himmelreich-29-19-grosses-gewachs-schloss-lieser-mosel-germany","1692499","20188054203"
"Hugel et Fils","2010","Riesling, Grossi Laue, Famille Hugel, Alsace","300","Case of 6 Bottles","https://www.bbr.com/products-20108108544-2010-riesling-grossi-laue-famille-hugel-alsace","1360143","20108108544"
"Hugel et Fils","2015","Riesling, Grossi Laue, Famille Hugel, Alsace","215","Case of 3 Magnums","https://www.bbr.com/products-20158108544-2015-riesling-grossi-laue-famille-hugel-alsace","1360143","20158108544"
"Weingut Schafer-Frohlich","2022","Riesling, Halenberg, Grosse Gewachs, Monzinger, Weingut Schafer- Frohlich, Nahe, Germany","320","Case of 6 Bottles","https://www.bbr.com/products-20228055561-2022-riesling-halenberg-grosse-gewachs-monzinger-weingut-schafer-frohlich-nahe-germany","1218024","20228055561"
"Weingut Schafer-Frohlich","2021","Riesling, Halenberg, Grosses Gewachs, Schafer-Frohlich, Nahe, Germany","349","Case of 6 Bottles","https://www.bbr.com/products-20218153980-2021-riesling-halenberg-grosses-gewachs-schafer-frohlich-nahe-germany","1746714","20218153980"
"Wagner Stemple","2016","Riesling, Heerkretz, Grosses Gewachs, Wagner-Stempel, Rheinhessen,Germany","320","Case of 6 Bottles","https://www.bbr.com/products-20168053886-2016-riesling-heerkretz-grosses-gewachs-wagner-stempel-rheinhessen-germany","1242287","20168053886"
"Donnhoff","2020","Riesling, Hermannshohle, Grosses Gewachs, Donnhoff, Nahe, Germany","500","Case of 6 Bottles","https://www.bbr.com/products-20201370890-2020-riesling-hermannshohle-grosses-gewachs-donnhoff-nahe-germany","1084722","20201370890"
"Donnhoff","2024","Riesling, Hermannshohle, Grosses Gewachs, Donnhoff, Nahe, Germany","388","Case of 6 Bottles","https://www.bbr.com/products-20241370890-2024-riesling-hermannshohle-grosses-gewachs-donnhoff-nahe-germany","1084722","20241370890"
"Weingut Kuhling-Gillot","2020","Riesling, Hipping, Grosses Gewachs, Kuhling-Gillot, Rheinhessen, Germany","262","Case of 6 Bottles","https://www.bbr.com/products-20208310220-2020-riesling-hipping-grosses-gewachs-kuhling-gillot-rheinhessen-germany","1603475","20208310220"
"Donnhoff","2017","Riesling, Hollenpfad im Muhlenberg, Grosses Gewachs, Donnhoff, Nahe, Germany","280","Case of 6 Bottles","https://www.bbr.com/products-20178104298-2017-riesling-hollenpfad-im-muhlenberg-grosses-gewachs-donnhoff-nahe-germany","1654031","20178104298"
"Donnhoff","2019","Riesling, Hollenpfad im Muhlenberg, Grosses Gewachs, Donnhoff, Nahe, Germany","295","Case of 6 Bottles","https://www.bbr.com/products-20198104298-2019-riesling-hollenpfad-im-muhlenberg-grosses-gewachs-donnhoff-nahe-germany","1654031","20198104298"
"Donnhoff","2021","Riesling, Hollenpfad im Muhlenberg, Grosses Gewachs, Donnhoff, Nahe, Germany","300","Case of 6 Bottles","https://www.bbr.com/products-20218104298-2021-riesling-hollenpfad-im-muhlenberg-grosses-gewachs-donnhoff-nahe-germany","1654031","20218104298"
"Donnhoff","2024","Riesling, Hollenpfad im Muhlenberg, Grosses Gewachs, Donnhoff, Nahe, Germany","324","Case of 6 Bottles","https://www.bbr.com/products-20248104298-2024-riesling-hollenpfad-im-muhlenberg-grosses-gewachs-donnhoff-nahe-germany","1654031","20248104298"
"Hofgut Falkenstein","2021","Riesling, Kabinett Trocken, Niedermenninger Herrenberg, Mutter Anna, Hofgut Falkenstein, Mosel, Germany [01 22]","110","Case of 6 Bottles","https://www.bbr.com/products-20218237239-2021-riesling-kabinett-trocken-niedermenninger-herrenberg-mutter-anna-hofgut-falkenstein-mosel-germany-01-22","2293974","20218237239"
"Maximin Grunhaus (Dr. Carl von Schubert)","2019","Riesling, Kabinett, Abtsberg, Maximin Grunhaus, von Schubert, Mosel,Germany","90","Case of 6 Bottles","https://www.bbr.com/products-20198223933-2019-riesling-kabinett-abtsberg-maximin-grunhaus-von-schubert-mosel-germany","1093456","20198223933"
"Weingut Schloss Lieser","2017","Riesling, Kabinett, Brauneberger, Juffer, (08-18), Schloss Lieser","80","Case of 6 Bottles","https://www.bbr.com/products-20178039732-2017-riesling-kabinett-brauneberger-juffer-08-18-schloss-lieser","1091713","20178039732"
"Weingut Willi Schaefer","2021","Riesling, Kabinett, Graacher Domprobst, Willi Schaefer, Mosel, Germany [03 22]","49","Case of 1 Bottles","https://www.bbr.com/products-20218070494-2021-riesling-kabinett-graacher-domprobst-willi-schaefer-mosel-germany-03-22","1091407","20218070494"
"Weingut Joh Jos Prum","2017","Riesling, Kabinett, Graacher Himmelreich, Joh. Jos. Prum, Mosel, Germany","125","Case of 6 Bottles","https://www.bbr.com/products-20178113528-2017-riesling-kabinett-graacher-himmelreich-joh-jos-prum-mosel-germany","1171703","20178113528"
"Donnhoff","2020","Riesling, Kabinett, Kreuznacher Krotenpfuhl, Donnhoff, Nahe, Germany","110","Case of 6 Bottles","https://www.bbr.com/products-20208230751-2020-riesling-kabinett-kreuznacher-krotenpfuhl-donnhoff-nahe-germany","1084663","20208230751"
"Donnhoff","2021","Riesling, Kabinett, Kreuznacher Krotenpfuhl, Donnhoff, Nahe, Germany","119","Case of 3 Magnums","https://www.bbr.com/products-20218118709-2021-riesling-kabinett-kreuznacher-krotenpfuhl-donnhoff-nahe-germany","1084663","20218118709"
"Weingut Keller","2018","Riesling, Kabinett, Limestone, Keller, Rheinhessen, Germany [06 19]","335","Case of 6 Bottles","https://www.bbr.com/products-20188036207-2018-riesling-kabinett-limestone-keller-rheinhessen-germany-06-19","1447871","20188036207"
"Weingut Schloss Lieser","2017","Riesling, Kabinett, Niederberg Helden, Schloss Lieser, Mosel, Germany [06 18]","80","Case of 6 Bottles","https://www.bbr.com/products-20178222473-2017-riesling-kabinett-niederberg-helden-schloss-lieser-mosel-germany-06-18","","20178222473"
"Donnhoff","2013","Riesling, Kabinett, Oberhauser Leistenberg, Donnhoff, Nahe, Germany","120","Case of 6 Bottles","https://www.bbr.com/products-20138118611-2013-riesling-kabinett-oberhauser-leistenberg-donnhoff-nahe-germany","1084982","20138118611"
"Donnhoff","2015","Riesling, Kabinett, Oberhauser Leistenberg, Donnhoff, Nahe, Germany","210","Case of 6 Bottles","https://www.bbr.com/products-20158118611-2015-riesling-kabinett-oberhauser-leistenberg-donnhoff-nahe-germany","1084982","20158118611"
"Donnhoff","2019","Riesling, Kabinett, Oberhauser Leistenberg, Donnhoff, Nahe, Germany","110","Case of 6 Bottles","https://www.bbr.com/products-20198118611-2019-riesling-kabinett-oberhauser-leistenberg-donnhoff-nahe-germany","1084982","20198118611"
"Hofgut Falkenstein","2022","Riesling, Kabinett, Ockfener Bockstein, Schosch, Hofgut Falkenstein, Mosel, Germany [17 23]","250","Case of 6 Bottles","https://www.bbr.com/products-20228243946-2022-riesling-kabinett-ockfener-bockstein-schosch-hofgut-falkenstein-mosel-germany-17-23","","20228243946"
"Weingut Zilliken","2019","Riesling, Kabinett, Saarburg Rausch, Forstmeister Geltz Zilliken, Mosel, Germany","100","Case of 6 Bottles","https://www.bbr.com/products-20198061698-2019-riesling-kabinett-saarburg-rausch-forstmeister-geltz-zilliken-mosel-germany","1094802","20198061698"
"Egon Muller","2018","Riesling, Kabinett, Scharzhofberger, Alte Reben, Auktion, Egon Muller, Mosel, Germany","2300","Case of 6 Bottles","https://www.bbr.com/products-20188062901-2018-riesling-kabinett-scharzhofberger-alte-reben-auktion-egon-muller-mosel-germany","1742312","20188062901"
"Egon Muller","2015","Riesling, Kabinett, Scharzhofberger, Egon Muller, Mosel, Germany","750","Case of 6 Bottles","https://www.bbr.com/products-20151089886-2015-riesling-kabinett-scharzhofberger-egon-muller-mosel-germany","1089886","20151089886"
"Egon Muller","2016","Riesling, Kabinett, Scharzhofberger, Egon Muller, Mosel, Germany","800","Case of 3 Magnums","https://www.bbr.com/products-20161089886-2016-riesling-kabinett-scharzhofberger-egon-muller-mosel-germany","1089886","20161089886"
"Egon Muller","2019","Riesling, Kabinett, Scharzhofberger, Egon Muller, Mosel, Germany","750","Case of 6 Bottles","https://www.bbr.com/products-20191089886-2019-riesling-kabinett-scharzhofberger-egon-muller-mosel-germany","1089886","20191089886"
"Egon Muller","2020","Riesling, Kabinett, Scharzhofberger, Egon Muller, Mosel, Germany","720","Case of 6 Bottles","https://www.bbr.com/products-20201089886-2020-riesling-kabinett-scharzhofberger-egon-muller-mosel-germany","1089886","20201089886"
"Egon Muller","2022","Riesling, Kabinett, Scharzhofberger, Egon Muller, Mosel, Germany","1000","Case of 1 Double Magnums","https://www.bbr.com/products-20221089886-2022-riesling-kabinett-scharzhofberger-egon-muller-mosel-germany","1089886","20221089886"
"Egon Muller","2022","Riesling, Kabinett, Scharzhofberger, Egon Muller, Mosel, Germany","2000","Case of 1 Imperials","https://www.bbr.com/products-20221089886-2022-riesling-kabinett-scharzhofberger-egon-muller-mosel-germany","1089886","20221089886"
"Egon Muller","2023","Riesling, Kabinett, Scharzhofberger, Egon Muller, Mosel, Germany","1500","Case of 6 Bottles","https://www.bbr.com/products-20231089886-2023-riesling-kabinett-scharzhofberger-egon-muller-mosel-germany","1089886","20231089886"
"Weingut von Hovel","2017","Riesling, Kabinett, Scharzhofberger, Von Hovel, Mosel, Germany","85","Case of 6 Bottles","https://www.bbr.com/products-20178039497-2017-riesling-kabinett-scharzhofberger-von-hovel-mosel-germany","1827075","20178039497"
"Domane Serrig","2020","Riesling, Kabinett, Vogelsang, Domane Serrig, Saar, Germany","395","Case of 3 Bottles","https://www.bbr.com/products-20208302681-2020-riesling-kabinett-vogelsang-domane-serrig-saar-germany","2936051","20208302681"
"Weingut Joh Jos Prum","2015","Riesling, Kabinett, Wehlener Sonnenuhr, Joh. Jos. Prum, Mosel, Germany","210","Case of 6 Bottles","https://www.bbr.com/products-20158009027-2015-riesling-kabinett-wehlener-sonnenuhr-joh-jos-prum-mosel-germany","1090660","20158009027"
"Weingut Joh Jos Prum","2016","Riesling, Kabinett, Wehlener Sonnenuhr, Joh. Jos. Prum, Mosel, Germany","195","Case of 6 Bottles","https://www.bbr.com/products-20168009027-2016-riesling-kabinett-wehlener-sonnenuhr-joh-jos-prum-mosel-germany","1090660","20168009027"
"Weingut Joh Jos Prum","2017","Riesling, Kabinett, Wehlener Sonnenuhr, Joh. Jos. Prum, Mosel, Germany","130","Case of 6 Bottles","https://www.bbr.com/products-20178009027-2017-riesling-kabinett-wehlener-sonnenuhr-joh-jos-prum-mosel-germany","1090660","20178009027"
"Weingut Joh Jos Prum","2019","Riesling, Kabinett, Wehlener Sonnenuhr, Joh. Jos. Prum, Mosel, Germany","260","Case of 3 Magnums","https://www.bbr.com/products-20198009027-2019-riesling-kabinett-wehlener-sonnenuhr-joh-jos-prum-mosel-germany","1090660","20198009027"
"Weingut Joh Jos Prum","2020","Riesling, Kabinett, Wehlener Sonnenuhr, Joh. Jos. Prum, Mosel, Germany","160","Case of 6 Bottles","https://www.bbr.com/products-20208009027-2020-riesling-kabinett-wehlener-sonnenuhr-joh-jos-prum-mosel-germany","1090660","20208009027"
"Weingut Joh Jos Prum","2020","Riesling, Kabinett, Wehlener Sonnenuhr, Joh. Jos. Prum, Mosel, Germany [29 21]","180","Case of 3 Magnums","https://www.bbr.com/products-20208067977-2020-riesling-kabinett-wehlener-sonnenuhr-joh-jos-prum-mosel-germany-29-21","1090660","20208067977"
"Weingut Keller","2022","Riesling, Kabinett, Westhofener Kirchspiel, Keller, Rheinhessen, Germany","342","Case of 6 Bottles","https://www.bbr.com/products-20228323268-2022-riesling-kabinett-westhofener-kirchspiel-keller-rheinhessen-germany","1088254","20228323268"
"Egon Muller","2020","Riesling, Kabinett, Wiltinger Braune Kupp , Le Gallais, Egon Muller, Mosel, Germany","312","Case of 6 Bottles","https://www.bbr.com/products-20208059400-2020-riesling-kabinett-wiltinger-braune-kupp-le-gallais-egon-muller-mosel-germany","1304196","20208059400"
"Weingut Vollenweider","2023","Riesling, Kabinett, Wolfer Goldgrube, Vollenweider, Mosel, Germany [03 24]","150","Case of 6 Bottles","https://www.bbr.com/products-20238253840-2023-riesling-kabinett-wolfer-goldgrube-vollenweider-mosel-germany-03-24","","20238253840"
"Weingut Robert Weil","2015","Riesling, Kiedrich Grafenberg, Grosses Gewachs, Robert Weil, Rheingau, Germany","270","Case of 6 Bottles","https://www.bbr.com/products-20158229573-2015-riesling-kiedrich-grafenberg-grosses-gewachs-robert-weil-rheingau-germany","1608832","20158229573"
"Weingut Robert Weil","2019","Riesling, Kiedrich Grafenberg, Grosses Gewachs, Robert Weil, Rheingau, Germany","375","Case of 6 Bottles","https://www.bbr.com/products-20198229573-2019-riesling-kiedrich-grafenberg-grosses-gewachs-robert-weil-rheingau-germany","1608832","20198229573"
"Weingut Robert Weil","2020","Riesling, Kiedrich Grafenberg, Grosses Gewachs, Robert Weil, Rheingau, Germany","300","Case of 6 Bottles","https://www.bbr.com/products-20208229573-2020-riesling-kiedrich-grafenberg-grosses-gewachs-robert-weil-rheingau-germany","1608832","20208229573"
"Donnhoff","2018","Riesling, Kreuznacher Krotenpfuhl, Grosses Gewachs, Donnhoff, Nahe, Germany","395","Case of 3 Magnums","https://www.bbr.com/products-20188104285-2018-riesling-kreuznacher-krotenpfuhl-grosses-gewachs-donnhoff-nahe-germany","1654044","20188104285"
"Weingut Schafer-Frohlich","2021","Riesling, Kupfergrube, Grosses Gewachs, Schafer-Frohlich, Nahe, Germany","289","Case of 6 Bottles","https://www.bbr.com/products-20218182409-2021-riesling-kupfergrube-grosses-gewachs-schafer-frohlich-nahe-germany","","20218182409"
"Weingut Peter Lauer . Ayl","2021","Riesling, Kupp Fass 18, Grosses Gewachs, Peter Lauer, Mosel, Germany","165","Case of 6 Bottles","https://www.bbr.com/products-20218207029-2021-riesling-kupp-fass-18-grosses-gewachs-peter-lauer-mosel-germany","1282984","20218207029"
"Weingut Peter Lauer . Ayl","2023","Riesling, Kupp Fass 18, Grosses Gewachs, Peter Lauer, Mosel, Germany","208","Case of 6 Bottles","https://www.bbr.com/products-20238207029-2023-riesling-kupp-fass-18-grosses-gewachs-peter-lauer-mosel-germany","1282984","20238207029"
"A. Christmann","2021","Riesling, Konigsbach, Olberg- Hart, Grosses Gewachs, A. Christmann, Pfalz, Germany","300","Case of 6 Bottles","https://www.bbr.com/products-20218183422-2021-riesling-konigsbach-olberg-hart-grosses-gewachs-a-christmann-pfalz-germany","2090368","20218183422"
"A. Christmann","2021","Riesling, Konigsbacher Idig, Grosses Gewachs, A. Christmann, Pfalz, Germany","225","Case of 6 Bottles","https://www.bbr.com/products-20218052993-2021-riesling-konigsbacher-idig-grosses-gewachs-a-christmann-pfalz-germany","1422023","20218052993"
"Jintaro Yura","2022","Riesling, Le Silence et la Resonance, Yura, Alsace","298","Case of 6 Bottles","https://www.bbr.com/products-20228077350-2022-riesling-le-silence-et-la-resonance-yura-alsace","2685395","20228077350"
"Eva Fricke","2023","Riesling, Lorcher Schlossberg, Eva Fricke, Rheingau, Germany","200","Case of 6 Bottles","https://www.bbr.com/products-20231512845-2023-riesling-lorcher-schlossberg-eva-fricke-rheingau-germany","1512845","20231512845"
"Weingut Clemens Busch","2023","Riesling, Marienburg Fahrlay, Grosses Gewachs, Clemens Busch, Mosel, Germany [25 24]","230","Case of 6 Bottles","https://www.bbr.com/products-20238083357-2023-riesling-marienburg-fahrlay-grosses-gewachs-clemens-busch-mosel-germany-25-24","1605873","20238083357"
"Weingut Clemens Busch","2020","Riesling, Marienburg Falkenlay, Grosses Gewachs, Clemens Busch, Mosel, Germany","250","Case of 6 Bottles","https://www.bbr.com/products-20208156125-2020-riesling-marienburg-falkenlay-grosses-gewachs-clemens-busch-mosel-germany","1426568","20208156125"
"Domaine Andre Ostertag","2010","Riesling, Muenchberg, Grand Cru, Domaine Ostertag, Alsace","462","Case of 6 Bottles","https://www.bbr.com/products-20101131022-2010-riesling-muenchberg-grand-cru-domaine-ostertag-alsace","1131022","20101131022"
"A. Christmann","2021","Riesling, Neustadter Vogelsang, Grosses Gewachs, A. Christmann, Pfalz, Germany","310","Case of 6 Bottles","https://www.bbr.com/products-20218317678-2021-riesling-neustadter-vogelsang-grosses-gewachs-a-christmann-pfalz-germany","2103888","20218317678"
"Weingut Schloss Lieser","2019","Riesling, Niederberg Helden, Grosses Gewachs, Schloss Lieser, Mosel, Germany [30 20]","160","Case of 6 Bottles","https://www.bbr.com/products-20198125019-2019-riesling-niederberg-helden-grosses-gewachs-schloss-lieser-mosel-germany-30-20","1092068","20198125019"
"Donnhoff","2022","Riesling, Norheimer Dellchen, Grosses Gewachs, Donnhoff, Nahe, Germany","333","Case of 6 Bottles","https://www.bbr.com/products-20228118666-2022-riesling-norheimer-dellchen-grosses-gewachs-donnhoff-nahe-germany","1084777","20228118666"
"Donnhoff","2024","Riesling, Norheimer Dellchen, Grosses Gewachs, Donnhoff, Nahe, Germany","370","Case of 6 Bottles","https://www.bbr.com/products-20248118666-2024-riesling-norheimer-dellchen-grosses-gewachs-donnhoff-nahe-germany","1084777","20248118666"
"George Breuer","2020","Riesling, Pfaffenwies, Georg Breuer, Rheingau, Germany","293","Case of 6 Bottles","https://www.bbr.com/products-20208084875-2020-riesling-pfaffenwies-georg-breuer-rheingau-germany","2165622","20208084875"
"Weingut Rudolf Furst","2021","Riesling, Pur Mineral, Rudolf Furst, Franconia, Germany","250","Case of 6 Bottles","https://www.bbr.com/products-20218073697-2021-riesling-pur-mineral-rudolf-furst-franconia-germany","1459203","20218073697"
"Domaine Zind Humbrecht","2021","Riesling, Rangen de Thann, Clos Saint Urbain, Grand Cru, Domaine Zind-Humbrecht, Alsace","450","Case of 6 Bottles","https://www.bbr.com/products-20218125992-2021-riesling-rangen-de-thann-clos-saint-urbain-grand-cru-domaine-zind-humbrecht-alsace","1000450","20218125992"
"Domaine Zind Humbrecht","2023","Riesling, Rangen de Thann, Clos Saint Urbain, Grand Cru, Domaine Zind-Humbrecht, Alsace","400","Case of 6 Bottles","https://www.bbr.com/products-20238125992-2023-riesling-rangen-de-thann-clos-saint-urbain-grand-cru-domaine-zind-humbrecht-alsace","1000450","20238125992"
"Rolly Gassmann","2016","Riesling, Reserve, Domaine Rolly Gassmann","125","Case of 12 Bottles","https://www.bbr.com/products-20161537752-2016-riesling-reserve-domaine-rolly-gassmann","1537752","20161537752"
"Weingut Stadt Krems","2021","Riesling, Ried Schreck, Stadt Krems, Kremstal, Austria","250","Case of 6 Bottles","https://www.bbr.com/products-20218318372-2021-riesling-ried-schreck-stadt-krems-kremstal-austria","3087305","20218318372"
"Trimbach","2017","Riesling, Reserve, Trimbach, Alsace","168","Case of 6 Bottles","https://www.bbr.com/products-20178126090-2017-riesling-reserve-trimbach-alsace","1000290","20178126090"
"Trimbach","2020","Riesling, Reserve, Trimbach, Alsace","199","Case of 6 Bottles","https://www.bbr.com/products-20208126090-2020-riesling-reserve-trimbach-alsace","1000290","20208126090"
"Trimbach","2021","Riesling, Reserve, Trimbach, Alsace","159","Case of 3 Magnums","https://www.bbr.com/products-20218126090-2021-riesling-reserve-trimbach-alsace","1000290","20218126090"
"Trimbach","2022","Riesling, Reserve, Trimbach, Alsace","138","Case of 6 Bottles","https://www.bbr.com/products-20228126090-2022-riesling-reserve-trimbach-alsace","1000290","20228126090"
"Trimbach","2023","Riesling, Reserve, Trimbach, Alsace","120","Case of 6 Bottles","https://www.bbr.com/products-20238126090-2023-riesling-reserve-trimbach-alsace","1000290","20238126090"
"George Breuer","2022","Riesling, Rudesheim, Berg Rottland, Georg Breuer, Rheingau, Germany","660","Case of 6 Bottles","https://www.bbr.com/products-20228253794-2022-riesling-rudesheim-berg-rottland-georg-breuer-rheingau-germany","1296277","20228253794"
"Egon Muller","2015","Riesling, Scharzhof, Egon Muller, Mosel, Germany","450","Case of 6 Bottles","https://www.bbr.com/products-20158016063-2015-riesling-scharzhof-egon-muller-mosel-germany","1089730","20158016063"
"Egon Muller","2016","Riesling, Scharzhof, Egon Muller, Mosel, Germany","380","Case of 3 Magnums","https://www.bbr.com/products-20168016063-2016-riesling-scharzhof-egon-muller-mosel-germany","1089730","20168016063"
"Egon Muller","2019","Riesling, Scharzhof, Egon Muller, Mosel, Germany","250","Case of 6 Bottles","https://www.bbr.com/products-20198016063-2019-riesling-scharzhof-egon-muller-mosel-germany","1089730","20198016063"
"Egon Muller","2020","Riesling, Scharzhof, Egon Muller, Mosel, Germany","460","Case of 12 Bottles","https://www.bbr.com/products-20208016063-2020-riesling-scharzhof-egon-muller-mosel-germany","1089730","20208016063"
"Weingut von Hovel","2016","Riesling, Scharzhofberger Saar, Grosses Gawachs, Von Hovel, Mosel, Germany","260","Case of 6 Bottles","https://www.bbr.com/products-20168322825-2016-riesling-scharzhofberger-saar-grosses-gawachs-von-hovel-mosel-germany","1820584","20168322825"
"Van Volxem","2019","Riesling, Scharzhofberger, Grosses Gewachs, Van Volxem, Mosel, Germany","240","Case of 6 Bottles","https://www.bbr.com/products-20198229599-2019-riesling-scharzhofberger-grosses-gewachs-van-volxem-mosel-germany","1093254","20198229599"
"Van Volxem","2019","Riesling, Scharzhofberger, Pergentsknopp, Grosses Gewachs, Van Volxem, Mosel, Germany","180","Case of 1 Magnums","https://www.bbr.com/products-20198229544-2019-riesling-scharzhofberger-pergentsknopp-grosses-gewachs-van-volxem-mosel-germany","1153938","20198229544"
"Domaine Weinbach","2019","Riesling, Schlossberg, Cuvee Sainte Catherine, Grand Cru, Domaine Weinbach, Alsace","480","Case of 6 Bottles","https://www.bbr.com/products-20198210070-2019-riesling-schlossberg-cuvee-sainte-catherine-grand-cru-domaine-weinbach-alsace","1181027","20198210070"
"Domaine Weinbach","2010","Riesling, Schlossberg, Cuvee Ste. Catherine, Domaine Weinbach","393","Case of 6 Bottles","https://www.bbr.com/products-20108210070-2010-riesling-schlossberg-cuvee-ste-catherine-domaine-weinbach","1181027","20108210070"
"Domaine Weinbach","2019","Riesling, Schlossberg, Grand Cru, Domaine Weinbach, Alsace","426","Case of 6 Bottles","https://www.bbr.com/products-20198056861-2019-riesling-schlossberg-grand-cru-domaine-weinbach-alsace","1209938","20198056861"
"Trimbach","2014","Riesling, Schlossberg, Grand Cru, Trimbach, Alsace","350","Case of 3 Bottles","https://www.bbr.com/products-20148105413-2014-riesling-schlossberg-grand-cru-trimbach-alsace","1537781","20148105413"
"Trimbach","2015","Riesling, Schlossberg, Grand Cru, Trimbach, Alsace","295","Case of 3 Bottles","https://www.bbr.com/products-20158105413-2015-riesling-schlossberg-grand-cru-trimbach-alsace","1537781","20158105413"
"Trimbach","2017","Riesling, Schlossberg, Grand Cru, Trimbach, Alsace","159","Case of 3 Bottles","https://www.bbr.com/products-20178105413-2017-riesling-schlossberg-grand-cru-trimbach-alsace","1537781","20178105413"
"Trimbach","2021","Riesling, Schlossberg, Grand Cru, Trimbach, Alsace","180","Case of 3 Bottles","https://www.bbr.com/products-20218105413-2021-riesling-schlossberg-grand-cru-trimbach-alsace","1537781","20218105413"
"Hugel et Fils","2009","Riesling, Schoelhammer, Famille Hugel, Alsace","700","Case of 6 Bottles","https://www.bbr.com/products-20091360156-2009-riesling-schoelhammer-famille-hugel-alsace","1360156","20091360156"
"Hugel et Fils","2011","Riesling, Schoelhammer, Famille Hugel, Alsace","570","Case of 6 Bottles","https://www.bbr.com/products-20111360156-2011-riesling-schoelhammer-famille-hugel-alsace","1360156","20111360156"
"Hugel et Fils","2012","Riesling, Schoelhammer, Famille Hugel, Alsace","600","Case of 6 Bottles","https://www.bbr.com/products-20121360156-2012-riesling-schoelhammer-famille-hugel-alsace","1360156","20121360156"
"Weingut Peter Lauer . Ayl","2023","Riesling, Schonfels Fass 11, Grosses Gewachs, Peter Lauer, Mosel, Germany [11 24]","220","Case of 6 Bottles","https://www.bbr.com/products-20238152244-2023-riesling-schonfels-fass-11-grosses-gewachs-peter-lauer-mosel-germany-11-24","1605479","20238152244"
"Schloss Johannisberg","2019","Riesling, Silberlack, Schloss Johannisberg, Rheingau, Germany","298","Case of 6 Bottles","https://www.bbr.com/products-20198163116-2019-riesling-silberlack-schloss-johannisberg-rheingau-germany","1413722","20198163116"
"Albert Boxler","2018","Riesling, Sommerberg, Jeunes Vignes, Grand Cru, Albert Boxler, Alsace","280","Case of 6 Bottles","https://www.bbr.com/products-20188160072-2018-riesling-sommerberg-jeunes-vignes-grand-cru-albert-boxler-alsace","1242199","20188160072"
"Dr. H. Thanisch","2016","Riesling, Spatlese, Bernkasteler Badstube, Dr. H. Thanisch, Mosel, Germany","175","Case of 6 Bottles","https://www.bbr.com/products-20168163901-2016-riesling-spatlese-bernkasteler-badstube-dr-h-thanisch-mosel-germany","1555703","20168163901"
"Dr. H. Thanisch","2017","Riesling, Spatlese, Bernkasteler Doctor, Dr. H. Thanisch, Mosel, Germany","295","Case of 6 Bottles","https://www.bbr.com/products-20178163956-2017-riesling-spatlese-bernkasteler-doctor-dr-h-thanisch-mosel-germany","1218516","20178163956"
"Weingut Fritz Haag","2020","Riesling, Spatlese, Brauneberger Juffer, Fritz Haag, Mosel, Germany [05 21]","200","Case of 6 Bottles","https://www.bbr.com/products-20208153791-2020-riesling-spatlese-brauneberger-juffer-fritz-haag-mosel-germany-05-21","1086016","20208153791"
"Eva Fricke","2023","Riesling, Spatlese, Eltville Collection, Eva Fricke, Rheingau, Germany","670","Case of 3 Bottles","https://www.bbr.com/products-20238073020-2023-riesling-spatlese-eltville-collection-eva-fricke-rheingau-germany","3069282","20238073020"
"Dr. Loosen","2019","Riesling, Spatlese, Erdener Treppchen, Dr. Loosen, Mosel, Germany","75","Case of 6 Bottles","https://www.bbr.com/products-20198118448-2019-riesling-spatlese-erdener-treppchen-dr-loosen-mosel-germany","1089163","20198118448"
"Weingut Willi Schaefer","2013","Riesling, Spatlese, Graacher Domprobst, No. 5, Willi Schaefer, Mosel, Germany","300","Case of 6 Bottles","https://www.bbr.com/products-20131091511-2013-riesling-spatlese-graacher-domprobst-no-5-willi-schaefer-mosel-germany","1091511","20131091511"
"Weingut Willi Schaefer","2016","Riesling, Spatlese, Graacher Domprobst, No. 5, Willi Schaefer, Mosel, Germany","240","Case of 3 Magnums","https://www.bbr.com/products-20161091511-2016-riesling-spatlese-graacher-domprobst-no-5-willi-schaefer-mosel-germany","1091511","20161091511"
"Weingut Willi Schaefer","2016","Riesling, Spatlese, Graacher Domprobst, No. 5, Willi Schaefer, Mosel, Germany","500","Case of 6 Magnums","https://www.bbr.com/products-20161091511-2016-riesling-spatlese-graacher-domprobst-no-5-willi-schaefer-mosel-germany","1091511","20161091511"
"Weingut Willi Schaefer","2023","Riesling, Spatlese, Graacher Domprobst, Willi Schaefer, Mosel, Germany [10 24]","220","Case of 6 Bottles","https://www.bbr.com/products-20238054144-2023-riesling-spatlese-graacher-domprobst-willi-schaefer-mosel-germany-10-24","1091478","20238054144"
"Weingut Joh Jos Prum","2015","Riesling, Spatlese, Graacher Himmelreich, Joh. Jos. Prum, Mosel, Germany","160","Case of 6 Bottles","https://www.bbr.com/products-20158035893-2015-riesling-spatlese-graacher-himmelreich-joh-jos-prum-mosel-germany","1090338","20158035893"
"Weingut Joh Jos Prum","2017","Riesling, Spatlese, Graacher Himmelreich, Joh. Jos. Prum, Mosel, Germany","260","Case of 6 Bottles","https://www.bbr.com/products-20178035893-2017-riesling-spatlese-graacher-himmelreich-joh-jos-prum-mosel-germany","1090338","20178035893"
"Weingut Joh Jos Prum","2018","Riesling, Spatlese, Graacher Himmelreich, Joh. Jos. Prum, Mosel, Germany","175","Case of 6 Bottles","https://www.bbr.com/products-20188035893-2018-riesling-spatlese-graacher-himmelreich-joh-jos-prum-mosel-germany","1090338","20188035893"
"Weingut Joh Jos Prum","2021","Riesling, Spatlese, Graacher Himmelreich, Joh. Jos. Prum, Mosel, Germany","150","Case of 6 Bottles","https://www.bbr.com/products-20218035893-2021-riesling-spatlese-graacher-himmelreich-joh-jos-prum-mosel-germany","1090338","20218035893"
"Weingut Joh Jos Prum","2024","Riesling, Spatlese, Graacher Himmelreich, Joh. Jos. Prum, Mosel, Germany","199","Case of 6 Bottles","https://www.bbr.com/products-20248035893-2024-riesling-spatlese-graacher-himmelreich-joh-jos-prum-mosel-germany","1090338","20248035893"
"Weingut Willi Schaefer","2017","Riesling, Spatlese, Graacher Himmelreich, Willi Schaefer, Mosel, Germany","300","Case of 6 Bottles","https://www.bbr.com/products-20171091625-2017-riesling-spatlese-graacher-himmelreich-willi-schaefer-mosel-germany","1091625","20171091625"
"Schloss Johannisberg","2019","Riesling, Spatlese, Grunlack, Schloss Johannisberg, Rheingau, Germany","170","Case of 12 Half Bottles","https://www.bbr.com/products-20198130628-2019-riesling-spatlese-grunlack-schloss-johannisberg-rheingau-germany","1320710","20198130628"
"Schloss Johannisberg","2022","Riesling, Spatlese, Grunlack, Schloss Johannisberg, Rheingau, Germany","215","Case of 6 Bottles","https://www.bbr.com/products-20228130628-2022-riesling-spatlese-grunlack-schloss-johannisberg-rheingau-germany","1320710","20228130628"
"Weingut Robert Weil","2019","Riesling, Spatlese, Kiedrich Grafenberg, Robert Weil, Rheingau, Germany","240","Case of 6 Bottles","https://www.bbr.com/products-20198215437-2019-riesling-spatlese-kiedrich-grafenberg-robert-weil-rheingau-germany","1094219","20198215437"
"Weingut Robert Weil","2020","Riesling, Spatlese, Kiedrich Grafenberg, Robert Weil, Rheingau, Germany","200","Case of 6 Bottles","https://www.bbr.com/products-20208215437-2020-riesling-spatlese-kiedrich-grafenberg-robert-weil-rheingau-germany","1094219","20208215437"
"Donnhoff","2018","Riesling, Spatlese, Niederhauser Hermannshohle [14 19], Donnhoff, Nahe, Germany","235","Case of 6 Bottles","https://www.bbr.com/products-20188059602-2018-riesling-spatlese-niederhauser-hermannshohle-14-19-donnhoff-nahe-germany","1084735","20188059602"
"Donnhoff","2007","Riesling, Spatlese, Niederhauser Hermannshohle, Donnhoff, Nahe, Germany","270","Case of 6 Bottles","https://www.bbr.com/products-20078118679-2007-riesling-spatlese-niederhauser-hermannshohle-donnhoff-nahe-germany","1084735","20078118679"
"Donnhoff","2010","Riesling, Spatlese, Niederhauser Hermannshohle, Donnhoff, Nahe, Germany","150","Case of 6 Bottles","https://www.bbr.com/products-20108118679-2010-riesling-spatlese-niederhauser-hermannshohle-donnhoff-nahe-germany","1084735","20108118679"
"Donnhoff","2012","Riesling, Spatlese, Niederhauser Hermannshohle, Donnhoff, Nahe, Germany","158","Case of 6 Bottles","https://www.bbr.com/products-20128118679-2012-riesling-spatlese-niederhauser-hermannshohle-donnhoff-nahe-germany","1084735","20128118679"
"Donnhoff","2012","Riesling, Spatlese, Niederhauser Hermannshohle, Donnhoff, Nahe, Germany","159","Case of 6 Bottles","https://www.bbr.com/products-20128118679-2012-riesling-spatlese-niederhauser-hermannshohle-donnhoff-nahe-germany","1084735","20128118679"
"Donnhoff","2013","Riesling, Spatlese, Niederhauser Hermannshohle, Donnhoff, Nahe, Germany","225","Case of 6 Bottles","https://www.bbr.com/products-20138118679-2013-riesling-spatlese-niederhauser-hermannshohle-donnhoff-nahe-germany","1084735","20138118679"
"Donnhoff","2018","Riesling, Spatlese, Niederhauser Hermannshohle, Donnhoff, Nahe, Germany","275","Case of 6 Bottles","https://www.bbr.com/products-20188118679-2018-riesling-spatlese-niederhauser-hermannshohle-donnhoff-nahe-germany","1084735","20188118679"
"Donnhoff","2018","Riesling, Spatlese, Niederhauser Hermannshohle, Donnhoff, Nahe, Germany","325","Case of 3 Magnums","https://www.bbr.com/products-20188118679-2018-riesling-spatlese-niederhauser-hermannshohle-donnhoff-nahe-germany","1084735","20188118679"
"Donnhoff","2019","Riesling, Spatlese, Niederhauser Hermannshohle, Donnhoff, Nahe, Germany","255","Case of 3 Magnums","https://www.bbr.com/products-20198118679-2019-riesling-spatlese-niederhauser-hermannshohle-donnhoff-nahe-germany","1084735","20198118679"
"Hofgut Falkenstein","2021","Riesling, Spatlese, Niedermenninger Herrenberg, Feinherb, Palm, Hofgut Falkenstein, Mosel, Germany [03 22]","160","Case of 3 Bottles","https://www.bbr.com/products-20218160001-2021-riesling-spatlese-niedermenninger-herrenberg-feinherb-palm-hofgut-falkenstein-mosel-germany-03-22","2604369","20218160001"
"Donnhoff","2015","Riesling, Spatlese, Norheimer Kirschheck, Donnhoff, Nahe, Germany","120","Case of 3 Magnums","https://www.bbr.com/products-20158118653-2015-riesling-spatlese-norheimer-kirschheck-donnhoff-nahe-germany","1084793","20158118653"
"Donnhoff","2007","Riesling, Spatlese, Oberhauser Brucke, Donnhoff, Nahe, Germany","225","Case of 6 Bottles","https://www.bbr.com/products-20078014809-2007-riesling-spatlese-oberhauser-brucke-donnhoff-nahe-germany","1084908","20078014809"
"Donnhoff","2012","Riesling, Spatlese, Oberhauser Brucke, Donnhoff, Nahe, Germany","185","Case of 6 Bottles","https://www.bbr.com/products-20128014809-2012-riesling-spatlese-oberhauser-brucke-donnhoff-nahe-germany","1084908","20128014809"
"Donnhoff","2017","Riesling, Spatlese, Oberhauser Brucke, Donnhoff, Nahe, Germany","195","Case of 6 Bottles","https://www.bbr.com/products-20178014809-2017-riesling-spatlese-oberhauser-brucke-donnhoff-nahe-germany","1084908","20178014809"
"Donnhoff","2023","Riesling, Spatlese, Oberhauser Brucke, Donnhoff, Nahe, Germany","210","Case of 6 Bottles","https://www.bbr.com/products-20238014809-2023-riesling-spatlese-oberhauser-brucke-donnhoff-nahe-germany","1084908","20238014809"
"Weingut Zilliken","2019","Riesling, Spatlese, Saarburg Rausch, Forstmeister Geltz Zilliken, Mosel, Germany","165","Case of 6 Bottles","https://www.bbr.com/products-20198215352-2019-riesling-spatlese-saarburg-rausch-forstmeister-geltz-zilliken-mosel-germany","1094831","20198215352"
"Egon Muller","2017","Riesling, Spatlese, Scharzhofberger, Egon Muller, Mosel, Germany","825","Case of 6 Bottles","https://www.bbr.com/products-20178118350-2017-riesling-spatlese-scharzhofberger-egon-muller-mosel-germany","1089916","20178118350"
"Weingut von Hovel","2017","Riesling, Spatlese, Scharzhofberger, Von Hovel, Mosel, Germany [13 18]","90","Case of 6 Bottles","https://www.bbr.com/products-20178039527-2017-riesling-spatlese-scharzhofberger-von-hovel-mosel-germany-13-18","1155613","20178039527"
"Donnhoff","2012","Riesling, Spatlese, Schlossbockelheimer Felsenberg, Donnhoff, Nahe,Germany","135","Case of 6 Bottles","https://www.bbr.com/products-20128118578-2012-riesling-spatlese-schlossbockelheimer-felsenberg-donnhoff-nahe-germany","1085107","20128118578"
"Weingut Joh Jos Prum","2009","Riesling, Spatlese, Wehlener Sonnenuhr, Joh. Jos. Prum, Mosel, Germany","270","Case of 6 Bottles","https://www.bbr.com/products-20098019602-2009-riesling-spatlese-wehlener-sonnenuhr-joh-jos-prum-mosel-germany","1090699","20098019602"
"Weingut Joh Jos Prum","2015","Riesling, Spatlese, Wehlener Sonnenuhr, Joh. Jos. Prum, Mosel, Germany","260","Case of 6 Bottles","https://www.bbr.com/products-20158019602-2015-riesling-spatlese-wehlener-sonnenuhr-joh-jos-prum-mosel-germany","1090699","20158019602"
"Weingut Joh Jos Prum","2017","Riesling, Spatlese, Wehlener Sonnenuhr, Joh. Jos. Prum, Mosel, Germany","350","Case of 12 Bottles","https://www.bbr.com/products-20178019602-2017-riesling-spatlese-wehlener-sonnenuhr-joh-jos-prum-mosel-germany","1090699","20178019602"
"Weingut Joh Jos Prum","2017","Riesling, Spatlese, Wehlener Sonnenuhr, Joh. Jos. Prum, Mosel, Germany","175","Case of 6 Bottles","https://www.bbr.com/products-20178019602-2017-riesling-spatlese-wehlener-sonnenuhr-joh-jos-prum-mosel-germany","1090699","20178019602"
"Weingut Joh Jos Prum","2017","Riesling, Spatlese, Wehlener Sonnenuhr, Joh. Jos. Prum, Mosel, Germany","175","Case of 3 Magnums","https://www.bbr.com/products-20178019602-2017-riesling-spatlese-wehlener-sonnenuhr-joh-jos-prum-mosel-germany","1090699","20178019602"
"Weingut Joh Jos Prum","2017","Riesling, Spatlese, Wehlener Sonnenuhr, Joh. Jos. Prum, Mosel, Germany","150","Case of 1 Magnums","https://www.bbr.com/products-20178019602-2017-riesling-spatlese-wehlener-sonnenuhr-joh-jos-prum-mosel-germany","1090699","20178019602"
"Weingut Joh Jos Prum","2018","Riesling, Spatlese, Wehlener Sonnenuhr, Joh. Jos. Prum, Mosel, Germany","180","Case of 6 Bottles","https://www.bbr.com/products-20188019602-2018-riesling-spatlese-wehlener-sonnenuhr-joh-jos-prum-mosel-germany","1090699","20188019602"
"Weingut Joh Jos Prum","2019","Riesling, Spatlese, Wehlener Sonnenuhr, Joh. Jos. Prum, Mosel, Germany","160","Case of 6 Bottles","https://www.bbr.com/products-20198019602-2019-riesling-spatlese-wehlener-sonnenuhr-joh-jos-prum-mosel-germany","1090699","20198019602"
"Weingut Joh Jos Prum","2020","Riesling, Spatlese, Wehlener Sonnenuhr, Joh. Jos. Prum, Mosel, Germany","190","Case of 6 Bottles","https://www.bbr.com/products-20208019602-2020-riesling-spatlese-wehlener-sonnenuhr-joh-jos-prum-mosel-germany","1090699","20208019602"
"Weingut Joh Jos Prum","2021","Riesling, Spatlese, Wehlener Sonnenuhr, Joh. Jos. Prum, Mosel, Germany","165","Case of 6 Bottles","https://www.bbr.com/products-20218019602-2021-riesling-spatlese-wehlener-sonnenuhr-joh-jos-prum-mosel-germany","1090699","20218019602"
"Weingut Joh Jos Prum","2023","Riesling, Spatlese, Wehlener Sonnenuhr, Joh. Jos. Prum, Mosel, Germany","350","Case of 6 Bottles","https://www.bbr.com/products-20238019602-2023-riesling-spatlese-wehlener-sonnenuhr-joh-jos-prum-mosel-germany","1090699","20238019602"
"Weingut Joh Jos Prum","2024","Riesling, Spatlese, Wehlener Sonnenuhr, Joh. Jos. Prum, Mosel, Germany","225","Case of 6 Bottles","https://www.bbr.com/products-20248019602-2024-riesling-spatlese-wehlener-sonnenuhr-joh-jos-prum-mosel-germany","1090699","20248019602"
"Weingut Vollenweider","2017","Riesling, Spatlese, Wolfer Goldgrube, Vollenweider, Mosel, Germany [02 18]","85","Case of 6 Bottles","https://www.bbr.com/products-20178039543-2017-riesling-spatlese-wolfer-goldgrube-vollenweider-mosel-germany-02-18","1093078","20178039543"
"Weingut Schafer-Frohlich","2021","Riesling, Stromberg, Grosses Gewachs, Schafer-Frohlich, Bockenau, Nahe, Germany","299","Case of 6 Bottles","https://www.bbr.com/products-20218054232-2021-riesling-stromberg-grosses-gewachs-schafer-frohlich-bockenau-nahe-germany","1605886","20218054232"
"Weingut Schafer-Frohlich","2017","Riesling, Stromberg, Grosses Gewachs, Schafer-Frohlich, Nahe, Germany [21 18]","210","Case of 6 Bottles","https://www.bbr.com/products-20178146830-2017-riesling-stromberg-grosses-gewachs-schafer-frohlich-nahe-germany-21-18","1605886","20178146830"
"Hugel et Fils","2015","Riesling, Selection de Grains Nobles ""S"", Famille Hugel, Alsace","1020","Case of 6 Bottles","https://www.bbr.com/products-20158171667-2015-riesling-selection-de-grains-nobles-s-famille-hugel-alsace","2851503","20158171667"
"Trimbach","2012","Riesling, Selection de Vieilles Vignes, Trimbach, Alsace","175","Case of 6 Bottles","https://www.bbr.com/products-20128014098-2012-riesling-selection-de-vieilles-vignes-trimbach-alsace","1379301","20128014098"
"Trimbach","2015","Riesling, Selection de Vieilles Vignes, Trimbach, Alsace","120","Case of 6 Bottles","https://www.bbr.com/products-20158014098-2015-riesling-selection-de-vieilles-vignes-trimbach-alsace","1379301","20158014098"
"Trimbach","2017","Riesling, Selection de Vieilles Vignes, Trimbach, Alsace","195","Case of 6 Bottles","https://www.bbr.com/products-20178014098-2017-riesling-selection-de-vieilles-vignes-trimbach-alsace","1379301","20178014098"
"Trimbach","2018","Riesling, Selection de Vieilles Vignes, Trimbach, Alsace","250","Case of 6 Bottles","https://www.bbr.com/products-20188014098-2018-riesling-selection-de-vieilles-vignes-trimbach-alsace","1379301","20188014098"
"Trimbach","2019","Riesling, Selection de Vieilles Vignes, Trimbach, Alsace","140","Case of 6 Bottles","https://www.bbr.com/products-20198014098-2019-riesling-selection-de-vieilles-vignes-trimbach-alsace","1379301","20198014098"
"Weingut Wittmann","2020","Riesling, Trocken, Aulerde, Grosses Gewachs, Wittmann, Rheinhessen, Germany","195","Case of 3 Bottles","https://www.bbr.com/products-20208151234-2020-riesling-trocken-aulerde-grosses-gewachs-wittmann-rheinhessen-germany","1094411","20208151234"
"Weingut Wittmann","2021","Riesling, Trocken, Aulerde, Grosses Gewachs, Wittmann, Rheinhessen, Germany","270","Case of 6 Bottles","https://www.bbr.com/products-20218151234-2021-riesling-trocken-aulerde-grosses-gewachs-wittmann-rheinhessen-germany","1094411","20218151234"
"Weingut Wittmann","2019","Riesling, Trocken, Brunnenhauschen, Grosses Gewachs, Wittmann, Rheinhessen, Germany","420","Case of 6 Bottles","https://www.bbr.com/products-20198151247-2019-riesling-trocken-brunnenhauschen-grosses-gewachs-wittmann-rheinhessen-germany","1421824","20198151247"
"Weingut Peter Jakob Kuhn","2020","Riesling, Trocken, Doosberg, Grosses Gewachs, Peter Jakob Kuhn, Rheingau, Germany","185","Case of 6 Bottles","https://www.bbr.com/products-20208177890-2020-riesling-trocken-doosberg-grosses-gewachs-peter-jakob-kuhn-rheingau-germany","1692271","20208177890"
"Eva Fricke","2019","Riesling, Trocken, Eva Fricke, Rheingau, Germany","119","Case of 6 Bottles","https://www.bbr.com/products-20191242287-2019-riesling-trocken-eva-fricke-rheingau-germany","1242287","20191242287"
"Eva Fricke","2020","Riesling, Trocken, Eva Fricke, Rheingau, Germany","280","Case of 12 Bottles","https://www.bbr.com/products-20201242287-2020-riesling-trocken-eva-fricke-rheingau-germany","1242287","20201242287"
"Eva Fricke","2022","Riesling, Trocken, Eva Fricke, Rheingau, Germany","105","Case of 6 Bottles","https://www.bbr.com/products-20221242287-2022-riesling-trocken-eva-fricke-rheingau-germany","1242287","20221242287"
"Eva Fricke","2023","Riesling, Trocken, Eva Fricke, Rheingau, Germany","120","Case of 6 Bottles","https://www.bbr.com/products-20231242287-2023-riesling-trocken-eva-fricke-rheingau-germany","1242287","20231242287"
"Eva Fricke","2024","Riesling, Trocken, Eva Fricke, Rheingau, Germany","190","Case of 6 Bottles","https://www.bbr.com/products-20241242287-2024-riesling-trocken-eva-fricke-rheingau-germany","1242287","20241242287"
"Weingut Eymann","2019","Riesling, Trocken, Fuchsmantel, Eymann, Pfalz, Germany","285","Case of 6 Bottles","https://www.bbr.com/products-20198017347-2019-riesling-trocken-fuchsmantel-eymann-pfalz-germany","1828476","20198017347"
"Weingut Keller","2016","Riesling, Trocken, G-Max, Keller, Rheinhessen, Germany","1150","Case of 1 Bottles","https://www.bbr.com/products-20168103305-2016-riesling-trocken-g-max-keller-rheinhessen-germany","1450819","20168103305"
"Weingut Robert Weil","2020","Riesling, Trocken, Kiedrich Klosterberg, Robert Weil, Rheingau, Germany","150","Case of 6 Bottles","https://www.bbr.com/products-20208229560-2020-riesling-trocken-kiedrich-klosterberg-robert-weil-rheingau-germany","1460553","20208229560"
"Eva Fricke","2023","Riesling, Trocken, Kiedrich, Eva Fricke, Rheingau, Germany","165","Case of 6 Bottles","https://www.bbr.com/products-20238009274-2023-riesling-trocken-kiedrich-eva-fricke-rheingau-germany","1511864","20238009274"
"Weingut Robert Weil","2019","Riesling, Trocken, Kiedrich, Klosterberg, Weingut Robert Weil, Rheingau, Germany","180","Case of 6 Bottles","https://www.bbr.com/products-20198229560-2019-riesling-trocken-kiedrich-klosterberg-weingut-robert-weil-rheingau-germany","1460553","20198229560"
"Weingut Robert Weil","2021","Riesling, Trocken, Kiedrich, Turmberg, Weingut Robert Weil, Rheingau, Germany","185","Case of 6 Bottles","https://www.bbr.com/products-20218229557-2021-riesling-trocken-kiedrich-turmberg-weingut-robert-weil-rheingau-germany","1304617","20218229557"
"Weingut Wittmann","2020","Riesling, Trocken, Kirchspiel, Grosses Gewachs, Wittmann, Rheinhessen, Germany","175","Case of 3 Bottles","https://www.bbr.com/products-20208151250-2020-riesling-trocken-kirchspiel-grosses-gewachs-wittmann-rheinhessen-germany","1679557","20208151250"
"Weingut Wittmann","2016","Riesling, Trocken, Kirchspiel, Gro?es Gewachs, Wittmann, Rheinhessen, Germany (No. 17)","250","Case of 6 Bottles","https://www.bbr.com/products-20168201043-2016-riesling-trocken-kirchspiel-gro-es-gewachs-wittmann-rheinhessen-germany-no-17","1679557","20168201043"
"Eva Fricke","2019","Riesling, Trocken, Lorcher Krone, Eva Fricke, Rheingau, Germany","750","Case of 6 Bottles","https://www.bbr.com/products-20198009287-2019-riesling-trocken-lorcher-krone-eva-fricke-rheingau-germany","1242984","20198009287"
"Eva Fricke","2021","Riesling, Trocken, Lorcher Krone, Eva Fricke, Rheingau, Germany","470","Case of 6 Bottles","https://www.bbr.com/products-20218009287-2021-riesling-trocken-lorcher-krone-eva-fricke-rheingau-germany","1242984","20218009287"
"Eva Fricke","2022","Riesling, Trocken, Lorcher Krone, Eva Fricke, Rheingau, Germany","460","Case of 6 Bottles","https://www.bbr.com/products-20228009287-2022-riesling-trocken-lorcher-krone-eva-fricke-rheingau-germany","1242984","20228009287"
"Eva Fricke","2023","Riesling, Trocken, Lorcher Krone, Eva Fricke, Rheingau, Germany","475","Case of 6 Bottles","https://www.bbr.com/products-20238009287-2023-riesling-trocken-lorcher-krone-eva-fricke-rheingau-germany","1242984","20238009287"
"Eva Fricke","2022","Riesling, Trocken, Lorchhauser Seligmacher, Eva Fricke, Rheingau, Germany","299","Case of 6 Bottles","https://www.bbr.com/products-20228005827-2022-riesling-trocken-lorchhauser-seligmacher-eva-fricke-rheingau-germany","1242304","20228005827"
"Weingut Wittmann","2019","Riesling, Trocken, Niersteiner, Wittmann, Rheinhessen, Germany","155","Case of 6 Bottles","https://www.bbr.com/products-20198151263-2019-riesling-trocken-niersteiner-wittmann-rheinhessen-germany","1646131","20198151263"
"Donnhoff","2023","Riesling, Trocken, Roxheimer Hollenpfad, Donnhoff, Nahe, Germany","198","Case of 6 Bottles","https://www.bbr.com/products-20238113531-2023-riesling-trocken-roxheimer-hollenpfad-donnhoff-nahe-germany","1171660","20238113531"
"Weingut Eymann","2020","Riesling, Trocken, Schlossberg, Eymann, Pfalz, Germany","225","Case of 6 Bottles","https://www.bbr.com/products-20208063575-2020-riesling-trocken-schlossberg-eymann-pfalz-germany","2045821","20208063575"
"Weingut Schafer-Frohlich","2021","Riesling, Trocken, Schafer-Frohlich, Nahe, Germany","80","Case of 6 Bottles","https://www.bbr.com/products-20218247407-2021-riesling-trocken-schafer-frohlich-nahe-germany","1416909","20218247407"
"Weingut Joh Jos Prum","2005","Riesling, Trockenbeerenauslese, Graacher Himmelreich, Auktion, Joh Jos Prum, Mosel, Germany","7500","Case of 3 Half Bottles","https://www.bbr.com/products-20058181239-2005-riesling-trockenbeerenauslese-graacher-himmelreich-auktion-joh-jos-prum-mosel-germany","1742439","20058181239"
"Van Volxem","2020","Riesling, Volz, Grosses Gewachs, Van Volxem, Mosel, Germany","150","Case of 6 Bottles","https://www.bbr.com/products-20208234195-2020-riesling-volz-grosses-gewachs-van-volxem-mosel-germany","1439027","20208234195"
"Dr. Loosen","2014","Riesling, Wehlener Sonnenuhr, Grosses Gewachs Reserve, Dr. Loosen, Mosel, Germany","500","Case of 6 Bottles","https://www.bbr.com/products-20148111159-2014-riesling-wehlener-sonnenuhr-grosses-gewachs-reserve-dr-loosen-mosel-germany","1241583","20148111159"
"Dr. Loosen","2019","Riesling, Wehlener Sonnenuhr, Grosses Gawachs, Dr. Loosen, Mosel, Germany","105","Case of 6 Bottles","https://www.bbr.com/products-20198177988-2019-riesling-wehlener-sonnenuhr-grosses-gawachs-dr-loosen-mosel-germany","","20198177988"
"Weingut Veyder-Malberg","2019","Riesling, Weissenkirchener Buschenberg, Veyder-Malberg, Wachau, Austria","410","Case of 6 Bottles","https://www.bbr.com/products-20198203412-2019-riesling-weissenkirchener-buschenberg-veyder-malberg-wachau-austria","1453344","20198203412"
"Weingut Wittmann","2019","Riesling, Westhofener, Erste Lage, Wittmann, Rheinhessen, Germany","160","Case of 6 Bottles","https://www.bbr.com/products-20198149541-2019-riesling-westhofener-erste-lage-wittmann-rheinhessen-germany","1245901","20198149541"
"Weingut Wittmann","2020","Riesling, Westhofener, Erste Lage, Wittmann, Rheinhessen, Germany","295","Case of 6 Bottles","https://www.bbr.com/products-20208149541-2020-riesling-westhofener-erste-lage-wittmann-rheinhessen-germany","1245901","20208149541"
"Weingut Wittmann","2022","Riesling, Westhofener, Erste Lage, Wittmann, Rheinhessen, Germany","300","Case of 6 Bottles","https://www.bbr.com/products-20228149541-2022-riesling-westhofener-erste-lage-wittmann-rheinhessen-germany","1245901","20228149541"
"Weingut Kuhling-Gillot","2021","Riesling, Olberg, Grosses Gawachs, Kuhling-Gillot, Rheinhessen, Germany [46 22]","243","Case of 6 Bottles","https://www.bbr.com/products-20218168153-2021-riesling-olberg-grosses-gawachs-kuhling-gillot-rheinhessen-germany-46-22","1289303","20218168153"
"Jose Luis Ripa Saenz de Navarrete","2019","Ripa Rosado, Jose Luis Ripa Saenz de Navarrete, Rioja, Spain","200","Case of 6 Bottles","https://www.bbr.com/products-20198065931-2019-ripa-rosado-jose-luis-ripa-saenz-de-navarrete-rioja-spain","2116002","20198065931"
"Rippon Vineyard","2020","Rippon, Mature Vine Pinot Noir, Central Otago, New Zealand","864","Case of 12 Bottles","https://www.bbr.com/products-20208137571-2020-rippon-mature-vine-pinot-noir-central-otago-new-zealand","1247468","20208137571"
"Robert Mondavi","1997","Robert Mondavi, Cabernet Sauvignon, Barrel Aged Reserve, Napa Valley, California, USA","608","Case of 6 Bottles","https://www.bbr.com/products-19978008277-1997-robert-mondavi-cabernet-sauvignon-barrel-aged-reserve-napa-valley-california-usa","1122659","19978008277"
"Roberto Voerzio","2010","Roberto Voerzio 12-Bottles, 3 each Serra/Annunziata/Brunate/Cerequio","1100","Case of 1 Mixed case (12x75cl)s","https://www.bbr.com/products-20108126377-2010-roberto-voerzio-12-bottles-3-each-serra-annunziata-brunate-cerequio","9005235","20108126377"
"Roberto Voerzio","2011","Roberto Voerzio Assortment 12Bt Cs 6xAnnunziata, 4xSerra, 2xBrunate","2000","Case of 1 Mixed case (12x75cl)s","https://www.bbr.com/products-20118126364-2011-roberto-voerzio-assortment-12bt-cs-6xannunziata-4xserra-2xbrunate","9005251","20118126364"
"Roberto Voerzio","2007","Roberto Voerzio Assortment Case","1888","Case of 1 6 Bottle Assortments","https://www.bbr.com/products-20078126410-2007-roberto-voerzio-assortment-case","9005163","20078126410"
"Roberto Voerzio","2007","Roberto Voerzio Assortment Case.","1888","Case of 1 6 Bottle Assortments","https://www.bbr.com/products-20078043777-2007-roberto-voerzio-assortment-case","1656761","20078043777"
"Roberto Voerzio","","Roberto Voerzio, Barolo, Fossati Case Nere, Riserva, Vertical (2003 to 2005), Six-Bottle Assortment Case","2000","Case of 1 6 Bottle Assortments","https://www.bbr.com/products-10008126351-roberto-voerzio-barolo-fossati-case-nere-riserva-vertical-2003-to-2005-six-bottle-assortment-case","9005264","10008126351"
"Se?a","2020","Rocas De Se?a, Aconcagua Valley, Chile","219.5","Case of 6 Bottles","https://www.bbr.com/products-20208069812-2020-rocas-de-se-a-aconcagua-valley-chile","2421287","20208069812"
"Rocca di Frassinello","2015","Rocca di Frassinello, Baffonero, Tuscany, Italy","285","Case of 3 Bottles","https://www.bbr.com/products-20158210676-2015-rocca-di-frassinello-baffonero-tuscany-italy","1168983","20158210676"
"Rocca di Frassinello","2017","Rocca di Frassinello, Baffonero, Tuscany, Italy","350","Case of 3 Bottles","https://www.bbr.com/products-20178210676-2017-rocca-di-frassinello-baffonero-tuscany-italy","1168983","20178210676"
"Rocca di Frassinello","2018","Rocca di Frassinello, Baffonero, Tuscany, Italy","399","Case of 3 Bottles","https://www.bbr.com/products-20188210676-2018-rocca-di-frassinello-baffonero-tuscany-italy","1168983","20188210676"
"Rockford Wines","2018","Rockford, Basket Press Shiraz, Barossa Valley, Australia","500","Case of 6 Bottles","https://www.bbr.com/products-20181004650-2018-rockford-basket-press-shiraz-barossa-valley-australia","1004650","20181004650"
"Rockford Wines","2020","Rockford, Rifle Range Cabernet Sauvignon, Barossa Valley","488","Case of 6 Bottles","https://www.bbr.com/products-20208210546-2020-rockford-rifle-range-cabernet-sauvignon-barossa-valley","1171019","20208210546"
"Bodegas Roda","2017","Roda I, Reserva, Bodegas Roda, Rioja, Spain","120","Case of 3 Bottles","https://www.bbr.com/products-20178109730-2017-roda-i-reserva-bodegas-roda-rioja-spain","1316498","20178109730"
"Domaine de L'Arlot","2013","Romanee Saint Vivant, Grand Cru, Domaine de l'Arlot, Burgundy","3600","Case of 3 Magnums","https://www.bbr.com/products-20138035112-2013-romanee-saint-vivant-grand-cru-domaine-de-l-arlot-burgundy","1018653","20138035112"
"Domaine de L'Arlot","2015","Romanee Saint Vivant, Grand Cru, Domaine de l'Arlot, Burgundy","2575","Case of 1 Double Magnums","https://www.bbr.com/products-20158035112-2015-romanee-saint-vivant-grand-cru-domaine-de-l-arlot-burgundy","1018653","20158035112"
"Domaine de L'Arlot","2018","Romanee Saint Vivant, Grand Cru, Domaine de l'Arlot, Burgundy","1420","Case of 3 Bottles","https://www.bbr.com/products-20188035112-2018-romanee-saint-vivant-grand-cru-domaine-de-l-arlot-burgundy","1018653","20188035112"
"Domaine J. Confuron","2015","Romanee Saint-Vivant, Grand Cru, Domaine Jean-Jacques Confuron, Burgundy","2700","Case of 6 Bottles","https://www.bbr.com/products-20158219709-2015-romanee-saint-vivant-grand-cru-domaine-jean-jacques-confuron-burgundy","1027387","20158219709"
"Domaine J. Confuron","2016","Romanee Saint-Vivant, Grand Cru, Domaine Jean-Jacques Confuron, Burgundy","2350","Case of 6 Bottles","https://www.bbr.com/products-20168219709-2016-romanee-saint-vivant-grand-cru-domaine-jean-jacques-confuron-burgundy","1027387","20168219709"
"Domaine de la Romanee-Conti (DRC)","2000","Romanee-Conti Assortment Case Domaine de la Romanee Conti","60000","Case of 1 Mixed case (12x75cl)s","https://www.bbr.com/products-20008101688-2000-romanee-conti-assortment-case-domaine-de-la-romanee-conti","9002494","20008101688"
"Domaine de la Romanee-Conti (DRC)","2012","Romanee-Conti Assortment Case of 13 bottles (1RC,3T,3E,1R,3RSV,2GE)","52000","Case of 1 Mixed Cases","https://www.bbr.com/products-20128101053-2012-romanee-conti-assortment-case-of-13-bottles-1rc-3t-3e-1r-3rsv-2ge","9003491","20128101053"
"Domaine de la Romanee-Conti (DRC)","2010","Romanee-Conti Assortment Case of 8 1RC, 3LT, 2R, 2GE, Burgundy","53333","Case of 1 Mixed Cases","https://www.bbr.com/products-20108052065-2010-romanee-conti-assortment-case-of-8-1rc-3lt-2r-2ge-burgundy","1028645","20108052065"
"Domaine de la Romanee-Conti (DRC)","2009","Romanee-Conti, Grand Cru, Domaine de la Romanee-Conti, Burgundy","16500","Case of 1 Bottles","https://www.bbr.com/products-20098122151-2009-romanee-conti-grand-cru-domaine-de-la-romanee-conti-burgundy","1028687","20098122151"
"Domaine de la Romanee-Conti (DRC)","2010","Romanee-Conti, Grand Cru, Domaine de la Romanee-Conti, Burgundy","16500","Case of 1 Bottles","https://www.bbr.com/products-20108122151-2010-romanee-conti-grand-cru-domaine-de-la-romanee-conti-burgundy","1028687","20108122151"
"Domaine de la Romanee-Conti (DRC)","2014","Romanee-Conti, Grand Cru, Domaine de la Romanee-Conti, Burgundy","13800","Case of 1 Bottles","https://www.bbr.com/products-20148122151-2014-romanee-conti-grand-cru-domaine-de-la-romanee-conti-burgundy","1028687","20148122151"
"Domaine de la Romanee-Conti (DRC)","2016","Romanee-Conti, Grand Cru, Domaine de la Romanee-Conti, Burgundy","43000","Case of 3 Bottles","https://www.bbr.com/products-20168122151-2016-romanee-conti-grand-cru-domaine-de-la-romanee-conti-burgundy","1028687","20168122151"
"Domaine Poisot Pere & Fils","2014","Romanee-Saint-Vivant, Grand Cru, Domaine Poisot Pere & Fils, Burgundy","1450","Case of 6 Bottles","https://www.bbr.com/products-20148147387-2014-romanee-saint-vivant-grand-cru-domaine-poisot-pere-fils-burgundy","1226285","20148147387"
"Domaine Poisot Pere & Fils","2020","Romanee-Saint-Vivant, Grand Cru, Domaine Poisot Pere & Fils, Burgundy","1888","Case of 6 Bottles","https://www.bbr.com/products-20208147387-2020-romanee-saint-vivant-grand-cru-domaine-poisot-pere-fils-burgundy","1226285","20208147387"
"Domaine Arnoux-Lachaux","2007","Romanee-St Vivant, Grand Cru, Domaine Arnoux-Lachaux, Burgundy","3900","Case of 3 Magnums","https://www.bbr.com/products-20078227465-2007-romanee-st-vivant-grand-cru-domaine-arnoux-lachaux-burgundy","1018783","20078227465"
"Domaine Arnoux-Lachaux","2009","Romanee-St Vivant, Grand Cru, Domaine Arnoux-Lachaux, Burgundy","8000","Case of 3 Magnums","https://www.bbr.com/products-20098227465-2009-romanee-st-vivant-grand-cru-domaine-arnoux-lachaux-burgundy","1018783","20098227465"
"Domaine Arnoux-Lachaux","2013","Romanee-St Vivant, Grand Cru, Domaine Arnoux-Lachaux, Burgundy","12000","Case of 6 Bottles","https://www.bbr.com/products-20138227465-2013-romanee-st-vivant-grand-cru-domaine-arnoux-lachaux-burgundy","1018783","20138227465"
"Domaine Arnoux-Lachaux","2013","Romanee-St Vivant, Grand Cru, Domaine Arnoux-Lachaux, Burgundy","7600","Case of 3 Magnums","https://www.bbr.com/products-20138227465-2013-romanee-st-vivant-grand-cru-domaine-arnoux-lachaux-burgundy","1018783","20138227465"
"Domaine Follin-Arbelet","2012","Romanee-St Vivant, Grand Cru, Domaine Follin-Arbelet, Burgundy","1788","Case of 6 Bottles","https://www.bbr.com/products-20121031960-2012-romanee-st-vivant-grand-cru-domaine-follin-arbelet-burgundy","1031960","20121031960"
"Domaine Follin-Arbelet","2014","Romanee-St Vivant, Grand Cru, Domaine Follin-Arbelet, Burgundy","1500","Case of 6 Bottles","https://www.bbr.com/products-20141031960-2014-romanee-st-vivant-grand-cru-domaine-follin-arbelet-burgundy","1031960","20141031960"
"Domaine Follin-Arbelet","2017","Romanee-St Vivant, Grand Cru, Domaine Follin-Arbelet, Burgundy","1935","Case of 6 Bottles","https://www.bbr.com/products-20171031960-2017-romanee-st-vivant-grand-cru-domaine-follin-arbelet-burgundy","1031960","20171031960"
"Domaine Follin-Arbelet","2017","Romanee-St Vivant, Grand Cru, Domaine Follin-Arbelet, Burgundy","1125","Case of 3 Bottles","https://www.bbr.com/products-20171031960-2017-romanee-st-vivant-grand-cru-domaine-follin-arbelet-burgundy","1031960","20171031960"
"Domaine Follin-Arbelet","2018","Romanee-St Vivant, Grand Cru, Domaine Follin-Arbelet, Burgundy","998","Case of 3 Bottles","https://www.bbr.com/products-20181031960-2018-romanee-st-vivant-grand-cru-domaine-follin-arbelet-burgundy","1031960","20181031960"
"Domaine Follin-Arbelet","2021","Romanee-St Vivant, Grand Cru, Domaine Follin-Arbelet, Burgundy","1125","Case of 3 Bottles","https://www.bbr.com/products-20211031960-2021-romanee-st-vivant-grand-cru-domaine-follin-arbelet-burgundy","1031960","20211031960"
"Domaine Hudelot-Noellat","2011","Romanee-St Vivant, Grand Cru, Domaine Hudelot-Noellat, Burgundy","3500","Case of 6 Bottles","https://www.bbr.com/products-20118121529-2011-romanee-st-vivant-grand-cru-domaine-hudelot-noellat-burgundy","1037395","20118121529"
"Domaine Hudelot-Noellat","2017","Romanee-St Vivant, Grand Cru, Domaine Hudelot-Noellat, Burgundy","1890","Case of 3 Bottles","https://www.bbr.com/products-20178121529-2017-romanee-st-vivant-grand-cru-domaine-hudelot-noellat-burgundy","1037395","20178121529"
"Domaine Hudelot-Noellat","2022","Romanee-St Vivant, Grand Cru, Domaine Hudelot-Noellat, Burgundy","2850","Case of 3 Bottles","https://www.bbr.com/products-20228121529-2022-romanee-st-vivant-grand-cru-domaine-hudelot-noellat-burgundy","1037395","20228121529"
"Domaine Hudelot-Noellat","2023","Romanee-St Vivant, Grand Cru, Domaine Hudelot-Noellat, Burgundy","3200","Case of 3 Bottles","https://www.bbr.com/products-20238121529-2023-romanee-st-vivant-grand-cru-domaine-hudelot-noellat-burgundy","1037395","20238121529"
"Domaine Sylvain Cathiard","2008","Romanee-St Vivant, Grand Cru, Domaine Sylvain Cathiard, Burgundy","11700","Case of 6 Bottles","https://www.bbr.com/products-20081023611-2008-romanee-st-vivant-grand-cru-domaine-sylvain-cathiard-burgundy","1023611","20081023611"
"Domaine Sylvain Cathiard","2013","Romanee-St Vivant, Grand Cru, Domaine Sylvain Cathiard, Burgundy","4650","Case of 3 Bottles","https://www.bbr.com/products-20131023611-2013-romanee-st-vivant-grand-cru-domaine-sylvain-cathiard-burgundy","1023611","20131023611"
"Domaine Sylvain Cathiard","2016","Romanee-St Vivant, Grand Cru, Domaine Sylvain Cathiard, Burgundy","8200","Case of 3 Bottles","https://www.bbr.com/products-20161023611-2016-romanee-st-vivant-grand-cru-domaine-sylvain-cathiard-burgundy","1023611","20161023611"
"Domaine Sylvain Cathiard","2016","Romanee-St Vivant, Grand Cru, Domaine Sylvain Cathiard, Burgundy","8200","Case of 3 Bottles","https://www.bbr.com/products-20161023611-2016-romanee-st-vivant-grand-cru-domaine-sylvain-cathiard-burgundy","1023611","20161023611"
"Domaine Sylvain Cathiard","2018","Romanee-St Vivant, Grand Cru, Domaine Sylvain Cathiard, Burgundy","2988","Case of 1 Bottles","https://www.bbr.com/products-20181023611-2018-romanee-st-vivant-grand-cru-domaine-sylvain-cathiard-burgundy","1023611","20181023611"
"Domaine Sylvain Cathiard","2019","Romanee-St Vivant, Grand Cru, Domaine Sylvain Cathiard, Burgundy","8988","Case of 3 Bottles","https://www.bbr.com/products-20191023611-2019-romanee-st-vivant-grand-cru-domaine-sylvain-cathiard-burgundy","1023611","20191023611"
"Louis Latour","2014","Romanee-St Vivant, Les Quatre Journaux, Grand Cru, Louis Latour, Burgundy","1550","Case of 6 Bottles","https://www.bbr.com/products-20148121428-2014-romanee-st-vivant-les-quatre-journaux-grand-cru-louis-latour-burgundy","1041125","20148121428"
"Domaine Leroy","2013","Romanee-St-Vivant, Grand Cru, Domaine Leroy, Burgundy","22500","Case of 3 Bottles","https://www.bbr.com/products-20138121095-2013-romanee-st-vivant-grand-cru-domaine-leroy-burgundy","1044432","20138121095"
"Domaine Leroy","2014","Romanee-St-Vivant, Grand Cru, Domaine Leroy, Burgundy","40000","Case of 6 Bottles","https://www.bbr.com/products-20148121095-2014-romanee-st-vivant-grand-cru-domaine-leroy-burgundy","1044432","20148121095"
"Domaine de la Romanee-Conti (DRC)","2006","Romanee-St-Vivant, Grand Cru, Domaine de la Romanee-Conti, Burgundy","17000","Case of 6 Bottles","https://www.bbr.com/products-20068122148-2006-romanee-st-vivant-grand-cru-domaine-de-la-romanee-conti-burgundy","1028690","20068122148"
"Domaine de la Romanee-Conti (DRC)","2013","Romanee-St-Vivant, Grand Cru, Domaine de la Romanee-Conti, Burgundy","15000","Case of 6 Bottles","https://www.bbr.com/products-20138122148-2013-romanee-st-vivant-grand-cru-domaine-de-la-romanee-conti-burgundy","1028690","20138122148"
"Domaine de la Romanee-Conti (DRC)","2016","Romanee-St-Vivant, Grand Cru, Domaine de la Romanee-Conti, Burgundy","12750","Case of 3 Bottles","https://www.bbr.com/products-20168122148-2016-romanee-st-vivant-grand-cru-domaine-de-la-romanee-conti-burgundy","1028690","20168122148"
"Domaine de la Romanee-Conti (DRC)","2018","Romanee-St-Vivant, Grand Cru, Domaine de la Romanee-Conti, Burgundy","7300","Case of 3 Bottles","https://www.bbr.com/products-20188122148-2018-romanee-st-vivant-grand-cru-domaine-de-la-romanee-conti-burgundy","1028690","20188122148"
"Lucien Le Moine","2017","Romanee-St-Vivant, Grand Cru, Lucien Le Moine, Burgundy","3892","Case of 6 Bottles","https://www.bbr.com/products-20178034694-2017-romanee-st-vivant-grand-cru-lucien-le-moine-burgundy","1042786","20178034694"
"Olivier Bernstein","2017","Romanee-St-Vivant, Grand Cru, Olivier Bernsein, Burgundy","9000","Case of 1 Bottles","https://www.bbr.com/products-20178181516-2017-romanee-st-vivant-grand-cru-olivier-bernsein-burgundy","2423702","20178181516"
"Chateau Clinet","2015","Ronan by Clinet, Bordeaux","150","Case of 12 Bottles","https://www.bbr.com/products-20158007616-2015-ronan-by-clinet-bordeaux","1178991","20158007616"
"Chateau Clinet","2016","Ronan by Clinet, Bordeaux","215","Case of 12 Bottles","https://www.bbr.com/products-20168007616-2016-ronan-by-clinet-bordeaux","1178991","20168007616"
"Chateau Clinet","2016","Ronan by Clinet, Pur'Cab, Bordeaux","75","Case of 6 Bottles","https://www.bbr.com/products-20168025120-2016-ronan-by-clinet-pur-cab-bordeaux","1658114","20168025120"
"Rose & Arrow Estate","2018","Rose & Arrow Estate, Yamhill Close, Pinot Noir, Yamihill Carlton,Oregon, USA","295","Case of 3 Bottles","https://www.bbr.com/products-20188229065-2018-rose-arrow-estate-yamhill-close-pinot-noir-yamihill-carlton-oregon-usa","1462094","20188229065"
"Rose & Arrow Estate","2018","Rose & Arrow, Highland Close, Pinot Noir, Chehalem Mountains, Oregon, USA","469","Case of 3 Bottles","https://www.bbr.com/products-20188163073-2018-rose-arrow-highland-close-pinot-noir-chehalem-mountains-oregon-usa","1790140","20188163073"
"Rose & Arrow Estate","2018","Rose & Arrow, Red Dust, Worden Hill, Pinot Noir, Dundee Hills, Oregon, USA","465","Case of 3 Bottles","https://www.bbr.com/products-20188163099-2018-rose-arrow-red-dust-worden-hill-pinot-noir-dundee-hills-oregon-usa","1874066","20188163099"
"Giuseppe Quintarelli","2014","Rosso Ca del Merlo, Giuseppe Quintarelli, Veneto, Italy","475","Case of 6 Bottles","https://www.bbr.com/products-20148053453-2014-rosso-ca-del-merlo-giuseppe-quintarelli-veneto-italy","1103786","20148053453"
"Giuseppe Quintarelli","2005","Rosso del Bepi, Giuseppe Quintarelli, Veneto, Italy","285","Case of 1 Magnums","https://www.bbr.com/products-20058032124-2005-rosso-del-bepi-giuseppe-quintarelli-veneto-italy","1221091","20058032124"
"Giuseppe Quintarelli","2014","Rosso del Bepi, Giuseppe Quintarelli, Veneto, Italy","675","Case of 6 Bottles","https://www.bbr.com/products-20148032124-2014-rosso-del-bepi-giuseppe-quintarelli-veneto-italy","1221091","20148032124"
"Cerbaiona, Tuscany","2015","Rosso di Montalcino, Cerbaiona, Tuscany, Italy","265","Case of 6 Bottles","https://www.bbr.com/products-20158027935-2015-rosso-di-montalcino-cerbaiona-tuscany-italy","1097597","20158027935"
"Ciacci Piccolomini d'Aragona","2020","Rosso di Montalcino, Ciacci Piccolomini d'Aragona, Tuscany, Italy","175","Case of 6 Bottles","https://www.bbr.com/products-20208052775-2020-rosso-di-montalcino-ciacci-piccolomini-d-aragona-tuscany-italy","1097858","20208052775"
"Gianni Brunelli","2023","Rosso di Montalcino, Gianni Brunelli, Tuscany, Italy","280","Case of 6 Bottles","https://www.bbr.com/products-20238307309-2023-rosso-di-montalcino-gianni-brunelli-tuscany-italy","1162415","20238307309"
"La Magia","2020","Rosso di Montalcino, La Magia, Tuscany, Italy","155","Case of 6 Bottles","https://www.bbr.com/products-20201431539-2020-rosso-di-montalcino-la-magia-tuscany-italy","1431539","20201431539"
"La Magia","2021","Rosso di Montalcino, La Magia, Tuscany, Italy","155","Case of 6 Bottles","https://www.bbr.com/products-20211431539-2021-rosso-di-montalcino-la-magia-tuscany-italy","1431539","20211431539"
"La Serena, Tuscany","2020","Rosso di Montalcino, La Serena, Tuscany, Italy","110","Case of 6 Bottles","https://www.bbr.com/products-20208000923-2020-rosso-di-montalcino-la-serena-tuscany-italy","1336759","20208000923"
"La Serena, Tuscany","2021","Rosso di Montalcino, La Serena, Tuscany, Italy","88","Case of 6 Bottles","https://www.bbr.com/products-20218000923-2021-rosso-di-montalcino-la-serena-tuscany-italy","1336759","20218000923"
"Lisini, Tuscany","2018","Rosso di Montalcino, Lisini, Tuscany, Italy","95","Case of 6 Bottles","https://www.bbr.com/products-20181100815-2018-rosso-di-montalcino-lisini-tuscany-italy","1100815","20181100815"
"San Giuseppe, Tuscany","2015","Rosso di Montalcino, San Giuseppe, Stella di Campalto, Tuscany, Italy","850","Case of 6 Bottles","https://www.bbr.com/products-20158027834-2015-rosso-di-montalcino-san-giuseppe-stella-di-campalto-tuscany-italy","1153589","20158027834"
"Scopetone, Tuscany","2018","Rosso di Montalcino, Scopetone, Tuscany, Italy","80","Case of 6 Bottles","https://www.bbr.com/products-20181372067-2018-rosso-di-montalcino-scopetone-tuscany-italy","1372067","20181372067"
"Scopetone, Tuscany","2020","Rosso di Montalcino, Scopetone, Tuscany, Italy","114","Case of 6 Bottles","https://www.bbr.com/products-20201372067-2020-rosso-di-montalcino-scopetone-tuscany-italy","1372067","20201372067"
"Tassi","2019","Rosso di Montalcino, Tassi, Tuscany, Italy","189","Case of 6 Bottles","https://www.bbr.com/products-20198167013-2019-rosso-di-montalcino-tassi-tuscany-italy","1105546","20198167013"
"Rotem and Mounir Saouma","","Rotem & Mounir Saouma, Chateauneuf-du-Pape (1 each of: 2018 Arioso Blanc, 2015 Ex Ovo Blanc, 2016 Le Petit Livre d'A.M. Bach), Three-Magnum Assortment Case","815","Case of 1 s","https://www.bbr.com/products-10008152912-rotem-mounir-saouma-chateauneuf-du-pape-1-each-of-2018-arioso-blanc-2015-ex-ovo-blanc-2016-le-petit-livre-d-a-m-bach-three-magnum-assortment-case","","10008152912"
"Benanti","2015","Rovittello, Particella No. 341, Etna Rosso, Riserva, Benanti, Sicily, Italy","558","Case of 6 Bottles","https://www.bbr.com/products-20158146670-2015-rovittello-particella-no-341-etna-rosso-riserva-benanti-sicily-italy","1385760","20158146670"
"The Royal Tokaji Company","2016","Royal Tokaji Aszu Assortment, 6 btl (1xMM,1xBetsek, 1xNyulaszo, 1xSzt. Tamas, 1xGold Lbl, 1xBlue Lbl)","420","Case of 1 6 Bottle Assortments","https://www.bbr.com/products-20168059253-2016-royal-tokaji-aszu-assortment-6-btl-1xmm-1xbetsek-1xnyulaszo-1xszt-tamas-1xgold-lbl-1xblue-lbl","9005147","20168059253"
"Bodegas Franco-Espa?olas","1965","Royal, Reserva, Bodegas Franco-Espa?olas, Rioja, Spain","1450","Case of 6 Bottles","https://www.bbr.com/products-19658106205-1965-royal-reserva-bodegas-franco-espa-olas-rioja-spain","1509054","19658106205"
"Comando G","2023","Rozas, Comando G, Sierra de Gredos, Spain","230","Case of 6 Bottles","https://www.bbr.com/products-20238241258-2023-rozas-comando-g-sierra-de-gredos-spain","2963967","20238241258"
"Domaine Armand Rousseau","1999","Ruchottes-Chambertin, Clos des Ruchottes, Grand Cru, Domaine ArmandRousseau, Burgundy","16668","Case of 12 Bottles","https://www.bbr.com/products-19991128042-1999-ruchottes-chambertin-clos-des-ruchottes-grand-cru-domaine-armandrousseau-burgundy","1128042","19991128042"
"Domaine Armand Rousseau","2008","Ruchottes-Chambertin, Clos des Ruchottes, Grand Cru, Domaine ArmandRousseau, Burgundy","9540","Case of 12 Bottles","https://www.bbr.com/products-20081128042-2008-ruchottes-chambertin-clos-des-ruchottes-grand-cru-domaine-armandrousseau-burgundy","1128042","20081128042"
"Domaine Armand Rousseau","2014","Ruchottes-Chambertin, Clos des Ruchottes, Grand Cru, Domaine ArmandRousseau, Burgundy","5800","Case of 6 Bottles","https://www.bbr.com/products-20141128042-2014-ruchottes-chambertin-clos-des-ruchottes-grand-cru-domaine-armandrousseau-burgundy","1128042","20141128042"
"Domaine Georges & Christophe Roumier","2013","Ruchottes-Chambertin, Grand Cru, Christophe Roumier, Burgundy","3199","Case of 3 Bottles","https://www.bbr.com/products-20138227117-2013-ruchottes-chambertin-grand-cru-christophe-roumier-burgundy","1056952","20138227117"
"Domaine Frederic Esmonin","2012","Ruchottes-Chambertin, Grand Cru, Domaine Frederic Esmonin","1350","Case of 6 Bottles","https://www.bbr.com/products-20128038953-2012-ruchottes-chambertin-grand-cru-domaine-frederic-esmonin","1031090","20128038953"
"Domaine Henri Magnien","2019","Ruchottes-Chambertin, Grand Cru, Domaine Henri Magnien, Burgundy","550","Case of 3 Bottles","https://www.bbr.com/products-20198044080-2019-ruchottes-chambertin-grand-cru-domaine-henri-magnien-burgundy","1685150","20198044080"
"Domaine Mugneret-Gibourg","2010","Ruchottes-Chambertin, Grand Cru, Domaine Mugneret-Gibourg, Burgundy","1100","Case of 1 Bottles","https://www.bbr.com/products-20108120737-2010-ruchottes-chambertin-grand-cru-domaine-mugneret-gibourg-burgundy","1049525","20108120737"
"Domaine Mugneret-Gibourg","2012","Ruchottes-Chambertin, Grand Cru, Domaine Mugneret-Gibourg, Burgundy","3800","Case of 3 Bottles","https://www.bbr.com/products-20128120737-2012-ruchottes-chambertin-grand-cru-domaine-mugneret-gibourg-burgundy","1049525","20128120737"
"Domaine Mugneret-Gibourg","2015","Ruchottes-Chambertin, Grand Cru, Domaine Mugneret-Gibourg, Burgundy","4800","Case of 6 Bottles","https://www.bbr.com/products-20158120737-2015-ruchottes-chambertin-grand-cru-domaine-mugneret-gibourg-burgundy","1049525","20158120737"
"Domaine Mugneret-Gibourg","2016","Ruchottes-Chambertin, Grand Cru, Domaine Mugneret-Gibourg, Burgundy","9000","Case of 12 Bottles","https://www.bbr.com/products-20168120737-2016-ruchottes-chambertin-grand-cru-domaine-mugneret-gibourg-burgundy","1049525","20168120737"
"Domaine Mugneret-Gibourg","2017","Ruchottes-Chambertin, Grand Cru, Domaine Mugneret-Gibourg, Burgundy","8000","Case of 12 Bottles","https://www.bbr.com/products-20178120737-2017-ruchottes-chambertin-grand-cru-domaine-mugneret-gibourg-burgundy","1049525","20178120737"
"Philippe Pacalet","2017","Ruchottes-Chambertin, Grand Cru, Phillipe Pacalet, Burgundy","2104","Case of 6 Bottles","https://www.bbr.com/products-20178041887-2017-ruchottes-chambertin-grand-cru-phillipe-pacalet-burgundy","1050048","20178041887"
"Philippe Pacalet","2018","Ruchottes-Chambertin, Grand Cru, Phillipe Pacalet, Burgundy","4738","Case of 12 Bottles","https://www.bbr.com/products-20188041887-2018-ruchottes-chambertin-grand-cru-phillipe-pacalet-burgundy","1050048","20188041887"
"Rudd Oakville Estate","2014","Rudd Oakville, Estate Red, California, USA","800","Case of 6 Bottles","https://www.bbr.com/products-20148012847-2014-rudd-oakville-estate-red-california-usa","1313455","20148012847"
"Rudd Oakville Estate","2020","Rudd Oakville, Estate Red, California, USA","900","Case of 6 Bottles","https://www.bbr.com/products-20208012847-2020-rudd-oakville-estate-red-california-usa","1313455","20208012847"
"Domaine Paul et Marie Jacqueson","2019","Rully 1er Cru Rouge, Preaux, Domaine Paul et Marie Jacqueson, Burgundy","145","Case of 6 Bottles","https://www.bbr.com/products-20198238744-2019-rully-1er-cru-rouge-preaux-domaine-paul-et-marie-jacqueson-burgundy","1725007","20198238744"
"Domaine Dureuil-Janthial","2022","Rully Blanc, Les Margotes, 1er Cru, Domaine Dureuil-Janthial, Burgundy","830","Case of 12 Bottles","https://www.bbr.com/products-20228062448-2022-rully-blanc-les-margotes-1er-cru-domaine-dureuil-janthial-burgundy","1232514","20228062448"
"Domaine Dureuil-Janthial","2022","Rully Blanc, Vauvry, 1er Cru, Domaine Dureuil-Janthial, Burgundy","500","Case of 6 Bottles","https://www.bbr.com/products-20228178060-2022-rully-blanc-vauvry-1er-cru-domaine-dureuil-janthial-burgundy","2977351","20228178060"
"Domaine Dureuil-Janthial","2021","Rully Rouge, Chapitre, 1er Cru, Domaine Dureuil-Janthial, Burgundy","720","Case of 12 Bottles","https://www.bbr.com/products-20218183754-2021-rully-rouge-chapitre-1er-cru-domaine-dureuil-janthial-burgundy","1336456","20218183754"
"Domaine Dureuil-Janthial","2022","Rully Rouge, Chapitre, 1er Cru, Domaine Dureuil-Janthial, Burgundy","375","Case of 6 Bottles","https://www.bbr.com/products-20228183754-2022-rully-rouge-chapitre-1er-cru-domaine-dureuil-janthial-burgundy","1336456","20228183754"
"Jean-Yves Devevey","2015","Rully Rouge, La Chaume, Jean-Yves Devevey, Burgundy","270","Case of 12 Bottles","https://www.bbr.com/products-20158004918-2015-rully-rouge-la-chaume-jean-yves-devevey-burgundy","1171211","20158004918"
"Jean-Yves Devevey","2016","Rully Rouge, La Chaume, Jean-Yves Devevey, Burgundy","385","Case of 12 Bottles","https://www.bbr.com/products-20168004918-2016-rully-rouge-la-chaume-jean-yves-devevey-burgundy","1171211","20168004918"
"Maison Pierre-Yves Colin-Morey","2017","Rully, Les Cailloux, Pierre-Yves Colin-Morey, Burgundy","400","Case of 6 Bottles","https://www.bbr.com/products-20178119647-2017-rully-les-cailloux-pierre-yves-colin-morey-burgundy","1065703","20178119647"
"Domaine de Vernus","2023","Regnie, Domaine de Vernus, Beaujolais","140","Case of 6 Bottles","https://www.bbr.com/products-20238306562-2023-regnie-domaine-de-vernus-beaujolais","2096461","20238306562"
"Domaine de Vernus","2021","Regnie, Les Vergers, Domaine de Vernus, Beaujolais","165","Case of 6 Bottles","https://www.bbr.com/products-20218301916-2021-regnie-les-vergers-domaine-de-vernus-beaujolais","2096474","20218301916"
"Domaine de Vernus","2023","Regnie, Vernus, Domaine de Vernus, Beaujolais","200","Case of 6 Bottles","https://www.bbr.com/products-20238306575-2023-regnie-vernus-domaine-de-vernus-beaujolais","3024971","20238306575"
"Les Domaines Barons de Rothschild Lafite","2016","Reserve Speciale Pauillac, Domaines Barons de Rothschild Lafite, Bordeaux","325","Case of 6 Bottles","https://www.bbr.com/products-20168054812-2016-reserve-speciale-pauillac-domaines-barons-de-rothschild-lafite-bordeaux","1147553","20168054812"
"Chateau Pichon-Longueville Lalande","2010","Reserve de la Comtesse, Pauillac, Bordeaux","400","Case of 12 Bottles","https://www.bbr.com/products-20108012788-2010-reserve-de-la-comtesse-pauillac-bordeaux","1014639","20108012788"
"Chateau Pichon-Longueville Lalande","2014","Reserve de la Comtesse, Pauillac, Bordeaux","360","Case of 12 Bottles","https://www.bbr.com/products-20148012788-2014-reserve-de-la-comtesse-pauillac-bordeaux","1014639","20148012788"
"Resonance Vineyard","2013","Resonance, Resonance Vineyard Pinot Noir, Yamhill-Carlton, Oregon, USA","150","Case of 6 Bottles","https://www.bbr.com/products-20138034030-2013-resonance-resonance-vineyard-pinot-noir-yamhill-carlton-oregon-usa","1693265","20138034030"
"Resonance Vineyard","2014","Resonance, Resonance Vineyard Pinot Noir, Yamhill-Carlton, Oregon, USA","170","Case of 6 Bottles","https://www.bbr.com/products-20148034030-2014-resonance-resonance-vineyard-pinot-noir-yamhill-carlton-oregon-usa","1693265","20148034030"
"Resonance Vineyard","2015","Resonance, Resonance Vineyard Pinot Noir, Yamhill-Carlton, Oregon, USA","175","Case of 6 Bottles","https://www.bbr.com/products-20158034030-2015-resonance-resonance-vineyard-pinot-noir-yamhill-carlton-oregon-usa","1693265","20158034030"
"Resonance Vineyard","2015","Resonance, Resonance Vineyard Pinot Noir, Yamhill-Carlton, Oregon, USA","195","Case of 6 Bottles","https://www.bbr.com/products-20158129655-2015-resonance-resonance-vineyard-pinot-noir-yamhill-carlton-oregon-usa","1693265","20158129655"
"Resonance Vineyard","2016","Resonance, Resonance Vineyard Pinot Noir, Yamhill-Carlton, Oregon, USA","198","Case of 6 Bottles","https://www.bbr.com/products-20168034030-2016-resonance-resonance-vineyard-pinot-noir-yamhill-carlton-oregon-usa","1693265","20168034030"
"Resonance Vineyard","2017","Resonance, Resonance Vineyard Pinot Noir, Yamhill-Carlton, Oregon, USA","130","Case of 6 Bottles","https://www.bbr.com/products-20178129655-2017-resonance-resonance-vineyard-pinot-noir-yamhill-carlton-oregon-usa","1693265","20178129655"
"Resonance Vineyard","2018","Resonance, Resonance Vineyard Pinot Noir, Yamhill-Carlton, Oregon, USA","195","Case of 6 Bottles","https://www.bbr.com/products-20188034030-2018-resonance-resonance-vineyard-pinot-noir-yamhill-carlton-oregon-usa","1693265","20188034030"
"S.C.Pannell","2022","S.C.Pannell, Sunrise 99, Grenache, McLaren Vale, South Australia","900","Case of 6 Bottles","https://www.bbr.com/products-20228086215-2022-s-c-pannell-sunrise-99-grenache-mclaren-vale-south-australia","3100572","20228086215"
"Weingut Peter Lauer . Ayl","2016","Saarfeilser Riesling Spatlese, Fass 24 Auktion, Weingut P. Lauer","257","Case of 6 Bottles","https://www.bbr.com/products-20168200932-2016-saarfeilser-riesling-spatlese-fass-24-auktion-weingut-p-lauer","1679847","20168200932"
"Saffredi di Maremma Pupille","2012","Saffredi, Le Pupille, Tuscany, Italy","428","Case of 6 Bottles","https://www.bbr.com/products-20128117454-2012-saffredi-le-pupille-tuscany-italy","1103715","20128117454"
"Saffredi di Maremma Pupille","2012","Saffredi, Le Pupille, Tuscany, Italy","160","Case of 1 Magnums","https://www.bbr.com/products-20128117454-2012-saffredi-le-pupille-tuscany-italy","1103715","20128117454"
"Saffredi di Maremma Pupille","2015","Saffredi, Le Pupille, Tuscany, Italy","325","Case of 6 Bottles","https://www.bbr.com/products-20158117454-2015-saffredi-le-pupille-tuscany-italy","1103715","20158117454"
"Saffredi di Maremma Pupille","2015","Saffredi, Le Pupille, Tuscany, Italy","330","Case of 6 Bottles","https://www.bbr.com/products-20158117454-2015-saffredi-le-pupille-tuscany-italy","1103715","20158117454"
"Saffredi di Maremma Pupille","2016","Saffredi, Le Pupille, Tuscany, Italy","420","Case of 6 Bottles","https://www.bbr.com/products-20168117454-2016-saffredi-le-pupille-tuscany-italy","1103715","20168117454"
"Saffredi di Maremma Pupille","2016","Saffredi, Le Pupille, Tuscany, Italy","135","Case of 1 Magnums","https://www.bbr.com/products-20168117454-2016-saffredi-le-pupille-tuscany-italy","1103715","20168117454"
"Saffredi di Maremma Pupille","2017","Saffredi, Le Pupille, Tuscany, Italy","435","Case of 6 Bottles","https://www.bbr.com/products-20178117454-2017-saffredi-le-pupille-tuscany-italy","1103715","20178117454"
"Saffredi di Maremma Pupille","2018","Saffredi, Le Pupille, Tuscany, Italy","500","Case of 6 Bottles","https://www.bbr.com/products-20188117454-2018-saffredi-le-pupille-tuscany-italy","1103715","20188117454"
"Saffredi di Maremma Pupille","2018","Saffredi, Le Pupille, Tuscany, Italy","120","Case of 1 Magnums","https://www.bbr.com/products-20188117454-2018-saffredi-le-pupille-tuscany-italy","1103715","20188117454"
"Saffredi di Maremma Pupille","2019","Saffredi, Le Pupille, Tuscany, Italy","335","Case of 6 Bottles","https://www.bbr.com/products-20198117454-2019-saffredi-le-pupille-tuscany-italy","1103715","20198117454"
"Saffredi di Maremma Pupille","2019","Saffredi, Le Pupille, Tuscany, Italy","115","Case of 1 Magnums","https://www.bbr.com/products-20198117454-2019-saffredi-le-pupille-tuscany-italy","1103715","20198117454"
"Saffredi di Maremma Pupille","2020","Saffredi, Le Pupille, Tuscany, Italy","333","Case of 6 Bottles","https://www.bbr.com/products-20208117454-2020-saffredi-le-pupille-tuscany-italy","1103715","20208117454"
"Saffredi di Maremma Pupille","2021","Saffredi, Le Pupille, Tuscany, Italy","400","Case of 6 Bottles","https://www.bbr.com/products-20218117454-2021-saffredi-le-pupille-tuscany-italy","1103715","20218117454"
"Saffredi di Maremma Pupille","2021","Saffredi, Le Pupille, Tuscany, Italy","200","Case of 1 Magnums","https://www.bbr.com/products-20218117454-2021-saffredi-le-pupille-tuscany-italy","1103715","20218117454"
"Arnaldo Caprai","2019","Sagrantino di Montefalco, 25 Anni, Arnaldo-Caprai, Umbria, Italy","335","Case of 6 Bottles","https://www.bbr.com/products-20198117991-2019-sagrantino-di-montefalco-25-anni-arnaldo-caprai-umbria-italy","1096949","20198117991"
"Domaine Simon Colin","2022","Saint Aubin Blanc, Le Charmois, 1er Cru, Domaine Simon Colin, Burgundy","400","Case of 6 Bottles","https://www.bbr.com/products-20228400299-2022-saint-aubin-blanc-le-charmois-1er-cru-domaine-simon-colin-burgundy","3064128","20228400299"
"Maison Leroy","2018","Saint-Aubin Blanc, Maison Leroy, Burgundy","2750","Case of 6 Bottles","https://www.bbr.com/products-20188178220-2018-saint-aubin-blanc-maison-leroy-burgundy","1074671","20188178220"
"Domaine Francois Legros","2021","Saint-Aubin, Murgers des Dents de Chien, 1er Cru, Domaine Francois Legros, Burgundy","265","Case of 6 Bottles","https://www.bbr.com/products-20218181819-2021-saint-aubin-murgers-des-dents-de-chien-1er-cru-domaine-francois-legros-burgundy","2993425","20218181819"
"Sakkie Mouton","2023","Sakkie Mouton, Revenge of the Crayfish, On the Run, Chenin Blanc, Koekenaap, Western Cape, South Africa","200","Case of 6 Bottles","https://www.bbr.com/products-20238228635-2023-sakkie-mouton-revenge-of-the-crayfish-on-the-run-chenin-blanc-koekenaap-western-cape-south-africa","2015709","20238228635"
"Castello dei Rampolla","2010","Sammarco, Castello dei Rampolla, Tuscany, Italy","745","Case of 6 Bottles","https://www.bbr.com/products-20108117438-2010-sammarco-castello-dei-rampolla-tuscany-italy","1103887","20108117438"
"Castello dei Rampolla","2011","Sammarco, Castello dei Rampolla, Tuscany, Italy","350","Case of 6 Bottles","https://www.bbr.com/products-20118117438-2011-sammarco-castello-dei-rampolla-tuscany-italy","1103887","20118117438"
"Castello dei Rampolla","2013","Sammarco, Castello dei Rampolla, Tuscany, Italy","240","Case of 6 Bottles","https://www.bbr.com/products-20138117438-2013-sammarco-castello-dei-rampolla-tuscany-italy","1103887","20138117438"
"Castello dei Rampolla","2016","Sammarco, Castello dei Rampolla, Tuscany, Italy","270","Case of 6 Bottles","https://www.bbr.com/products-20168117438-2016-sammarco-castello-dei-rampolla-tuscany-italy","1103887","20168117438"
"Castello dei Rampolla","2016","Sammarco, Castello dei Rampolla, Tuscany, Italy","260","Case of 6 Bottles","https://www.bbr.com/products-20168117438-2016-sammarco-castello-dei-rampolla-tuscany-italy","1103887","20168117438"
"Castello dei Rampolla","2019","Sammarco, Castello dei Rampolla, Tuscany, Italy","230","Case of 6 Bottles","https://www.bbr.com/products-20198117438-2019-sammarco-castello-dei-rampolla-tuscany-italy","1103887","20198117438"
"Castello dei Rampolla","2019","Sammarco, Castello dei Rampolla, Tuscany, Italy","240","Case of 6 Bottles","https://www.bbr.com/products-20198117438-2019-sammarco-castello-dei-rampolla-tuscany-italy","1103887","20198117438"
"Tenuta San Leonardo","2015","San Leonardo, Trentino-Alto Adige, Italy","299","Case of 6 Bottles","https://www.bbr.com/products-20158115232-2015-san-leonardo-trentino-alto-adige-italy","1129775","20158115232"
"Domaine Vacheron","2022","Sancerre Blanc, Domaine Vacheron, Loire","150","Case of 6 Bottles","https://www.bbr.com/products-20228233909-2022-sancerre-blanc-domaine-vacheron-loire","1343766","20228233909"
"Domaine Vacheron","2021","Sancerre Blanc, Guigne-Chevres, Domaine Vacheron, Loire","250","Case of 6 Bottles","https://www.bbr.com/products-20218233925-2021-sancerre-blanc-guigne-chevres-domaine-vacheron-loire","1304183","20218233925"
"Domaine Roblin","2021","Sancerre Blanc, Les Lots, Chateau la Rabotine, Alban Roblin, Loire","180","Case of 6 Bottles","https://www.bbr.com/products-20218152648-2021-sancerre-blanc-les-lots-chateau-la-rabotine-alban-roblin-loire","2237099","20218152648"
"Domaine Vacheron","2021","Sancerre Blanc, Les Romains, Domaine Vacheron, Loire","220","Case of 6 Bottles","https://www.bbr.com/products-20218233941-2021-sancerre-blanc-les-romains-domaine-vacheron-loire","1141489","20218233941"
"Domaine Francois Cotat, Chavignol","2020","Sancerre Rose, Chavignol, Domaine Francois Cotat, Loire","238","Case of 6 Bottles","https://www.bbr.com/products-20208000965-2020-sancerre-rose-chavignol-domaine-francois-cotat-loire","1286230","20208000965"
"Domaine Francois Cotat, Chavignol","2021","Sancerre Rose, Chavignol, Domaine Francois Cotat, Loire","250","Case of 6 Bottles","https://www.bbr.com/products-20218000965-2021-sancerre-rose-chavignol-domaine-francois-cotat-loire","1286230","20218000965"
"Domaine Francois Cotat, Chavignol","2023","Sancerre Rose, Chavignol, Domaine Francois Cotat, Loire","235","Case of 6 Bottles","https://www.bbr.com/products-20238000965-2023-sancerre-rose-chavignol-domaine-francois-cotat-loire","1286230","20238000965"
"Domaine Riffault","2020","Sancerre Rouge, La Noue, Claude Riffault, Loire","155","Case of 6 Bottles","https://www.bbr.com/products-20208016308-2020-sancerre-rouge-la-noue-claude-riffault-loire","1523791","20208016308"
"Domaine Riffault","2019","Sancerre Rouge, La Noue, Mise Tardive, Domaine Riffault, Loire","235","Case of 6 Bottles","https://www.bbr.com/products-20198069711-2019-sancerre-rouge-la-noue-mise-tardive-domaine-riffault-loire","2919629","20198069711"
"Domaine Vacheron","2020","Sancerre, Blanc, Domaine Vacheron, Loire","200","Case of 6 Bottles","https://www.bbr.com/products-20208233909-2020-sancerre-blanc-domaine-vacheron-loire","1343766","20208233909"
"Domaine Vacheron","2020","Sancerre, Blanc, Guigne-Chevres, Domaine Vacheron, Loire","240","Case of 6 Bottles","https://www.bbr.com/products-20208233925-2020-sancerre-blanc-guigne-chevres-domaine-vacheron-loire","1304183","20208233925"
"Domaine Vacheron","2019","Sancerre, Blanc, MMXIX L'Enclos des Remparts, Domaine Vacheron, Loire","1000","Case of 6 Bottles","https://www.bbr.com/products-20198233954-2019-sancerre-blanc-mmxix-l-enclos-des-remparts-domaine-vacheron-loire","1845390","20198233954"
"Domaine Francois Cotat, Chavignol","2009","Sancerre, Caillottes, Domaine Francois Cotat, Loire","380","Case of 6 Bottles","https://www.bbr.com/products-20098000978-2009-sancerre-caillottes-domaine-francois-cotat-loire","1134007","20098000978"
"Domaine Francois Cotat, Chavignol","2017","Sancerre, Caillottes, Domaine Francois Cotat, Loire","275","Case of 6 Bottles","https://www.bbr.com/products-20178000978-2017-sancerre-caillottes-domaine-francois-cotat-loire","1134007","20178000978"
"Domaine Francois Cotat, Chavignol","2019","Sancerre, Caillottes, Domaine Francois Cotat, Loire","345","Case of 6 Bottles","https://www.bbr.com/products-20198000978-2019-sancerre-caillottes-domaine-francois-cotat-loire","1134007","20198000978"
"Domaine Francois Cotat, Chavignol","2020","Sancerre, Caillottes, Domaine Francois Cotat, Loire","235","Case of 6 Bottles","https://www.bbr.com/products-20208000978-2020-sancerre-caillottes-domaine-francois-cotat-loire","1134007","20208000978"
"Domaine Francois Cotat, Chavignol","2023","Sancerre, Caillottes, Domaine Francois Cotat, Loire","239","Case of 6 Bottles","https://www.bbr.com/products-20238000978-2023-sancerre-caillottes-domaine-francois-cotat-loire","1134007","20238000978"
"Domaine Edmond Vatan","2018","Sancerre, Clos La Neore, Edmond &amp; Anne Vatan, Loire","1150","Case of 1 Magnums","https://www.bbr.com/products-20188011505-2018-sancerre-clos-la-neore-edmond-and-anne-vatan-loire","1313703","20188011505"
"Simon & Daniel Chotard","2021","Sancerre, Cuvee Marcel Henri, Daniel Chotard, Loire","285","Case of 6 Magnums","https://www.bbr.com/products-20218007645-2021-sancerre-cuvee-marcel-henri-daniel-chotard-loire","1399460","20218007645"
"Domaine Francois Cotat, Chavignol","2015","Sancerre, Cuvee Paul, Domaine Francois Cotat, Loire","685","Case of 6 Bottles","https://www.bbr.com/products-20158000981-2015-sancerre-cuvee-paul-domaine-francois-cotat-loire","1134023","20158000981"
"Domaine Francois Cotat, Chavignol","2017","Sancerre, Cuvee Paul, Domaine Francois Cotat, Loire","800","Case of 6 Bottles","https://www.bbr.com/products-20178000981-2017-sancerre-cuvee-paul-domaine-francois-cotat-loire","1134023","20178000981"
"Domaine Francois Cotat, Chavignol","2012","Sancerre, La Grande Cote, Domaine Francois Cotat, Loire","420","Case of 6 Bottles","https://www.bbr.com/products-20128000994-2012-sancerre-la-grande-cote-domaine-francois-cotat-loire","1129863","20128000994"
"Domaine Francois Cotat, Chavignol","2014","Sancerre, La Grande Cote, Domaine Francois Cotat, Loire","440","Case of 3 Magnums","https://www.bbr.com/products-20148000994-2014-sancerre-la-grande-cote-domaine-francois-cotat-loire","1129863","20148000994"
"Domaine Francois Cotat, Chavignol","2016","Sancerre, La Grande Cote, Domaine Francois Cotat, Loire","330","Case of 6 Bottles","https://www.bbr.com/products-20168000994-2016-sancerre-la-grande-cote-domaine-francois-cotat-loire","1129863","20168000994"
"Domaine Francois Cotat, Chavignol","2018","Sancerre, La Grande Cote, Domaine Francois Cotat, Loire","330","Case of 6 Bottles","https://www.bbr.com/products-20188000994-2018-sancerre-la-grande-cote-domaine-francois-cotat-loire","1129863","20188000994"
"Domaine Francois Cotat, Chavignol","2019","Sancerre, La Grande Cote, Domaine Francois Cotat, Loire","265","Case of 6 Bottles","https://www.bbr.com/products-20198000994-2019-sancerre-la-grande-cote-domaine-francois-cotat-loire","1129863","20198000994"
"Domaine Francois Cotat, Chavignol","2020","Sancerre, La Grande Cote, Domaine Francois Cotat, Loire","331","Case of 6 Bottles","https://www.bbr.com/products-20208000994-2020-sancerre-la-grande-cote-domaine-francois-cotat-loire","1129863","20208000994"
"Domaine Francois Cotat, Chavignol","2021","Sancerre, La Grande Cote, Domaine Francois Cotat, Loire","280","Case of 6 Bottles","https://www.bbr.com/products-20218000994-2021-sancerre-la-grande-cote-domaine-francois-cotat-loire","1129863","20218000994"
"Domaine Francois Cotat, Chavignol","2022","Sancerre, La Grande Cote, Domaine Francois Cotat, Loire","300","Case of 6 Bottles","https://www.bbr.com/products-20228000994-2022-sancerre-la-grande-cote-domaine-francois-cotat-loire","1129863","20228000994"
"Domaine Francois Cotat, Chavignol","2022","Sancerre, La Grande Cote, Domaine Francois Cotat, Loire","380","Case of 3 Magnums","https://www.bbr.com/products-20228000994-2022-sancerre-la-grande-cote-domaine-francois-cotat-loire","1129863","20228000994"
"Domaine Francois Cotat, Chavignol","2023","Sancerre, La Grande Cote, Domaine Francois Cotat, Loire","250","Case of 6 Bottles","https://www.bbr.com/products-20238000994-2023-sancerre-la-grande-cote-domaine-francois-cotat-loire","1129863","20238000994"
"Domaine Francois Cotat, Chavignol","2023","Sancerre, La Grande Cote, Domaine Francois Cotat, Loire","325","Case of 3 Magnums","https://www.bbr.com/products-20238000994-2023-sancerre-la-grande-cote-domaine-francois-cotat-loire","1129863","20238000994"
"Didier Dagueneau","2022","Sancerre, Le Mont Damne Didier Dagueneau","865","Case of 6 Bottles","https://www.bbr.com/products-20228117164-2022-sancerre-le-mont-damne-didier-dagueneau","1106774","20228117164"
"Domaine Riffault","2022","Sancerre, Les Boucauds, Claude Riffault, Loire","150","Case of 6 Bottles","https://www.bbr.com/products-20221434367-2022-sancerre-les-boucauds-claude-riffault-loire","1434367","20221434367"
"Domaine Francois Cotat, Chavignol","2009","Sancerre, Les Culs de Beaujeu, Domaine Francois Cotat, Loire","390","Case of 6 Bottles","https://www.bbr.com/products-20098001005-2009-sancerre-les-culs-de-beaujeu-domaine-francois-cotat-loire","1129850","20098001005"
"Domaine Francois Cotat, Chavignol","2012","Sancerre, Les Culs de Beaujeu, Domaine Francois Cotat, Loire","320","Case of 6 Bottles","https://www.bbr.com/products-20128001005-2012-sancerre-les-culs-de-beaujeu-domaine-francois-cotat-loire","1129850","20128001005"
"Domaine Francois Cotat, Chavignol","2013","Sancerre, Les Culs de Beaujeu, Domaine Francois Cotat, Loire","380","Case of 6 Bottles","https://www.bbr.com/products-20138001005-2013-sancerre-les-culs-de-beaujeu-domaine-francois-cotat-loire","1129850","20138001005"
"Domaine Francois Cotat, Chavignol","2016","Sancerre, Les Culs de Beaujeu, Domaine Francois Cotat, Loire","280","Case of 6 Bottles","https://www.bbr.com/products-20168001005-2016-sancerre-les-culs-de-beaujeu-domaine-francois-cotat-loire","1129850","20168001005"
"Domaine Francois Cotat, Chavignol","2017","Sancerre, Les Culs de Beaujeu, Domaine Francois Cotat, Loire","290","Case of 6 Bottles","https://www.bbr.com/products-20178001005-2017-sancerre-les-culs-de-beaujeu-domaine-francois-cotat-loire","1129850","20178001005"
"Domaine Francois Cotat, Chavignol","2018","Sancerre, Les Culs de Beaujeu, Domaine Francois Cotat, Loire","300","Case of 6 Bottles","https://www.bbr.com/products-20188001005-2018-sancerre-les-culs-de-beaujeu-domaine-francois-cotat-loire","1129850","20188001005"
"Domaine Francois Cotat, Chavignol","2019","Sancerre, Les Culs de Beaujeu, Domaine Francois Cotat, Loire","342","Case of 6 Bottles","https://www.bbr.com/products-20198001005-2019-sancerre-les-culs-de-beaujeu-domaine-francois-cotat-loire","1129850","20198001005"
"Domaine Francois Cotat, Chavignol","2020","Sancerre, Les Culs de Beaujeu, Domaine Francois Cotat, Loire","305","Case of 6 Bottles","https://www.bbr.com/products-20208001005-2020-sancerre-les-culs-de-beaujeu-domaine-francois-cotat-loire","1129850","20208001005"
"Domaine Francois Cotat, Chavignol","2020","Sancerre, Les Culs de Beaujeu, Domaine Francois Cotat, Loire","295","Case of 3 Magnums","https://www.bbr.com/products-20208001005-2020-sancerre-les-culs-de-beaujeu-domaine-francois-cotat-loire","1129850","20208001005"
"Domaine Francois Cotat, Chavignol","2022","Sancerre, Les Culs de Beaujeu, Domaine Francois Cotat, Loire","330","Case of 6 Bottles","https://www.bbr.com/products-20228001005-2022-sancerre-les-culs-de-beaujeu-domaine-francois-cotat-loire","1129850","20228001005"
"Domaine Francois Cotat, Chavignol","2022","Sancerre, Les Culs de Beaujeu, Domaine Francois Cotat, Loire","320","Case of 3 Magnums","https://www.bbr.com/products-20228001005-2022-sancerre-les-culs-de-beaujeu-domaine-francois-cotat-loire","1129850","20228001005"
"Domaine Francois Cotat, Chavignol","2009","Sancerre, Les Monts Damnes, Domaine Francois Cotat, Loire","360","Case of 6 Bottles","https://www.bbr.com/products-20098001018-2009-sancerre-les-monts-damnes-domaine-francois-cotat-loire","1106716","20098001018"
"Domaine Francois Cotat, Chavignol","2011","Sancerre, Les Monts Damnes, Domaine Francois Cotat, Loire","480","Case of 6 Bottles","https://www.bbr.com/products-20118001018-2011-sancerre-les-monts-damnes-domaine-francois-cotat-loire","1106716","20118001018"
"Domaine Francois Cotat, Chavignol","2012","Sancerre, Les Monts Damnes, Domaine Francois Cotat, Loire","329","Case of 6 Bottles","https://www.bbr.com/products-20128001018-2012-sancerre-les-monts-damnes-domaine-francois-cotat-loire","1106716","20128001018"
"Domaine Francois Cotat, Chavignol","2017","Sancerre, Les Monts Damnes, Domaine Francois Cotat, Loire","360","Case of 6 Bottles","https://www.bbr.com/products-20178001018-2017-sancerre-les-monts-damnes-domaine-francois-cotat-loire","1106716","20178001018"
"Domaine Francois Cotat, Chavignol","2018","Sancerre, Les Monts Damnes, Domaine Francois Cotat, Loire","340","Case of 6 Bottles","https://www.bbr.com/products-20188001018-2018-sancerre-les-monts-damnes-domaine-francois-cotat-loire","1106716","20188001018"
"Domaine Francois Cotat, Chavignol","2019","Sancerre, Les Monts Damnes, Domaine Francois Cotat, Loire","265","Case of 6 Bottles","https://www.bbr.com/products-20198001018-2019-sancerre-les-monts-damnes-domaine-francois-cotat-loire","1106716","20198001018"
"Domaine Francois Cotat, Chavignol","2020","Sancerre, Les Monts Damnes, Domaine Francois Cotat, Loire","275","Case of 6 Bottles","https://www.bbr.com/products-20208001018-2020-sancerre-les-monts-damnes-domaine-francois-cotat-loire","1106716","20208001018"
"Domaine Francois Cotat, Chavignol","2020","Sancerre, Les Monts Damnes, Domaine Francois Cotat, Loire","270","Case of 6 Bottles","https://www.bbr.com/products-20208001018-2020-sancerre-les-monts-damnes-domaine-francois-cotat-loire","1106716","20208001018"
"Domaine Francois Cotat, Chavignol","2021","Sancerre, Les Monts Damnes, Domaine Francois Cotat, Loire","300","Case of 6 Bottles","https://www.bbr.com/products-20218001018-2021-sancerre-les-monts-damnes-domaine-francois-cotat-loire","1106716","20218001018"
"Domaine Francois Cotat, Chavignol","2022","Sancerre, Les Monts Damnes, Domaine Francois Cotat, Loire","280","Case of 6 Bottles","https://www.bbr.com/products-20228001018-2022-sancerre-les-monts-damnes-domaine-francois-cotat-loire","1106716","20228001018"
"Domaine Francois Cotat, Chavignol","2022","Sancerre, Les Monts Damnes, Domaine Francois Cotat, Loire","320","Case of 3 Magnums","https://www.bbr.com/products-20228001018-2022-sancerre-les-monts-damnes-domaine-francois-cotat-loire","1106716","20228001018"
"Domaine Francois Cotat, Chavignol","2023","Sancerre, Les Monts Damnes, Domaine Francois Cotat, Loire","250","Case of 6 Bottles","https://www.bbr.com/products-20238001018-2023-sancerre-les-monts-damnes-domaine-francois-cotat-loire","1106716","20238001018"
"Domaine Francois Cotat, Chavignol","2023","Sancerre, Les Monts Damnes, Domaine Francois Cotat, Loire","240","Case of 6 Bottles","https://www.bbr.com/products-20238001018-2023-sancerre-les-monts-damnes-domaine-francois-cotat-loire","1106716","20238001018"
"Domaine Francois Cotat, Chavignol","2023","Sancerre, Les Monts Damnes, Domaine Francois Cotat, Loire","325","Case of 3 Magnums","https://www.bbr.com/products-20238001018-2023-sancerre-les-monts-damnes-domaine-francois-cotat-loire","1106716","20238001018"
"Domaine Riffault","2018","Sancerre, Monoparcelle 469, Claude Riffault, Loire","520","Case of 6 Bottles","https://www.bbr.com/products-20188047326-2018-sancerre-monoparcelle-469-claude-riffault-loire","1885491","20188047326"
"Didier Dagueneau","2014","Sancerre, Mont Damne Didier Dagueneau","672","Case of 6 Bottles","https://www.bbr.com/products-20148117164-2014-sancerre-mont-damne-didier-dagueneau","1106774","20148117164"
"Domaine Vacheron","2021","Sancerre, Rouge, Belle Dame, Domaine Vacheron, Loire","290","Case of 6 Bottles","https://www.bbr.com/products-20218233970-2021-sancerre-rouge-belle-dame-domaine-vacheron-loire","1148329","20218233970"
"Domaine Vacheron","2022","Sancerre, Rouge, Domaine Vacheron, Loire","216","Case of 6 Bottles","https://www.bbr.com/products-20228233967-2022-sancerre-rouge-domaine-vacheron-loire","1438189","20228233967"
"Sandeman","1966","Sandeman, Port, Portugal","795","Case of 6 Bottles","https://www.bbr.com/products-19668213273-1966-sandeman-port-portugal","1690697","19668213273"
"David Moreau","2023","Santenay Blanc, Beaurepaire, 1er Cru, David Moreau, Burgundy","250","Case of 6 Bottles","https://www.bbr.com/products-20238148821-2023-santenay-blanc-beaurepaire-1er-cru-david-moreau-burgundy","1171149","20238148821"
"Domaine Hubert Lamy","2017","Santenay Blanc, Clos des Gravieres, 1er Cru, Domaine Hubert Lamy, Burgundy","888","Case of 6 Bottles","https://www.bbr.com/products-20171334120-2017-santenay-blanc-clos-des-gravieres-1er-cru-domaine-hubert-lamy-burgundy","1334120","20171334120"
"Domaine Hubert Lamy","2018","Santenay Blanc, Clos des Gravieres, 1er Cru, Domaine Hubert Lamy, Burgundy","388","Case of 6 Bottles","https://www.bbr.com/products-20181334120-2018-santenay-blanc-clos-des-gravieres-1er-cru-domaine-hubert-lamy-burgundy","1334120","20181334120"
"Domaine Hubert Lamy","2020","Santenay Blanc, Clos des Gravieres, 1er Cru, Domaine Hubert Lamy, Burgundy","350","Case of 6 Bottles","https://www.bbr.com/products-20201334120-2020-santenay-blanc-clos-des-gravieres-1er-cru-domaine-hubert-lamy-burgundy","1334120","20201334120"
"Domaine Jean-Marc Vincent","2022","Santenay Blanc, Les Vignes Denses, Jean-Marc Vincent, Burgundy","450","Case of 6 Bottles","https://www.bbr.com/products-20228305044-2022-santenay-blanc-les-vignes-denses-jean-marc-vincent-burgundy","2100089","20228305044"
"Domaine Jean-Marc Vincent","2022","Santenay Blanc, Les Vignes Denses, Jean-Marc Vincent, Burgundy","370","Case of 6 Bottles","https://www.bbr.com/products-20228305044-2022-santenay-blanc-les-vignes-denses-jean-marc-vincent-burgundy","2100089","20228305044"
"David Moreau","2020","Santenay Rouge, Beaurepaire, 1er Cru, David Moreau, Burgundy","200","Case of 6 Bottles","https://www.bbr.com/products-20208148818-2020-santenay-rouge-beaurepaire-1er-cru-david-moreau-burgundy","2155513","20208148818"
"David Moreau","2022","Santenay Rouge, Beaurepaire, 1er Cru, David Moreau, Burgundy","225","Case of 6 Bottles","https://www.bbr.com/products-20228148818-2022-santenay-rouge-beaurepaire-1er-cru-david-moreau-burgundy","2155513","20228148818"
"Maison Camille Giroud","2015","Santenay Rouge, Camille Giroud, Burgundy","135","Case of 6 Bottles","https://www.bbr.com/products-20158007430-2015-santenay-rouge-camille-giroud-burgundy","1035030","20158007430"
"Maison Camille Giroud","2016","Santenay Rouge, Camille Giroud, Burgundy","120","Case of 6 Bottles","https://www.bbr.com/products-20168007430-2016-santenay-rouge-camille-giroud-burgundy","1035030","20168007430"
"Maison Camille Giroud","2018","Santenay Rouge, Camille Giroud, Burgundy","185","Case of 6 Bottles","https://www.bbr.com/products-20188007430-2018-santenay-rouge-camille-giroud-burgundy","1035030","20188007430"
"Maison Camille Giroud","2019","Santenay Rouge, Camille Giroud, Burgundy","160","Case of 6 Bottles","https://www.bbr.com/products-20198007430-2019-santenay-rouge-camille-giroud-burgundy","1035030","20198007430"
"Maison Camille Giroud","2020","Santenay Rouge, Camille Giroud, Burgundy","180","Case of 6 Bottles","https://www.bbr.com/products-20208007430-2020-santenay-rouge-camille-giroud-burgundy","1035030","20208007430"
"Domaine Hubert Lamy","2022","Santenay Rouge, Clos des Gravieres, 1er Cru, Domaine Hubert Lamy, Burgundy","550","Case of 6 Bottles","https://www.bbr.com/products-20221324691-2022-santenay-rouge-clos-des-gravieres-1er-cru-domaine-hubert-lamy-burgundy","1324691","20221324691"
"Domaine Francoise et Denis Clair","2017","Santenay, Clos Genet, Francoise & Denis Clair, Burgundy","285","Case of 12 Bottles","https://www.bbr.com/products-20178154701-2017-santenay-clos-genet-francoise-denis-clair-burgundy","1224311","20178154701"
"Maison Camille Giroud","2011","Santenay, Clos Rousseau, 1er Cru, Camille Giroud, Burgundy","325","Case of 6 Bottles","https://www.bbr.com/products-20118024077-2011-santenay-clos-rousseau-1er-cru-camille-giroud-burgundy","1035043","20118024077"
"Maison Camille Giroud","2015","Santenay, Clos Rousseau, 1er Cru, Camille Giroud, Burgundy","282","Case of 6 Bottles","https://www.bbr.com/products-20158024077-2015-santenay-clos-rousseau-1er-cru-camille-giroud-burgundy","1035043","20158024077"
"Maison Camille Giroud","2016","Santenay, Clos Rousseau, 1er Cru, Camille Giroud, Burgundy","270","Case of 6 Bottles","https://www.bbr.com/products-20168024077-2016-santenay-clos-rousseau-1er-cru-camille-giroud-burgundy","1035043","20168024077"
"Maison Camille Giroud","2019","Santenay, Clos Rousseau, 1er Cru, Camille Giroud, Burgundy","180","Case of 6 Bottles","https://www.bbr.com/products-20198024077-2019-santenay-clos-rousseau-1er-cru-camille-giroud-burgundy","1035043","20198024077"
"Maison Camille Giroud","2020","Santenay, Clos Rousseau, 1er Cru, Camille Giroud, Burgundy","200","Case of 6 Bottles","https://www.bbr.com/products-20208024077-2020-santenay-clos-rousseau-1er-cru-camille-giroud-burgundy","1035043","20208024077"
"Maison Camille Giroud","2021","Santenay, Clos Rousseau, 1er Cru, Camille Giroud, Burgundy","225","Case of 6 Bottles","https://www.bbr.com/products-20218024077-2021-santenay-clos-rousseau-1er-cru-camille-giroud-burgundy","1035043","20218024077"
"David Moreau","2012","Santenay, Clos Rousseau, 1er Cru, David Moreau, Burgundy","450","Case of 6 Bottles","https://www.bbr.com/products-20128009388-2012-santenay-clos-rousseau-1er-cru-david-moreau-burgundy","1171165","20128009388"
"David Moreau","2015","Santenay, Clos Rousseau, 1er Cru, David Moreau, Burgundy","285","Case of 6 Bottles","https://www.bbr.com/products-20158009388-2015-santenay-clos-rousseau-1er-cru-david-moreau-burgundy","1171165","20158009388"
"David Moreau","2019","Santenay, Clos Rousseau, 1er Cru, David Moreau, Burgundy","190","Case of 6 Bottles","https://www.bbr.com/products-20198009388-2019-santenay-clos-rousseau-1er-cru-david-moreau-burgundy","1171165","20198009388"
"David Moreau","2021","Santenay, Clos Rousseau, 1er Cru, David Moreau, Burgundy","500","Case of 6 Bottles","https://www.bbr.com/products-20218009388-2021-santenay-clos-rousseau-1er-cru-david-moreau-burgundy","1171165","20218009388"
"David Moreau","2022","Santenay, Clos Rousseau, 1er Cru, David Moreau, Burgundy","240","Case of 6 Bottles","https://www.bbr.com/products-20228009388-2022-santenay-clos-rousseau-1er-cru-david-moreau-burgundy","1171165","20228009388"
"Domaine Hubert Lamy","2020","Santenay, Clos des Hates, Domaine Hubert Lamy, Burgundy","350","Case of 6 Bottles","https://www.bbr.com/products-20208019396-2020-santenay-clos-des-hates-domaine-hubert-lamy-burgundy","1040359","20208019396"
"David Moreau","2016","Santenay, Clos des Mouches, 1er Cru, David Moreau, Burgundy","230","Case of 6 Bottles","https://www.bbr.com/products-20161171152-2016-santenay-clos-des-mouches-1er-cru-david-moreau-burgundy","1171152","20161171152"
"David Moreau","2018","Santenay, Clos des Mouches, 1er Cru, David Moreau, Burgundy","160","Case of 6 Bottles","https://www.bbr.com/products-20181171152-2018-santenay-clos-des-mouches-1er-cru-david-moreau-burgundy","1171152","20181171152"
"David Moreau","2019","Santenay, Clos des Mouches, 1er Cru, David Moreau, Burgundy","155","Case of 6 Bottles","https://www.bbr.com/products-20191171152-2019-santenay-clos-des-mouches-1er-cru-david-moreau-burgundy","1171152","20191171152"
"David Moreau","2020","Santenay, Clos des Mouches, 1er Cru, David Moreau, Burgundy","220","Case of 6 Bottles","https://www.bbr.com/products-20201171152-2020-santenay-clos-des-mouches-1er-cru-david-moreau-burgundy","1171152","20201171152"
"David Moreau","2021","Santenay, Clos des Mouches, 1er Cru, David Moreau, Burgundy","245","Case of 6 Bottles","https://www.bbr.com/products-20211171152-2021-santenay-clos-des-mouches-1er-cru-david-moreau-burgundy","1171152","20211171152"
"David Moreau","2022","Santenay, Clos des Mouches, 1er Cru, David Moreau, Burgundy","225","Case of 6 Bottles","https://www.bbr.com/products-20221171152-2022-santenay-clos-des-mouches-1er-cru-david-moreau-burgundy","1171152","20221171152"
"Domaine Francoise et Denis Clair","2019","Santenay, Clos des Tavannes, 1er Cru, Francoise & Denis Clair, Burgundy","375","Case of 12 Bottles","https://www.bbr.com/products-20198154714-2019-santenay-clos-des-tavannes-1er-cru-francoise-denis-clair-burgundy","1273306","20198154714"
"David Moreau","2018","Santenay, Cuvee ""S"", David Moreau, Burgundy","115","Case of 6 Bottles","https://www.bbr.com/products-20181176795-2018-santenay-cuvee-s-david-moreau-burgundy","1176795","20181176795"
"David Moreau","2022","Santenay, Cuvee ""S"", David Moreau, Burgundy","160","Case of 6 Bottles","https://www.bbr.com/products-20221176795-2022-santenay-cuvee-s-david-moreau-burgundy","1176795","20221176795"
"Domaine Philippe Colin","2019","Santenay, Les Gravieres, 1er Cru, Domaine Philippe Colin, Burgundy","440","Case of 12 Bottles","https://www.bbr.com/products-20191361746-2019-santenay-les-gravieres-1er-cru-domaine-philippe-colin-burgundy","1361746","20191361746"
"Maison Pierre-Yves Colin-Morey","2017","Santenay, Les Gravieres, 1er Cru, Pierre-Yves Colin-Morey, Burgundy","420","Case of 6 Bottles","https://www.bbr.com/products-20178103901-2017-santenay-les-gravieres-1er-cru-pierre-yves-colin-morey-burgundy","1795389","20178103901"
"David Moreau","2018","Santenay, Les Hates, David Moreau, Burgundy","180","Case of 6 Bottles","https://www.bbr.com/products-20188001047-2018-santenay-les-hates-david-moreau-burgundy","1620849","20188001047"
"David Moreau","2020","Santenay, Les Hates, David Moreau, Burgundy","170","Case of 6 Bottles","https://www.bbr.com/products-20208001047-2020-santenay-les-hates-david-moreau-burgundy","1620849","20208001047"
"Maison Leroy","2003","Santenay, Maison Leroy, Burgundy (2021 Release)","4800","Case of 12 Bottles","https://www.bbr.com/products-20038067010-2003-santenay-maison-leroy-burgundy-2021-release","1044458","20038067010"
"Jean-Claude Boisset","2020","Santenay, Passetemps, 1er Cru, Jean-Claude Boisset, Burgundy","255","Case of 6 Bottles","https://www.bbr.com/products-20208322636-2020-santenay-passetemps-1er-cru-jean-claude-boisset-burgundy","1546675","20208322636"
"Olivier Leflaive","2023","Santenay, Passetemps, 1er Cru, Olivier Leflaive, Burgundy","220","Case of 6 Bottles","https://www.bbr.com/products-20238242066-2023-santenay-passetemps-1er-cru-olivier-leflaive-burgundy","1805550","20238242066"
"Chateau Gruaud-Larose","2005","Sarget de Gruaud Larose, St Julien, Bordeaux","330","Case of 24 Half Bottles","https://www.bbr.com/products-20058004396-2005-sarget-de-gruaud-larose-st-julien-bordeaux","1015030","20058004396"
"Chateau Gruaud-Larose","2005","Sarget de Gruaud Larose, St Julien, Bordeaux","360","Case of 6 Magnums","https://www.bbr.com/products-20058004396-2005-sarget-de-gruaud-larose-st-julien-bordeaux","1015030","20058004396"
"Chateau Gruaud-Larose","2009","Sarget de Gruaud Larose, St Julien, Bordeaux","290","Case of 12 Bottles","https://www.bbr.com/products-20098004396-2009-sarget-de-gruaud-larose-st-julien-bordeaux","1015030","20098004396"
"Chateau Gruaud-Larose","2009","Sarget de Gruaud Larose, St Julien, Bordeaux","350","Case of 1 Imperials","https://www.bbr.com/products-20098004396-2009-sarget-de-gruaud-larose-st-julien-bordeaux","1015030","20098004396"
"Chateau Gruaud-Larose","2010","Sarget de Gruaud Larose, St Julien, Bordeaux","300","Case of 12 Bottles","https://www.bbr.com/products-20108004396-2010-sarget-de-gruaud-larose-st-julien-bordeaux","1015030","20108004396"
"Chateau Gruaud-Larose","2010","Sarget de Gruaud Larose, St Julien, Bordeaux","338","Case of 12 Bottles","https://www.bbr.com/products-20108004396-2010-sarget-de-gruaud-larose-st-julien-bordeaux","1015030","20108004396"
"Chateau Gruaud-Larose","2010","Sarget de Gruaud Larose, St Julien, Bordeaux","385","Case of 1 Imperials","https://www.bbr.com/products-20108004396-2010-sarget-de-gruaud-larose-st-julien-bordeaux","1015030","20108004396"
"Chateau Gruaud-Larose","2010","Sarget de Gruaud Larose, St Julien, Bordeaux","330","Case of 6 Magnums","https://www.bbr.com/products-20108004396-2010-sarget-de-gruaud-larose-st-julien-bordeaux","1015030","20108004396"
"Chateau Gruaud-Larose","2011","Sarget de Gruaud Larose, St Julien, Bordeaux","213","Case of 12 Bottles","https://www.bbr.com/products-20118004396-2011-sarget-de-gruaud-larose-st-julien-bordeaux","1015030","20118004396"
"Chateau Gruaud-Larose","2012","Sarget de Gruaud Larose, St Julien, Bordeaux","222","Case of 12 Bottles","https://www.bbr.com/products-20128004396-2012-sarget-de-gruaud-larose-st-julien-bordeaux","1015030","20128004396"
"Chateau Gruaud-Larose","2019","Sarget de Gruaud Larose, St Julien, Bordeaux","210","Case of 6 Bottles","https://www.bbr.com/products-20198004396-2019-sarget-de-gruaud-larose-st-julien-bordeaux","1015030","20198004396"
"Sassicaia","2003","Sassicaia, Tenuta San Guido, Bolgheri Sassicaia, Tuscany, Italy","1450","Case of 6 Bottles","https://www.bbr.com/products-20038008596-2003-sassicaia-tenuta-san-guido-bolgheri-sassicaia-tuscany-italy","1102037","20038008596"
"Sassicaia","2003","Sassicaia, Tenuta San Guido, Bolgheri Sassicaia, Tuscany, Italy","500","Case of 1 Magnums","https://www.bbr.com/products-20038008596-2003-sassicaia-tenuta-san-guido-bolgheri-sassicaia-tuscany-italy","1102037","20038008596"
"Sassicaia","2007","Sassicaia, Tenuta San Guido, Bolgheri Sassicaia, Tuscany, Italy","1680","Case of 6 Bottles","https://www.bbr.com/products-20078008596-2007-sassicaia-tenuta-san-guido-bolgheri-sassicaia-tuscany-italy","1102037","20078008596"
"Sassicaia","2008","Sassicaia, Tenuta San Guido, Bolgheri Sassicaia, Tuscany, Italy","1600","Case of 6 Bottles","https://www.bbr.com/products-20088008596-2008-sassicaia-tenuta-san-guido-bolgheri-sassicaia-tuscany-italy","1102037","20088008596"
"Sassicaia","2008","Sassicaia, Tenuta San Guido, Bolgheri Sassicaia, Tuscany, Italy","1950","Case of 3 Magnums","https://www.bbr.com/products-20088008596-2008-sassicaia-tenuta-san-guido-bolgheri-sassicaia-tuscany-italy","1102037","20088008596"
"Sassicaia","2008","Sassicaia, Tenuta San Guido, Bolgheri Sassicaia, Tuscany, Italy","2395","Case of 3 Magnums","https://www.bbr.com/products-20088008596-2008-sassicaia-tenuta-san-guido-bolgheri-sassicaia-tuscany-italy","1102037","20088008596"
"Sassicaia","2009","Sassicaia, Tenuta San Guido, Bolgheri Sassicaia, Tuscany, Italy","1575","Case of 6 Bottles","https://www.bbr.com/products-20098008596-2009-sassicaia-tenuta-san-guido-bolgheri-sassicaia-tuscany-italy","1102037","20098008596"
"Sassicaia","2009","Sassicaia, Tenuta San Guido, Bolgheri Sassicaia, Tuscany, Italy","1800","Case of 6 Bottles","https://www.bbr.com/products-20098008596-2009-sassicaia-tenuta-san-guido-bolgheri-sassicaia-tuscany-italy","1102037","20098008596"
"Sassicaia","2009","Sassicaia, Tenuta San Guido, Bolgheri Sassicaia, Tuscany, Italy","2950","Case of 12 Bottles","https://www.bbr.com/products-20098008596-2009-sassicaia-tenuta-san-guido-bolgheri-sassicaia-tuscany-italy","1102037","20098008596"
"Sassicaia","2010","Sassicaia, Tenuta San Guido, Bolgheri Sassicaia, Tuscany, Italy","3640","Case of 12 Bottles","https://www.bbr.com/products-20108008596-2010-sassicaia-tenuta-san-guido-bolgheri-sassicaia-tuscany-italy","1102037","20108008596"
"Sassicaia","2010","Sassicaia, Tenuta San Guido, Bolgheri Sassicaia, Tuscany, Italy","1175","Case of 6 Bottles","https://www.bbr.com/products-20108008596-2010-sassicaia-tenuta-san-guido-bolgheri-sassicaia-tuscany-italy","1102037","20108008596"
"Sassicaia","2011","Sassicaia, Tenuta San Guido, Bolgheri Sassicaia, Tuscany, Italy","1100","Case of 6 Bottles","https://www.bbr.com/products-20118008596-2011-sassicaia-tenuta-san-guido-bolgheri-sassicaia-tuscany-italy","1102037","20118008596"
"Sassicaia","2011","Sassicaia, Tenuta San Guido, Bolgheri Sassicaia, Tuscany, Italy","2490","Case of 12 Bottles","https://www.bbr.com/products-20118008596-2011-sassicaia-tenuta-san-guido-bolgheri-sassicaia-tuscany-italy","1102037","20118008596"
"Sassicaia","2011","Sassicaia, Tenuta San Guido, Bolgheri Sassicaia, Tuscany, Italy","1350","Case of 6 Bottles","https://www.bbr.com/products-20118008596-2011-sassicaia-tenuta-san-guido-bolgheri-sassicaia-tuscany-italy","1102037","20118008596"
"Sassicaia","2011","Sassicaia, Tenuta San Guido, Bolgheri Sassicaia, Tuscany, Italy","1200","Case of 6 Bottles","https://www.bbr.com/products-20118008596-2011-sassicaia-tenuta-san-guido-bolgheri-sassicaia-tuscany-italy","1102037","20118008596"
"Sassicaia","2012","Sassicaia, Tenuta San Guido, Bolgheri Sassicaia, Tuscany, Italy","2068","Case of 6 Bottles","https://www.bbr.com/products-20128008596-2012-sassicaia-tenuta-san-guido-bolgheri-sassicaia-tuscany-italy","1102037","20128008596"
"Sassicaia","2013","Sassicaia, Tenuta San Guido, Bolgheri Sassicaia, Tuscany, Italy","1228","Case of 6 Bottles","https://www.bbr.com/products-20138008596-2013-sassicaia-tenuta-san-guido-bolgheri-sassicaia-tuscany-italy","1102037","20138008596"
"Sassicaia","2013","Sassicaia, Tenuta San Guido, Bolgheri Sassicaia, Tuscany, Italy","699","Case of 1 Magnums","https://www.bbr.com/products-20138008596-2013-sassicaia-tenuta-san-guido-bolgheri-sassicaia-tuscany-italy","1102037","20138008596"
"Sassicaia","2014","Sassicaia, Tenuta San Guido, Bolgheri Sassicaia, Tuscany, Italy","1045","Case of 6 Bottles","https://www.bbr.com/products-20148008596-2014-sassicaia-tenuta-san-guido-bolgheri-sassicaia-tuscany-italy","1102037","20148008596"
"Sassicaia","2015","Sassicaia, Tenuta San Guido, Bolgheri Sassicaia, Tuscany, Italy","1160","Case of 6 Bottles","https://www.bbr.com/products-20158008596-2015-sassicaia-tenuta-san-guido-bolgheri-sassicaia-tuscany-italy","1102037","20158008596"
"Sassicaia","2016","Sassicaia, Tenuta San Guido, Bolgheri Sassicaia, Tuscany, Italy","1800","Case of 6 Bottles","https://www.bbr.com/products-20168008596-2016-sassicaia-tenuta-san-guido-bolgheri-sassicaia-tuscany-italy","1102037","20168008596"
"Sassicaia","2016","Sassicaia, Tenuta San Guido, Bolgheri Sassicaia, Tuscany, Italy","2500","Case of 6 Bottles","https://www.bbr.com/products-20168008596-2016-sassicaia-tenuta-san-guido-bolgheri-sassicaia-tuscany-italy","1102037","20168008596"
"Sassicaia","2017","Sassicaia, Tenuta San Guido, Bolgheri Sassicaia, Tuscany, Italy","1100","Case of 6 Bottles","https://www.bbr.com/products-20178008596-2017-sassicaia-tenuta-san-guido-bolgheri-sassicaia-tuscany-italy","1102037","20178008596"
"Sassicaia","2017","Sassicaia, Tenuta San Guido, Bolgheri Sassicaia, Tuscany, Italy","1075","Case of 6 Bottles","https://www.bbr.com/products-20178008596-2017-sassicaia-tenuta-san-guido-bolgheri-sassicaia-tuscany-italy","1102037","20178008596"
"Sassicaia","2018","Sassicaia, Tenuta San Guido, Bolgheri Sassicaia, Tuscany, Italy","1090","Case of 6 Bottles","https://www.bbr.com/products-20188008596-2018-sassicaia-tenuta-san-guido-bolgheri-sassicaia-tuscany-italy","1102037","20188008596"
"Sassicaia","2018","Sassicaia, Tenuta San Guido, Bolgheri Sassicaia, Tuscany, Italy","1110","Case of 6 Bottles","https://www.bbr.com/products-20188008596-2018-sassicaia-tenuta-san-guido-bolgheri-sassicaia-tuscany-italy","1102037","20188008596"
"Sassicaia","2018","Sassicaia, Tenuta San Guido, Bolgheri Sassicaia, Tuscany, Italy","1190","Case of 3 Magnums","https://www.bbr.com/products-20188008596-2018-sassicaia-tenuta-san-guido-bolgheri-sassicaia-tuscany-italy","1102037","20188008596"
"Sassicaia","2019","Sassicaia, Tenuta San Guido, Bolgheri Sassicaia, Tuscany, Italy","1200","Case of 6 Bottles","https://www.bbr.com/products-20198008596-2019-sassicaia-tenuta-san-guido-bolgheri-sassicaia-tuscany-italy","1102037","20198008596"
"Sassicaia","2019","Sassicaia, Tenuta San Guido, Bolgheri Sassicaia, Tuscany, Italy","1400","Case of 6 Bottles","https://www.bbr.com/products-20198008596-2019-sassicaia-tenuta-san-guido-bolgheri-sassicaia-tuscany-italy","1102037","20198008596"
"Sassicaia","2019","Sassicaia, Tenuta San Guido, Bolgheri Sassicaia, Tuscany, Italy","1250","Case of 6 Bottles","https://www.bbr.com/products-20198008596-2019-sassicaia-tenuta-san-guido-bolgheri-sassicaia-tuscany-italy","1102037","20198008596"
"Sassicaia","2019","Sassicaia, Tenuta San Guido, Bolgheri Sassicaia, Tuscany, Italy","640","Case of 1 Magnums","https://www.bbr.com/products-20198008596-2019-sassicaia-tenuta-san-guido-bolgheri-sassicaia-tuscany-italy","1102037","20198008596"
"Sassicaia","2020","Sassicaia, Tenuta San Guido, Bolgheri Sassicaia, Tuscany, Italy","1225","Case of 6 Bottles","https://www.bbr.com/products-20208008596-2020-sassicaia-tenuta-san-guido-bolgheri-sassicaia-tuscany-italy","1102037","20208008596"
"Sassicaia","2020","Sassicaia, Tenuta San Guido, Bolgheri Sassicaia, Tuscany, Italy","990","Case of 6 Bottles","https://www.bbr.com/products-20208008596-2020-sassicaia-tenuta-san-guido-bolgheri-sassicaia-tuscany-italy","1102037","20208008596"
"Sassicaia","2021","Sassicaia, Tenuta San Guido, Bolgheri Sassicaia, Tuscany, Italy","1600","Case of 6 Bottles","https://www.bbr.com/products-20218008596-2021-sassicaia-tenuta-san-guido-bolgheri-sassicaia-tuscany-italy","1102037","20218008596"
"Sassicaia","2021","Sassicaia, Tenuta San Guido, Bolgheri Sassicaia, Tuscany, Italy","1500","Case of 6 Bottles","https://www.bbr.com/products-20218008596-2021-sassicaia-tenuta-san-guido-bolgheri-sassicaia-tuscany-italy","1102037","20218008596"
"Sassicaia","2021","Sassicaia, Tenuta San Guido, Bolgheri Sassicaia, Tuscany, Italy","1750","Case of 3 Magnums","https://www.bbr.com/products-20218008596-2021-sassicaia-tenuta-san-guido-bolgheri-sassicaia-tuscany-italy","1102037","20218008596"
"Sassicaia","2022","Sassicaia, Tenuta San Guido, Bolgheri Sassicaia, Tuscany, Italy","1149","Case of 6 Bottles","https://www.bbr.com/products-20228008596-2022-sassicaia-tenuta-san-guido-bolgheri-sassicaia-tuscany-italy","1102037","20228008596"
"Sassicaia","2022","Sassicaia, Tenuta San Guido, Bolgheri Sassicaia, Tuscany, Italy","1150","Case of 6 Bottles","https://www.bbr.com/products-20228008596-2022-sassicaia-tenuta-san-guido-bolgheri-sassicaia-tuscany-italy","1102037","20228008596"
"Sassicaia","2022","Sassicaia, Tenuta San Guido, Bolgheri Sassicaia, Tuscany, Italy","1400","Case of 6 Bottles","https://www.bbr.com/products-20228008596-2022-sassicaia-tenuta-san-guido-bolgheri-sassicaia-tuscany-italy","1102037","20228008596"
"Domaine Guiberteau","2020","Saumur Blanc, Breze, Domaine Guiberteau, Loire","349","Case of 6 Bottles","https://www.bbr.com/products-20208047296-2020-saumur-blanc-breze-domaine-guiberteau-loire","1450558","20208047296"
"Clos Rougeard","2014","Saumur Blanc, Breze, Clos Rougeard, Loire","1200","Case of 6 Bottles","https://www.bbr.com/products-20148047094-2014-saumur-blanc-breze-clos-rougeard-loire","1106703","20148047094"
"Clos Rougeard","2019","Saumur Blanc, Breze, Clos Rougeard, Loire","750","Case of 3 Bottles","https://www.bbr.com/products-20198047094-2019-saumur-blanc-breze-clos-rougeard-loire","1106703","20198047094"
"Domaine Guiberteau","2018","Saumur Blanc, Clos des Carmes, Domaine Guiberteau, Loire","800","Case of 3 Magnums","https://www.bbr.com/products-20188047300-2018-saumur-blanc-clos-des-carmes-domaine-guiberteau-loire","1450545","20188047300"
"Domaine Guiberteau","2020","Saumur Blanc, Clos des Carmes, Domaine Guiberteau, Loire","800","Case of 6 Bottles","https://www.bbr.com/products-20208047300-2020-saumur-blanc-clos-des-carmes-domaine-guiberteau-loire","1450545","20208047300"
"Domaine Arnaud Lambert","2021","Saumur Blanc, David, Arnaud Lambert, Loire","175","Case of 6 Bottles","https://www.bbr.com/products-20218067922-2021-saumur-blanc-david-arnaud-lambert-loire","1829532","20218067922"
"Domaine Arnaud Lambert","2022","Saumur Blanc, David, Arnaud Lambert, Loire","195","Case of 6 Bottles","https://www.bbr.com/products-20228067922-2022-saumur-blanc-david-arnaud-lambert-loire","1829532","20228067922"
"Domaine Guiberteau","2021","Saumur Blanc, Domaine Guiberteau, Loire","134","Case of 6 Bottles","https://www.bbr.com/products-20218051635-2021-saumur-blanc-domaine-guiberteau-loire","1310193","20218051635"
"Clos de l'Ecotard","2019","Saumur Blanc, L'Enroulee, Clos de L'Ecotard, Thibaud &amp; Michel Chevre, Loire","135","Case of 6 Bottles","https://www.bbr.com/products-20198174802-2019-saumur-blanc-l-enroulee-clos-de-l-ecotard-thibaud-and-michel-chevre-loire","2888884","20198174802"
"Domaine Guiberteau","2022","Saumur Blanc, Le Bourg Breze, Domine Guiberteau, Loire","320","Case of 6 Bottles","https://www.bbr.com/products-20228181688-2022-saumur-blanc-le-bourg-breze-domine-guiberteau-loire","1450558","20228181688"
"Domaine Guiberteau","2019","Saumur Rouge, Domaine Guiberteau, Loire","115","Case of 6 Bottles","https://www.bbr.com/products-20198181691-2019-saumur-rouge-domaine-guiberteau-loire","1380475","20198181691"
"Domaine Theo Blet","2022","Saumur, Blanc, La Peyanne, Domaine Theo Blet, Loire","149","Case of 6 Bottles","https://www.bbr.com/products-20228245621-2022-saumur-blanc-la-peyanne-domaine-theo-blet-loire","3043219","20228245621"
"Domaine Theo Blet","2023","Saumur, Rouge, Le Corbin, Domaine Theo Blet, Loire","200","Case of 6 Bottles","https://www.bbr.com/products-20238245663-2023-saumur-rouge-le-corbin-domaine-theo-blet-loire","3051252","20238245663"
"Clos Rougeard","2012","Saumur-Champigny, Clos Rougeard, Loire","1500","Case of 6 Bottles","https://www.bbr.com/products-20128040314-2012-saumur-champigny-clos-rougeard-loire","1315619","20128040314"
"Clos Rougeard","2014","Saumur-Champigny, Clos Rougeard, Loire","1250","Case of 6 Bottles","https://www.bbr.com/products-20148040314-2014-saumur-champigny-clos-rougeard-loire","1315619","20148040314"
"Clos Rougeard","2015","Saumur-Champigny, Clos Rougeard, Loire","1600","Case of 6 Bottles","https://www.bbr.com/products-20158040314-2015-saumur-champigny-clos-rougeard-loire","1315619","20158040314"
"Clos Rougeard","2017","Saumur-Champigny, Clos Rougeard, Loire","920","Case of 3 Magnums","https://www.bbr.com/products-20178040314-2017-saumur-champigny-clos-rougeard-loire","1315619","20178040314"
"Clos Rougeard","2019","Saumur-Champigny, Clos Rougeard, Loire","450","Case of 3 Bottles","https://www.bbr.com/products-20198040314-2019-saumur-champigny-clos-rougeard-loire","1315619","20198040314"
"Clos Rougeard","2019","Saumur-Champigny, Clos Rougeard, Loire","400","Case of 1 Magnums","https://www.bbr.com/products-20198040314-2019-saumur-champigny-clos-rougeard-loire","1315619","20198040314"
"Domaine des Roches Neuves","2018","Saumur-Champigny, Clos de l'Echelier, Domaine des Roches Neuves, Thierry Germain, Loire","145","Case of 6 Bottles","https://www.bbr.com/products-20188203685-2018-saumur-champigny-clos-de-l-echelier-domaine-des-roches-neuves-thierry-germain-loire","1439199","20188203685"
"Domaine des Roches Neuves","2018","Saumur-Champigny, Clos de l'Echelier, Domaine des Roches Neuves, Thierry Germain, Loire","160","Case of 6 Bottles","https://www.bbr.com/products-20188203685-2018-saumur-champigny-clos-de-l-echelier-domaine-des-roches-neuves-thierry-germain-loire","1439199","20188203685"
"Domaine des Roches Neuves","2016","Saumur-Champigny, Clos de l'Echelier, Domaine des Roches Neuves,Thierry Germain, Loire","170","Case of 6 Bottles","https://www.bbr.com/products-20168203685-2016-saumur-champigny-clos-de-l-echelier-domaine-des-roches-neuves-thierry-germain-loire","1439199","20168203685"
"Domaine des Closiers","2019","Saumur-Champigny, Expression, Domaine des Closiers, Loire","119","Case of 6 Bottles","https://www.bbr.com/products-20198066778-2019-saumur-champigny-expression-domaine-des-closiers-loire","2146270","20198066778"
"Domaine des Roches Neuves","2021","Saumur-Champigny, Franc de Pied, Domaine des Roches Neuves, Loire","205","Case of 6 Bottles","https://www.bbr.com/products-20218205836-2021-saumur-champigny-franc-de-pied-domaine-des-roches-neuves-loire","1328758","20218205836"
"Domaine des Roches Neuves","2018","Saumur-Champigny, Franc de Pied, Domaine des Roches Neuves, Thierry Germain, Loire","140","Case of 6 Bottles","https://www.bbr.com/products-20188205836-2018-saumur-champigny-franc-de-pied-domaine-des-roches-neuves-thierry-germain-loire","1328758","20188205836"
"Domaine des Roches Neuves","2018","Saumur-Champigny, Franc de Pied, Domaine des Roches Neuves, Thierry Germain, Loire","130","Case of 6 Bottles","https://www.bbr.com/products-20188205836-2018-saumur-champigny-franc-de-pied-domaine-des-roches-neuves-thierry-germain-loire","1328758","20188205836"
"Domaine des Roches Neuves","2019","Saumur-Champigny, Franc de Pied, Domaine des Roches Neuves, ThierryGermain, Loire","181","Case of 6 Bottles","https://www.bbr.com/products-20198205836-2019-saumur-champigny-franc-de-pied-domaine-des-roches-neuves-thierrygermain-loire","1328758","20198205836"
"Domaine des Roches Neuves","2018","Saumur-Champigny, La Marginale, Domaine des Roches Neuves, Thierry Germain, Loire","398","Case of 6 Magnums","https://www.bbr.com/products-20188056669-2018-saumur-champigny-la-marginale-domaine-des-roches-neuves-thierry-germain-loire","1343593","20188056669"
"Clos Rougeard","2011","Saumur-Champigny, Le Bourg, Clos Rougeard, Loire","2500","Case of 6 Bottles","https://www.bbr.com/products-20118114091-2011-saumur-champigny-le-bourg-clos-rougeard-loire","1148778","20118114091"
"Clos Rougeard","2018","Saumur-Champigny, Le Bourg, Clos Rougeard, Loire","600","Case of 1 Magnums","https://www.bbr.com/products-20188114091-2018-saumur-champigny-le-bourg-clos-rougeard-loire","1148778","20188114091"
"Domaine des Closiers","2020","Saumur-Champigny, Les Closiers, Domaine des Closiers, Loire","90","Case of 6 Bottles","https://www.bbr.com/products-20208154554-2020-saumur-champigny-les-closiers-domaine-des-closiers-loire","2311087","20208154554"
"Domaine des Closiers","2020","Saumur-Champigny, Les Coudraies, Domaine des Closiers, Loire","240","Case of 6 Bottles","https://www.bbr.com/products-20208148254-2020-saumur-champigny-les-coudraies-domaine-des-closiers-loire","2147831","20208148254"
"Domaine des Roches Neuves","2018","Saumur-Champigny, Les Memoires, Domaine des Roches Neuves, ThierryGermain, Loire","215","Case of 6 Bottles","https://www.bbr.com/products-20188204914-2018-saumur-champigny-les-memoires-domaine-des-roches-neuves-thierrygermain-loire","1376254","20188204914"
"Clos Rougeard","2012","Saumur-Champigny, Les Poyeux, Clos Rougeard, Loire","1950","Case of 6 Bottles","https://www.bbr.com/products-20128114088-2012-saumur-champigny-les-poyeux-clos-rougeard-loire","1148781","20128114088"
"Clos Rougeard","2015","Saumur-Champigny, Les Poyeux, Clos Rougeard, Loire","1500","Case of 6 Bottles","https://www.bbr.com/products-20158114088-2015-saumur-champigny-les-poyeux-clos-rougeard-loire","1148781","20158114088"
"Clos Rougeard","2015","Saumur-Champigny, Les Poyeux, Clos Rougeard, Loire","1950","Case of 6 Bottles","https://www.bbr.com/products-20158114088-2015-saumur-champigny-les-poyeux-clos-rougeard-loire","1148781","20158114088"
"Clos Rougeard","2018","Saumur-Champigny, Les Poyeux, Clos Rougeard, Loire","398","Case of 1 Magnums","https://www.bbr.com/products-20188114088-2018-saumur-champigny-les-poyeux-clos-rougeard-loire","1148781","20188114088"
"Domaine des Roches Neuves","2018","Saumur-Champigny, Outre Terre, Domaine des Roches Neuves, Loire","170","Case of 6 Bottles","https://www.bbr.com/products-20188056672-2018-saumur-champigny-outre-terre-domaine-des-roches-neuves-loire","1510186","20188056672"
"Domaine des Closiers","2019","Saumur-Champigny, Trezellieres, Domaine des Closiers, Loire","750","Case of 6 Bottles","https://www.bbr.com/products-20198174785-2019-saumur-champigny-trezellieres-domaine-des-closiers-loire","2723118","20198174785"
"Domaine des Closiers","2020","Saumur-Champigny, Trezellieres, Domaine des Closiers, Loire","350","Case of 6 Bottles","https://www.bbr.com/products-20208174785-2020-saumur-champigny-trezellieres-domaine-des-closiers-loire","2723118","20208174785"
"Savage","2021","Savage, Salt River, Sauvignon Blanc, Western Cape, South Africa","78","Case of 6 Bottles","https://www.bbr.com/products-20218031794-2021-savage-salt-river-sauvignon-blanc-western-cape-south-africa","1994971","20218031794"
"Thibaud Boudignon","2021","Savennieres, Clos de Fremine, Domaine Thibaud Boudignon, Loire","420","Case of 6 Bottles","https://www.bbr.com/products-20218063054-2021-savennieres-clos-de-fremine-domaine-thibaud-boudignon-loire","1892831","20218063054"
"Thibaud Boudignon","2019","Savennieres, Clos de la Hutte, Domaine Thibaud Boudignon, Loire","110","Case of 1 Bottles","https://www.bbr.com/products-20198059817-2019-savennieres-clos-de-la-hutte-domaine-thibaud-boudignon-loire","1658417","20198059817"
"Thibaud Boudignon","2020","Savennieres, Clos de la Hutte, Domaine Thibaud Boudignon, Loire","395","Case of 6 Bottles","https://www.bbr.com/products-20208059817-2020-savennieres-clos-de-la-hutte-domaine-thibaud-boudignon-loire","1658417","20208059817"
"Thibaud Boudignon","2021","Savennieres, Clos de la Hutte, Domaine Thibaud Boudignon, Loire","370","Case of 6 Bottles","https://www.bbr.com/products-20218059817-2021-savennieres-clos-de-la-hutte-domaine-thibaud-boudignon-loire","1658417","20218059817"
"Eric Morgat, Savennieres","2018","Savennieres, Fides, Eric Morgat, Loire","260","Case of 6 Bottles","https://www.bbr.com/products-20181360231-2018-savennieres-fides-eric-morgat-loire","1360231","20181360231"
"Eric Morgat, Savennieres","2018","Savennieres, Fides, Eric Morgat, Loire","260","Case of 6 Bottles","https://www.bbr.com/products-20181360231-2018-savennieres-fides-eric-morgat-loire","1360231","20181360231"
"Eric Morgat, Savennieres","2019","Savennieres, Fides, Eric Morgat, Loire","367","Case of 6 Bottles","https://www.bbr.com/products-20191360231-2019-savennieres-fides-eric-morgat-loire","1360231","20191360231"
"Thibaud Boudignon","2020","Savennieres, Franc de Pied, Domaine Thibaud Boudignon, Loire","500","Case of 1 Bottles","https://www.bbr.com/products-20208307703-2020-savennieres-franc-de-pied-domaine-thibaud-boudignon-loire","3003046","20208307703"
"Thibaud Boudignon","2020","Savennieres, Franc de Pied, Domaine Thibaud Boudignon, Loire","450","Case of 1 Bottles","https://www.bbr.com/products-20208307703-2020-savennieres-franc-de-pied-domaine-thibaud-boudignon-loire","3003046","20208307703"
"Thibaud Boudignon","2020","Savennieres, La Vigne Cendree, Domaine Thibaud Boudignon, Loire","315","Case of 6 Bottles","https://www.bbr.com/products-20208063067-2020-savennieres-la-vigne-cendree-domaine-thibaud-boudignon-loire","1977695","20208063067"
"Domaine Belargus","2020","Savennieres, Rucheres, Domaine Belargus, Loire","259.5","Case of 3 Bottles","https://www.bbr.com/products-20208079439-2020-savennieres-rucheres-domaine-belargus-loire","2173085","20208079439"
"Domaine Belargus","2021","Savennieres, Rucheres, Domaine Belargus, Loire","325","Case of 3 Bottles","https://www.bbr.com/products-20218079439-2021-savennieres-rucheres-domaine-belargus-loire","2173085","20218079439"
"Maison Nicolas Potel","2005","Savigny Haut Jarrons, Nicolas Potel","350","Case of 12 Bottles","https://www.bbr.com/products-20058140519-2005-savigny-haut-jarrons-nicolas-potel","1052592","20058140519"
"Domaine de la Vougeraie","2019","Savigny les Beaune, Les Marconnets, 1er Cru, Domaine le la Vougeraie, Burgundy","312","Case of 6 Bottles","https://www.bbr.com/products-20198234430-2019-savigny-les-beaune-les-marconnets-1er-cru-domaine-le-la-vougeraie-burgundy","1059490","20198234430"
"Tollot-Beaut","2015","Savigny-Lavieres, 1er Cru, Domaine Tollot-Beaut, Burgundy","475","Case of 6 Bottles","https://www.bbr.com/products-20151058464-2015-savigny-lavieres-1er-cru-domaine-tollot-beaut-burgundy","1058464","20151058464"
"Bruno Clair","2005","Savigny-Les-Beaune, La Dominode, 1er Cru, Domaine Bruno Clair, Burgundy","1388","Case of 12 Bottles","https://www.bbr.com/products-20058122379-2005-savigny-les-beaune-la-dominode-1er-cru-domaine-bruno-clair-burgundy","1025572","20058122379"
"Bruno Clair","2022","Savigny-Les-Beaune, La Dominode, 1er Cru, Domaine Bruno Clair, Burgundy","360","Case of 6 Bottles","https://www.bbr.com/products-20228122379-2022-savigny-les-beaune-la-dominode-1er-cru-domaine-bruno-clair-burgundy","1025572","20228122379"
"Domaine Guyon","2015","Savigny-Les-Beaune, Les Peuillets, 1er Cru, Domaine Guyon, Burgundy","265","Case of 6 Bottles","https://www.bbr.com/products-20151447099-2015-savigny-les-beaune-les-peuillets-1er-cru-domaine-guyon-burgundy","1447099","20151447099"
"Domaine Guyon","2017","Savigny-Les-Beaune, Les Peuillets, 1er Cru, Domaine Guyon, Burgundy","336","Case of 6 Bottles","https://www.bbr.com/products-20171447099-2017-savigny-les-beaune-les-peuillets-1er-cru-domaine-guyon-burgundy","1447099","20171447099"
"Domaine Guyon","2018","Savigny-Les-Beaune, Les Peuillets, 1er Cru, Domaine Guyon, Burgundy","245","Case of 6 Bottles","https://www.bbr.com/products-20181447099-2018-savigny-les-beaune-les-peuillets-1er-cru-domaine-guyon-burgundy","1447099","20181447099"
"Domaine Guyon","2019","Savigny-Les-Beaune, Les Peuillets, 1er Cru, Domaine Guyon, Burgundy","305","Case of 6 Bottles","https://www.bbr.com/products-20191447099-2019-savigny-les-beaune-les-peuillets-1er-cru-domaine-guyon-burgundy","1447099","20191447099"
"Domaine Guyon","2019","Savigny-Les-Beaune, Les Peuillets, 1er Cru, Domaine Guyon, Burgundy","310","Case of 6 Bottles","https://www.bbr.com/products-20191447099-2019-savigny-les-beaune-les-peuillets-1er-cru-domaine-guyon-burgundy","1447099","20191447099"
"Domaine Guyon","2020","Savigny-Les-Beaune, Les Peuillets, 1er Cru, Domaine Guyon, Burgundy","465","Case of 6 Bottles","https://www.bbr.com/products-20201447099-2020-savigny-les-beaune-les-peuillets-1er-cru-domaine-guyon-burgundy","1447099","20201447099"
"Domaine Guyon","2021","Savigny-Les-Beaune, Les Peuillets, 1er Cru, Domaine Guyon, Burgundy","450","Case of 6 Bottles","https://www.bbr.com/products-20211447099-2021-savigny-les-beaune-les-peuillets-1er-cru-domaine-guyon-burgundy","1447099","20211447099"
"Domaine Pavelot","2022","Savigny-les-Beaune, Aux Gravains, 1er Cru, Domaine Jean Marc & Hugues Pavelot, Burgundy","260","Case of 6 Bottles","https://www.bbr.com/products-20228181109-2022-savigny-les-beaune-aux-gravains-1er-cru-domaine-jean-marc-hugues-pavelot-burgundy","1213481","20228181109"
"Domaine Henri Germain","2023","Savigny-les-Beaune, Aux Gravains, 1er Cru, Henri Germain &amp; Fils, Burgundy","330","Case of 6 Bottles","https://www.bbr.com/products-20238182988-2023-savigny-les-beaune-aux-gravains-1er-cru-henri-germain-and-fils-burgundy","2983231","20238182988"
"Louis Jadot","2015","Savigny-les-Beaune, La Dominode, 1er Cru, Louis Jadot, Burgundy","175","Case of 3 Magnums","https://www.bbr.com/products-20158057510-2015-savigny-les-beaune-la-dominode-1er-cru-louis-jadot-burgundy","1038767","20158057510"
"Louis Jadot","2016","Savigny-les-Beaune, La Dominode, 1er Cru, Louis Jadot, Burgundy","195","Case of 6 Bottles","https://www.bbr.com/products-20168057510-2016-savigny-les-beaune-la-dominode-1er-cru-louis-jadot-burgundy","1038767","20168057510"
"Louis Jadot","2019","Savigny-les-Beaune, Les Narbantons, 1er Cru, Louis Jadot, Burgundy","200","Case of 3 Magnums","https://www.bbr.com/products-20198228257-2019-savigny-les-beaune-les-narbantons-1er-cru-louis-jadot-burgundy","1038783","20198228257"
"Domaine Guyon","2011","Savigny-les-Beaune, Les Peuillets, 1er Cru, Domaine Guyon","275","Case of 6 Bottles","https://www.bbr.com/products-20111447099-2011-savigny-les-beaune-les-peuillets-1er-cru-domaine-guyon","1447099","20111447099"
"Domaine Guyon","2013","Savigny-les-Beaune, Les Peuillets, 1er Cru, Domaine Guyon","210","Case of 6 Bottles","https://www.bbr.com/products-20131447099-2013-savigny-les-beaune-les-peuillets-1er-cru-domaine-guyon","1447099","20131447099"
"Maison Leroy","1983","Savigny-les-Beaune, Maison Leroy, Burgundy (2021 Release)","3900","Case of 6 Bottles","https://www.bbr.com/products-19838067023-1983-savigny-les-beaune-maison-leroy-burgundy-2021-release","1044461","19838067023"
"Domaine Guyon","2011","Savigny-les-Beaune Blanc, Les Planchots, Domaine Guyon, Burgundy","235","Case of 6 Bottles","https://www.bbr.com/products-20118013075-2011-savigny-les-beaune-blanc-les-planchots-domaine-guyon-burgundy","1766280","20118013075"
"Domaine Pavelot","2022","Savigny-les-Beaune Rouge, Les Lavieres, 1er Cru, Domaine Pavelot, Burgundy","255","Case of 6 Bottles","https://www.bbr.com/products-20228159618-2022-savigny-les-beaune-rouge-les-lavieres-1er-cru-domaine-pavelot-burgundy","1349625","20228159618"
"Maison Camille Giroud","2021","Savigny-les-Beaune, Aux Clous, 1er Cru, Camille Giroud, Burgundy","288","Case of 6 Bottles","https://www.bbr.com/products-20218060431-2021-savigny-les-beaune-aux-clous-1er-cru-camille-giroud-burgundy","1805303","20218060431"
"Domaine Camus-Bruchon","2022","Savigny-les-Beaune, Aux Grands Liards, Vieilles Vignes, Domaine Camus-Bruchon & Fils, Burgundy","180","Case of 6 Bottles","https://www.bbr.com/products-20221023291-2022-savigny-les-beaune-aux-grands-liards-vieilles-vignes-domaine-camus-bruchon-fils-burgundy","1023291","20221023291"
"David Duband","2019","Savigny-les-Beaune, Aux Gravains, 1er Cru, David Duband, Burgundy","250","Case of 6 Bottles","https://www.bbr.com/products-20198113007-2019-savigny-les-beaune-aux-gravains-1er-cru-david-duband-burgundy","1939602","20198113007"
"Domaine Camus-Bruchon","2022","Savigny-les-Beaune, Aux Gravains, 1er Cru, Domaine Camus-Bruchon & Fils, Burgundy","195","Case of 6 Bottles","https://www.bbr.com/products-20228136776-2022-savigny-les-beaune-aux-gravains-1er-cru-domaine-camus-bruchon-fils-burgundy","1318766","20228136776"
"Domaine Pierre Guillemot","2018","Savigny-les-Beaune, Aux Serpentieres, 1er Cru, Domaine Pierre Guillemot, Burgundy","255","Case of 6 Bottles","https://www.bbr.com/products-20188207973-2018-savigny-les-beaune-aux-serpentieres-1er-cru-domaine-pierre-guillemot-burgundy","1241150","20188207973"
"Domaine Pierre Vincent","2023","Savigny-les-Beaune, Aux Vergelesses, 1er Cru, Domaine Pierre Vincent, Burgundy","595","Case of 6 Bottles","https://www.bbr.com/products-20238182135-2023-savigny-les-beaune-aux-vergelesses-1er-cru-domaine-pierre-vincent-burgundy","3017616","20238182135"
"Benjamin Leroux","2017","Savigny-les-Beaune, Benjamin Leroux, Burgundy","190","Case of 6 Bottles","https://www.bbr.com/products-20171043565-2017-savigny-les-beaune-benjamin-leroux-burgundy","1043565","20171043565"
"Benjamin Leroux","2019","Savigny-les-Beaune, Benjamin Leroux, Burgundy","168","Case of 6 Bottles","https://www.bbr.com/products-20191043565-2019-savigny-les-beaune-benjamin-leroux-burgundy","1043565","20191043565"
"Benjamin Leroux","2022","Savigny-les-Beaune, Benjamin Leroux, Burgundy","170","Case of 6 Bottles","https://www.bbr.com/products-20221043565-2022-savigny-les-beaune-benjamin-leroux-burgundy","1043565","20221043565"
"Domaine A-F Gros","2018","Savigny-les-Beaune, Clos des Guettes, 1er Cru, Domaine A.-F. Gros, Burgundy","330","Case of 6 Bottles","https://www.bbr.com/products-20188009971-2018-savigny-les-beaune-clos-des-guettes-1er-cru-domaine-a-f-gros-burgundy","1036255","20188009971"
"Domaine Pierre Guillemot","2021","Savigny-les-Beaune, Dessus les Gollardes, Domaine Pierre Guillemot, Burgundy","180","Case of 6 Bottles","https://www.bbr.com/products-20218172840-2021-savigny-les-beaune-dessus-les-gollardes-domaine-pierre-guillemot-burgundy","1506008","20218172840"
"Domaine du Prieure Roch","2021","Savigny-les-Beaune, Dessus les Gollardes, Domaine Prieure Roch, Burgundy","525","Case of 3 Bottles","https://www.bbr.com/products-20218159041-2021-savigny-les-beaune-dessus-les-gollardes-domaine-prieure-roch-burgundy","1974681","20218159041"
"Domaine du Prieure Roch","2022","Savigny-les-Beaune, Dessus les Gollardes, Domaine Prieure Roch, Burgundy","550","Case of 3 Bottles","https://www.bbr.com/products-20228159041-2022-savigny-les-beaune-dessus-les-gollardes-domaine-prieure-roch-burgundy","1974681","20228159041"
"Domaine Pavelot","2022","Savigny-les-Beaune, La Dominode, 1er Cru, Domaine Pavelot, Burgundy","290","Case of 6 Bottles","https://www.bbr.com/products-20228218180-2022-savigny-les-beaune-la-dominode-1er-cru-domaine-pavelot-burgundy","1050400","20228218180"
"Domaine Antonin Guyon","2015","Savigny-les-Beaune, Les Goudelettes Domaine Antonin Guyon","425","Case of 6 Bottles","https://www.bbr.com/products-20158226237-2015-savigny-les-beaune-les-goudelettes-domaine-antonin-guyon","1531428","20158226237"
"Benjamin Leroux","2019","Savigny-les-Beaune, Les Hauts Jarrons, 1er Cru, Benjamin Leroux, Burgundy","250","Case of 6 Bottles","https://www.bbr.com/products-20198025784-2019-savigny-les-beaune-les-hauts-jarrons-1er-cru-benjamin-leroux-burgundy","1043578","20198025784"
"Benjamin Leroux","2020","Savigny-les-Beaune, Les Hauts Jarrons, 1er Cru, Benjamin Leroux, Burgundy","235","Case of 6 Bottles","https://www.bbr.com/products-20208025784-2020-savigny-les-beaune-les-hauts-jarrons-1er-cru-benjamin-leroux-burgundy","1043578","20208025784"
"Benjamin Leroux","2021","Savigny-les-Beaune, Les Hauts Jarrons, 1er Cru, Benjamin Leroux, Burgundy","265","Case of 6 Bottles","https://www.bbr.com/products-20218025784-2021-savigny-les-beaune-les-hauts-jarrons-1er-cru-benjamin-leroux-burgundy","1043578","20218025784"
"Domaine Jean Guiton","2020","Savigny-les-Beaune, Les Hauts Jarrons, 1er Cru, Domaine Guiton, Burgundy","195","Case of 6 Bottles","https://www.bbr.com/products-20208014359-2020-savigny-les-beaune-les-hauts-jarrons-1er-cru-domaine-guiton-burgundy","1327403","20208014359"
"Domaine Camus-Bruchon","2017","Savigny-les-Beaune, Les Lavieres, 1er Cru, Domaine Camus-Bruchon & Fils, Burgundy","155","Case of 6 Bottles","https://www.bbr.com/products-20171023288-2017-savigny-les-beaune-les-lavieres-1er-cru-domaine-camus-bruchon-fils-burgundy","1023288","20171023288"
"Domaine Camus-Bruchon","2022","Savigny-les-Beaune, Les Lavieres, 1er Cru, Domaine Camus-Bruchon &amp; Fils, Burgundy","190","Case of 6 Bottles","https://www.bbr.com/products-20221023288-2022-savigny-les-beaune-les-lavieres-1er-cru-domaine-camus-bruchon-and-fils-burgundy","1023288","20221023288"
"Domaine Francois Buffet","2021","Savigny-les-Beaune, Les Narbantons, 1er Cru, Domaine Francois Buffet, Burgundy","200","Case of 6 Bottles","https://www.bbr.com/products-20218032850-2021-savigny-les-beaune-les-narbantons-1er-cru-domaine-francois-buffet-burgundy","1763407","20218032850"
"Domaine Jean Guiton","2020","Savigny-les-Beaune, Les Peuillets, 1er Cru, Domaine Jean Guiton, Burgundy","195","Case of 6 Bottles","https://www.bbr.com/products-20208203135-2020-savigny-les-beaune-les-peuillets-1er-cru-domaine-jean-guiton-burgundy","1492998","20208203135"
"Domaine Camus-Bruchon","2017","Savigny-les-Beaune, Les Pimentiers, Vieilles Vignes, Domaine  Camus-Bruchon & Fils, Burgundy","320","Case of 12 Bottles","https://www.bbr.com/products-20171378913-2017-savigny-les-beaune-les-pimentiers-vieilles-vignes-domaine-camus-bruchon-fils-burgundy","1378913","20171378913"
"Domaine Guyon","2017","Savigny-les-Beaune, Les Planchots, Domaine Guyon, Burgundy","180","Case of 6 Bottles","https://www.bbr.com/products-20178036050-2017-savigny-les-beaune-les-planchots-domaine-guyon-burgundy","1766293","20178036050"
"Maison Leroy","2018","Savigny-les-Beaune, Maison Leroy, Burgundy","2450","Case of 6 Bottles","https://www.bbr.com/products-20188121079-2018-savigny-les-beaune-maison-leroy-burgundy","1044461","20188121079"
"Domaine Denis Carre","2022","Savigny-les-Beaune, Vieilles Vignes, Domaine Denis Carre, Burgundy","300","Case of 12 Bottles","https://www.bbr.com/products-20228017044-2022-savigny-les-beaune-vieilles-vignes-domaine-denis-carre-burgundy","1822849","20228017044"
"Scarecrow Wine","2018","Scarecrow, Cabernet Sauvignon, Rutherford, California, USA","1900","Case of 3 Bottles","https://www.bbr.com/products-20188029649-2018-scarecrow-cabernet-sauvignon-rutherford-california-usa","1141346","20188029649"
"Scarecrow Wine","2018","Scarecrow, M. Etain, Rutherford, Napa Valley, California, USA","3000","Case of 6 Bottles","https://www.bbr.com/products-20188229720-2018-scarecrow-m-etain-rutherford-napa-valley-california-usa","1365627","20188229720"
"Tenuta Argentiera","2023","Scenario Bianco, Bolgheri, Argentiera, Tuscany, Italy","225","Case of 3 Bottles","https://www.bbr.com/products-20238309387-2023-scenario-bianco-bolgheri-argentiera-tuscany-italy","1161548","20238309387"
"Weingut Schloss Lieser","2016","Schloss Lieser GG 12bt Collection","340","Case of 1 Mixed case (12x75cl)s","https://www.bbr.com/products-20168222516-2016-schloss-lieser-gg-12bt-collection","","20168222516"
"Donnhoff","2010","Schlossbockelheimer Felsenberg Dry, H. Donnhoff, Nahe","172","Case of 6 Bottles","https://www.bbr.com/products-20108113762-2010-schlossbockelheimer-felsenberg-dry-h-donnhoff-nahe","1159321","20108113762"
"Schrader Cellars","2019","Schrader Cellars, Double Diamond, Oakville Cabernet Sauvignon, Napa Valley, California, USA","575","Case of 6 Bottles","https://www.bbr.com/products-20198234384-2019-schrader-cellars-double-diamond-oakville-cabernet-sauvignon-napa-valley-california-usa","1777178","20198234384"
"Schrader Cellars","2015","Schrader Cellars, Old Sparky, Beckstoffer to Kalon Cabernet Sauvignon, Napa Valley, California, USA","4080","Case of 3 Magnums","https://www.bbr.com/products-20158312703-2015-schrader-cellars-old-sparky-beckstoffer-to-kalon-cabernet-sauvignon-napa-valley-california-usa","1199291","20158312703"
"Weingut Veyder-Malberg","2014","Schoner Riesling, Veyder-Malberg, Wachau, Austria","795","Case of 6 Bottles","https://www.bbr.com/products-20148202066-2014-schoner-riesling-veyder-malberg-wachau-austria","1540699","20148202066"
"Scions of Sinai","2019","Scions of Sinai, Granietsteen, Chenin Blanc, Stellenbosch, South Africa","125","Case of 6 Bottles","https://www.bbr.com/products-20191609738-2019-scions-of-sinai-granietsteen-chenin-blanc-stellenbosch-south-africa","1609738","20191609738"
"Scions of Sinai","2019","Scions of Sinai, Swanesang, Syrah, Stellenbosch, South Africa","145","Case of 6 Bottles","https://www.bbr.com/products-20191609754-2019-scions-of-sinai-swanesang-syrah-stellenbosch-south-africa","1609754","20191609754"
"Scions of Sinai","2022","Scions of Sion, Gramadoelas, Grenache Blanc, Klein Karoo, South Africa","138","Case of 6 Bottles","https://www.bbr.com/products-20228111393-2022-scions-of-sion-gramadoelas-grenache-blanc-klein-karoo-south-africa","1878149","20228111393"
"Tenuta Sette Cieli","2018","Scipio, Tenuta Sette Cieli, Tuscany, Italy","325","Case of 6 Bottles","https://www.bbr.com/products-20188043722-2018-scipio-tenuta-sette-cieli-tuscany-italy","1466223","20188043722"
"Screaming Eagle","2022","Screaming Eagle, Cabernet Sauvignon, Oakville, California, USA","5990","Case of 3 Bottles","https://www.bbr.com/products-20228254209-2022-screaming-eagle-cabernet-sauvignon-oakville-california-usa","1696211","20228254209"
"Screaming Eagle","2007","Screaming Eagle, Cabernet Sauvignon, Oakville, Napa Valley, California, USA","6860","Case of 3 Bottles","https://www.bbr.com/products-20078115681-2007-screaming-eagle-cabernet-sauvignon-oakville-napa-valley-california-usa","1696211","20078115681"
"Screaming Eagle","2010","Screaming Eagle, Cabernet Sauvignon, Oakville, Napa Valley, California, USA","8888","Case of 3 Bottles","https://www.bbr.com/products-20108115681-2010-screaming-eagle-cabernet-sauvignon-oakville-napa-valley-california-usa","1696211","20108115681"
"Screaming Eagle","2012","Screaming Eagle, Cabernet Sauvignon, Oakville, Napa Valley, California, USA","7100","Case of 3 Bottles","https://www.bbr.com/products-20128115681-2012-screaming-eagle-cabernet-sauvignon-oakville-napa-valley-california-usa","1696211","20128115681"
"Screaming Eagle","2016","Screaming Eagle, Cabernet Sauvignon, Oakville, Napa Valley, California, USA","7950","Case of 3 Bottles","https://www.bbr.com/products-20168115681-2016-screaming-eagle-cabernet-sauvignon-oakville-napa-valley-california-usa","1696211","20168115681"
"Screaming Eagle","2016","Screaming Eagle, Cabernet Sauvignon, Oakville, Napa Valley, California, USA","4688","Case of 1 Magnums","https://www.bbr.com/products-20168115681-2016-screaming-eagle-cabernet-sauvignon-oakville-napa-valley-california-usa","1696211","20168115681"
"Screaming Eagle","2007","Screaming Eagle, Second Flight, Oakville, Napa Valley, California, USA","3900","Case of 6 Bottles","https://www.bbr.com/products-20078010582-2007-screaming-eagle-second-flight-oakville-napa-valley-california-usa","1795741","20078010582"
"Screaming Eagle","2016","Screaming Eagle, The Flight, Oakville, Napa Valley, California, USA","1749","Case of 3 Bottles","https://www.bbr.com/products-20168044354-2016-screaming-eagle-the-flight-oakville-napa-valley-california-usa","1795741","20168044354"
"Assortment Mixed Cases","2019","Second Growth Bordeaux, Horizontal, 12-Bottle Assortment Case","1400","Case of 1 Mixed case (12x75cl)s","https://www.bbr.com/products-20198175577-2019-second-growth-bordeaux-horizontal-12-bottle-assortment-case","","20198175577"
"Bodegas Muga","2010","Seleccion Especial, Reserva, Bodegas Muga, Rioja, Spain","260","Case of 6 Bottles","https://www.bbr.com/products-20108008453-2010-seleccion-especial-reserva-bodegas-muga-rioja-spain","1120697","20108008453"
"Bodegas Muga","2010","Seleccion Especial, Reserva, Bodegas Muga, Rioja, Spain","535","Case of 6 Magnums","https://www.bbr.com/products-20108008453-2010-seleccion-especial-reserva-bodegas-muga-rioja-spain","1120697","20108008453"
"Seppeltsfield","1924","Seppeltsfield, Para Vintage Tawny, Barossa Valley, Australia","750","Case of 1 Miniatures","https://www.bbr.com/products-19248075659-1924-seppeltsfield-para-vintage-tawny-barossa-valley-australia","1258239","19248075659"
"Se?a","2010","Se?a, Aconcagua Valley, Chile","435","Case of 6 Bottles","https://www.bbr.com/products-20108118712-2010-se-a-aconcagua-valley-chile","1083217","20108118712"
"Se?a","2012","Se?a, Aconcagua Valley, Chile","345","Case of 6 Bottles","https://www.bbr.com/products-20128118712-2012-se-a-aconcagua-valley-chile","1083217","20128118712"
"Se?a","2012","Se?a, Aconcagua Valley, Chile","350","Case of 6 Bottles","https://www.bbr.com/products-20128118712-2012-se-a-aconcagua-valley-chile","1083217","20128118712"
"Se?a","2012","Se?a, Aconcagua Valley, Chile","260","Case of 1 Double Magnums","https://www.bbr.com/products-20128118712-2012-se-a-aconcagua-valley-chile","1083217","20128118712"
"Se?a","2013","Se?a, Aconcagua Valley, Chile","359","Case of 6 Bottles","https://www.bbr.com/products-20138118712-2013-se-a-aconcagua-valley-chile","1083217","20138118712"
"Se?a","2013","Se?a, Aconcagua Valley, Chile","400","Case of 1 Magnums","https://www.bbr.com/products-20138118712-2013-se-a-aconcagua-valley-chile","1083217","20138118712"
"Se?a","2014","Se?a, Aconcagua Valley, Chile","360","Case of 6 Bottles","https://www.bbr.com/products-20148118712-2014-se-a-aconcagua-valley-chile","1083217","20148118712"
"Se?a","2015","Se?a, Aconcagua Valley, Chile","420","Case of 6 Bottles","https://www.bbr.com/products-20158118712-2015-se-a-aconcagua-valley-chile","1083217","20158118712"
"Se?a","2015","Se?a, Aconcagua Valley, Chile","390","Case of 6 Bottles","https://www.bbr.com/products-20158118712-2015-se-a-aconcagua-valley-chile","1083217","20158118712"
"Se?a","2015","Se?a, Aconcagua Valley, Chile","375","Case of 1 Magnums","https://www.bbr.com/products-20158118712-2015-se-a-aconcagua-valley-chile","1083217","20158118712"
"Se?a","2016","Se?a, Aconcagua Valley, Chile","1000","Case of 3 Magnums","https://www.bbr.com/products-20168118712-2016-se-a-aconcagua-valley-chile","1083217","20168118712"
"Se?a","2017","Se?a, Aconcagua Valley, Chile","330","Case of 6 Bottles","https://www.bbr.com/products-20178118712-2017-se-a-aconcagua-valley-chile","1083217","20178118712"
"Se?a","2017","Se?a, Aconcagua Valley, Chile","330","Case of 6 Bottles","https://www.bbr.com/products-20178118712-2017-se-a-aconcagua-valley-chile","1083217","20178118712"
"Se?a","2018","Se?a, Aconcagua Valley, Chile","350","Case of 6 Bottles","https://www.bbr.com/products-20188118712-2018-se-a-aconcagua-valley-chile","1083217","20188118712"
"Se?a","2018","Se?a, Aconcagua Valley, Chile","395","Case of 6 Bottles","https://www.bbr.com/products-20188118712-2018-se-a-aconcagua-valley-chile","1083217","20188118712"
"Se?a","2019","Se?a, Aconcagua Valley, Chile","460","Case of 6 Bottles","https://www.bbr.com/products-20198118712-2019-se-a-aconcagua-valley-chile","1083217","20198118712"
"Se?a","2019","Se?a, Aconcagua Valley, Chile","440","Case of 6 Bottles","https://www.bbr.com/products-20198118712-2019-se-a-aconcagua-valley-chile","1083217","20198118712"
"Se?a","2019","Se?a, Aconcagua Valley, Chile","385","Case of 1 Double Magnums","https://www.bbr.com/products-20198118712-2019-se-a-aconcagua-valley-chile","1083217","20198118712"
"Se?a","2020","Se?a, Aconcagua Valley, Chile","550","Case of 6 Bottles","https://www.bbr.com/products-20208118712-2020-se-a-aconcagua-valley-chile","1083217","20208118712"
"Se?a","2020","Se?a, Aconcagua Valley, Chile","400","Case of 6 Bottles","https://www.bbr.com/products-20208118712-2020-se-a-aconcagua-valley-chile","1083217","20208118712"
"Se?a","2020","Se?a, Aconcagua Valley, Chile","250","Case of 1 Double Magnums","https://www.bbr.com/products-20208118712-2020-se-a-aconcagua-valley-chile","1083217","20208118712"
"Se?a","2021","Se?a, Aconcagua Valley, Chile","450","Case of 6 Bottles","https://www.bbr.com/products-20218118712-2021-se-a-aconcagua-valley-chile","1083217","20218118712"
"Se?a","2022","Se?a, Aconcagua Valley, Chile","550","Case of 6 Bottles","https://www.bbr.com/products-20228118712-2022-se-a-aconcagua-valley-chile","1083217","20228118712"
"Se?a","2023","Se?a, Aconcagua Valley, Chile","475","Case of 6 Bottles","https://www.bbr.com/products-20238118712-2023-se-a-aconcagua-valley-chile","1083217","20238118712"
"Se?a","2023","Se?a, Aconcagua Valley, Chile","495","Case of 6 Bottles","https://www.bbr.com/products-20238118712-2023-se-a-aconcagua-valley-chile","1083217","20238118712"
"Shafer Vineyards","2003","Shafer Vineyards, Hillside Select, Cabernet Sauvignon, Stags Leap District, Napa Valley, California, USA","1398","Case of 6 Bottles","https://www.bbr.com/products-20038115607-2003-shafer-vineyards-hillside-select-cabernet-sauvignon-stags-leap-district-napa-valley-california-usa","1123223","20038115607"
"Shafer Vineyards","2013","Shafer Vineyards, Hillside Select, Cabernet Sauvignon, Stags Leap District, Napa Valley, California, USA","1325","Case of 6 Bottles","https://www.bbr.com/products-20138115607-2013-shafer-vineyards-hillside-select-cabernet-sauvignon-stags-leap-district-napa-valley-california-usa","1123223","20138115607"
"Shafer Vineyards","2021","Shafer Vineyards, TD-9, Cabernet Sauvignon, Napa Valley, California, USA","630","Case of 12 Bottles","https://www.bbr.com/products-20218106250-2021-shafer-vineyards-td-9-cabernet-sauvignon-napa-valley-california-usa","1507744","20218106250"
"Marchesi Mazzei","2015","Siepi, Mazzei, Tuscany, Italy","340","Case of 6 Bottles","https://www.bbr.com/products-20158112550-2015-siepi-mazzei-tuscany-italy","1202665","20158112550"
"Marchesi Mazzei","2015","Siepi, Mazzei, Tuscany, Italy","420","Case of 6 Bottles","https://www.bbr.com/products-20158112550-2015-siepi-mazzei-tuscany-italy","1202665","20158112550"
"Marchesi Mazzei","2018","Siepi, Mazzei, Tuscany, Italy","330","Case of 6 Bottles","https://www.bbr.com/products-20188112550-2018-siepi-mazzei-tuscany-italy","1202665","20188112550"
"Marchesi Mazzei","2019","Siepi, Mazzei, Tuscany, Italy","290","Case of 6 Bottles","https://www.bbr.com/products-20198112550-2019-siepi-mazzei-tuscany-italy","1202665","20198112550"
"Marchesi Mazzei","2019","Siepi, Mazzei, Tuscany, Italy","319","Case of 6 Bottles","https://www.bbr.com/products-20198112550-2019-siepi-mazzei-tuscany-italy","1202665","20198112550"
"Marchesi Mazzei","2019","Siepi, Mazzei, Tuscany, Italy","500","Case of 1 Double Magnums","https://www.bbr.com/products-20198112550-2019-siepi-mazzei-tuscany-italy","1202665","20198112550"
"Marchesi Mazzei","2019","Siepi, Mazzei, Tuscany, Italy","150","Case of 1 Magnums","https://www.bbr.com/products-20198112550-2019-siepi-mazzei-tuscany-italy","1202665","20198112550"
"Marchesi Mazzei","2020","Siepi, Mazzei, Tuscany, Italy","410","Case of 6 Bottles","https://www.bbr.com/products-20208112550-2020-siepi-mazzei-tuscany-italy","1202665","20208112550"
"Silver Heights Vineyard","2017","Silver Heights, Emma's Reserve, Ningxia, China","800","Case of 6 Bottles","https://www.bbr.com/products-20171867437-2017-silver-heights-emma-s-reserve-ningxia-china","1867437","20171867437"
"Silver Oak Winery","2018","Silver Oak, Cabernet Sauvignon, Alexander Valley, California, USA","1950","Case of 12 Bottles","https://www.bbr.com/products-20188115577-2018-silver-oak-cabernet-sauvignon-alexander-valley-california-usa","1123294","20188115577"
"Silver Oak Winery","2019","Silver Oak, Cabernet Sauvignon, Alexander Valley, California, USA","1950","Case of 12 Bottles","https://www.bbr.com/products-20198115577-2019-silver-oak-cabernet-sauvignon-alexander-valley-california-usa","1123294","20198115577"
"Sine Qua Non Winery","2010","Sine Qua Non, Eleven Confessions (3 x M Syrah, 3 x E Grenache), Six-Bottle Assortment Case","6200","Case of 1 6 Bottle Assortments","https://www.bbr.com/products-20108057174-2010-sine-qua-non-eleven-confessions-3-x-m-syrah-3-x-e-grenache-six-bottle-assortment-case","1196678","20108057174"
"Sine Qua Non Winery","2015","Sine Qua Non, Eleven Confessions (3 x M Syrah, 3 x E Grenache),Six-Bottle Assortment Case","2500","Case of 1 6 Bottle Assortments","https://www.bbr.com/products-20158057174-2015-sine-qua-non-eleven-confessions-3-x-m-syrah-3-x-e-grenache-six-bottle-assortment-case","1196678","20158057174"
"Sine Qua Non Winery","2012","Sine Qua Non, Eleven Confessions (3 x Rattrapante Grenache, 3 x Touche Syrah), Six-bottle Assortment Case","1888","Case of 1 6 Bottle Assortments","https://www.bbr.com/products-20128107521-2012-sine-qua-non-eleven-confessions-3-x-rattrapante-grenache-3-x-touche-syrah-six-bottle-assortment-case","1405978","20128107521"
"Sine Qua Non Winery","2016","Sine Qua Non, Eleven Confessions (3 x Subir Syrah, 3 x Pajarito del Amor Grenache), Six-Bottle Assortment Case","2888","Case of 1 6 Bottle Assortments","https://www.bbr.com/products-20168061223-2016-sine-qua-non-eleven-confessions-3-x-subir-syrah-3-x-pajarito-del-amor-grenache-six-bottle-assortment-case","1196678","20168061223"
"Sine Qua Non Winery","2016","Sine Qua Non, Eleven Confessions (3 x Subir Syrah, 3 x Pajarito del Amor Grenache), Six-Bottle Assortment Case","2638","Case of 1 6 Bottle Assortments","https://www.bbr.com/products-20168061223-2016-sine-qua-non-eleven-confessions-3-x-subir-syrah-3-x-pajarito-del-amor-grenache-six-bottle-assortment-case","1196678","20168061223"
"Sine Qua Non Winery","2013","Sine Qua Non, Le Coeur Gagne, Eleven Confessions (3 x SupplementSyrah, 3 x Jusqu'a l'Os Grenache), Six-bottle Assortment Case","5000","Case of 1 6 Bottle Assortments","https://www.bbr.com/products-20138036698-2013-sine-qua-non-le-coeur-gagne-eleven-confessions-3-x-supplementsyrah-3-x-jusqu-a-l-os-grenache-six-bottle-assortment-case","","20138036698"
"Sine Qua Non Winery","2015","Sine Qua Non, L?Heresie &amp;Trouver L?Arene, Two-Magnum Assortment Case","1500","Case of 1 s","https://www.bbr.com/products-20158327585-2015-sine-qua-non-l-heresie-and-trouver-l-arene-two-magnum-assortment-case","1522488","20158327585"
"Sine Qua Non Winery","2011","Sine Qua Non, Patine, Eleven Confessions (3 x Syrah, 3 x Grenache), Six-bottle Assortment Case","4450","Case of 1 6 Bottle Assortments","https://www.bbr.com/products-20118228316-2011-sine-qua-non-patine-eleven-confessions-3-x-syrah-3-x-grenache-six-bottle-assortment-case","","20118228316"
"Sloan Estate","2014","Sloan, Rutherford, Napa Valley, California, USA","1588","Case of 3 Bottles","https://www.bbr.com/products-20148212579-2014-sloan-rutherford-napa-valley-california-usa","1123366","20148212579"
"Sloan Estate","2018","Sloan, Rutherford, Napa Valley, California, USA","1665","Case of 3 Bottles","https://www.bbr.com/products-20188212579-2018-sloan-rutherford-napa-valley-california-usa","1123366","20188212579"
"Smith Woodhouse","1994","Smith Woodhouse, Port, Portugal","645","Case of 12 Bottles","https://www.bbr.com/products-19941107856-1994-smith-woodhouse-port-portugal","1673630","19941107856"
"Smith Woodhouse","2007","Smith Woodhouse, Port, Portugal","275","Case of 6 Bottles","https://www.bbr.com/products-20071107856-2007-smith-woodhouse-port-portugal","1673630","20071107856"
"Smith Woodhouse","2011","Smith Woodhouse, Port, Portugal","268","Case of 6 Bottles","https://www.bbr.com/products-20111107856-2011-smith-woodhouse-port-portugal","1673630","20111107856"
"Smith Woodhouse","2016","Smith Woodhouse, Port, Portugal","268","Case of 6 Bottles","https://www.bbr.com/products-20161107856-2016-smith-woodhouse-port-portugal","1673630","20161107856"
"Snowden Vineyards","1999","Snowden, Cabernet Sauvignon, Reserve, Napa Valley, California, USA","1450","Case of 6 Bottles","https://www.bbr.com/products-19998182441-1999-snowden-cabernet-sauvignon-reserve-napa-valley-california-usa","1186400","19998182441"
"Pieropan","2017","Soave Classico, Calvarino, Pieropan, Veneto, Italy","125","Case of 6 Bottles","https://www.bbr.com/products-20178036441-2017-soave-classico-calvarino-pieropan-veneto-italy","1139480","20178036441"
"Monte del Fra","2016","Soave Classico, Monte del Fra, Veneto, Italy","95","Case of 12 Bottles","https://www.bbr.com/products-20161513288-2016-soave-classico-monte-del-fra-veneto-italy","1513288","20161513288"
"Chateau Sociando-Mallet","1996","Sociando-Mallet, Cuvee Jean Gautreau, Haut-Medoc, Bordeaux","450","Case of 6 Bottles","https://www.bbr.com/products-19968010449-1996-sociando-mallet-cuvee-jean-gautreau-haut-medoc-bordeaux","1015287","19968010449"
"Chateau Sociando-Mallet","2005","Sociando-Mallet, Cuvee Jean Gautreau, Haut-Medoc, Bordeaux","450","Case of 6 Bottles","https://www.bbr.com/products-20058010449-2005-sociando-mallet-cuvee-jean-gautreau-haut-medoc-bordeaux","1015287","20058010449"
"Bibi Graetz","2022","Soffocone di Vincigliata, Bibi Graetz, Tuscany, Italy","220","Case of 6 Bottles","https://www.bbr.com/products-20228223832-2022-soffocone-di-vincigliata-bibi-graetz-tuscany-italy","1154573","20228223832"
"Antinori","2002","Solaia, Antinori, Tuscany, Italy","1050","Case of 1 Double Magnums","https://www.bbr.com/products-20028012108-2002-solaia-antinori-tuscany-italy","1095388","20028012108"
"Antinori","2002","Solaia, Antinori, Tuscany, Italy","550","Case of 1 Magnums","https://www.bbr.com/products-20028012108-2002-solaia-antinori-tuscany-italy","1095388","20028012108"
"Antinori","2002","Solaia, Antinori, Tuscany, Italy","550","Case of 1 Magnums","https://www.bbr.com/products-20028012108-2002-solaia-antinori-tuscany-italy","1095388","20028012108"
"Antinori","2004","Solaia, Antinori, Tuscany, Italy","2950","Case of 6 Bottles","https://www.bbr.com/products-20048012108-2004-solaia-antinori-tuscany-italy","1095388","20048012108"
"Antinori","2010","Solaia, Antinori, Tuscany, Italy","1600","Case of 6 Bottles","https://www.bbr.com/products-20108012108-2010-solaia-antinori-tuscany-italy","1095388","20108012108"
"Antinori","2010","Solaia, Antinori, Tuscany, Italy","950","Case of 1 Double Magnums","https://www.bbr.com/products-20108012108-2010-solaia-antinori-tuscany-italy","1095388","20108012108"
"Antinori","2010","Solaia, Antinori, Tuscany, Italy","940","Case of 1 Double Magnums","https://www.bbr.com/products-20108012108-2010-solaia-antinori-tuscany-italy","1095388","20108012108"
"Antinori","2010","Solaia, Antinori, Tuscany, Italy","1880","Case of 1 Imperials","https://www.bbr.com/products-20108012108-2010-solaia-antinori-tuscany-italy","1095388","20108012108"
"Antinori","2011","Solaia, Antinori, Tuscany, Italy","880","Case of 1 Double Magnums","https://www.bbr.com/products-20118012108-2011-solaia-antinori-tuscany-italy","1095388","20118012108"
"Antinori","2011","Solaia, Antinori, Tuscany, Italy","500","Case of 1 Magnums","https://www.bbr.com/products-20118012108-2011-solaia-antinori-tuscany-italy","1095388","20118012108"
"Antinori","2012","Solaia, Antinori, Tuscany, Italy","1500","Case of 6 Bottles","https://www.bbr.com/products-20128012108-2012-solaia-antinori-tuscany-italy","1095388","20128012108"
"Antinori","2013","Solaia, Antinori, Tuscany, Italy","1817","Case of 6 Bottles","https://www.bbr.com/products-20138012108-2013-solaia-antinori-tuscany-italy","1095388","20138012108"
"Antinori","2014","Solaia, Antinori, Tuscany, Italy","1962","Case of 6 Bottles","https://www.bbr.com/products-20148012108-2014-solaia-antinori-tuscany-italy","1095388","20148012108"
"Antinori","2015","Solaia, Antinori, Tuscany, Italy","1750","Case of 6 Bottles","https://www.bbr.com/products-20158012108-2015-solaia-antinori-tuscany-italy","1095388","20158012108"
"Antinori","2015","Solaia, Antinori, Tuscany, Italy","2250","Case of 6 Bottles","https://www.bbr.com/products-20158012108-2015-solaia-antinori-tuscany-italy","1095388","20158012108"
"Antinori","2015","Solaia, Antinori, Tuscany, Italy","610","Case of 1 Magnums","https://www.bbr.com/products-20158012108-2015-solaia-antinori-tuscany-italy","1095388","20158012108"
"Antinori","2016","Solaia, Antinori, Tuscany, Italy","2000","Case of 6 Bottles","https://www.bbr.com/products-20168012108-2016-solaia-antinori-tuscany-italy","1095388","20168012108"
"Antinori","2016","Solaia, Antinori, Tuscany, Italy","1850","Case of 6 Bottles","https://www.bbr.com/products-20168012108-2016-solaia-antinori-tuscany-italy","1095388","20168012108"
"Antinori","2017","Solaia, Antinori, Tuscany, Italy","1275","Case of 6 Bottles","https://www.bbr.com/products-20178012108-2017-solaia-antinori-tuscany-italy","1095388","20178012108"
"Antinori","2018","Solaia, Antinori, Tuscany, Italy","1046","Case of 3 Bottles","https://www.bbr.com/products-20188012108-2018-solaia-antinori-tuscany-italy","1095388","20188012108"
"Antinori","2018","Solaia, Antinori, Tuscany, Italy","1795","Case of 6 Bottles","https://www.bbr.com/products-20188012108-2018-solaia-antinori-tuscany-italy","1095388","20188012108"
"Antinori","2019","Solaia, Antinori, Tuscany, Italy","650","Case of 3 Bottles","https://www.bbr.com/products-20198012108-2019-solaia-antinori-tuscany-italy","1095388","20198012108"
"Antinori","2019","Solaia, Antinori, Tuscany, Italy","1250","Case of 1 Magnums","https://www.bbr.com/products-20198012108-2019-solaia-antinori-tuscany-italy","1095388","20198012108"
"Antinori","2021","Solaia, Antinori, Tuscany, Italy","938","Case of 3 Bottles","https://www.bbr.com/products-20218012108-2021-solaia-antinori-tuscany-italy","1095388","20218012108"
"Antinori","2021","Solaia, Antinori, Tuscany, Italy","780","Case of 3 Bottles","https://www.bbr.com/products-20218012108-2021-solaia-antinori-tuscany-italy","1095388","20218012108"
"Roagna, Piedmont","2012","Solea, Langhe Bianco, Roagna, Piedmont, Italy","195","Case of 6 Bottles","https://www.bbr.com/products-20128003386-2012-solea-langhe-bianco-roagna-piedmont-italy","1372328","20128003386"
"Argiano","2010","Solengo, Argiano, Tuscany, Italy","288","Case of 6 Bottles","https://www.bbr.com/products-20108118028-2010-solengo-argiano-tuscany-italy","1095463","20108118028"
"Argiano","2015","Solengo, Argiano, Tuscany, Italy","295","Case of 6 Bottles","https://www.bbr.com/products-20158118028-2015-solengo-argiano-tuscany-italy","1095463","20158118028"
"Solomon Hills Vineyards","2014","Solomon Hills Vineyards, Chardonnay, Sant Maria Valley, California, USA","280","Case of 6 Bottles","https://www.bbr.com/products-20148036829-2014-solomon-hills-vineyards-chardonnay-sant-maria-valley-california-usa","1417195","20148036829"
"Renato Molino","","Spluva, Renato Molino, Vino da Tavola, Italy","120","Case of 6 Bottles","https://www.bbr.com/products-10008072313-spluva-renato-molino-vino-da-tavola-italy","2780654","10008072313"
"Spottswoode Estate","2012","Spottswoode, Cabernet Sauvignon, St Helena, Napa Valley, California, USA","1195","Case of 6 Bottles","https://www.bbr.com/products-20128115551-2012-spottswoode-cabernet-sauvignon-st-helena-napa-valley-california-usa","1123395","20128115551"
"Spottswoode Estate","2014","Spottswoode, Cabernet Sauvignon, St Helena, Napa Valley, California, USA","800","Case of 6 Bottles","https://www.bbr.com/products-20148115551-2014-spottswoode-cabernet-sauvignon-st-helena-napa-valley-california-usa","1123395","20148115551"
"Spottswoode Estate","2014","Spottswoode, Cabernet Sauvignon, St Helena, Napa Valley, California, USA","906","Case of 6 Bottles","https://www.bbr.com/products-20148115551-2014-spottswoode-cabernet-sauvignon-st-helena-napa-valley-california-usa","1123395","20148115551"
"Spottswoode Estate","2015","Spottswoode, Cabernet Sauvignon, St Helena, Napa Valley, California, USA","850","Case of 6 Bottles","https://www.bbr.com/products-20158115551-2015-spottswoode-cabernet-sauvignon-st-helena-napa-valley-california-usa","1123395","20158115551"
"Spottswoode Estate","2015","Spottswoode, Cabernet Sauvignon, St Helena, Napa Valley, California, USA","1240","Case of 6 Bottles","https://www.bbr.com/products-20158115551-2015-spottswoode-cabernet-sauvignon-st-helena-napa-valley-california-usa","1123395","20158115551"
"Spottswoode Estate","2016","Spottswoode, Cabernet Sauvignon, St Helena, Napa Valley, California, USA","1708","Case of 6 Bottles","https://www.bbr.com/products-20168115551-2016-spottswoode-cabernet-sauvignon-st-helena-napa-valley-california-usa","1123395","20168115551"
"Spottswoode Estate","2017","Spottswoode, Cabernet Sauvignon, St Helena, Napa Valley, California, USA","740","Case of 6 Bottles","https://www.bbr.com/products-20178115551-2017-spottswoode-cabernet-sauvignon-st-helena-napa-valley-california-usa","1123395","20178115551"
"Spottswoode Estate","2018","Spottswoode, Cabernet Sauvignon, St Helena, Napa Valley, California, USA","1100","Case of 6 Bottles","https://www.bbr.com/products-20188115551-2018-spottswoode-cabernet-sauvignon-st-helena-napa-valley-california-usa","1123395","20188115551"
"Spottswoode Estate","2018","Spottswoode, Cabernet Sauvignon, St Helena, Napa Valley, California, USA","2300","Case of 3 Magnums","https://www.bbr.com/products-20188115551-2018-spottswoode-cabernet-sauvignon-st-helena-napa-valley-california-usa","1123395","20188115551"
"Spottswoode Estate","2019","Spottswoode, Cabernet Sauvignon, St Helena, Napa Valley, California, USA","845","Case of 6 Bottles","https://www.bbr.com/products-20198115551-2019-spottswoode-cabernet-sauvignon-st-helena-napa-valley-california-usa","1123395","20198115551"
"Spottswoode Estate","2019","Spottswoode, Cabernet Sauvignon, St Helena, Napa Valley, California, USA","1475","Case of 3 Magnums","https://www.bbr.com/products-20198115551-2019-spottswoode-cabernet-sauvignon-st-helena-napa-valley-california-usa","1123395","20198115551"
"Spottswoode Estate","2021","Spottswoode, Cabernet Sauvignon, St Helena, Napa Valley, California, USA","1250","Case of 6 Bottles","https://www.bbr.com/products-20218115551-2021-spottswoode-cabernet-sauvignon-st-helena-napa-valley-california-usa","1123395","20218115551"
"Spottswoode Estate","2013","Spottswoode, Cabernet Sauvignon, St Helena, Napa Valley, California,USA","1050","Case of 6 Bottles","https://www.bbr.com/products-20138115551-2013-spottswoode-cabernet-sauvignon-st-helena-napa-valley-california-usa","1123395","20138115551"
"Weingut Wittmann","2019","Spatburgunder, Gundersheimer, Erste Lage, Wittmann, Rheinhessen, Germany","475","Case of 6 Bottles","https://www.bbr.com/products-20198160199-2019-spatburgunder-gundersheimer-erste-lage-wittmann-rheinhessen-germany","2606637","20198160199"
"A. Christmann","2019","Spatburgunder, Idig, Grosses Gewachs, A. Christmann, Pfalz, Germany","425","Case of 6 Bottles","https://www.bbr.com/products-20198149990-2019-spatburgunder-idig-grosses-gewachs-a-christmann-pfalz-germany","1445617","20198149990"
"Weingut Julg","2022","Spatburgunder, Sonnenberg WG, Erstes Gewachs, Julg, Pfalz, Germany [22 24]","250","Case of 6 Bottles","https://www.bbr.com/products-20228318141-2022-spatburgunder-sonnenberg-wg-erstes-gewachs-julg-pfalz-germany-22-24","2502072","20228318141"
"A. Christmann","2018","Spatburgunder, Trocken, Konigsbacher Olberg, A. Christmann, Pfalz, Germany","100","Case of 1 Magnums","https://www.bbr.com/products-20188082103-2018-spatburgunder-trocken-konigsbacher-olberg-a-christmann-pfalz-germany","1917422","20188082103"
"Domaine Hubert Lamy","2020","St Aubin Blanc, Clos de la Chateniere, Vieilles Vignes, 1er Cru, Domaine Hubert Lamy, Burgundy","660","Case of 6 Bottles","https://www.bbr.com/products-20208240440-2020-st-aubin-blanc-clos-de-la-chateniere-vieilles-vignes-1er-cru-domaine-hubert-lamy-burgundy","1829271","20208240440"
"Domaine Hubert Lamy","2022","St Aubin Blanc, Clos de la Chateniere, Vieilles Vignes, 1er Cru, Domaine Hubert Lamy, Burgundy","660","Case of 6 Bottles","https://www.bbr.com/products-20228240440-2022-st-aubin-blanc-clos-de-la-chateniere-vieilles-vignes-1er-cru-domaine-hubert-lamy-burgundy","1829271","20228240440"
"Domaine Hubert Lamy","2016","St Aubin Blanc, Derriere Chez Edouard, 1er Cru, Haute Densite, Domaine Hubert Lamy, Burgundy","2400","Case of 3 Bottles","https://www.bbr.com/products-20168019426-2016-st-aubin-blanc-derriere-chez-edouard-1er-cru-haute-densite-domaine-hubert-lamy-burgundy","1214299","20168019426"
"Domaine Hubert Lamy","2018","St Aubin Blanc, Derriere Chez Edouard, 1er Cru, Haute Densite, Domaine Hubert Lamy, Burgundy","1365","Case of 3 Bottles","https://www.bbr.com/products-20188019426-2018-st-aubin-blanc-derriere-chez-edouard-1er-cru-haute-densite-domaine-hubert-lamy-burgundy","1214299","20188019426"
"Domaine Hubert Lamy","2018","St Aubin Blanc, Derriere Chez Edouard, 1er Cru, Haute Densite, Domaine Hubert Lamy, Burgundy","945","Case of 1 Magnums","https://www.bbr.com/products-20188019426-2018-st-aubin-blanc-derriere-chez-edouard-1er-cru-haute-densite-domaine-hubert-lamy-burgundy","1214299","20188019426"
"Domaine Hubert Lamy","2019","St Aubin Blanc, Derriere Chez Edouard, 1er Cru, Haute Densite, Domaine Hubert Lamy, Burgundy","1725","Case of 3 Bottles","https://www.bbr.com/products-20198019426-2019-st-aubin-blanc-derriere-chez-edouard-1er-cru-haute-densite-domaine-hubert-lamy-burgundy","1214299","20198019426"
"Domaine Hubert Lamy","2019","St Aubin Blanc, Derriere Chez Edouard, 1er Cru, Haute Densite, Domaine Hubert Lamy, Burgundy","1190","Case of 1 Magnums","https://www.bbr.com/products-20198019426-2019-st-aubin-blanc-derriere-chez-edouard-1er-cru-haute-densite-domaine-hubert-lamy-burgundy","1214299","20198019426"
"Domaine Hubert Lamy","2020","St Aubin Blanc, Derriere Chez Edouard, 1er Cru, Haute Densite, Domaine Hubert Lamy, Burgundy","795","Case of 1 Bottles","https://www.bbr.com/products-20208019426-2020-st-aubin-blanc-derriere-chez-edouard-1er-cru-haute-densite-domaine-hubert-lamy-burgundy","1214299","20208019426"
"Domaine Hubert Lamy","2020","St Aubin Blanc, Derriere Chez Edouard, 1er Cru, Haute Densite, Domaine Hubert Lamy, Burgundy","600","Case of 1 Bottles","https://www.bbr.com/products-20208019426-2020-st-aubin-blanc-derriere-chez-edouard-1er-cru-haute-densite-domaine-hubert-lamy-burgundy","1214299","20208019426"
"Domaine Hubert Lamy","2021","St Aubin Blanc, Derriere Chez Edouard, 1er Cru, Haute Densite, Domaine Hubert Lamy, Burgundy","1420","Case of 3 Bottles","https://www.bbr.com/products-20218019426-2021-st-aubin-blanc-derriere-chez-edouard-1er-cru-haute-densite-domaine-hubert-lamy-burgundy","1214299","20218019426"
"Domaine Hubert Lamy","2022","St Aubin Blanc, Derriere Chez Edouard, 1er Cru, Haute Densite, Domaine Hubert Lamy, Burgundy","1750","Case of 3 Bottles","https://www.bbr.com/products-20228019426-2022-st-aubin-blanc-derriere-chez-edouard-1er-cru-haute-densite-domaine-hubert-lamy-burgundy","1214299","20228019426"
"Domaine Hubert Lamy","2022","St Aubin Blanc, Derriere Chez Edouard, 1er Cru, Haute Densite, Domaine Hubert Lamy, Burgundy","890","Case of 1 Magnums","https://www.bbr.com/products-20228019426-2022-st-aubin-blanc-derriere-chez-edouard-1er-cru-haute-densite-domaine-hubert-lamy-burgundy","1214299","20228019426"
"Domaine Hubert Lamy","2023","St Aubin Blanc, Derriere Chez Edouard, 1er Cru, Haute Densite, Domaine Hubert Lamy, Burgundy","1400","Case of 3 Bottles","https://www.bbr.com/products-20238019426-2023-st-aubin-blanc-derriere-chez-edouard-1er-cru-haute-densite-domaine-hubert-lamy-burgundy","1214299","20238019426"
"Domaine Hubert Lamy","2023","St Aubin Blanc, Derriere Chez Edouard, 1er Cru, Haute Densite, Domaine Hubert Lamy, Burgundy","1800","Case of 1 Magnums","https://www.bbr.com/products-20238019426-2023-st-aubin-blanc-derriere-chez-edouard-1er-cru-haute-densite-domaine-hubert-lamy-burgundy","1214299","20238019426"
"Domaine Lamy-Pillot","2021","St Aubin Blanc, En Creot, 1er Cru, Domaine Lamy Pillot, Burgundy","325","Case of 6 Bottles","https://www.bbr.com/products-20218400101-2021-st-aubin-blanc-en-creot-1er-cru-domaine-lamy-pillot-burgundy","1595976","20218400101"
"Domaine Henri Prudhon","2023","St Aubin Blanc, En Remilly, 1er Cru, Domaine Henri Prudhon, Burgundy","234","Case of 6 Bottles","https://www.bbr.com/products-20231379183-2023-st-aubin-blanc-en-remilly-1er-cru-domaine-henri-prudhon-burgundy","1379183","20231379183"
"Domaine Paul Pillot","2023","St Aubin Blanc, Les Charmois, 1er Cru, Domaine Paul Pillot, Burgundy","450","Case of 6 Bottles","https://www.bbr.com/products-20238222910-2023-st-aubin-blanc-les-charmois-1er-cru-domaine-paul-pillot-burgundy","1078103","20238222910"
"Domaine Paul Pillot","2023","St Aubin Blanc, Les Charmois, 1er Cru, Domaine Paul Pillot, Burgundy","225","Case of 3 Bottles","https://www.bbr.com/products-20238222910-2023-st-aubin-blanc-les-charmois-1er-cru-domaine-paul-pillot-burgundy","1078103","20238222910"
"Domaine Paul Pillot","2023","St Aubin Blanc, Les Charmois, 1er Cru, Domaine Paul Pillot, Burgundy","447","Case of 3 Magnums","https://www.bbr.com/products-20238222910-2023-st-aubin-blanc-les-charmois-1er-cru-domaine-paul-pillot-burgundy","1078103","20238222910"
"Philippe Pacalet","2015","St Aubin Blanc, Les Murgers des Dents de Chien, 1er Cru, Domaine Philippe Pacalet, Burgundy","1200","Case of 12 Bottles","https://www.bbr.com/products-20158051925-2015-st-aubin-blanc-les-murgers-des-dents-de-chien-1er-cru-domaine-philippe-pacalet-burgundy","1077614","20158051925"
"Philippe Pacalet","2017","St Aubin Blanc, Les Murgers des Dents de Chien, 1er Cru, Domaine Philippe Pacalet, Burgundy","1005","Case of 12 Bottles","https://www.bbr.com/products-20178051925-2017-st-aubin-blanc-les-murgers-des-dents-de-chien-1er-cru-domaine-philippe-pacalet-burgundy","1077614","20178051925"
"Philippe Pacalet","2018","St Aubin Blanc, Les Murgers des Dents de Chien, 1er Cru, Domaine Philippe Pacalet, Burgundy","1173","Case of 12 Bottles","https://www.bbr.com/products-20188051925-2018-st-aubin-blanc-les-murgers-des-dents-de-chien-1er-cru-domaine-philippe-pacalet-burgundy","1077614","20188051925"
"Domaine Hubert Lamy","2018","St Aubin Rouge, Derriere Chez Edouard, 1er Cru, Vieilles Vignes, Domaine Hubert Lamy, Burgundy","238","Case of 6 Bottles","https://www.bbr.com/products-20188011156-2018-st-aubin-rouge-derriere-chez-edouard-1er-cru-vieilles-vignes-domaine-hubert-lamy-burgundy","1284438","20188011156"
"Domaine Hubert Lamy","2020","St Aubin Rouge, Derriere Chez Edouard, 1er Cru, Vieilles Vignes, Domaine Hubert Lamy, Burgundy","180","Case of 3 Bottles","https://www.bbr.com/products-20208011156-2020-st-aubin-rouge-derriere-chez-edouard-1er-cru-vieilles-vignes-domaine-hubert-lamy-burgundy","1284438","20208011156"
"Domaine Hubert Lamy","2020","St Aubin Rouge, Derriere Chez Edouard, 1er Cru, Vieilles Vignes, Domaine Hubert Lamy, Burgundy","340","Case of 6 Bottles","https://www.bbr.com/products-20208011156-2020-st-aubin-rouge-derriere-chez-edouard-1er-cru-vieilles-vignes-domaine-hubert-lamy-burgundy","1284438","20208011156"
"Domaine Hubert Lamy","2022","St Aubin Rouge, Derriere Chez Edouard, 1er Cru, Vieilles Vignes, Domaine Hubert Lamy, Burgundy","435","Case of 6 Bottles","https://www.bbr.com/products-20228011156-2022-st-aubin-rouge-derriere-chez-edouard-1er-cru-vieilles-vignes-domaine-hubert-lamy-burgundy","1284438","20228011156"
"Domaine Hubert Lamy","2016","St Aubin Rouge, Derriere Chez Edouard, 1er Cru, Vieilles Vignes,Domaine Hubert Lamy, Burgundy","395","Case of 6 Bottles","https://www.bbr.com/products-20168011156-2016-st-aubin-rouge-derriere-chez-edouard-1er-cru-vieilles-vignes-domaine-hubert-lamy-burgundy","1284438","20168011156"
"Domaine Hubert Lamy","2017","St Aubin Rouge, Derriere Chez Edouard, 1er Cru, Vieilles Vignes,Domaine Hubert Lamy, Burgundy","398","Case of 6 Bottles","https://www.bbr.com/products-20178011156-2017-st-aubin-rouge-derriere-chez-edouard-1er-cru-vieilles-vignes-domaine-hubert-lamy-burgundy","1284438","20178011156"
"Domaine Hubert Lamy","2019","St Aubin Rouge, Derriere Chez Edouard, 1er Cru, Vieilles Vignes,Domaine Hubert Lamy, Burgundy","275","Case of 6 Bottles","https://www.bbr.com/products-20198011156-2019-st-aubin-rouge-derriere-chez-edouard-1er-cru-vieilles-vignes-domaine-hubert-lamy-burgundy","1284438","20198011156"
"Domaine Hubert Lamy","2019","St Aubin Rouge, Derriere Chez Edouard, 1er Cru, Vieilles Vignes,Domaine Hubert Lamy, Burgundy","375","Case of 6 Bottles","https://www.bbr.com/products-20198011156-2019-st-aubin-rouge-derriere-chez-edouard-1er-cru-vieilles-vignes-domaine-hubert-lamy-burgundy","1284438","20198011156"
"Domaine Hubert Lamy","2021","St Aubin Rouge, Derriere Chez Edouard, 1er Cru, Vieilles Vignes,Domaine Hubert Lamy, Burgundy","395","Case of 6 Bottles","https://www.bbr.com/products-20218011156-2021-st-aubin-rouge-derriere-chez-edouard-1er-cru-vieilles-vignes-domaine-hubert-lamy-burgundy","1284438","20218011156"
"Jean-Claude Bachelet","2019","St Aubin Rouge, Derriere La Tour, 1er Cru, Jean-Claude Bachelet & Fils, Burgundy","320","Case of 6 Bottles","https://www.bbr.com/products-20191019344-2019-st-aubin-rouge-derriere-la-tour-1er-cru-jean-claude-bachelet-fils-burgundy","1019344","20191019344"
"Jean-Claude Bachelet","2020","St Aubin Rouge, Derriere La Tour, 1er Cru, Jean-Claude Bachelet &amp; Fils, Burgundy","175","Case of 6 Bottles","https://www.bbr.com/products-20201019344-2020-st-aubin-rouge-derriere-la-tour-1er-cru-jean-claude-bachelet-and-fils-burgundy","1019344","20201019344"
"Jean-Claude Bachelet","2021","St Aubin Rouge, Derriere La Tour, 1er Cru, Jean-Claude Bachelet &amp; Fils, Burgundy","190","Case of 6 Bottles","https://www.bbr.com/products-20211019344-2021-st-aubin-rouge-derriere-la-tour-1er-cru-jean-claude-bachelet-and-fils-burgundy","1019344","20211019344"
"Jean-Claude Bachelet","2022","St Aubin Rouge, Derriere La Tour, 1er Cru, Jean-Claude Bachelet &amp; Fils, Burgundy","280","Case of 6 Bottles","https://www.bbr.com/products-20221019344-2022-st-aubin-rouge-derriere-la-tour-1er-cru-jean-claude-bachelet-and-fils-burgundy","1019344","20221019344"
"Domaine Henri Prudhon","2018","St Aubin Rouge, Les Rouges-Gorges, 1er Cru, Domaine Henri Prudhon, Burgundy","368","Case of 6 Bottles","https://www.bbr.com/products-20188001092-2018-st-aubin-rouge-les-rouges-gorges-1er-cru-domaine-henri-prudhon-burgundy","1160424","20188001092"
"Domaine Henri Prudhon","2021","St Aubin Rouge, Les Rouges-Gorges, 1er Cru, Domaine Henri Prudhon, Burgundy","249","Case of 6 Bottles","https://www.bbr.com/products-20218001092-2021-st-aubin-rouge-les-rouges-gorges-1er-cru-domaine-henri-prudhon-burgundy","1160424","20218001092"
"Domaine Hubert Lamy","2016","St Aubin, Clos de la Chateniere, 1er Cru, Domaine Hubert Lamy, Burgundy","560","Case of 6 Bottles","https://www.bbr.com/products-20168019413-2016-st-aubin-clos-de-la-chateniere-1er-cru-domaine-hubert-lamy-burgundy","1072097","20168019413"
"Domaine Hubert Lamy","2018","St Aubin, Clos de la Chateniere, 1er Cru, Domaine Hubert Lamy, Burgundy","550","Case of 6 Bottles","https://www.bbr.com/products-20188019413-2018-st-aubin-clos-de-la-chateniere-1er-cru-domaine-hubert-lamy-burgundy","1072097","20188019413"
"Domaine Hubert Lamy","2019","St Aubin, Clos de la Chateniere, 1er Cru, Domaine Hubert Lamy, Burgundy","630","Case of 6 Bottles","https://www.bbr.com/products-20198019413-2019-st-aubin-clos-de-la-chateniere-1er-cru-domaine-hubert-lamy-burgundy","1072097","20198019413"
"Domaine Hubert Lamy","2020","St Aubin, Clos de la Chateniere, 1er Cru, Domaine Hubert Lamy, Burgundy","600","Case of 6 Bottles","https://www.bbr.com/products-20208019413-2020-st-aubin-clos-de-la-chateniere-1er-cru-domaine-hubert-lamy-burgundy","1072097","20208019413"
"Domaine Hubert Lamy","2021","St Aubin, Clos de la Chateniere, 1er Cru, Domaine Hubert Lamy, Burgundy","660","Case of 6 Bottles","https://www.bbr.com/products-20218019413-2021-st-aubin-clos-de-la-chateniere-1er-cru-domaine-hubert-lamy-burgundy","1072097","20218019413"
"Domaine Hubert Lamy","2022","St Aubin, Clos de la Chateniere, 1er Cru, Domaine Hubert Lamy, Burgundy","650","Case of 6 Bottles","https://www.bbr.com/products-20228019413-2022-st-aubin-clos-de-la-chateniere-1er-cru-domaine-hubert-lamy-burgundy","1072097","20228019413"
"Domaine Hubert Lamy","2022","St Aubin, Clos de la Chateniere, 1er Cru, Domaine Hubert Lamy, Burgundy","960","Case of 6 Bottles","https://www.bbr.com/products-20228019413-2022-st-aubin-clos-de-la-chateniere-1er-cru-domaine-hubert-lamy-burgundy","1072097","20228019413"
"Domaine Hubert Lamy","2020","St Aubin, Clos du Meix, 1er Cru, Domaine Hubert Lamy, Burgundy","550","Case of 6 Bottles","https://www.bbr.com/products-20208161819-2020-st-aubin-clos-du-meix-1er-cru-domaine-hubert-lamy-burgundy","1259988","20208161819"
"Armand Heitz","2019","St Aubin, Combes au Sud, 1er Cru, Armand Heitz, Burgundy","300","Case of 6 Bottles","https://www.bbr.com/products-20198156297-2019-st-aubin-combes-au-sud-1er-cru-armand-heitz-burgundy","2024303","20198156297"
"Domaine Marc Colin","2017","St Aubin, En Montceau, 1er Cru, Marc Colin & Fils, Burgundy","340","Case of 6 Bottles","https://www.bbr.com/products-20171149919-2017-st-aubin-en-montceau-1er-cru-marc-colin-fils-burgundy","1149919","20171149919"
"Domaine Marc Colin","2023","St Aubin, En Montceau, 1er Cru, Marc Colin & Fils, Burgundy","390","Case of 6 Bottles","https://www.bbr.com/products-20231149919-2023-st-aubin-en-montceau-1er-cru-marc-colin-fils-burgundy","1149919","20231149919"
"Domaine Marc Colin","2021","St Aubin, En Montceau, 1er Cru, Marc Colin &amp; Fils, Burgundy","360","Case of 6 Bottles","https://www.bbr.com/products-20211149919-2021-st-aubin-en-montceau-1er-cru-marc-colin-and-fils-burgundy","1149919","20211149919"
"Chateau de Puligny-Montrachet","2015","St Aubin, En Remilly, 1er Cru, Chateau de Puligny-Montrachet, Burgundy","320","Case of 12 Bottles","https://www.bbr.com/products-20151451021-2015-st-aubin-en-remilly-1er-cru-chateau-de-puligny-montrachet-burgundy","1785124","20151451021"
"Domaine Bachelet-Monnot","2019","St Aubin, En Remilly, 1er Cru, Domaine Bachelet-Monnot, Burgundy","700","Case of 12 Bottles","https://www.bbr.com/products-20198019833-2019-st-aubin-en-remilly-1er-cru-domaine-bachelet-monnot-burgundy","1335143","20198019833"
"Domaine Bachelet-Monnot","2020","St Aubin, En Remilly, 1er Cru, Domaine Bachelet-Monnot, Burgundy","720","Case of 12 Bottles","https://www.bbr.com/products-20208019833-2020-st-aubin-en-remilly-1er-cru-domaine-bachelet-monnot-burgundy","1335143","20208019833"
"Domaine Francoise et Denis Clair","2023","St Aubin, En Remilly, 1er Cru, Domaine Francois &amp; Denis Clair, Burgundy","540","Case of 12 Bottles","https://www.bbr.com/products-20238403779-2023-st-aubin-en-remilly-1er-cru-domaine-francois-and-denis-clair-burgundy","1224933","20238403779"
"Domaine Hubert Lamy","2011","St Aubin, En Remilly, 1er Cru, Domaine Hubert Lamy, Burgundy","1500","Case of 12 Bottles","https://www.bbr.com/products-20118014030-2011-st-aubin-en-remilly-1er-cru-domaine-hubert-lamy-burgundy","1072130","20118014030"
"Domaine Hubert Lamy","2015","St Aubin, En Remilly, 1er Cru, Domaine Hubert Lamy, Burgundy","720","Case of 6 Bottles","https://www.bbr.com/products-20158014030-2015-st-aubin-en-remilly-1er-cru-domaine-hubert-lamy-burgundy","1072130","20158014030"
"Domaine Hubert Lamy","2016","St Aubin, En Remilly, 1er Cru, Domaine Hubert Lamy, Burgundy","750","Case of 6 Bottles","https://www.bbr.com/products-20168014030-2016-st-aubin-en-remilly-1er-cru-domaine-hubert-lamy-burgundy","1072130","20168014030"
"Domaine Hubert Lamy","2017","St Aubin, En Remilly, 1er Cru, Domaine Hubert Lamy, Burgundy","780","Case of 6 Bottles","https://www.bbr.com/products-20178014030-2017-st-aubin-en-remilly-1er-cru-domaine-hubert-lamy-burgundy","1072130","20178014030"
"Domaine Hubert Lamy","2018","St Aubin, En Remilly, 1er Cru, Domaine Hubert Lamy, Burgundy","525","Case of 6 Bottles","https://www.bbr.com/products-20188014030-2018-st-aubin-en-remilly-1er-cru-domaine-hubert-lamy-burgundy","1072130","20188014030"
"Domaine Hubert Lamy","2018","St Aubin, En Remilly, 1er Cru, Domaine Hubert Lamy, Burgundy","1250","Case of 3 Magnums","https://www.bbr.com/products-20188014030-2018-st-aubin-en-remilly-1er-cru-domaine-hubert-lamy-burgundy","1072130","20188014030"
"Domaine Hubert Lamy","2019","St Aubin, En Remilly, 1er Cru, Domaine Hubert Lamy, Burgundy","730","Case of 6 Bottles","https://www.bbr.com/products-20198014030-2019-st-aubin-en-remilly-1er-cru-domaine-hubert-lamy-burgundy","1072130","20198014030"
"Domaine Hubert Lamy","2020","St Aubin, En Remilly, 1er Cru, Domaine Hubert Lamy, Burgundy","788","Case of 6 Bottles","https://www.bbr.com/products-20208014030-2020-st-aubin-en-remilly-1er-cru-domaine-hubert-lamy-burgundy","1072130","20208014030"
"Domaine Hubert Lamy","2020","St Aubin, En Remilly, 1er Cru, Domaine Hubert Lamy, Burgundy","300","Case of 1 Magnums","https://www.bbr.com/products-20208014030-2020-st-aubin-en-remilly-1er-cru-domaine-hubert-lamy-burgundy","1072130","20208014030"
"Domaine Hubert Lamy","2021","St Aubin, En Remilly, 1er Cru, Domaine Hubert Lamy, Burgundy","785","Case of 6 Bottles","https://www.bbr.com/products-20218014030-2021-st-aubin-en-remilly-1er-cru-domaine-hubert-lamy-burgundy","1072130","20218014030"
"Domaine Hubert Lamy","2021","St Aubin, En Remilly, 1er Cru, Domaine Hubert Lamy, Burgundy","350","Case of 3 Bottles","https://www.bbr.com/products-20218014030-2021-st-aubin-en-remilly-1er-cru-domaine-hubert-lamy-burgundy","1072130","20218014030"
"Domaine Hubert Lamy","2022","St Aubin, En Remilly, 1er Cru, Domaine Hubert Lamy, Burgundy","900","Case of 6 Bottles","https://www.bbr.com/products-20228014030-2022-st-aubin-en-remilly-1er-cru-domaine-hubert-lamy-burgundy","1072130","20228014030"
"Domaine Hubert Lamy","2022","St Aubin, En Remilly, 1er Cru, Domaine Hubert Lamy, Burgundy","675","Case of 6 Bottles","https://www.bbr.com/products-20228014030-2022-st-aubin-en-remilly-1er-cru-domaine-hubert-lamy-burgundy","1072130","20228014030"
"Domaine de Montille","2017","St Aubin, En Remilly, 1er Cru, Domaine de Montille, Burgundy","480","Case of 12 Bottles","https://www.bbr.com/products-20178018416-2017-st-aubin-en-remilly-1er-cru-domaine-de-montille-burgundy","1785124","20178018416"
"Domaine de Montille","2018","St Aubin, En Remilly, 1er Cru, Domaine de Montille, Burgundy","469","Case of 12 Bottles","https://www.bbr.com/products-20188018416-2018-st-aubin-en-remilly-1er-cru-domaine-de-montille-burgundy","1785124","20188018416"
"Domaine de Montille","2019","St Aubin, En Remilly, 1er Cru, Domaine de Montille, Burgundy","489","Case of 12 Bottles","https://www.bbr.com/products-20198018416-2019-st-aubin-en-remilly-1er-cru-domaine-de-montille-burgundy","1785124","20198018416"
"Domaine de Montille","2019","St Aubin, En Remilly, 1er Cru, Domaine de Montille, Burgundy","295","Case of 3 Magnums","https://www.bbr.com/products-20198018416-2019-st-aubin-en-remilly-1er-cru-domaine-de-montille-burgundy","1785124","20198018416"
"Domaine de Montille","2020","St Aubin, En Remilly, 1er Cru, Domaine de Montille, Burgundy","390","Case of 12 Bottles","https://www.bbr.com/products-20208018416-2020-st-aubin-en-remilly-1er-cru-domaine-de-montille-burgundy","1785124","20208018416"
"Domaine de Montille","2021","St Aubin, En Remilly, 1er Cru, Domaine de Montille, Burgundy","510","Case of 12 Bottles","https://www.bbr.com/products-20218018416-2021-st-aubin-en-remilly-1er-cru-domaine-de-montille-burgundy","1785124","20218018416"
"Domaine de Montille","2022","St Aubin, En Remilly, 1er Cru, Domaine de Montille, Burgundy","400","Case of 6 Bottles","https://www.bbr.com/products-20228018416-2022-st-aubin-en-remilly-1er-cru-domaine-de-montille-burgundy","1785124","20228018416"
"Domaine de Montille","2022","St Aubin, En Remilly, 1er Cru, Domaine de Montille, Burgundy","578","Case of 6 Bottles","https://www.bbr.com/products-20228018416-2022-st-aubin-en-remilly-1er-cru-domaine-de-montille-burgundy","1785124","20228018416"
"Domaine de Montille","2023","St Aubin, En Remilly, 1er Cru, Domaine de Montille, Burgundy","459","Case of 6 Bottles","https://www.bbr.com/products-20238018416-2023-st-aubin-en-remilly-1er-cru-domaine-de-montille-burgundy","1785124","20238018416"
"Domaine Joseph Colin","2017","St Aubin, En Remilly, 1er Cru, Joseph Colin, Burgundy","523","Case of 6 Bottles","https://www.bbr.com/products-20178030957-2017-st-aubin-en-remilly-1er-cru-joseph-colin-burgundy","1768721","20178030957"
"Domaine Joseph Colin","2018","St Aubin, En Remilly, 1er Cru, Joseph Colin, Burgundy","610","Case of 6 Bottles","https://www.bbr.com/products-20188030957-2018-st-aubin-en-remilly-1er-cru-joseph-colin-burgundy","1768721","20188030957"
"Domaine Joseph Colin","2019","St Aubin, En Remilly, 1er Cru, Joseph Colin, Burgundy","620","Case of 6 Bottles","https://www.bbr.com/products-20198030957-2019-st-aubin-en-remilly-1er-cru-joseph-colin-burgundy","1768721","20198030957"
"Domaine Joseph Colin","2020","St Aubin, En Remilly, 1er Cru, Joseph Colin, Burgundy","345","Case of 6 Bottles","https://www.bbr.com/products-20208030957-2020-st-aubin-en-remilly-1er-cru-joseph-colin-burgundy","1768721","20208030957"
"Domaine Joseph Colin","2022","St Aubin, En Remilly, 1er Cru, Joseph Colin, Burgundy","345","Case of 6 Bottles","https://www.bbr.com/products-20228030957-2022-st-aubin-en-remilly-1er-cru-joseph-colin-burgundy","1768721","20228030957"
"Domaine Joseph Colin","2022","St Aubin, En Remilly, 1er Cru, Joseph Colin, Burgundy","349","Case of 6 Bottles","https://www.bbr.com/products-20228030957-2022-st-aubin-en-remilly-1er-cru-joseph-colin-burgundy","1768721","20228030957"
"Domaine Joseph Colin","2023","St Aubin, En Remilly, 1er Cru, Joseph Colin, Burgundy","480","Case of 6 Bottles","https://www.bbr.com/products-20238030957-2023-st-aubin-en-remilly-1er-cru-joseph-colin-burgundy","1768721","20238030957"
"Louis Jadot","2021","St Aubin, En Remilly, 1er Cru, Louis Jadot, Burgundy","398","Case of 6 Bottles","https://www.bbr.com/products-20218167097-2021-st-aubin-en-remilly-1er-cru-louis-jadot-burgundy","1502215","20218167097"
"Domaine Marc Colin","2023","St Aubin, En Remilly, 1er Cru, Marc Colin &amp; Fils, Burgundy","315","Case of 6 Bottles","https://www.bbr.com/products-20231065497-2023-st-aubin-en-remilly-1er-cru-marc-colin-and-fils-burgundy","1065497","20231065497"
"Maison Pierre-Yves Colin-Morey","2020","St Aubin, En Remilly, 1er Cru, Pierre-Yves Colin-Morey, Burgundy","949","Case of 6 Bottles","https://www.bbr.com/products-20208119621-2020-st-aubin-en-remilly-1er-cru-pierre-yves-colin-morey-burgundy","1065732","20208119621"
"Maison Pierre-Yves Colin-Morey","2022","St Aubin, En Remilly, 1er Cru, Pierre-Yves Colin-Morey, Burgundy","445","Case of 3 Bottles","https://www.bbr.com/products-20228119621-2022-st-aubin-en-remilly-1er-cru-pierre-yves-colin-morey-burgundy","1065732","20228119621"
"Maison Pierre-Yves Colin-Morey","2022","St Aubin, En Remilly, 1er Cru, Pierre-Yves Colin-Morey, Burgundy","960","Case of 3 Magnums","https://www.bbr.com/products-20228119621-2022-st-aubin-en-remilly-1er-cru-pierre-yves-colin-morey-burgundy","1065732","20228119621"
"Maison Pierre-Yves Colin-Morey","2022","St Aubin, Hommage a ""Marguerite"", 1er Cru, Pierre-Yves Colin-Morey, Burgundy","700","Case of 6 Bottles","https://www.bbr.com/products-20228104504-2022-st-aubin-hommage-a-marguerite-1er-cru-pierre-yves-colin-morey-burgundy","1614523","20228104504"
"Maison Pierre-Yves Colin-Morey","2018","St Aubin, Hommage a ""Marguerite"", 1er Cru, Pierre-Yves Colin-Morey,Burgundy","600","Case of 6 Bottles","https://www.bbr.com/products-20188104504-2018-st-aubin-hommage-a-marguerite-1er-cru-pierre-yves-colin-morey-burgundy","1614523","20188104504"
"Domaine Larue","2017","St Aubin, La Chateniere, 1er Cru, Domaine Larue, Burgundy","1595","Case of 6 Magnums","https://www.bbr.com/products-20178056337-2017-st-aubin-la-chateniere-1er-cru-domaine-larue-burgundy","1895092","20178056337"
"Jean-Claude Bachelet","2013","St Aubin, La Chateniere, 1er Cru, Jean-Claude Bachelet & Fils, Burgundy","475","Case of 12 Bottles","https://www.bbr.com/products-20131325311-2013-st-aubin-la-chateniere-1er-cru-jean-claude-bachelet-fils-burgundy","1325311","20131325311"
"Jean-Claude Bachelet","2014","St Aubin, La Chateniere, 1er Cru, Jean-Claude Bachelet & Fils, Burgundy","550","Case of 12 Bottles","https://www.bbr.com/products-20141325311-2014-st-aubin-la-chateniere-1er-cru-jean-claude-bachelet-fils-burgundy","1325311","20141325311"
"Jean-Claude Bachelet","2020","St Aubin, La Chateniere, 1er Cru, Jean-Claude Bachelet &amp; Fils, Burgundy","400","Case of 6 Bottles","https://www.bbr.com/products-20201325311-2020-st-aubin-la-chateniere-1er-cru-jean-claude-bachelet-and-fils-burgundy","1325311","20201325311"
"Jean-Claude Bachelet","2022","St Aubin, La Chateniere, 1er Cru, Jean-Claude Bachelet &amp; Fils, Burgundy","765","Case of 6 Bottles","https://www.bbr.com/products-20221325311-2022-st-aubin-la-chateniere-1er-cru-jean-claude-bachelet-and-fils-burgundy","1325311","20221325311"
"Jean-Claude Bachelet","2023","St Aubin, La Chateniere, 1er Cru, Jean-Claude Bachelet &amp; Fils, Burgundy","348","Case of 6 Bottles","https://www.bbr.com/products-20231325311-2023-st-aubin-la-chateniere-1er-cru-jean-claude-bachelet-and-fils-burgundy","1325311","20231325311"
"Domaine Joseph Colin","2017","St Aubin, La Chateniere, 1er Cru, Joseph Colin, Burgundy","425","Case of 6 Bottles","https://www.bbr.com/products-20178030960-2017-st-aubin-la-chateniere-1er-cru-joseph-colin-burgundy","1768734","20178030960"
"Domaine Joseph Colin","2021","St Aubin, La Chateniere, 1er Cru, Joseph Colin, Burgundy","540","Case of 6 Bottles","https://www.bbr.com/products-20218030960-2021-st-aubin-la-chateniere-1er-cru-joseph-colin-burgundy","1768734","20218030960"
"Domaine Hubert Lamy","2014","St Aubin, La Princee, Domaine Hubert Lamy, Burgundy","500","Case of 6 Bottles","https://www.bbr.com/products-20148014043-2014-st-aubin-la-princee-domaine-hubert-lamy-burgundy","1150706","20148014043"
"Domaine Hubert Lamy","2016","St Aubin, La Princee, Domaine Hubert Lamy, Burgundy","400","Case of 6 Bottles","https://www.bbr.com/products-20168014043-2016-st-aubin-la-princee-domaine-hubert-lamy-burgundy","1150706","20168014043"
"Domaine Hubert Lamy","2017","St Aubin, La Princee, Domaine Hubert Lamy, Burgundy","450","Case of 6 Bottles","https://www.bbr.com/products-20178014043-2017-st-aubin-la-princee-domaine-hubert-lamy-burgundy","1150706","20178014043"
"Domaine Hubert Lamy","2019","St Aubin, La Princee, Domaine Hubert Lamy, Burgundy","330","Case of 6 Bottles","https://www.bbr.com/products-20198014043-2019-st-aubin-la-princee-domaine-hubert-lamy-burgundy","1150706","20198014043"
"Domaine Hubert Lamy","2020","St Aubin, La Princee, Domaine Hubert Lamy, Burgundy","330","Case of 6 Bottles","https://www.bbr.com/products-20208014043-2020-st-aubin-la-princee-domaine-hubert-lamy-burgundy","1150706","20208014043"
"Domaine Hubert Lamy","2020","St Aubin, La Princee, Domaine Hubert Lamy, Burgundy","400","Case of 6 Bottles","https://www.bbr.com/products-20208014043-2020-st-aubin-la-princee-domaine-hubert-lamy-burgundy","1150706","20208014043"
"Domaine Hubert Lamy","2021","St Aubin, La Princee, Domaine Hubert Lamy, Burgundy","325","Case of 6 Bottles","https://www.bbr.com/products-20218014043-2021-st-aubin-la-princee-domaine-hubert-lamy-burgundy","1150706","20218014043"
"Jean-Claude Bachelet","2014","St Aubin, Le Charmois, 1er Cru, Jean-Claude Bachelet & Fils, Burgundy","690","Case of 12 Bottles","https://www.bbr.com/products-20141325366-2014-st-aubin-le-charmois-1er-cru-jean-claude-bachelet-fils-burgundy","1325366","20141325366"
"Jean-Claude Bachelet","2015","St Aubin, Le Charmois, 1er Cru, Jean-Claude Bachelet & Fils, Burgundy","500","Case of 12 Bottles","https://www.bbr.com/products-20151325366-2015-st-aubin-le-charmois-1er-cru-jean-claude-bachelet-fils-burgundy","1325366","20151325366"
"Jean-Claude Bachelet","2016","St Aubin, Le Charmois, 1er Cru, Jean-Claude Bachelet & Fils, Burgundy","240","Case of 6 Bottles","https://www.bbr.com/products-20161325366-2016-st-aubin-le-charmois-1er-cru-jean-claude-bachelet-fils-burgundy","1325366","20161325366"
"Jean-Claude Bachelet","2020","St Aubin, Le Charmois, 1er Cru, Jean-Claude Bachelet & Fils, Burgundy","360","Case of 6 Bottles","https://www.bbr.com/products-20201325366-2020-st-aubin-le-charmois-1er-cru-jean-claude-bachelet-fils-burgundy","1325366","20201325366"
"Jean-Claude Bachelet","2018","St Aubin, Le Charmois, 1er Cru, Jean-Claude Bachelet &amp; Fils, Burgundy","325","Case of 6 Bottles","https://www.bbr.com/products-20181325366-2018-st-aubin-le-charmois-1er-cru-jean-claude-bachelet-and-fils-burgundy","1325366","20181325366"
"Jean-Claude Bachelet","2021","St Aubin, Le Charmois, 1er Cru, Jean-Claude Bachelet &amp; Fils, Burgundy","395","Case of 6 Bottles","https://www.bbr.com/products-20211325366-2021-st-aubin-le-charmois-1er-cru-jean-claude-bachelet-and-fils-burgundy","1325366","20211325366"
"Thierry Pillot","2023","St Aubin, Les Castets, 1er Cru, Thierry Pillot, Burgundy","360","Case of 6 Bottles","https://www.bbr.com/products-20238174394-2023-st-aubin-les-castets-1er-cru-thierry-pillot-burgundy","2218793","20238174394"
"Jean-Claude Bachelet","2021","St Aubin, Les Champlots, 1er Cru, Jean-Claude Bachelet &amp; Fils, Burgundy","280","Case of 6 Bottles","https://www.bbr.com/products-20211244249-2021-st-aubin-les-champlots-1er-cru-jean-claude-bachelet-and-fils-burgundy","1244249","20211244249"
"Jean-Claude Bachelet","2022","St Aubin, Les Champlots, 1er Cru, Jean-Claude Bachelet &amp; Fils, Burgundy","350","Case of 6 Bottles","https://www.bbr.com/products-20221244249-2022-st-aubin-les-champlots-1er-cru-jean-claude-bachelet-and-fils-burgundy","1244249","20221244249"
"Domaine Hubert Lamy","2009","St Aubin, Les Frionnes, 1er Cru, Domaine Hubert Lamy, Burgundy","1000","Case of 12 Bottles","https://www.bbr.com/products-20091072127-2009-st-aubin-les-frionnes-1er-cru-domaine-hubert-lamy-burgundy","1072127","20091072127"
"Domaine Hubert Lamy","2011","St Aubin, Les Frionnes, 1er Cru, Domaine Hubert Lamy, Burgundy","1000","Case of 12 Bottles","https://www.bbr.com/products-20111072127-2011-st-aubin-les-frionnes-1er-cru-domaine-hubert-lamy-burgundy","1072127","20111072127"
"Domaine Hubert Lamy","2012","St Aubin, Les Frionnes, 1er Cru, Domaine Hubert Lamy, Burgundy","650","Case of 6 Bottles","https://www.bbr.com/products-20121072127-2012-st-aubin-les-frionnes-1er-cru-domaine-hubert-lamy-burgundy","1072127","20121072127"
"Domaine Hubert Lamy","2014","St Aubin, Les Frionnes, 1er Cru, Domaine Hubert Lamy, Burgundy","500","Case of 6 Bottles","https://www.bbr.com/products-20141072127-2014-st-aubin-les-frionnes-1er-cru-domaine-hubert-lamy-burgundy","1072127","20141072127"
"Domaine Hubert Lamy","2015","St Aubin, Les Frionnes, 1er Cru, Domaine Hubert Lamy, Burgundy","450","Case of 6 Bottles","https://www.bbr.com/products-20151072127-2015-st-aubin-les-frionnes-1er-cru-domaine-hubert-lamy-burgundy","1072127","20151072127"
"Domaine Hubert Lamy","2016","St Aubin, Les Frionnes, 1er Cru, Domaine Hubert Lamy, Burgundy","540","Case of 6 Bottles","https://www.bbr.com/products-20161072127-2016-st-aubin-les-frionnes-1er-cru-domaine-hubert-lamy-burgundy","1072127","20161072127"
"Domaine Hubert Lamy","2018","St Aubin, Les Frionnes, 1er Cru, Domaine Hubert Lamy, Burgundy","340","Case of 6 Bottles","https://www.bbr.com/products-20181072127-2018-st-aubin-les-frionnes-1er-cru-domaine-hubert-lamy-burgundy","1072127","20181072127"
"Domaine Hubert Lamy","2018","St Aubin, Les Frionnes, 1er Cru, Domaine Hubert Lamy, Burgundy","350","Case of 6 Bottles","https://www.bbr.com/products-20181072127-2018-st-aubin-les-frionnes-1er-cru-domaine-hubert-lamy-burgundy","1072127","20181072127"
"Domaine Hubert Lamy","2019","St Aubin, Les Frionnes, 1er Cru, Domaine Hubert Lamy, Burgundy","450","Case of 6 Bottles","https://www.bbr.com/products-20191072127-2019-st-aubin-les-frionnes-1er-cru-domaine-hubert-lamy-burgundy","1072127","20191072127"
"Domaine Hubert Lamy","2020","St Aubin, Les Frionnes, 1er Cru, Domaine Hubert Lamy, Burgundy","360","Case of 6 Bottles","https://www.bbr.com/products-20201072127-2020-st-aubin-les-frionnes-1er-cru-domaine-hubert-lamy-burgundy","1072127","20201072127"
"Domaine Hubert Lamy","2021","St Aubin, Les Frionnes, 1er Cru, Domaine Hubert Lamy, Burgundy","400","Case of 6 Bottles","https://www.bbr.com/products-20211072127-2021-st-aubin-les-frionnes-1er-cru-domaine-hubert-lamy-burgundy","1072127","20211072127"
"Domaine Joseph Colin","2020","St Aubin, Les Frionnes, 1er Cru, Joseph Colin, Burgundy","255","Case of 6 Bottles","https://www.bbr.com/products-20208030973-2020-st-aubin-les-frionnes-1er-cru-joseph-colin-burgundy","1793675","20208030973"
"Domaine Joseph Colin","2022","St Aubin, Les Frionnes, 1er Cru, Joseph Colin, Burgundy","694","Case of 6 Bottles","https://www.bbr.com/products-20228030973-2022-st-aubin-les-frionnes-1er-cru-joseph-colin-burgundy","1793675","20228030973"
"Domaine Hubert Lamy","2020","St Aubin, Les Murgers des Dents de Chien, 1er Cru, Domaine Hubert Lamy, Burgundy","290","Case of 1 Magnums","https://www.bbr.com/products-20208014056-2020-st-aubin-les-murgers-des-dents-de-chien-1er-cru-domaine-hubert-lamy-burgundy","1072101","20208014056"
"Ramonet","2020","St Aubin, Les Murgers des Dents de Chien, 1er Cru, Domaine Ramonet,Burgundy","999","Case of 6 Bottles","https://www.bbr.com/products-20208038445-2020-st-aubin-les-murgers-des-dents-de-chien-1er-cru-domaine-ramonet-burgundy","1410415","20208038445"
"Jean-Claude Bachelet","2013","St Aubin, Les Murgers des Dents de Chien, 1er Cru, Jean-Claude Bachelet & Fils, Burgundy","575","Case of 12 Bottles","https://www.bbr.com/products-20131171501-2013-st-aubin-les-murgers-des-dents-de-chien-1er-cru-jean-claude-bachelet-fils-burgundy","1171501","20131171501"
"Jean-Claude Bachelet","2014","St Aubin, Les Murgers des Dents de Chien, 1er Cru, Jean-Claude Bachelet & Fils, Burgundy","1332","Case of 12 Bottles","https://www.bbr.com/products-20141171501-2014-st-aubin-les-murgers-des-dents-de-chien-1er-cru-jean-claude-bachelet-fils-burgundy","1171501","20141171501"
"Jean-Claude Bachelet","2017","St Aubin, Les Murgers des Dents de Chien, 1er Cru, Jean-Claude Bachelet &amp; Fils, Burgundy","675","Case of 6 Bottles","https://www.bbr.com/products-20171171501-2017-st-aubin-les-murgers-des-dents-de-chien-1er-cru-jean-claude-bachelet-and-fils-burgundy","1171501","20171171501"
"Jean-Claude Bachelet","2019","St Aubin, Les Murgers des Dents de Chien, 1er Cru, Jean-Claude Bachelet &amp; Fils, Burgundy","540","Case of 6 Bottles","https://www.bbr.com/products-20191171501-2019-st-aubin-les-murgers-des-dents-de-chien-1er-cru-jean-claude-bachelet-and-fils-burgundy","1171501","20191171501"
"Jean-Claude Bachelet","2020","St Aubin, Les Murgers des Dents de Chien, 1er Cru, Jean-Claude Bachelet &amp; Fils, Burgundy","650","Case of 6 Bottles","https://www.bbr.com/products-20201171501-2020-st-aubin-les-murgers-des-dents-de-chien-1er-cru-jean-claude-bachelet-and-fils-burgundy","1171501","20201171501"
"Jean-Claude Bachelet","2022","St Aubin, Les Murgers des Dents de Chien, 1er Cru, Jean-Claude Bachelet &amp; Fils, Burgundy","1055","Case of 6 Bottles","https://www.bbr.com/products-20221171501-2022-st-aubin-les-murgers-des-dents-de-chien-1er-cru-jean-claude-bachelet-and-fils-burgundy","1171501","20221171501"
"Jean-Claude Bachelet","2023","St Aubin, Les Murgers des Dents de Chien, 1er Cru, Jean-Claude Bachelet &amp; Fils, Burgundy","620","Case of 6 Bottles","https://www.bbr.com/products-20231171501-2023-st-aubin-les-murgers-des-dents-de-chien-1er-cru-jean-claude-bachelet-and-fils-burgundy","1171501","20231171501"
"Domaine Jacques Carillon","2017","St Aubin, Les Pitangerets, 1er Cru, Domaine Jacques Carillon, Burgundy","394","Case of 6 Bottles","https://www.bbr.com/products-20171361762-2017-st-aubin-les-pitangerets-1er-cru-domaine-jacques-carillon-burgundy","1361762","20171361762"
"Domaine Paul Pillot","2015","St Aubin, Les Pitangerets, 1er Cru, Domaine Paul Pillot, Burgundy","1430","Case of 6 Bottles","https://www.bbr.com/products-20158208026-2015-st-aubin-les-pitangerets-1er-cru-domaine-paul-pillot-burgundy","1238864","20158208026"
"Domaine Paul Pillot","2023","St Aubin, Les Pitangerets, 1er Cru, Domaine Paul Pillot, Burgundy","480","Case of 6 Bottles","https://www.bbr.com/products-20238208026-2023-st-aubin-les-pitangerets-1er-cru-domaine-paul-pillot-burgundy","1238864","20238208026"
"Gerard Thomas","2020","St Aubin, Murgers des Dents de Chien, 1er Cru, Domaine Gerard Thomas, Burgundy","395","Case of 12 Bottles","https://www.bbr.com/products-20208113889-2020-st-aubin-murgers-des-dents-de-chien-1er-cru-domaine-gerard-thomas-burgundy","1153794","20208113889"
"Maison Pierre-Yves Colin-Morey","2022","St Aubin, Pierre-Yves Colin-Morey, Burgundy","550","Case of 6 Bottles","https://www.bbr.com/products-20228081265-2022-st-aubin-pierre-yves-colin-morey-burgundy","1499838","20228081265"
"Maison Pierre-Yves Colin-Morey","2023","St Aubin, Pierre-Yves Colin-Morey, Burgundy","525","Case of 6 Bottles","https://www.bbr.com/products-20238081265-2023-st-aubin-pierre-yves-colin-morey-burgundy","1499838","20238081265"
"Domaine Marc Colin","2020","St Aubin, Sous La Roche Dumay, 1er Cru, Domaine Marc Colin, Burgundy","500","Case of 6 Bottles","https://www.bbr.com/products-20208048437-2020-st-aubin-sous-la-roche-dumay-1er-cru-domaine-marc-colin-burgundy","1762918","20208048437"
"Domaine Marc Colin","2023","St Aubin, Sous La Roche Dumay, 1er Cru, Domaine Marc Colin, Burgundy","320","Case of 6 Bottles","https://www.bbr.com/products-20238048437-2023-st-aubin-sous-la-roche-dumay-1er-cru-domaine-marc-colin-burgundy","1762918","20238048437"
"Domaine Marc Colin","2018","St Aubin, Sous Roche Dumay, 1er Cru, Marc Colin &amp; Fils, Burgundy","364","Case of 6 Bottles","https://www.bbr.com/products-20188048437-2018-st-aubin-sous-roche-dumay-1er-cru-marc-colin-and-fils-burgundy","1762918","20188048437"
"Domaine Marc Colin","2019","St Aubin, Sous Roche Dumay, 1er Cru, Marc Colin &amp; Fils, Burgundy","390","Case of 6 Bottles","https://www.bbr.com/products-20198048437-2019-st-aubin-sous-roche-dumay-1er-cru-marc-colin-and-fils-burgundy","1762918","20198048437"
"Domaine Marc Colin","2022","St Aubin, Sous Roche Dumay, 1er Cru, Marc Colin &amp; Fils, Burgundy","330","Case of 6 Bottles","https://www.bbr.com/products-20228048437-2022-st-aubin-sous-roche-dumay-1er-cru-marc-colin-and-fils-burgundy","1762918","20228048437"
"Domaine Antoine Jobard","2020","St Aubin, Sur le Sentier du Clou, 1er Cru, Domaine Antoine Jobard, Burgundy","490","Case of 6 Bottles","https://www.bbr.com/products-20201403857-2020-st-aubin-sur-le-sentier-du-clou-1er-cru-domaine-antoine-jobard-burgundy","1403857","20201403857"
"Domaine Antoine Jobard","2021","St Aubin, Sur le Sentier du Clou, 1er Cru, Domaine Antoine Jobard, Burgundy","425","Case of 6 Bottles","https://www.bbr.com/products-20211403857-2021-st-aubin-sur-le-sentier-du-clou-1er-cru-domaine-antoine-jobard-burgundy","1403857","20211403857"
"Domaine Joseph Colin","2022","St Aubin, Sur le Sentier du Clou, 1er Cru, Joseph Colin, Burgundy","478","Case of 6 Bottles","https://www.bbr.com/products-20228030986-2022-st-aubin-sur-le-sentier-du-clou-1er-cru-joseph-colin-burgundy","1790993","20228030986"
"Maison Chapoutier","2018","St Joseph Blanc, Les Granilites, M. Chapoutier, Rhone","160","Case of 6 Bottles","https://www.bbr.com/products-20188050579-2018-st-joseph-blanc-les-granilites-m-chapoutier-rhone","1473937","20188050579"
"Maison Chapoutier","2014","St Joseph Blanc, Les Granits, M. Chapoutier, Rhone","105","Case of 1 Magnums","https://www.bbr.com/products-20148116675-2014-st-joseph-blanc-les-granits-m-chapoutier-rhone","1109791","20148116675"
"Domaine Pierre Gonon","2020","St Joseph Blanc, Les Oliviers, Pierre Gonon, Rhone","950","Case of 12 Bottles","https://www.bbr.com/products-20208122803-2020-st-joseph-blanc-les-oliviers-pierre-gonon-rhone","1410460","20208122803"
"Vignoble Deleu","2022","St Joseph Rouge, Exorde, Vignoble Deleu, Rhone","200","Case of 6 Bottles","https://www.bbr.com/products-20228080503-2022-st-joseph-rouge-exorde-vignoble-deleu-rhone","","20228080503"
"Maison Chapoutier","2011","St Joseph Rouge, Le Clos, M. Chapoutier, Rhone","756","Case of 6 Bottles","https://www.bbr.com/products-20118007137-2011-st-joseph-rouge-le-clos-m-chapoutier-rhone","1221280","20118007137"
"Maison Chapoutier","2016","St Joseph Rouge, Le Clos, M. Chapoutier, Rhone","565","Case of 6 Bottles","https://www.bbr.com/products-20168007137-2016-st-joseph-rouge-le-clos-m-chapoutier-rhone","1221280","20168007137"
"Domaine Coursodon","2007","St Joseph Rouge, Le Paradis Saint Pierre, Domaine Coursodon, Rhone","289","Case of 12 Bottles","https://www.bbr.com/products-20078015561-2007-st-joseph-rouge-le-paradis-saint-pierre-domaine-coursodon-rhone","1111035","20078015561"
"Domaine Coursodon","2020","St Joseph Rouge, Le Paradis Saint Pierre, Domaine Coursodon, Rhone","252","Case of 6 Bottles","https://www.bbr.com/products-20208015561-2020-st-joseph-rouge-le-paradis-saint-pierre-domaine-coursodon-rhone","1111035","20208015561"
"Domaine Stephane Ogier","2017","St Joseph Rouge, Le Passage, Stephane Ogier, Rhone","129","Case of 6 Bottles","https://www.bbr.com/products-20178024921-2017-st-joseph-rouge-le-passage-stephane-ogier-rhone","1604052","20178024921"
"Domaine Stephane Ogier","2020","St Joseph Rouge, Le Passage, Stephane Ogier, Rhone","150","Case of 6 Bottles","https://www.bbr.com/products-20208024921-2020-st-joseph-rouge-le-passage-stephane-ogier-rhone","1604052","20208024921"
"Maison Chapoutier","2016","St Joseph Rouge, Les Granilites, M. Chapoutier, Rhone","160","Case of 6 Bottles","https://www.bbr.com/products-20168106579-2016-st-joseph-rouge-les-granilites-m-chapoutier-rhone","1473911","20168106579"
"Maison Chapoutier","2019","St Joseph Rouge, Les Granilites, M. Chapoutier, Rhone","160","Case of 6 Bottles","https://www.bbr.com/products-20198106579-2019-st-joseph-rouge-les-granilites-m-chapoutier-rhone","1473911","20198106579"
"Maison Chapoutier","2020","St Joseph Rouge, Les Granilites, M. Chapoutier, Rhone","190","Case of 6 Bottles","https://www.bbr.com/products-20208106579-2020-st-joseph-rouge-les-granilites-m-chapoutier-rhone","1473911","20208106579"
"Maison Chapoutier","2011","St Joseph Rouge, Les Granits, M. Chapoutier, Rhone","245","Case of 6 Bottles","https://www.bbr.com/products-20118013365-2011-st-joseph-rouge-les-granits-m-chapoutier-rhone","1170940","20118013365"
"Maison Chapoutier","2015","St Joseph Rouge, Les Granits, M. Chapoutier, Rhone","330","Case of 6 Bottles","https://www.bbr.com/products-20158013365-2015-st-joseph-rouge-les-granits-m-chapoutier-rhone","1170940","20158013365"
"Maison Chapoutier","2020","St Joseph Rouge, Les Granits, M. Chapoutier, Rhone","378","Case of 6 Bottles","https://www.bbr.com/products-20208013365-2020-st-joseph-rouge-les-granits-m-chapoutier-rhone","1170940","20208013365"
"Domaine Coursodon","2016","St Joseph Rouge, Silice, Domaine Coursodon, Rhone","230","Case of 12 Bottles","https://www.bbr.com/products-20161485196-2016-st-joseph-rouge-silice-domaine-coursodon-rhone","1485196","20161485196"
"Domaine Coursodon","2020","St Joseph Rouge, Silice, Domaine Coursodon, Rhone","210","Case of 12 Bottles","https://www.bbr.com/products-20201485196-2020-st-joseph-rouge-silice-domaine-coursodon-rhone","1485196","20201485196"
"Chave","2020","St Joseph, Clos Florentin, Domaine Jean-Louis Chave, Rhone","1000","Case of 6 Bottles","https://www.bbr.com/products-20208103884-2020-st-joseph-clos-florentin-domaine-jean-louis-chave-rhone","1808418","20208103884"
"Domaine Pierre Gaillard","2015","St Joseph, Clos de Cuminaille, Domaine Pierre Gaillard, Rhone","120","Case of 6 Bottles","https://www.bbr.com/products-20158021887-2015-st-joseph-clos-de-cuminaille-domaine-pierre-gaillard-rhone","1112306","20158021887"
"Domaine Pierre Gaillard","2017","St Joseph, Clos de Cuminaille, Domaine Pierre Gaillard, Rhone","160","Case of 6 Bottles","https://www.bbr.com/products-20178021887-2017-st-joseph-clos-de-cuminaille-domaine-pierre-gaillard-rhone","1112306","20178021887"
"Domaine Delas Freres","2011","St Joseph, Cuvee Francois de Tournon, Delas","380","Case of 6 Bottles","https://www.bbr.com/products-20118112635-2011-st-joseph-cuvee-francois-de-tournon-delas","1200225","20118112635"
"Domaine Bernard Gripa","2016","St Joseph, Domaine Bernard Gripa, Rhone","140","Case of 6 Bottles","https://www.bbr.com/products-20168212928-2016-st-joseph-domaine-bernard-gripa-rhone","1113039","20168212928"
"Chave","2017","St Joseph, Domaine Jean-Louis Chave, Rhone","375","Case of 6 Bottles","https://www.bbr.com/products-20178033020-2017-st-joseph-domaine-jean-louis-chave-rhone","1312650","20178033020"
"Chave","2019","St Joseph, Domaine Jean-Louis Chave, Rhone","350","Case of 6 Bottles","https://www.bbr.com/products-20198033020-2019-st-joseph-domaine-jean-louis-chave-rhone","1312650","20198033020"
"Chave","2021","St Joseph, Domaine Jean-Louis Chave, Rhone","285","Case of 6 Bottles","https://www.bbr.com/products-20218033020-2021-st-joseph-domaine-jean-louis-chave-rhone","1312650","20218033020"
"Domaine Emmanuel Darnaud","2015","St Joseph, Emmanuel Darnaud, Rhone","235","Case of 12 Bottles","https://www.bbr.com/products-20158008088-2015-st-joseph-emmanuel-darnaud-rhone","1325193","20158008088"
"Domaine Coursodon","2016","St Joseph, L'Olivaie, Domaine Coursodon, Rhone","159","Case of 6 Bottles","https://www.bbr.com/products-20161315462-2016-st-joseph-l-olivaie-domaine-coursodon-rhone","1315462","20161315462"
"Domaine Coursodon","2020","St Joseph, L'Olivaie, Domaine Coursodon, Rhone","196","Case of 6 Bottles","https://www.bbr.com/products-20201315462-2020-st-joseph-l-olivaie-domaine-coursodon-rhone","1315462","20201315462"
"Jaboulet","2017","St Joseph, La Croix des Vignes, Domaine Paul Jaboulet Aine, Rhone","170","Case of 6 Bottles","https://www.bbr.com/products-20178109482-2017-st-joseph-la-croix-des-vignes-domaine-paul-jaboulet-aine-rhone","1321111","20178109482"
"Jaboulet","2019","St Joseph, La Croix des Vignes, Domaine Paul Jaboulet Aine, Rhone","190","Case of 6 Bottles","https://www.bbr.com/products-20198109482-2019-st-joseph-la-croix-des-vignes-domaine-paul-jaboulet-aine-rhone","1321111","20198109482"
"Domaine Emmanuel Darnaud","2019","St Joseph, La Dardouille, Domaine Emmanuel Darnaud, Rhone","300","Case of 12 Bottles","https://www.bbr.com/products-20191620908-2019-st-joseph-la-dardouille-domaine-emmanuel-darnaud-rhone","1620908","20191620908"
"Domaine Emmanuel Darnaud","2021","St Joseph, La Dardouille, Domaine Emmanuel Darnaud, Rhone","375","Case of 12 Bottles","https://www.bbr.com/products-20211620908-2021-st-joseph-la-dardouille-domaine-emmanuel-darnaud-rhone","1620908","20211620908"
"Domaine Yves Cuilleron","2016","St Joseph, Les Serines, Yves Cuilleron, Rhone","280","Case of 6 Bottles","https://www.bbr.com/products-20168024396-2016-st-joseph-les-serines-yves-cuilleron-rhone","1111309","20168024396"
"Domaine Pierre Gonon","2015","St Joseph, Pierre Gonon, Rhone","1367","Case of 12 Bottles","https://www.bbr.com/products-20158016890-2015-st-joseph-pierre-gonon-rhone","1273090","20158016890"
"Domaine Pierre Gonon","2016","St Joseph, Pierre Gonon, Rhone","1600","Case of 12 Bottles","https://www.bbr.com/products-20168016890-2016-st-joseph-pierre-gonon-rhone","1273090","20168016890"
"Domaine Pierre Gonon","2020","St Joseph, Pierre Gonon, Rhone","1000","Case of 12 Bottles","https://www.bbr.com/products-20208016890-2020-st-joseph-pierre-gonon-rhone","1273090","20208016890"
"Pic-Chapoutier","2015","St Peray, Lieu-dit Payorelles, Pic & Chapoutier, Rhone","900","Case of 6 Bottles","https://www.bbr.com/products-20158055587-2015-st-peray-lieu-dit-payorelles-pic-chapoutier-rhone","1720767","20158055587"
"Benjamin Leroux","2022","St Romain Blanc, Sous le Chateau, Benjamin Leroux, Burgundy","185","Case of 6 Bottles","https://www.bbr.com/products-20221473298-2022-st-romain-blanc-sous-le-chateau-benjamin-leroux-burgundy","1473298","20221473298"
"Domaine Alain Gras","2023","St Romain Blanc, Sous le Chateau, Domaine Alain Gras, Burgundy","181","Case of 6 Bottles","https://www.bbr.com/products-20238323271-2023-st-romain-blanc-sous-le-chateau-domaine-alain-gras-burgundy","2925873","20238323271"
"Domaine de Chassorney","2018","St Romain, Combe Bazin, Domaine de Chassorney, Burgundy","600","Case of 6 Bottles","https://www.bbr.com/products-20188037813-2018-st-romain-combe-bazin-domaine-de-chassorney-burgundy","1812525","20188037813"
"Domaine Guffens Heynen","2023","St Veran, 1er Jus, Domaine Guffens-Heynen, Burgundy","569","Case of 6 Bottles","https://www.bbr.com/products-20238158347-2023-st-veran-1er-jus-domaine-guffens-heynen-burgundy","1455449","20238158347"
"Bret Bros.","2017","St Veran, Climat La Bonnode, La Soufrandiere, Bret Brothers, Burgundy","368","Case of 6 Magnums","https://www.bbr.com/products-20178017855-2017-st-veran-climat-la-bonnode-la-soufrandiere-bret-brothers-burgundy","1808607","20178017855"
"Olivier Merlin","2020","St Veran, En Creches, Olivier Merlin, Burgundy","145","Case of 6 Bottles","https://www.bbr.com/products-20208034144-2020-st-veran-en-creches-olivier-merlin-burgundy","1851573","20208034144"
"Olivier Merlin","2019","St Veran, La Cote-Rotie, Olivier Merlin, Burgundy","350","Case of 6 Bottles","https://www.bbr.com/products-20198034157-2019-st-veran-la-cote-rotie-olivier-merlin-burgundy","1851560","20198034157"
"Olivier Merlin","2022","St Veran, La Cote-Rotie, Olivier Merlin, Burgundy","125","Case of 6 Bottles","https://www.bbr.com/products-20228034157-2022-st-veran-la-cote-rotie-olivier-merlin-burgundy","1851560","20228034157"
"Olivier Merlin","2023","St Veran, La Cote-Rotie, Olivier Merlin, Burgundy","150","Case of 6 Bottles","https://www.bbr.com/products-20238034157-2023-st-veran-la-cote-rotie-olivier-merlin-burgundy","1851560","20238034157"
"Olivier Merlin","2014","St Veran, Le Grand Bussiere, Olivier Merlin, Burgundy","150","Case of 6 Bottles","https://www.bbr.com/products-20141171556-2014-st-veran-le-grand-bussiere-olivier-merlin-burgundy","1171556","20141171556"
"Olivier Merlin","2020","St Veran, Le Grand Bussiere, Olivier Merlin, Burgundy","180","Case of 6 Bottles","https://www.bbr.com/products-20201171556-2020-st-veran-le-grand-bussiere-olivier-merlin-burgundy","1171556","20201171556"
"Heritiers du Comte Lafon","2019","St Veran, Les Heritiers du Comte Lafon, Burgundy","350","Case of 12 Bottles","https://www.bbr.com/products-20191440902-2019-st-veran-les-heritiers-du-comte-lafon-burgundy","1440902","20191440902"
"Stag's Leap Wine Cellars","2012","Stag's Leap Wine Cellars, Artemis, Cabernet Sauvignon, Napa Valley, California, USA","570","Case of 6 Bottles","https://www.bbr.com/products-20128016379-2012-stag-s-leap-wine-cellars-artemis-cabernet-sauvignon-napa-valley-california-usa","1210448","20128016379"
"Stag's Leap Wine Cellars","2013","Stag's Leap Wine Cellars, Artemis, Cabernet Sauvignon, Napa Valley, California, USA","334","Case of 6 Bottles","https://www.bbr.com/products-20138016379-2013-stag-s-leap-wine-cellars-artemis-cabernet-sauvignon-napa-valley-california-usa","1210448","20138016379"
"Stag's Leap Wine Cellars","2014","Stag's Leap Wine Cellars, Artemis, Cabernet Sauvignon, Napa Valley, California, USA","180","Case of 1 Magnums","https://www.bbr.com/products-20148016379-2014-stag-s-leap-wine-cellars-artemis-cabernet-sauvignon-napa-valley-california-usa","1210448","20148016379"
"Stag's Leap Wine Cellars","2016","Stag's Leap Wine Cellars, Artemis, Cabernet Sauvignon, Napa Valley, California, USA","900","Case of 6 Bottles","https://www.bbr.com/products-20168016379-2016-stag-s-leap-wine-cellars-artemis-cabernet-sauvignon-napa-valley-california-usa","1210448","20168016379"
"Stag's Leap Wine Cellars","2016","Stag's Leap Wine Cellars, Artemis, Cabernet Sauvignon, Napa Valley, California, USA","358","Case of 1 Magnums","https://www.bbr.com/products-20168016379-2016-stag-s-leap-wine-cellars-artemis-cabernet-sauvignon-napa-valley-california-usa","1210448","20168016379"
"Stag's Leap Wine Cellars","2018","Stag's Leap Wine Cellars, Artemis, Cabernet Sauvignon, Napa Valley, California, USA","340","Case of 6 Bottles","https://www.bbr.com/products-20188016379-2018-stag-s-leap-wine-cellars-artemis-cabernet-sauvignon-napa-valley-california-usa","1210448","20188016379"
"Stag's Leap Wine Cellars","2019","Stag's Leap Wine Cellars, Artemis, Cabernet Sauvignon, Napa Valley, California, USA","342","Case of 6 Bottles","https://www.bbr.com/products-20198016379-2019-stag-s-leap-wine-cellars-artemis-cabernet-sauvignon-napa-valley-california-usa","1210448","20198016379"
"Stag's Leap Wine Cellars","2012","Stag's Leap Wine Cellars, Cask 23, Cabernet Sauvignon, Napa Valley, California, USA","1100","Case of 6 Bottles","https://www.bbr.com/products-20128115548-2012-stag-s-leap-wine-cellars-cask-23-cabernet-sauvignon-napa-valley-california-usa","1123409","20128115548"
"Stag's Leap Wine Cellars","2013","Stag's Leap Wine Cellars, Cask 23, Cabernet Sauvignon, Napa Valley, California, USA","990","Case of 6 Bottles","https://www.bbr.com/products-20138115548-2013-stag-s-leap-wine-cellars-cask-23-cabernet-sauvignon-napa-valley-california-usa","1123409","20138115548"
"Stag's Leap Wine Cellars","2014","Stag's Leap Wine Cellars, Cask 23, Cabernet Sauvignon, Napa Valley, California, USA","1350","Case of 6 Bottles","https://www.bbr.com/products-20148115548-2014-stag-s-leap-wine-cellars-cask-23-cabernet-sauvignon-napa-valley-california-usa","1123409","20148115548"
"Stag's Leap Wine Cellars","2018","Stag's Leap Wine Cellars, Fay Block 2, Cabernet Sauvignon, Napa Valley California","1000","Case of 6 Bottles","https://www.bbr.com/products-20188184588-2018-stag-s-leap-wine-cellars-fay-block-2-cabernet-sauvignon-napa-valley-california","1186413","20188184588"
"Stag's Leap Wine Cellars","2012","Stag's Leap Wine Cellars, Fay Cabernet Sauvignon, Napa Valley, California, USA","700","Case of 6 Bottles","https://www.bbr.com/products-20128029636-2012-stag-s-leap-wine-cellars-fay-cabernet-sauvignon-napa-valley-california-usa","1186413","20128029636"
"Stag's Leap Wine Cellars","2017","Stag's Leap Wine Cellars, Fay Cabernet Sauvignon, Napa Valley, California, USA","698","Case of 6 Bottles","https://www.bbr.com/products-20178029636-2017-stag-s-leap-wine-cellars-fay-cabernet-sauvignon-napa-valley-california-usa","1186413","20178029636"
"Stag's Leap Wine Cellars","2018","Stag's Leap Wine Cellars, Fay Cabernet Sauvignon, Napa Valley, California, USA","750","Case of 6 Bottles","https://www.bbr.com/products-20188029636-2018-stag-s-leap-wine-cellars-fay-cabernet-sauvignon-napa-valley-california-usa","1186413","20188029636"
"Stag's Leap Wine Cellars","2019","Stag's Leap Wine Cellars, Fay Cabernet Sauvignon, Napa Valley, California, USA","650","Case of 6 Bottles","https://www.bbr.com/products-20198029636-2019-stag-s-leap-wine-cellars-fay-cabernet-sauvignon-napa-valley-california-usa","1186413","20198029636"
"Stag's Leap Wine Cellars","2012","Stag's Leap Wine Cellars, S.L.V. Cabernet Sauvignon, Napa Valley, California, USA","700","Case of 6 Bottles","https://www.bbr.com/products-20128115535-2012-stag-s-leap-wine-cellars-s-l-v-cabernet-sauvignon-napa-valley-california-usa","1123441","20128115535"
"Stag's Leap Wine Cellars","2013","Stag's Leap Wine Cellars, S.L.V. Cabernet Sauvignon, Napa Valley, California, USA","725","Case of 6 Bottles","https://www.bbr.com/products-20138115535-2013-stag-s-leap-wine-cellars-s-l-v-cabernet-sauvignon-napa-valley-california-usa","1123441","20138115535"
"Stag's Leap Wine Cellars","2014","Stag's Leap Wine Cellars, S.L.V. Cabernet Sauvignon, Napa Valley, California, USA","800","Case of 6 Bottles","https://www.bbr.com/products-20148115535-2014-stag-s-leap-wine-cellars-s-l-v-cabernet-sauvignon-napa-valley-california-usa","1123441","20148115535"
"Stag's Leap Wine Cellars","2015","Stag's Leap Wine Cellars, S.L.V. Cabernet Sauvignon, Napa Valley, California, USA","600","Case of 1 Magnums","https://www.bbr.com/products-20158115535-2015-stag-s-leap-wine-cellars-s-l-v-cabernet-sauvignon-napa-valley-california-usa","1123441","20158115535"
"Stag's Leap Wine Cellars","2017","Stag's Leap Wine Cellars, S.L.V. Cabernet Sauvignon, Napa Valley, California, USA","770","Case of 6 Bottles","https://www.bbr.com/products-20178115535-2017-stag-s-leap-wine-cellars-s-l-v-cabernet-sauvignon-napa-valley-california-usa","1123441","20178115535"
"Stag's Leap Wine Cellars","2019","Stag's Leap Wine Cellars, S.L.V. Cabernet Sauvignon, Napa Valley, California, USA","995","Case of 6 Bottles","https://www.bbr.com/products-20198115535-2019-stag-s-leap-wine-cellars-s-l-v-cabernet-sauvignon-napa-valley-california-usa","1123441","20198115535"
"Staglin Family Vineyard","2009","Staglin, Cabernet Sauvignon, Rutherford, Napa Valley, California, USA","1200","Case of 6 Bottles","https://www.bbr.com/products-20098111612-2009-staglin-cabernet-sauvignon-rutherford-napa-valley-california-usa","1226520","20098111612"
"Staglin Family Vineyard","2010","Staglin, Cabernet Sauvignon, Rutherford, Napa Valley, California, USA","798","Case of 6 Bottles","https://www.bbr.com/products-20108111612-2010-staglin-cabernet-sauvignon-rutherford-napa-valley-california-usa","1226520","20108111612"
"Staglin Family Vineyard","2011","Staglin, Cabernet Sauvignon, Rutherford, Napa Valley, California, USA","755","Case of 6 Bottles","https://www.bbr.com/products-20118111612-2011-staglin-cabernet-sauvignon-rutherford-napa-valley-california-usa","1226520","20118111612"
"Stark-Conde Wines","2017","Stark-Conde, Oude Nektar, Stellenbosch, South Africa","500","Case of 6 Bottles","https://www.bbr.com/products-20178073365-2017-stark-conde-oude-nektar-stellenbosch-south-africa","2220239","20178073365"
"Weingut Knewitz","2016","Steinacker Riesling #17, Weingut Knewtiz","128","Case of 6 Bottles","https://www.bbr.com/products-20168200929-2016-steinacker-riesling-17-weingut-knewtiz","1679889","20168200929"
"Stonestreet Estate Vineyards","2017","Stonestreet Estate, Rockfall Vineyard Cabernet Sauvignon, Alexander Valley, California, USA","550","Case of 6 Bottles","https://www.bbr.com/products-20178401645-2017-stonestreet-estate-rockfall-vineyard-cabernet-sauvignon-alexander-valley-california-usa","1801204","20178401645"
"Stony Hill Vineyard","2019","Stony Hill, Chardonnay, Napa Valley, California, USA","405","Case of 6 Bottles","https://www.bbr.com/products-20198166494-2019-stony-hill-chardonnay-napa-valley-california-usa","1186439","20198166494"
"Storm Wines","2019","Storm, Ignis, Pinot Noir, Hemel-en-Aarde Valley, South Africa","250","Case of 6 Bottles","https://www.bbr.com/products-20191552021-2019-storm-ignis-pinot-noir-hemel-en-aarde-valley-south-africa","1552021","20191552021"
"Storm Wines","2021","Storm, Ridge, Chardonnay, Hemel-en-Aarde Ridge, South Africa","215","Case of 6 Bottles","https://www.bbr.com/products-20218236229-2021-storm-ridge-chardonnay-hemel-en-aarde-ridge-south-africa","1933802","20218236229"
"Storm Wines","2022","Storm, Ridge, Chardonnay, Hemel-en-Aarde Ridge, South Africa","198","Case of 6 Bottles","https://www.bbr.com/products-20228236229-2022-storm-ridge-chardonnay-hemel-en-aarde-ridge-south-africa","1933802","20228236229"
"Storm Wines","2017","Storm, Ridge, Pinot Noir, Hemel-en-Aarde Ridge, South Africa","180","Case of 6 Bottles","https://www.bbr.com/products-20171609842-2017-storm-ridge-pinot-noir-hemel-en-aarde-ridge-south-africa","1609842","20171609842"
"Borgo del Tiglio Nicola Manferrari","2020","Studio di Bianco, Borgo del Tiglio, Collio, Friuli-Venezia Giulia, Italy","390","Case of 6 Bottles","https://www.bbr.com/products-20208034232-2020-studio-di-bianco-borgo-del-tiglio-collio-friuli-venezia-giulia-italy","1269882","20208034232"
"Domaine Stephane Bernaudeau","2018","Stephane Bernaudeau, Les Ongles, Vin de France","179","Case of 1 Bottles","https://www.bbr.com/products-20188057015-2018-stephane-bernaudeau-les-ongles-vin-de-france","1454703","20188057015"
"Cesar Marquez","2022","Sufreiral, Cesar Marquez, Bierzo, Spain","219","Case of 6 Bottles","https://www.bbr.com/products-20228184155-2022-sufreiral-cesar-marquez-bierzo-spain","1831010","20228184155"
"Luca D'Attoma","2006","Suisassi Syrah, Duemani Luca D'Attoma, Tuscany, Italy","195","Case of 6 Bottles","https://www.bbr.com/products-20068211787-2006-suisassi-syrah-duemani-luca-d-attoma-tuscany-italy","1139318","20068211787"
"Chateau Rauzan-Segla","2010","Segla, Margaux, Bordeaux","295","Case of 6 Bottles","https://www.bbr.com/products-20101015072-2010-segla-margaux-bordeaux","1015072","20101015072"
"Chateau Rauzan-Segla","2016","Segla, Margaux, Bordeaux","245","Case of 6 Bottles","https://www.bbr.com/products-20161015072-2016-segla-margaux-bordeaux","1015072","20161015072"
"Chateau Rauzan-Segla","2016","Segla, Margaux, Bordeaux","200","Case of 3 Magnums","https://www.bbr.com/products-20161015072-2016-segla-margaux-bordeaux","1015072","20161015072"
"Chateau Rauzan-Segla","2018","Segla, Margaux, Bordeaux","165","Case of 3 Magnums","https://www.bbr.com/products-20181015072-2018-segla-margaux-bordeaux","1015072","20181015072"
"Chateau Rauzan-Segla","2019","Segla, Margaux, Bordeaux","190","Case of 6 Bottles","https://www.bbr.com/products-20191015072-2019-segla-margaux-bordeaux","1015072","20191015072"
"Chateau Rauzan-Segla","2019","Segla, Margaux, Bordeaux","460","Case of 3 Magnums","https://www.bbr.com/products-20191015072-2019-segla-margaux-bordeaux","1015072","20191015072"
"Taaibosch","2019","Taaibosch, Crescendo, Stellenbosch, South Africa","140","Case of 6 Bottles","https://www.bbr.com/products-20198070205-2019-taaibosch-crescendo-stellenbosch-south-africa","2109330","20198070205"
"Telmo Rodriguez","2015","Tabuerniga, Telmo Rodriguez, Rioja, Spain","600","Case of 6 Bottles","https://www.bbr.com/products-20158132390-2015-tabuerniga-telmo-rodriguez-rioja-spain","1513291","20158132390"
"Telmo Rodriguez","2017","Tabuerniga, Telmo Rodriguez, Rioja, Spain","300","Case of 6 Bottles","https://www.bbr.com/products-20178132390-2017-tabuerniga-telmo-rodriguez-rioja-spain","1513291","20178132390"
"Telmo Rodriguez","2018","Tabuerniga, Telmo Rodriguez, Rioja, Spain","400","Case of 6 Bottles","https://www.bbr.com/products-20188132390-2018-tabuerniga-telmo-rodriguez-rioja-spain","1513291","20188132390"
"Telmo Rodriguez","2018","Tabuerniga, Telmo Rodriguez, Rioja, Spain","415","Case of 6 Bottles","https://www.bbr.com/products-20188132390-2018-tabuerniga-telmo-rodriguez-rioja-spain","1513291","20188132390"
"Telmo Rodriguez","2020","Tabuerniga, Telmo Rodriguez, Rioja, Spain","376","Case of 6 Bottles","https://www.bbr.com/products-20208132390-2020-tabuerniga-telmo-rodriguez-rioja-spain","1513291","20208132390"
"Champagne Taittinger","2002","Taittinger Collection, Amadou Sow","300","Case of 1 Bottles","https://www.bbr.com/products-20028115157-2002-taittinger-collection-amadou-sow","1130849","20028115157"
"Donnafugata","2020","Tancredi, Dolce&amp;Gabbana Edition, Donnafugata, Sicily, Italy","325","Case of 6 Bottles","https://www.bbr.com/products-20208255264-2020-tancredi-dolce-and-gabbana-edition-donnafugata-sicily-italy","2174167","20208255264"
"Mastroberardino","1998","Taurasi, Radici, Riserva, Mastroberardino, Campania, Italy","350","Case of 6 Bottles","https://www.bbr.com/products-19988000819-1998-taurasi-radici-riserva-mastroberardino-campania-italy","1220036","19988000819"
"Mastroberardino","2006","Taurasi, Radici, Riserva, Mastroberardino, Campania, Italy","295","Case of 6 Bottles","https://www.bbr.com/products-20068000819-2006-taurasi-radici-riserva-mastroberardino-campania-italy","1220036","20068000819"
"Taylor Fladgate","","Taylor's, Coronation Edition, Very Very Old Tawny Port, Portugal","325","Case of 1 Bottles","https://www.bbr.com/products-10008241577-taylor-s-coronation-edition-very-very-old-tawny-port-portugal","2838603","10008241577"
"Taylor Fladgate","","Taylor's, Platinum Jubilee, Very Very Old Tawny Port, Portugal","275","Case of 1 Bottles","https://www.bbr.com/products-10008152114-taylor-s-platinum-jubilee-very-very-old-tawny-port-portugal","2223269","10008152114"
"Taylor Fladgate","1985","Taylor's, Port, Portugal","695","Case of 6 Bottles","https://www.bbr.com/products-19851107869-1985-taylor-s-port-portugal","1107869","19851107869"
"Taylor Fladgate","1985","Taylor's, Port, Portugal","950","Case of 12 Bottles","https://www.bbr.com/products-19851107869-1985-taylor-s-port-portugal","1107869","19851107869"
"Taylor Fladgate","2000","Taylor's, Port, Portugal","270","Case of 6 Bottles","https://www.bbr.com/products-20001107869-2000-taylor-s-port-portugal","1107869","20001107869"
"Taylor Fladgate","2000","Taylor's, Port, Portugal","550","Case of 12 Bottles","https://www.bbr.com/products-20001107869-2000-taylor-s-port-portugal","1107869","20001107869"
"Taylor Fladgate","2003","Taylor's, Port, Portugal","550","Case of 12 Bottles","https://www.bbr.com/products-20031107869-2003-taylor-s-port-portugal","1107869","20031107869"
"Taylor Fladgate","2003","Taylor's, Port, Portugal","335","Case of 6 Bottles","https://www.bbr.com/products-20031107869-2003-taylor-s-port-portugal","1107869","20031107869"
"Taylor Fladgate","2007","Taylor's, Port, Portugal","330","Case of 6 Bottles","https://www.bbr.com/products-20071107869-2007-taylor-s-port-portugal","1107869","20071107869"
"Taylor Fladgate","2009","Taylor's, Port, Portugal","234","Case of 6 Bottles","https://www.bbr.com/products-20091107869-2009-taylor-s-port-portugal","1107869","20091107869"
"Taylor Fladgate","2009","Taylor's, Port, Portugal","220","Case of 6 Bottles","https://www.bbr.com/products-20091107869-2009-taylor-s-port-portugal","1107869","20091107869"
"Taylor Fladgate","2011","Taylor's, Port, Portugal","245","Case of 6 Bottles","https://www.bbr.com/products-20111107869-2011-taylor-s-port-portugal","1107869","20111107869"
"Taylor Fladgate","2011","Taylor's, Port, Portugal","195","Case of 6 Bottles","https://www.bbr.com/products-20111107869-2011-taylor-s-port-portugal","1107869","20111107869"
"Taylor Fladgate","2011","Taylor's, Port, Portugal","280","Case of 6 Bottles","https://www.bbr.com/products-20111107869-2011-taylor-s-port-portugal","1107869","20111107869"
"Taylor Fladgate","2011","Taylor's, Port, Portugal","195","Case of 6 Bottles","https://www.bbr.com/products-20111107869-2011-taylor-s-port-portugal","1107869","20111107869"
"Taylor Fladgate","2011","Taylor's, Port, Portugal","250","Case of 1 Jeroboam 300cl","https://www.bbr.com/products-20111107869-2011-taylor-s-port-portugal","1107869","20111107869"
"Taylor Fladgate","2016","Taylor's, Port, Portugal","250","Case of 6 Bottles","https://www.bbr.com/products-20161107869-2016-taylor-s-port-portugal","1107869","20161107869"
"Taylor Fladgate","2017","Taylor's, Port, Portugal","290","Case of 6 Bottles","https://www.bbr.com/products-20171107869-2017-taylor-s-port-portugal","1107869","20171107869"
"Taylor Fladgate","2018","Taylor's, Port, Portugal","395","Case of 6 Bottles","https://www.bbr.com/products-20181107869-2018-taylor-s-port-portugal","1107869","20181107869"
"Taylor Fladgate","2018","Taylor's, Port, Portugal","595","Case of 12 Half Bottles","https://www.bbr.com/products-20181107869-2018-taylor-s-port-portugal","1107869","20181107869"
"Taylor Fladgate","2015","Taylor's, Quinta de Vargellas, Port, Portugal","195","Case of 12 Half Bottles","https://www.bbr.com/products-20158014492-2015-taylor-s-quinta-de-vargellas-port-portugal","1108055","20158014492"
"Taylor Fladgate","2022","Taylor's, Quinta de Vargellas, Port, Portugal","290","Case of 6 Bottles","https://www.bbr.com/products-20228014492-2022-taylor-s-quinta-de-vargellas-port-portugal","1108055","20228014492"
"Taylor Fladgate","2022","Taylor's, Sentinels, Port, Portugal","320","Case of 6 Bottles","https://www.bbr.com/products-20228309202-2022-taylor-s-sentinels-port-portugal","3041172","20228309202"
"Taylor Fladgate","2022","Taylor's, Sentinels, Port, Portugal","300","Case of 12 Half Bottles","https://www.bbr.com/products-20228309202-2022-taylor-s-sentinels-port-portugal","3041172","20228309202"
"Taylor Fladgate","2000","Taylor's, Vargellas Vinha Vehla, Port, Portugal","345","Case of 3 Bottles","https://www.bbr.com/products-20008104591-2000-taylor-s-vargellas-vinha-vehla-port-portugal","1108068","20008104591"
"Taylor Fladgate","2007","Taylor's, Vargellas Vinha Vehla, Port, Portugal","285","Case of 3 Bottles","https://www.bbr.com/products-20078104591-2007-taylor-s-vargellas-vinha-vehla-port-portugal","1108068","20078104591"
"Taylor Fladgate","2009","Taylor's, Vargellas Vinha Vehla, Port, Portugal","350","Case of 3 Bottles","https://www.bbr.com/products-20098104591-2009-taylor-s-vargellas-vinha-vehla-port-portugal","1108068","20098104591"
"Taylor Fladgate","2009","Taylor's, Vargellas Vinha Vehla, Port, Portugal","323","Case of 3 Bottles","https://www.bbr.com/products-20098104591-2009-taylor-s-vargellas-vinha-vehla-port-portugal","1108068","20098104591"
"Taylor Fladgate","2011","Taylor's, Vargellas Vinha Vehla, Port, Portugal","385","Case of 3 Bottles","https://www.bbr.com/products-20118104591-2011-taylor-s-vargellas-vinha-vehla-port-portugal","1108068","20118104591"
"Taylor Fladgate","2017","Taylor's, Vargellas Vinha Vehla, Port, Portugal","375","Case of 3 Bottles","https://www.bbr.com/products-20178104591-2017-taylor-s-vargellas-vinha-vehla-port-portugal","1108068","20178104591"
"Taylor Fladgate","2017","Taylor's, Vargellas Vinha Vehla, Port, Portugal","330","Case of 3 Bottles","https://www.bbr.com/products-20178104591-2017-taylor-s-vargellas-vinha-vehla-port-portugal","1108068","20178104591"
"Taylor Fladgate","1961","Taylor's, Very Old Single Harvest Port, Portugal","275","Case of 1 Bottles","https://www.bbr.com/products-19618111221-1961-taylor-s-very-old-single-harvest-port-portugal","1238574","19618111221"
"Taylor Fladgate","1965","Taylor's, Very Old Single Harvest Port, Portugal","280","Case of 1 Bottles","https://www.bbr.com/products-19658111221-1965-taylor-s-very-old-single-harvest-port-portugal","1238574","19658111221"
"Taylor Fladgate","1965","Taylor's, Very Old Single Harvest Port, Portugal","245","Case of 1 Bottles","https://www.bbr.com/products-19658111221-1965-taylor-s-very-old-single-harvest-port-portugal","1238574","19658111221"
"Taylor Fladgate","1966","Taylor's, Very Old Single Harvest Port, Portugal","220","Case of 1 Bottles","https://www.bbr.com/products-19668111221-1966-taylor-s-very-old-single-harvest-port-portugal","1238574","19668111221"
"Taylor Fladgate","1966","Taylor's, Very Old Single Harvest Port, Portugal","235","Case of 1 Bottles","https://www.bbr.com/products-19668111221-1966-taylor-s-very-old-single-harvest-port-portugal","1238574","19668111221"
"Taylor Fladgate","1967","Taylor's, Very Old Single Harvest Port, Portugal","215","Case of 1 Bottles","https://www.bbr.com/products-19678111221-1967-taylor-s-very-old-single-harvest-port-portugal","1238574","19678111221"
"Taylor Fladgate","1968","Taylor's, Very Old Single Harvest Port, Portugal","220","Case of 1 Bottles","https://www.bbr.com/products-19688111221-1968-taylor-s-very-old-single-harvest-port-portugal","1238574","19688111221"
"Taylor Fladgate","1969","Taylor's, Very Old Single Harvest Port, Portugal","195","Case of 1 Bottles","https://www.bbr.com/products-19698111221-1969-taylor-s-very-old-single-harvest-port-portugal","1238574","19698111221"
"Taylor Fladgate","1970","Taylor's, Very Old Single Harvest Port, Portugal","167","Case of 1 Bottles","https://www.bbr.com/products-19708111221-1970-taylor-s-very-old-single-harvest-port-portugal","1238574","19708111221"
"Taylor Fladgate","1971","Taylor's, Very Old Single Harvest Port, Portugal","235","Case of 1 Bottles","https://www.bbr.com/products-19718111221-1971-taylor-s-very-old-single-harvest-port-portugal","1238574","19718111221"
"Te Mata Estate","2022","Te Mata Estate, Awatea, Cabernets Merlot, Hawke's Bay, New Zealand","200","Case of 6 Bottles","https://www.bbr.com/products-20228111247-2022-te-mata-estate-awatea-cabernets-merlot-hawke-s-bay-new-zealand","1238138","20228111247"
"Te Mata Estate","2015","Te Mata Estate, Bullnose, Syrah, Hawke's Bay, New Zealand","388","Case of 6 Bottles","https://www.bbr.com/products-20158111188-2015-te-mata-estate-bullnose-syrah-hawke-s-bay-new-zealand","1238965","20158111188"
"Te Mata Estate","2018","Te Mata Estate, Bullnose, Syrah, Hawke's Bay, New Zealand","300","Case of 6 Bottles","https://www.bbr.com/products-20188111188-2018-te-mata-estate-bullnose-syrah-hawke-s-bay-new-zealand","1238965","20188111188"
"Te Mata Estate","2020","Te Mata Estate, Bullnose, Syrah, Hawke's Bay, New Zealand","220","Case of 6 Bottles","https://www.bbr.com/products-20208111188-2020-te-mata-estate-bullnose-syrah-hawke-s-bay-new-zealand","1238965","20208111188"
"Te Mata Estate","2021","Te Mata Estate, Bullnose, Syrah, Hawke's Bay, New Zealand","300","Case of 6 Bottles","https://www.bbr.com/products-20218111188-2021-te-mata-estate-bullnose-syrah-hawke-s-bay-new-zealand","1238965","20218111188"
"Te Mata Estate","2013","Te Mata Estate, Coleraine, Hawke's Bay, New Zealand","325","Case of 6 Bottles","https://www.bbr.com/products-20138114310-2013-te-mata-estate-coleraine-hawke-s-bay-new-zealand","1145168","20138114310"
"Te Mata Estate","2015","Te Mata Estate, Coleraine, Hawke's Bay, New Zealand","295","Case of 6 Bottles","https://www.bbr.com/products-20158114310-2015-te-mata-estate-coleraine-hawke-s-bay-new-zealand","1145168","20158114310"
"Te Mata Estate","2019","Te Mata Estate, Coleraine, Hawke's Bay, New Zealand","340","Case of 6 Bottles","https://www.bbr.com/products-20198114310-2019-te-mata-estate-coleraine-hawke-s-bay-new-zealand","1145168","20198114310"
"Te Mata Estate","2020","Te Mata Estate, Coleraine, Hawke's Bay, New Zealand","285","Case of 6 Bottles","https://www.bbr.com/products-20208114310-2020-te-mata-estate-coleraine-hawke-s-bay-new-zealand","1145168","20208114310"
"Te Mata Estate","2020","Te Mata Estate, Coleraine, Hawke's Bay, New Zealand","200","Case of 1 Magnums","https://www.bbr.com/products-20208114310-2020-te-mata-estate-coleraine-hawke-s-bay-new-zealand","1145168","20208114310"
"Te Mata Estate","2021","Te Mata Estate, Coleraine, Hawke's Bay, New Zealand","240","Case of 3 Bottles","https://www.bbr.com/products-20218114310-2021-te-mata-estate-coleraine-hawke-s-bay-new-zealand","1145168","20218114310"
"Tensley Wines","2016","Tensley, Colson Canyon Vineyard Syrah, Santa Barbara County, California, USA","600","Case of 12 Bottles","https://www.bbr.com/products-20168162887-2016-tensley-colson-canyon-vineyard-syrah-santa-barbara-county-california-usa","1199334","20168162887"
"Tensley Wines","2022","Tensley, Colson Canyon Vineyard Syrah, Santa Barbara County, California, USA","210","Case of 6 Bottles","https://www.bbr.com/products-20228162887-2022-tensley-colson-canyon-vineyard-syrah-santa-barbara-county-california-usa","1199334","20228162887"
"Tensley Wines","2023","Tensley, Colson Canyon Vineyard Syrah, Santa Barbara County, California, USA","200","Case of 6 Bottles","https://www.bbr.com/products-20238162887-2023-tensley-colson-canyon-vineyard-syrah-santa-barbara-county-california-usa","1199334","20238162887"
"Tensley Wines","2022","Tensley, Nolan Vineyard Red, Santa Barbara County, California, USA","145","Case of 6 Bottles","https://www.bbr.com/products-20228302232-2022-tensley-nolan-vineyard-red-santa-barbara-county-california-usa","2962162","20228302232"
"Tensley Wines","2022","Tensley, P2KV Rodney's Vineyard Syrah, Santa Barbara County, California, USA","250","Case of 6 Bottles","https://www.bbr.com/products-20228302258-2022-tensley-p2kv-rodney-s-vineyard-syrah-santa-barbara-county-california-usa","2980171","20228302258"
"Tensley Wines","2022","Tensley, Syrah, Santa Barbara County, California, USA","138","Case of 6 Bottles","https://www.bbr.com/products-20228162890-2022-tensley-syrah-santa-barbara-county-california-usa","1760028","20228162890"
"Tensley Wines","2023","Tensley, Thompson Vineyard Syrah, Santa Barbara County, California, USA","300","Case of 6 Bottles","https://www.bbr.com/products-20238310305-2023-tensley-thompson-vineyard-syrah-santa-barbara-county-california-usa","1683475","20238310305"
"Tenuta di Trinoro","1997","Tenuta di Trinoro Rosso, Tuscany, Italy","3400","Case of 12 Bottles","https://www.bbr.com/products-19978213505-1997-tenuta-di-trinoro-rosso-tuscany-italy","1441198","19978213505"
"Tenuta di Trinoro","2001","Tenuta di Trinoro Rosso, Tuscany, Italy","160","Case of 1 Bottles","https://www.bbr.com/products-20018213505-2001-tenuta-di-trinoro-rosso-tuscany-italy","1441198","20018213505"
"Tenuta di Trinoro","2012","Tenuta di Trinoro Rosso, Tuscany, Italy","499","Case of 6 Bottles","https://www.bbr.com/products-20128213505-2012-tenuta-di-trinoro-rosso-tuscany-italy","1441198","20128213505"
"Tenuta di Trinoro","2013","Tenuta di Trinoro Rosso, Tuscany, Italy","800","Case of 1 Imperials","https://www.bbr.com/products-20138213505-2013-tenuta-di-trinoro-rosso-tuscany-italy","1441198","20138213505"
"Tenuta di Trinoro","2017","Tenuta di Trinoro Rosso, Tuscany, Italy","830","Case of 6 Bottles","https://www.bbr.com/products-20178213505-2017-tenuta-di-trinoro-rosso-tuscany-italy","1441198","20178213505"
"Cantina Terlano","2022","Terlaner, Cuvee Riserva, Nova Domus, Cantina Terlan, Alto Adige, Italy","250","Case of 6 Bottles","https://www.bbr.com/products-20228165921-2022-terlaner-cuvee-riserva-nova-domus-cantina-terlan-alto-adige-italy","1162691","20228165921"
"Numanthia","2010","Termanthia, Numanthia, Toro, Spain","800","Case of 6 Bottles","https://www.bbr.com/products-20108226527-2010-termanthia-numanthia-toro-spain","1316036","20108226527"
"Terra Vita Vinum","2021","Terra Vita Vinum, Gabouchons, Vin de France","260","Case of 6 Bottles","https://www.bbr.com/products-20218180782-2021-terra-vita-vinum-gabouchons-vin-de-france","2705981","20218180782"
"Fattoria Galardi","2006","Terra di Lavoro, Galardi, Campania, Italy","315","Case of 6 Bottles","https://www.bbr.com/products-20068117702-2006-terra-di-lavoro-galardi-campania-italy","1099807","20068117702"
"Fattoria Galardi","2008","Terra di Lavoro, Galardi, Campania, Italy","260","Case of 6 Bottles","https://www.bbr.com/products-20088117702-2008-terra-di-lavoro-galardi-campania-italy","1099807","20088117702"
"Fattoria Galardi","2011","Terra di Lavoro, Galardi, Campania, Italy","228","Case of 6 Bottles","https://www.bbr.com/products-20118117702-2011-terra-di-lavoro-galardi-campania-italy","1099807","20118117702"
"Fattoria Galardi","2012","Terra di Lavoro, Galardi, Campania, Italy","290","Case of 6 Bottles","https://www.bbr.com/products-20128117702-2012-terra-di-lavoro-galardi-campania-italy","1099807","20128117702"
"Pereira D'Oliveira","1977","Terrantez, Madeira Pereira d'Oliveira,","150","Case of 1 Bottles","https://www.bbr.com/products-19778105325-1977-terrantez-madeira-pereira-d-oliveira","1538430","19778105325"
"Chateau Le Tertre Roteboeuf","2008","Tertre Roteboeuf, St Emilion, Bordeaux","1500","Case of 12 Bottles","https://www.bbr.com/products-20088013932-2008-tertre-roteboeuf-st-emilion-bordeaux","1015418","20088013932"
"Chateau Le Tertre Roteboeuf","2009","Tertre Roteboeuf, St Emilion, Bordeaux","1250","Case of 6 Bottles","https://www.bbr.com/products-20098013932-2009-tertre-roteboeuf-st-emilion-bordeaux","1015418","20098013932"
"Chateau Le Tertre Roteboeuf","2011","Tertre Roteboeuf, St Emilion, Bordeaux","795","Case of 1 Double Magnums","https://www.bbr.com/products-20118013932-2011-tertre-roteboeuf-st-emilion-bordeaux","1015418","20118013932"
"Chateau Le Tertre Roteboeuf","2012","Tertre Roteboeuf, St Emilion, Bordeaux","1200","Case of 12 Bottles","https://www.bbr.com/products-20128013932-2012-tertre-roteboeuf-st-emilion-bordeaux","1015418","20128013932"
"Chateau Le Tertre Roteboeuf","2014","Tertre Roteboeuf, St Emilion, Bordeaux","795","Case of 1 Double Magnums","https://www.bbr.com/products-20148013932-2014-tertre-roteboeuf-st-emilion-bordeaux","1015418","20148013932"
"Chateau Le Tertre Roteboeuf","2015","Tertre Roteboeuf, St Emilion, Bordeaux","1150","Case of 6 Bottles","https://www.bbr.com/products-20158013932-2015-tertre-roteboeuf-st-emilion-bordeaux","1015418","20158013932"
"Chateau Le Tertre Roteboeuf","2019","Tertre Roteboeuf, St Emilion, Bordeaux","830","Case of 6 Bottles","https://www.bbr.com/products-20198013932-2019-tertre-roteboeuf-st-emilion-bordeaux","1015418","20198013932"
"Tesseron Estate","2016","Tesseron Estate, Pym-Rae Red, Mount Veeder, Napa Valley, California, USA","750","Case of 3 Bottles","https://www.bbr.com/products-20168059859-2016-tesseron-estate-pym-rae-red-mount-veeder-napa-valley-california-usa","1796315","20168059859"
"Tesseron Estate","2018","Tesseron Estate, Pym-Rae Red, Mount Veeder, Napa Valley, California, USA","820","Case of 3 Bottles","https://www.bbr.com/products-20188059859-2018-tesseron-estate-pym-rae-red-mount-veeder-napa-valley-california-usa","1796315","20188059859"
"Tesseron Estate","2018","Tesseron Estate, Pym-Rae Red, Mount Veeder, Napa Valley, California, USA","700","Case of 3 Bottles","https://www.bbr.com/products-20188059859-2018-tesseron-estate-pym-rae-red-mount-veeder-napa-valley-california-usa","1796315","20188059859"
"Tesseron Estate","2019","Tesseron Estate, Pym-Rae Red, Mount Veeder, Napa Valley, California, USA","800","Case of 3 Bottles","https://www.bbr.com/products-20198059859-2019-tesseron-estate-pym-rae-red-mount-veeder-napa-valley-california-usa","1796315","20198059859"
"Bibi Graetz","2022","Testamatta Bianco, Bibi Graetz, Tuscany, Italy","583","Case of 6 Bottles","https://www.bbr.com/products-20228157089-2022-testamatta-bianco-bibi-graetz-tuscany-italy","1680474","20228157089"
"Bibi Graetz","2008","Testamatta, Bibi Graetz, Tuscany, Italy","345","Case of 6 Bottles","https://www.bbr.com/products-20088214515-2008-testamatta-bibi-graetz-tuscany-italy","1100121","20088214515"
"Bibi Graetz","2011","Testamatta, Bibi Graetz, Tuscany, Italy","670","Case of 6 Bottles","https://www.bbr.com/products-20118214515-2011-testamatta-bibi-graetz-tuscany-italy","1100121","20118214515"
"Bibi Graetz","2016","Testamatta, Bibi Graetz, Tuscany, Italy","325","Case of 6 Bottles","https://www.bbr.com/products-20168214515-2016-testamatta-bibi-graetz-tuscany-italy","1100121","20168214515"
"Bibi Graetz","2018","Testamatta, Bibi Graetz, Tuscany, Italy","330","Case of 6 Bottles","https://www.bbr.com/products-20188214515-2018-testamatta-bibi-graetz-tuscany-italy","1100121","20188214515"
"Bibi Graetz","2018","Testamatta, Bibi Graetz, Tuscany, Italy","329","Case of 6 Bottles","https://www.bbr.com/products-20188214515-2018-testamatta-bibi-graetz-tuscany-italy","1100121","20188214515"
"Bibi Graetz","2020","Testamatta, Bibi Graetz, Tuscany, Italy","398","Case of 6 Bottles","https://www.bbr.com/products-20208214515-2020-testamatta-bibi-graetz-tuscany-italy","1100121","20208214515"
"Bibi Graetz","2021","Testamatta, Bibi Graetz, Tuscany, Italy","290","Case of 6 Bottles","https://www.bbr.com/products-20218214515-2021-testamatta-bibi-graetz-tuscany-italy","1100121","20218214515"
"Bibi Graetz","2021","Testamatta, Bibi Graetz, Tuscany, Italy","280","Case of 1 Magnums","https://www.bbr.com/products-20218214515-2021-testamatta-bibi-graetz-tuscany-italy","1100121","20218214515"
"Bibi Graetz","2022","Testamatta, Bibi Graetz, Tuscany, Italy","250","Case of 6 Bottles","https://www.bbr.com/products-20228214515-2022-testamatta-bibi-graetz-tuscany-italy","1100121","20228214515"
"Bibi Graetz","2023","Testamatta, Bibi Graetz, Tuscany, Italy","310","Case of 6 Bottles","https://www.bbr.com/products-20238214515-2023-testamatta-bibi-graetz-tuscany-italy","1100121","20238214515"
"The Hilt","2018","The Hilt, Estate Chardonnay, Santa Rita Hills, California, USA","200","Case of 6 Bottles","https://www.bbr.com/products-20188148964-2018-the-hilt-estate-chardonnay-santa-rita-hills-california-usa","1682902","20188148964"
"The Hilt","2015","The Hilt, The Old Guard, Chardonnay, Santa Barbara County, California, USA","295","Case of 6 Bottles","https://www.bbr.com/products-20158223799-2015-the-hilt-the-old-guard-chardonnay-santa-barbara-county-california-usa","1427187","20158223799"
"The Hilt","2015","The Hilt, The Old Guard, Pinot Noir, Santa Rita Hills, California, USA","230","Case of 6 Bottles","https://www.bbr.com/products-20158107316-2015-the-hilt-the-old-guard-pinot-noir-santa-rita-hills-california-usa","1427190","20158107316"
"The Hilt","2016","The Hilt, The Vanguard, Pinot Noir, Santa Rita Hills, California, USA","550","Case of 6 Bottles","https://www.bbr.com/products-20168208068-2016-the-hilt-the-vanguard-pinot-noir-santa-rita-hills-california-usa","1236785","20168208068"
"The Hilt","2016","The Hilt, The Vanguard, Pinot Noir, Santa Rita Hills, California, USA","999","Case of 12 Bottles","https://www.bbr.com/products-20168208068-2016-the-hilt-the-vanguard-pinot-noir-santa-rita-hills-california-usa","1236785","20168208068"
"The Mascot","2012","The Mascot, Napa Valley, California, USA","1100","Case of 6 Bottles","https://www.bbr.com/products-20128108560-2012-the-mascot-napa-valley-california-usa","1359239","20128108560"
"The Sadie Family Wines","2005","The Sadie Family Wines, Columella, Swartland, South Africa","1450","Case of 6 Bottles","https://www.bbr.com/products-20051125403-2005-the-sadie-family-wines-columella-swartland-south-africa","1125403","20051125403"
"The Sadie Family Wines","2010","The Sadie Family Wines, Columella, Swartland, South Africa","780","Case of 6 Bottles","https://www.bbr.com/products-20101125403-2010-the-sadie-family-wines-columella-swartland-south-africa","1125403","20101125403"
"The Sadie Family Wines","2016","The Sadie Family Wines, Columella, Swartland, South Africa","520","Case of 6 Bottles","https://www.bbr.com/products-20161125403-2016-the-sadie-family-wines-columella-swartland-south-africa","1125403","20161125403"
"The Sadie Family Wines","2017","The Sadie Family Wines, Columella, Swartland, South Africa","670","Case of 6 Bottles","https://www.bbr.com/products-20171125403-2017-the-sadie-family-wines-columella-swartland-south-africa","1125403","20171125403"
"The Sadie Family Wines","2018","The Sadie Family Wines, Columella, Swartland, South Africa","705","Case of 6 Bottles","https://www.bbr.com/products-20181125403-2018-the-sadie-family-wines-columella-swartland-south-africa","1125403","20181125403"
"The Sadie Family Wines","2019","The Sadie Family Wines, Columella, Swartland, South Africa","540","Case of 6 Bottles","https://www.bbr.com/products-20191125403-2019-the-sadie-family-wines-columella-swartland-south-africa","1125403","20191125403"
"The Sadie Family Wines","2019","The Sadie Family Wines, Columella, Swartland, South Africa","318","Case of 1 Magnums","https://www.bbr.com/products-20191125403-2019-the-sadie-family-wines-columella-swartland-south-africa","1125403","20191125403"
"The Sadie Family Wines","2020","The Sadie Family Wines, Columella, Swartland, South Africa","274","Case of 1 Magnums","https://www.bbr.com/products-20201125403-2020-the-sadie-family-wines-columella-swartland-south-africa","1125403","20201125403"
"The Sadie Family Wines","2020","The Sadie Family Wines, Columella, Swartland, South Africa","300","Case of 1 Magnums","https://www.bbr.com/products-20201125403-2020-the-sadie-family-wines-columella-swartland-south-africa","1125403","20201125403"
"The Sadie Family Wines","2021","The Sadie Family Wines, Columella, Swartland, South Africa","750","Case of 6 Bottles","https://www.bbr.com/products-20211125403-2021-the-sadie-family-wines-columella-swartland-south-africa","1125403","20211125403"
"The Sadie Family Wines","2021","The Sadie Family Wines, Columella, Swartland, South Africa","270","Case of 1 Magnums","https://www.bbr.com/products-20211125403-2021-the-sadie-family-wines-columella-swartland-south-africa","1125403","20211125403"
"The Sadie Family Wines","2023","The Sadie Family Wines, Kokerboom, Die Distriksreeks, Olifants River, South Africa","395","Case of 6 Bottles","https://www.bbr.com/products-20231336964-2023-the-sadie-family-wines-kokerboom-die-distriksreeks-olifants-river-south-africa","1336964","20231336964"
"The Sadie Family Wines","2017","The Sadie Family Wines, Kokerboom, Ouwingerdreeks, Swartland, South Africa","495","Case of 6 Bottles","https://www.bbr.com/products-20171336964-2017-the-sadie-family-wines-kokerboom-ouwingerdreeks-swartland-south-africa","1336964","20171336964"
"The Sadie Family Wines","2020","The Sadie Family Wines, Kokerboom, Ouwingerdreeks, Swartland, South Africa","575","Case of 6 Bottles","https://www.bbr.com/products-20201336964-2020-the-sadie-family-wines-kokerboom-ouwingerdreeks-swartland-south-africa","1336964","20201336964"
"The Sadie Family Wines","2021","The Sadie Family Wines, Kokerboom, Ouwingerdreeks, Swartland, South Africa","525","Case of 6 Bottles","https://www.bbr.com/products-20211336964-2021-the-sadie-family-wines-kokerboom-ouwingerdreeks-swartland-south-africa","1336964","20211336964"
"The Sadie Family Wines","2022","The Sadie Family Wines, Kokerboom, Ouwingerdreeks, Swartland, South Africa","395","Case of 6 Bottles","https://www.bbr.com/products-20221336964-2022-the-sadie-family-wines-kokerboom-ouwingerdreeks-swartland-south-africa","1336964","20221336964"
"The Sadie Family Wines","2021","The Sadie Family Wines, Mev. Kirsten, Die Ouwingerdreeks, Stellenbosch, South Africa","825","Case of 6 Bottles","https://www.bbr.com/products-20211249521-2021-the-sadie-family-wines-mev-kirsten-die-ouwingerdreeks-stellenbosch-south-africa","1249521","20211249521"
"The Sadie Family Wines","2022","The Sadie Family Wines, Mev. Kirsten, Die Ouwingerdreeks, Stellenbosch, South Africa","800","Case of 6 Bottles","https://www.bbr.com/products-20221249521-2022-the-sadie-family-wines-mev-kirsten-die-ouwingerdreeks-stellenbosch-south-africa","1249521","20221249521"
"The Sadie Family Wines","2018","The Sadie Family Wines, Mev. Kirsten, Ouwingerdreeks, Swartland, South Africa","1025","Case of 6 Bottles","https://www.bbr.com/products-20181249521-2018-the-sadie-family-wines-mev-kirsten-ouwingerdreeks-swartland-south-africa","1249521","20181249521"
"The Sadie Family Wines","2020","The Sadie Family Wines, Mev. Kirsten, Ouwingerdreeks, Swartland, South Africa","750","Case of 6 Bottles","https://www.bbr.com/products-20201249521-2020-the-sadie-family-wines-mev-kirsten-ouwingerdreeks-swartland-south-africa","1249521","20201249521"
"The Sadie Family Wines","2016","The Sadie Family Wines, Palladius, Swartland, South Africa","510","Case of 6 Bottles","https://www.bbr.com/products-20161135020-2016-the-sadie-family-wines-palladius-swartland-south-africa","1135020","20161135020"
"The Sadie Family Wines","2017","The Sadie Family Wines, Palladius, Swartland, South Africa","590","Case of 6 Bottles","https://www.bbr.com/products-20171135020-2017-the-sadie-family-wines-palladius-swartland-south-africa","1135020","20171135020"
"The Sadie Family Wines","2019","The Sadie Family Wines, Palladius, Swartland, South Africa","500","Case of 6 Bottles","https://www.bbr.com/products-20191135020-2019-the-sadie-family-wines-palladius-swartland-south-africa","1135020","20191135020"
"The Sadie Family Wines","2023","The Sadie Family Wines, Rotsbank Chenin Blanc, Die Distriksreeks, Swartland, South Africa","995","Case of 6 Bottles","https://www.bbr.com/products-20238242255-2023-the-sadie-family-wines-rotsbank-chenin-blanc-die-distriksreeks-swartland-south-africa","2926551","20238242255"
"The Sadie Family Wines","2022","The Sadie Family Wines, Rotsbank Chenin Blanc, Ouwingerdreeks, Swartland, South Africa","535","Case of 6 Bottles","https://www.bbr.com/products-20228242255-2022-the-sadie-family-wines-rotsbank-chenin-blanc-ouwingerdreeks-swartland-south-africa","2926551","20228242255"
"The Sadie Family Wines","2020","The Sadie Family Wines, Skerpioen, Ouwingerdreeks, Swartland, South Africa","450","Case of 6 Bottles","https://www.bbr.com/products-20201354175-2020-the-sadie-family-wines-skerpioen-ouwingerdreeks-swartland-south-africa","1354175","20201354175"
"The Sadie Family Wines","2023","The Sadie Family Wines, Skurfberg, Die Distriksreeks, Olifants River, South Africa","650","Case of 6 Bottles","https://www.bbr.com/products-20231335042-2023-the-sadie-family-wines-skurfberg-die-distriksreeks-olifants-river-south-africa","1335042","20231335042"
"The Sadie Family Wines","2022","The Sadie Family Wines, Skurfberg, Ouwingerdreeks, Olifants River, South Africa","700","Case of 6 Bottles","https://www.bbr.com/products-20221335042-2022-the-sadie-family-wines-skurfberg-ouwingerdreeks-olifants-river-south-africa","1335042","20221335042"
"The Sadie Family Wines","2019","The Sadie Family Wines, Skurfberg, Ouwingerdreeks, Swartland, South Africa","600","Case of 6 Bottles","https://www.bbr.com/products-20191335042-2019-the-sadie-family-wines-skurfberg-ouwingerdreeks-swartland-south-africa","1335042","20191335042"
"The Sadie Family Wines","2020","The Sadie Family Wines, Skurfberg, Ouwingerdreeks, Swartland, South Africa","500","Case of 6 Bottles","https://www.bbr.com/products-20201335042-2020-the-sadie-family-wines-skurfberg-ouwingerdreeks-swartland-south-africa","1335042","20201335042"
"The Sadie Family Wines","2019","The Sadie Family Wines, Soldaat, Die Ouwingerdreeks, Piekenierskloof, South Africa","690","Case of 6 Bottles","https://www.bbr.com/products-20191336414-2019-the-sadie-family-wines-soldaat-die-ouwingerdreeks-piekenierskloof-south-africa","1336414","20191336414"
"The Sadie Family Wines","2020","The Sadie Family Wines, Treinspoor, Ouwingerdreeks, Swartland, South Africa","588","Case of 6 Bottles","https://www.bbr.com/products-20201278183-2020-the-sadie-family-wines-treinspoor-ouwingerdreeks-swartland-south-africa","1278183","20201278183"
"The Sadie Family Wines","2021","The Sadie Family Wines, Treinspoor, Ouwingerdreeks, Swartland, South Africa","450","Case of 6 Bottles","https://www.bbr.com/products-20211278183-2021-the-sadie-family-wines-treinspoor-ouwingerdreeks-swartland-south-africa","1278183","20211278183"
"The Sadie Family Wines","2021","The Sadie Family Wines, Treinspoor, Ouwingerdreeks, Swartland, South Africa","450","Case of 6 Bottles","https://www.bbr.com/products-20211278183-2021-the-sadie-family-wines-treinspoor-ouwingerdreeks-swartland-south-africa","1278183","20211278183"
"Standish Wine Company","2020","The Standish Wine Company, Lamella, Eden Valley, Australia","545","Case of 6 Bottles","https://www.bbr.com/products-20208200639-2020-the-standish-wine-company-lamella-eden-valley-australia","1723931","20208200639"
"Standish Wine Company","2021","The Standish Wine Company, Lamella, Eden Valley, Australia","795","Case of 6 Bottles","https://www.bbr.com/products-20218200639-2021-the-standish-wine-company-lamella-eden-valley-australia","1723931","20218200639"
"Standish Wine Company","2022","The Standish Wine Company, Lamella, Eden Valley, Australia","795","Case of 6 Bottles","https://www.bbr.com/products-20228200639-2022-the-standish-wine-company-lamella-eden-valley-australia","1723931","20228200639"
"Standish Wine Company","2017","The Standish Wine Company, The Relic, Barossa Valley, Australia","405","Case of 6 Bottles","https://www.bbr.com/products-20178221665-2017-the-standish-wine-company-the-relic-barossa-valley-australia","1004865","20178221665"
"Standish Wine Company","2005","The Standish Wine Company, The Standish, Barossa Valley, Australia","120","Case of 1 Magnums","https://www.bbr.com/products-20058221652-2005-the-standish-wine-company-the-standish-barossa-valley-australia","1004878","20058221652"
"Standish Wine Company","2006","The Standish Wine Company, The Standish, Barossa Valley, Australia","580","Case of 6 Bottles","https://www.bbr.com/products-20068221652-2006-the-standish-wine-company-the-standish-barossa-valley-australia","1004878","20068221652"
"Standish Wine Company","2018","The Standish Wine Company, The Standish, Barossa Valley, Australia","598","Case of 6 Bottles","https://www.bbr.com/products-20188221652-2018-the-standish-wine-company-the-standish-barossa-valley-australia","1004878","20188221652"
"Standish Wine Company","2020","The Standish Wine Company, The Standish, Barossa Valley, Australia","395","Case of 6 Bottles","https://www.bbr.com/products-20208221652-2020-the-standish-wine-company-the-standish-barossa-valley-australia","1004878","20208221652"
"Standish Wine Company","2022","The Standish Wine Company, The Standish, Barossa Valley, Australia","785","Case of 6 Bottles","https://www.bbr.com/products-20228221652-2022-the-standish-wine-company-the-standish-barossa-valley-australia","1004878","20228221652"
"Thelema Mountain Vineyards","2019","Thelema Mountain Vineyards, Rabelais, Cabernet Sauvignon, Stellenbosch, South Africa","270","Case of 6 Bottles","https://www.bbr.com/products-20198062712-2019-thelema-mountain-vineyards-rabelais-cabernet-sauvignon-stellenbosch-south-africa","1597521","20198062712"
"Thorne & Daughters","2016","Thorne &amp; Daughters, Wanderer's Heart, Western Cape, South Africa","120","Case of 6 Bottles","https://www.bbr.com/products-20168029085-2016-thorne-and-daughters-wanderer-s-heart-western-cape-south-africa","1544479","20168029085"
"Theo Dancer","2021","Theo Dancer, Alpestre, Gringet, Vin de France","336","Case of 6 Bottles","https://www.bbr.com/products-20218075981-2021-theo-dancer-alpestre-gringet-vin-de-france","2667201","20218075981"
"Theo Dancer","2022","Theo Dancer, Botanica, Gamay, Vin de France","145","Case of 6 Bottles","https://www.bbr.com/products-20228403043-2022-theo-dancer-botanica-gamay-vin-de-france","2666901","20228403043"
"Theo Dancer","2021","Theo Dancer, Jurassique, Savagnin, Vin de France","450","Case of 6 Bottles","https://www.bbr.com/products-20218075994-2021-theo-dancer-jurassique-savagnin-vin-de-france","2666897","20218075994"
"Theo Dancer","2022","Theo Dancer, Jurassique, Savagnin, Vin de France","350","Case of 6 Bottles","https://www.bbr.com/products-20228075994-2022-theo-dancer-jurassique-savagnin-vin-de-france","2666897","20228075994"
"Theo Dancer","2021","Theo Dancer, Roc Breia, Chardonnay, Vin de France","800","Case of 6 Bottles","https://www.bbr.com/products-20218175098-2021-theo-dancer-roc-breia-chardonnay-vin-de-france","2377151","20218175098"
"Theo Dancer","2022","Theo Dancer, Roc Breia, Chardonnay, Vin de France","320","Case of 6 Bottles","https://www.bbr.com/products-20228175098-2022-theo-dancer-roc-breia-chardonnay-vin-de-france","2377151","20228175098"
"Theo Dancer","2021","Theo Dancer, Roc Breia, Pinot Noir, Vin de France","840","Case of 6 Bottles","https://www.bbr.com/products-20218175085-2021-theo-dancer-roc-breia-pinot-noir-vin-de-france","2646741","20218175085"
"Theo Dancer","2022","Theo Dancer, Roc Breia, Pinot Noir, Vin de France","260","Case of 6 Bottles","https://www.bbr.com/products-20228175085-2022-theo-dancer-roc-breia-pinot-noir-vin-de-france","2646741","20228175085"
"Antinori","2004","Tignanello, Antinori, Tuscany, Italy","1100","Case of 6 Bottles","https://www.bbr.com/products-20048007313-2004-tignanello-antinori-tuscany-italy","1095391","20048007313"
"Antinori","2010","Tignanello, Antinori, Tuscany, Italy","735","Case of 6 Bottles","https://www.bbr.com/products-20108007313-2010-tignanello-antinori-tuscany-italy","1095391","20108007313"
"Antinori","2011","Tignanello, Antinori, Tuscany, Italy","675","Case of 6 Bottles","https://www.bbr.com/products-20118007313-2011-tignanello-antinori-tuscany-italy","1095391","20118007313"
"Antinori","2011","Tignanello, Antinori, Tuscany, Italy","395","Case of 1 Magnums","https://www.bbr.com/products-20118007313-2011-tignanello-antinori-tuscany-italy","1095391","20118007313"
"Antinori","2012","Tignanello, Antinori, Tuscany, Italy","899","Case of 6 Bottles","https://www.bbr.com/products-20128007313-2012-tignanello-antinori-tuscany-italy","1095391","20128007313"
"Antinori","2012","Tignanello, Antinori, Tuscany, Italy","690","Case of 6 Bottles","https://www.bbr.com/products-20128007313-2012-tignanello-antinori-tuscany-italy","1095391","20128007313"
"Antinori","2013","Tignanello, Antinori, Tuscany, Italy","830","Case of 6 Bottles","https://www.bbr.com/products-20138007313-2013-tignanello-antinori-tuscany-italy","1095391","20138007313"
"Antinori","2013","Tignanello, Antinori, Tuscany, Italy","720","Case of 6 Bottles","https://www.bbr.com/products-20138007313-2013-tignanello-antinori-tuscany-italy","1095391","20138007313"
"Antinori","2014","Tignanello, Antinori, Tuscany, Italy","600","Case of 6 Bottles","https://www.bbr.com/products-20148007313-2014-tignanello-antinori-tuscany-italy","1095391","20148007313"
"Antinori","2014","Tignanello, Antinori, Tuscany, Italy","620","Case of 6 Bottles","https://www.bbr.com/products-20148007313-2014-tignanello-antinori-tuscany-italy","1095391","20148007313"
"Antinori","2015","Tignanello, Antinori, Tuscany, Italy","750","Case of 6 Bottles","https://www.bbr.com/products-20158007313-2015-tignanello-antinori-tuscany-italy","1095391","20158007313"
"Antinori","2015","Tignanello, Antinori, Tuscany, Italy","725","Case of 6 Bottles","https://www.bbr.com/products-20158007313-2015-tignanello-antinori-tuscany-italy","1095391","20158007313"
"Antinori","2015","Tignanello, Antinori, Tuscany, Italy","299","Case of 1 Magnums","https://www.bbr.com/products-20158007313-2015-tignanello-antinori-tuscany-italy","1095391","20158007313"
"Antinori","2015","Tignanello, Antinori, Tuscany, Italy","270","Case of 1 Magnums","https://www.bbr.com/products-20158007313-2015-tignanello-antinori-tuscany-italy","1095391","20158007313"
"Antinori","2016","Tignanello, Antinori, Tuscany, Italy","750","Case of 6 Bottles","https://www.bbr.com/products-20168007313-2016-tignanello-antinori-tuscany-italy","1095391","20168007313"
"Antinori","2016","Tignanello, Antinori, Tuscany, Italy","889","Case of 6 Bottles","https://www.bbr.com/products-20168007313-2016-tignanello-antinori-tuscany-italy","1095391","20168007313"
"Antinori","2016","Tignanello, Antinori, Tuscany, Italy","600","Case of 1 Magnums","https://www.bbr.com/products-20168007313-2016-tignanello-antinori-tuscany-italy","1095391","20168007313"
"Antinori","2017","Tignanello, Antinori, Tuscany, Italy","615","Case of 6 Bottles","https://www.bbr.com/products-20178007313-2017-tignanello-antinori-tuscany-italy","1095391","20178007313"
"Antinori","2017","Tignanello, Antinori, Tuscany, Italy","250","Case of 1 Magnums","https://www.bbr.com/products-20178007313-2017-tignanello-antinori-tuscany-italy","1095391","20178007313"
"Antinori","2018","Tignanello, Antinori, Tuscany, Italy","750","Case of 6 Bottles","https://www.bbr.com/products-20188007313-2018-tignanello-antinori-tuscany-italy","1095391","20188007313"
"Antinori","2018","Tignanello, Antinori, Tuscany, Italy","650","Case of 6 Bottles","https://www.bbr.com/products-20188007313-2018-tignanello-antinori-tuscany-italy","1095391","20188007313"
"Antinori","2018","Tignanello, Antinori, Tuscany, Italy","250","Case of 1 Magnums","https://www.bbr.com/products-20188007313-2018-tignanello-antinori-tuscany-italy","1095391","20188007313"
"Antinori","2019","Tignanello, Antinori, Tuscany, Italy","1000","Case of 6 Bottles","https://www.bbr.com/products-20198007313-2019-tignanello-antinori-tuscany-italy","1095391","20198007313"
"Antinori","2020","Tignanello, Antinori, Tuscany, Italy","950","Case of 6 Bottles","https://www.bbr.com/products-20208007313-2020-tignanello-antinori-tuscany-italy","1095391","20208007313"
"Antinori","2020","Tignanello, Antinori, Tuscany, Italy","620","Case of 6 Bottles","https://www.bbr.com/products-20208007313-2020-tignanello-antinori-tuscany-italy","1095391","20208007313"
"Antinori","2021","Tignanello, Antinori, Tuscany, Italy","734","Case of 6 Bottles","https://www.bbr.com/products-20218007313-2021-tignanello-antinori-tuscany-italy","1095391","20218007313"
"Antinori","2021","Tignanello, Antinori, Tuscany, Italy","735","Case of 6 Bottles","https://www.bbr.com/products-20218007313-2021-tignanello-antinori-tuscany-italy","1095391","20218007313"
"Antinori","2022","Tignanello, Antinori, Tuscany, Italy","728","Case of 6 Bottles","https://www.bbr.com/products-20228007313-2022-tignanello-antinori-tuscany-italy","1095391","20228007313"
"Antinori","2022","Tignanello, Antinori, Tuscany, Italy","727","Case of 6 Bottles","https://www.bbr.com/products-20228007313-2022-tignanello-antinori-tuscany-italy","1095391","20228007313"
"Bodegas Remirez de Ganuza","2005","Tinot Reserva, Bodegas F. Remirez de Ganuza, Rioja, Spain","350","Case of 6 Bottles","https://www.bbr.com/products-20058032889-2005-tinot-reserva-bodegas-f-remirez-de-ganuza-rioja-spain","1120958","20058032889"
"Clos Figueras","2001","Tirant, Rotllan Torra, Priorat","90","Case of 1 Magnums","https://www.bbr.com/products-20018137975-2001-tirant-rotllan-torra-priorat","1219858","20018137975"
"Oremus","2016","Tokaji Aszu, 6 Puttonyos, Oremus, Hungary","495","Case of 6 Half Litres","https://www.bbr.com/products-20161177633-2016-tokaji-aszu-6-puttonyos-oremus-hungary","1177633","20161177633"
"Oremus","2005","Tokaji Eszencia, Oremus, Hungary","725","Case of 1 Half Bottles","https://www.bbr.com/products-20058138578-2005-tokaji-eszencia-oremus-hungary","1177646","20058138578"
"Oremus","2008","Tokaji Eszencia, Oremus, Hungary","340","Case of 1 Half Bottles","https://www.bbr.com/products-20088138578-2008-tokaji-eszencia-oremus-hungary","1177646","20088138578"
"Oremus","2012","Tokaji Eszencia, Oremus, Hungary","370","Case of 1 Half Bottles","https://www.bbr.com/products-20128138578-2012-tokaji-eszencia-oremus-hungary","1177646","20128138578"
"The Royal Tokaji Company","2016","Tokaji, Betsek, 6 Puttonyos, Royal Tokaji, Hungary","445","Case of 6 Half Litres","https://www.bbr.com/products-20168021571-2016-tokaji-betsek-6-puttonyos-royal-tokaji-hungary","1144389","20168021571"
"The Royal Tokaji Company","2017","Tokaji, Betsek, 6 Puttonyos, Royal Tokaji, Hungary","380","Case of 6 Half Litres","https://www.bbr.com/products-20178021571-2017-tokaji-betsek-6-puttonyos-royal-tokaji-hungary","1144389","20178021571"
"The Royal Tokaji Company","2009","Tokaji, Essencia, Royal Tokaji Wine Company, Hungary","425","Case of 1 Half Bottles","https://www.bbr.com/products-20098021568-2009-tokaji-essencia-royal-tokaji-wine-company-hungary","1153563","20098021568"
"Oremus","2019","Tokaji, Furmint, Mandolas, Oremus, Hungary","180","Case of 6 Bottles","https://www.bbr.com/products-20191266386-2019-tokaji-furmint-mandolas-oremus-hungary","1266386","20191266386"
"Oremus","2020","Tokaji, Furmint, Petracs, Oremus, Hungary","70","Case of 1 Bottles","https://www.bbr.com/products-20208060750-2020-tokaji-furmint-petracs-oremus-hungary","2213831","20208060750"
"The Royal Tokaji Company","2016","Tokaji, Gold Label, 6 Puttonyos, Royal Tokaji, Hungary","323","Case of 6 Half Litres","https://www.bbr.com/products-20168059240-2016-tokaji-gold-label-6-puttonyos-royal-tokaji-hungary","1144376","20168059240"
"The Royal Tokaji Company","2017","Tokaji, Gold Label, 6 Puttonyos, Royal Tokaji, Hungary","190","Case of 6 Half Litres","https://www.bbr.com/products-20178059240-2017-tokaji-gold-label-6-puttonyos-royal-tokaji-hungary","1144376","20178059240"
"Oremus","2020","Tokaji, Late Harvest, Oremus, Hungary","150","Case of 6 Half Litres","https://www.bbr.com/products-20208001151-2020-tokaji-late-harvest-oremus-hungary","1539958","20208001151"
"Oremus","2022","Tokaji, Late Harvest, Oremus, Hungary","140","Case of 6 Half Litres","https://www.bbr.com/products-20228001151-2022-tokaji-late-harvest-oremus-hungary","1539958","20228001151"
"Oremus","2023","Tokaji, Late Harvest, Oremus, Hungary","140","Case of 6 Half Litres","https://www.bbr.com/products-20238001151-2023-tokaji-late-harvest-oremus-hungary","1539958","20238001151"
"The Royal Tokaji Company","2016","Tokaji, Mezes Maly, 6 Puttonyos, Royal Tokaji, Hungary","325","Case of 6 Half Litres","https://www.bbr.com/products-20168021555-2016-tokaji-mezes-maly-6-puttonyos-royal-tokaji-hungary","1158539","20168021555"
"The Royal Tokaji Company","2016","Tokaji, Mezes Maly, 6 Puttonyos, Royal Tokaji, Hungary","450","Case of 6 Half Litres","https://www.bbr.com/products-20168021555-2016-tokaji-mezes-maly-6-puttonyos-royal-tokaji-hungary","1158539","20168021555"
"The Royal Tokaji Company","2018","Tokaji, Mezes Maly, 6 Puttonyos, Royal Tokaji, Hungary","360","Case of 6 Half Litres","https://www.bbr.com/products-20188021555-2018-tokaji-mezes-maly-6-puttonyos-royal-tokaji-hungary","1158539","20188021555"
"The Royal Tokaji Company","2016","Tokaji, Nyulaszo, 6 Puttonyos, Royal Tokaji, Hungary","398","Case of 6 Half Litres","https://www.bbr.com/products-20168021542-2016-tokaji-nyulaszo-6-puttonyos-royal-tokaji-hungary","1144422","20168021542"
"Tolpuddle Vineyard","2021","Tolpuddle Vineyard, Chardonnay, Coal River Valley, Tasmania, Australia","430","Case of 6 Bottles","https://www.bbr.com/products-20218017767-2021-tolpuddle-vineyard-chardonnay-coal-river-valley-tasmania-australia","1325803","20218017767"
"Tolpuddle Vineyard","2021","Tolpuddle Vineyard, Chardonnay, Coal River Valley, Tasmania, Australia","429","Case of 6 Bottles","https://www.bbr.com/products-20218017767-2021-tolpuddle-vineyard-chardonnay-coal-river-valley-tasmania-australia","1325803","20218017767"
"Tolpuddle Vineyard","2022","Tolpuddle Vineyard, Chardonnay, Coal River Valley, Tasmania, Australia","380","Case of 6 Bottles","https://www.bbr.com/products-20228017767-2022-tolpuddle-vineyard-chardonnay-coal-river-valley-tasmania-australia","1325803","20228017767"
"Tolpuddle Vineyard","2023","Tolpuddle Vineyard, Chardonnay, Coal River Valley, Tasmania, Australia","379","Case of 6 Bottles","https://www.bbr.com/products-20238017767-2023-tolpuddle-vineyard-chardonnay-coal-river-valley-tasmania-australia","1325803","20238017767"
"Tolpuddle Vineyard","2023","Tolpuddle Vineyard, Chardonnay, Coal River Valley, Tasmania, Australia","350","Case of 6 Bottles","https://www.bbr.com/products-20238017767-2023-tolpuddle-vineyard-chardonnay-coal-river-valley-tasmania-australia","1325803","20238017767"
"Tolpuddle Vineyard","2024","Tolpuddle Vineyard, Chardonnay, Coal River Valley, Tasmania, Australia","365","Case of 6 Bottles","https://www.bbr.com/products-20248017767-2024-tolpuddle-vineyard-chardonnay-coal-river-valley-tasmania-australia","1325803","20248017767"
"Tolpuddle Vineyard","2024","Tolpuddle Vineyard, Chardonnay, Coal River Valley, Tasmania, Australia","380","Case of 6 Bottles","https://www.bbr.com/products-20248017767-2024-tolpuddle-vineyard-chardonnay-coal-river-valley-tasmania-australia","1325803","20248017767"
"Tolpuddle Vineyard","2017","Tolpuddle Vineyard, Pinot Noir, Coal River Valley, Tasmania, Australia","650","Case of 6 Bottles","https://www.bbr.com/products-20178109293-2017-tolpuddle-vineyard-pinot-noir-coal-river-valley-tasmania-australia","1325799","20178109293"
"Tolpuddle Vineyard","2018","Tolpuddle Vineyard, Pinot Noir, Coal River Valley, Tasmania, Australia","350","Case of 6 Bottles","https://www.bbr.com/products-20188109293-2018-tolpuddle-vineyard-pinot-noir-coal-river-valley-tasmania-australia","1325799","20188109293"
"Tolpuddle Vineyard","2021","Tolpuddle Vineyard, Pinot Noir, Coal River Valley, Tasmania, Australia","409","Case of 6 Bottles","https://www.bbr.com/products-20218109293-2021-tolpuddle-vineyard-pinot-noir-coal-river-valley-tasmania-australia","1325799","20218109293"
"Tolpuddle Vineyard","2021","Tolpuddle Vineyard, Pinot Noir, Coal River Valley, Tasmania, Australia","424","Case of 6 Bottles","https://www.bbr.com/products-20218109293-2021-tolpuddle-vineyard-pinot-noir-coal-river-valley-tasmania-australia","1325799","20218109293"
"Tolpuddle Vineyard","2023","Tolpuddle Vineyard, Pinot Noir, Coal River Valley, Tasmania, Australia","360","Case of 6 Bottles","https://www.bbr.com/products-20238109293-2023-tolpuddle-vineyard-pinot-noir-coal-river-valley-tasmania-australia","1325799","20238109293"
"Tolpuddle Vineyard","2024","Tolpuddle Vineyard, Pinot Noir, Coal River Valley, Tasmania, Australia","364","Case of 6 Bottles","https://www.bbr.com/products-20248109293-2024-tolpuddle-vineyard-pinot-noir-coal-river-valley-tasmania-australia","1325799","20248109293"
"Tolpuddle Vineyard","2024","Tolpuddle Vineyard, Pinot Noir, Coal River Valley, Tasmania, Australia","350","Case of 6 Bottles","https://www.bbr.com/products-20248109293-2024-tolpuddle-vineyard-pinot-noir-coal-river-valley-tasmania-australia","1325799","20248109293"
"Tolpuddle Vineyard","2024","Tolpuddle Vineyard, Pinot Noir, Coal River Valley, Tasmania, Australia","400","Case of 3 Magnums","https://www.bbr.com/products-20248109293-2024-tolpuddle-vineyard-pinot-noir-coal-river-valley-tasmania-australia","1325799","20248109293"
"Herdade do Mouch?o","2013","Tonel No 3-4, Herdade do Mouch?o, Alentejo","480","Case of 3 Bottles","https://www.bbr.com/products-20138134277-2013-tonel-no-3-4-herdade-do-mouch-o-alentejo","1419359","20138134277"
"Torbreck","2012","Torbreck, Cuvee Juveniles, Barossa Valley, Australia","190","Case of 12 Bottles","https://www.bbr.com/products-20128125569-2012-torbreck-cuvee-juveniles-barossa-valley-australia","1005048","20128125569"
"Torbreck","2007","Torbreck, Descendant, Barossa Valley, Australia","500","Case of 6 Bottles","https://www.bbr.com/products-20071005022-2007-torbreck-descendant-barossa-valley-australia","1005022","20071005022"
"Torbreck","2009","Torbreck, Descendant, Barossa Valley, Australia","850","Case of 6 Bottles","https://www.bbr.com/products-20091005022-2009-torbreck-descendant-barossa-valley-australia","1005022","20091005022"
"Torbreck","2012","Torbreck, Descendant, Barossa Valley, Australia","495","Case of 6 Bottles","https://www.bbr.com/products-20121005022-2012-torbreck-descendant-barossa-valley-australia","1005022","20121005022"
"Torbreck","2017","Torbreck, Descendant, Barossa Valley, Australia","430","Case of 6 Bottles","https://www.bbr.com/products-20171005022-2017-torbreck-descendant-barossa-valley-australia","1005022","20171005022"
"Torbreck","2018","Torbreck, Descendant, Barossa Valley, Australia","430","Case of 6 Bottles","https://www.bbr.com/products-20181005022-2018-torbreck-descendant-barossa-valley-australia","1005022","20181005022"
"Torbreck","2018","Torbreck, Descendant, Barossa Valley, Australia","157","Case of 1 Magnums","https://www.bbr.com/products-20181005022-2018-torbreck-descendant-barossa-valley-australia","1005022","20181005022"
"Torbreck","2019","Torbreck, Descendant, Barossa Valley, Australia","385","Case of 6 Bottles","https://www.bbr.com/products-20191005022-2019-torbreck-descendant-barossa-valley-australia","1005022","20191005022"
"Torbreck","2013","Torbreck, Les Amis, Barossa Valley, Australia","545","Case of 6 Bottles","https://www.bbr.com/products-20138125598-2013-torbreck-les-amis-barossa-valley-australia","1005019","20138125598"
"Torbreck","2005","Torbreck, Runrig, Barossa Valley, Australia","1000","Case of 6 Bottles","https://www.bbr.com/products-20058125530-2005-torbreck-runrig-barossa-valley-australia","1005077","20058125530"
"Torbreck","2012","Torbreck, Runrig, Barossa Valley, Australia","360","Case of 1 Magnums","https://www.bbr.com/products-20128125530-2012-torbreck-runrig-barossa-valley-australia","1005077","20128125530"
"Torbreck","2015","Torbreck, Runrig, Barossa Valley, Australia","750","Case of 6 Bottles","https://www.bbr.com/products-20158125530-2015-torbreck-runrig-barossa-valley-australia","1005077","20158125530"
"Torbreck","2016","Torbreck, Runrig, Barossa Valley, Australia","1080","Case of 6 Bottles","https://www.bbr.com/products-20168125530-2016-torbreck-runrig-barossa-valley-australia","1005077","20168125530"
"Torbreck","2017","Torbreck, Runrig, Barossa Valley, Australia","1000","Case of 6 Bottles","https://www.bbr.com/products-20178125530-2017-torbreck-runrig-barossa-valley-australia","1005077","20178125530"
"Torbreck","2019","Torbreck, Runrig, Barossa Valley, Australia","855","Case of 6 Bottles","https://www.bbr.com/products-20198125530-2019-torbreck-runrig-barossa-valley-australia","1005077","20198125530"
"Torbreck","2021","Torbreck, Runrig, Barossa Valley, Australia","1100","Case of 6 Bottles","https://www.bbr.com/products-20218125530-2021-torbreck-runrig-barossa-valley-australia","1005077","20218125530"
"Torbreck","2010","Torbreck, The Factor, Barossa Valley, Australia","480","Case of 6 Bottles","https://www.bbr.com/products-20108125572-2010-torbreck-the-factor-barossa-valley-australia","1005035","20108125572"
"Torbreck","2012","Torbreck, The Factor, Barossa Valley, Australia","145","Case of 1 Magnums","https://www.bbr.com/products-20128125572-2012-torbreck-the-factor-barossa-valley-australia","1005035","20128125572"
"Torbreck","2017","Torbreck, The Factor, Barossa Valley, Australia","595","Case of 6 Bottles","https://www.bbr.com/products-20178125572-2017-torbreck-the-factor-barossa-valley-australia","1005035","20178125572"
"Torbreck","2018","Torbreck, The Factor, Barossa Valley, Australia","450","Case of 6 Bottles","https://www.bbr.com/products-20188125572-2018-torbreck-the-factor-barossa-valley-australia","1005035","20188125572"
"Torbreck","2019","Torbreck, The Factor, Barossa Valley, Australia","500","Case of 6 Bottles","https://www.bbr.com/products-20198125572-2019-torbreck-the-factor-barossa-valley-australia","1005035","20198125572"
"Torbreck","2008","Torbreck, The Gask, Eden Valley, Australia","340","Case of 6 Bottles","https://www.bbr.com/products-20088115043-2008-torbreck-the-gask-eden-valley-australia","1131455","20088115043"
"Torbreck","2021","Torbreck, The Gask, Eden Valley, Australia","400","Case of 1 Magnums","https://www.bbr.com/products-20218115043-2021-torbreck-the-gask-eden-valley-australia","1131455","20218115043"
"Torbreck","2005","Torbreck, The Laird, Barossa Valley, Australia","2000","Case of 3 Bottles","https://www.bbr.com/products-20058125556-2005-torbreck-the-laird-barossa-valley-australia","1005051","20058125556"
"Torbreck","2008","Torbreck, The Laird, Barossa Valley, Australia","1850","Case of 3 Bottles","https://www.bbr.com/products-20088125556-2008-torbreck-the-laird-barossa-valley-australia","1005051","20088125556"
"Torbreck","2010","Torbreck, The Laird, Barossa Valley, Australia","2400","Case of 3 Bottles","https://www.bbr.com/products-20108125556-2010-torbreck-the-laird-barossa-valley-australia","1005051","20108125556"
"Torbreck","2017","Torbreck, The Pict, Barossa Valley, Australia","225","Case of 6 Bottles","https://www.bbr.com/products-20178125543-2017-torbreck-the-pict-barossa-valley-australia","1005064","20178125543"
"Torbreck","2019","Torbreck, The Steading Blanc, Barossa Valley, Australia","245","Case of 6 Bottles","https://www.bbr.com/products-20198108935-2019-torbreck-the-steading-blanc-barossa-valley-australia","1339385","20198108935"
"Torbreck","2013","Torbreck, The Steading, Barossa Valley, Australia","295","Case of 6 Magnums","https://www.bbr.com/products-20138125527-2013-torbreck-the-steading-barossa-valley-australia","1005080","20138125527"
"Torbreck","2015","Torbreck, The Steading, Barossa Valley, Australia","450","Case of 6 Magnums","https://www.bbr.com/products-20158125527-2015-torbreck-the-steading-barossa-valley-australia","1005080","20158125527"
"Torbreck","2018","Torbreck, The Steading, Barossa Valley, Australia","198","Case of 6 Bottles","https://www.bbr.com/products-20188125527-2018-torbreck-the-steading-barossa-valley-australia","1005080","20188125527"
"Torbreck","2010","Torbreck, The Struie, Barossa Valley, Australia","260","Case of 1 Double Magnums","https://www.bbr.com/products-20108125514-2010-torbreck-the-struie-barossa-valley-australia","1005093","20108125514"
"Torbreck","2011","Torbreck, The Struie, Barossa Valley, Australia","378","Case of 6 Bottles","https://www.bbr.com/products-20118125514-2011-torbreck-the-struie-barossa-valley-australia","1005093","20118125514"
"Torbreck","2020","Torbreck, The Struie, Barossa Valley, Australia","270","Case of 6 Bottles","https://www.bbr.com/products-20208125514-2020-torbreck-the-struie-barossa-valley-australia","1005093","20208125514"
"Bodegas Toro Albala","1993","Toro Albala, Don PX, Montilla-Moriles, Spain","216","Case of 6 Half Bottles","https://www.bbr.com/products-19938070120-1993-toro-albala-don-px-montilla-moriles-spain","1273784","19938070120"
"Bodegas Muga","2001","Torre Muga, Bodegas Muga, Rioja, Spain","150","Case of 1 Magnums","https://www.bbr.com/products-20018032515-2001-torre-muga-bodegas-muga-rioja-spain","1120701","20018032515"
"Bodegas Muga","2010","Torre Muga, Bodegas Muga, Rioja, Spain","660","Case of 6 Bottles","https://www.bbr.com/products-20108032515-2010-torre-muga-bodegas-muga-rioja-spain","1120701","20108032515"
"Bodegas Muga","2014","Torre Muga, Bodegas Muga, Rioja, Spain","185","Case of 3 Bottles","https://www.bbr.com/products-20148032515-2014-torre-muga-bodegas-muga-rioja-spain","1120701","20148032515"
"Bodegas Muga","2014","Torre Muga, Bodegas Muga, Rioja, Spain","370","Case of 6 Bottles","https://www.bbr.com/products-20148032515-2014-torre-muga-bodegas-muga-rioja-spain","1120701","20148032515"
"Bodegas Muga","2015","Torre Muga, Bodegas Muga, Rioja, Spain","195","Case of 3 Bottles","https://www.bbr.com/products-20158032515-2015-torre-muga-bodegas-muga-rioja-spain","1120701","20158032515"
"Bodegas Muga","2019","Torre Muga, Bodegas Muga, Rioja, Spain","595","Case of 6 Bottles","https://www.bbr.com/products-20198032515-2019-torre-muga-bodegas-muga-rioja-spain","1120701","20198032515"
"Bodegas Muga","2020","Torre Muga, Bodegas Muga, Rioja, Spain","370","Case of 6 Bottles","https://www.bbr.com/products-20208032515-2020-torre-muga-bodegas-muga-rioja-spain","1120701","20208032515"
"Bodegas Muga","2021","Torre Muga, Bodegas Muga, Rioja, Spain","357","Case of 6 Bottles","https://www.bbr.com/products-20218032515-2021-torre-muga-bodegas-muga-rioja-spain","1120701","20218032515"
"Cillar de Silos","2009","Torresilo, Cillar de Silos, Ribera del Duero, Spain","400","Case of 12 Bottles","https://www.bbr.com/products-20091365353-2009-torresilo-cillar-de-silos-ribera-del-duero-spain","1365353","20091365353"
"Cillar de Silos","2019","Torresilo, Cillar de Silos, Ribera del Duero, Spain","185","Case of 6 Bottles","https://www.bbr.com/products-20191365353-2019-torresilo-cillar-de-silos-ribera-del-duero-spain","1365353","20191365353"
"Cillar de Silos","2020","Torresilo, Cillar de Silos, Ribera del Duero, Spain","190","Case of 6 Bottles","https://www.bbr.com/products-20201365353-2020-torresilo-cillar-de-silos-ribera-del-duero-spain","1365353","20201365353"
"Petrolo","2010","Torrione, Val d?Arno di Sopra, Petrolo, Tuscany, Italy","220","Case of 12 Bottles","https://www.bbr.com/products-20108117539-2010-torrione-val-d-arno-di-sopra-petrolo-tuscany-italy","1102587","20108117539"
"Casse Basse di Gianfranco Soldera","2006","Toscana Sangiovese, Soldera Case Basse, Italy","5100","Case of 6 Bottles","https://www.bbr.com/products-20068208433-2006-toscana-sangiovese-soldera-case-basse-italy","1226504","20068208433"
"Casse Basse di Gianfranco Soldera","2009","Toscana Sangiovese, Soldera Case Basse, Italy","5500","Case of 6 Bottles","https://www.bbr.com/products-20098208433-2009-toscana-sangiovese-soldera-case-basse-italy","1226504","20098208433"
"Casse Basse di Gianfranco Soldera","2011","Toscana Sangiovese, Soldera Case Basse, Italy","4750","Case of 6 Bottles","https://www.bbr.com/products-20118208433-2011-toscana-sangiovese-soldera-case-basse-italy","1226504","20118208433"
"Casse Basse di Gianfranco Soldera","2014","Toscana Sangiovese, Soldera Case Basse, Italy","3500","Case of 6 Bottles","https://www.bbr.com/products-20148208433-2014-toscana-sangiovese-soldera-case-basse-italy","1226504","20148208433"
"Casse Basse di Gianfranco Soldera","2015","Toscana Sangiovese, Soldera Case Basse, Italy","3800","Case of 6 Bottles","https://www.bbr.com/products-20158208433-2015-toscana-sangiovese-soldera-case-basse-italy","1226504","20158208433"
"Casse Basse di Gianfranco Soldera","2019","Toscana Sangiovese, Soldera Case Basse, Italy","2350","Case of 3 Bottles","https://www.bbr.com/products-20198208433-2019-toscana-sangiovese-soldera-case-basse-italy","1226504","20198208433"
"Casse Basse di Gianfranco Soldera","2019","Toscana Sangiovese, Soldera Case Basse, Italy","2390","Case of 3 Bottles","https://www.bbr.com/products-20198208433-2019-toscana-sangiovese-soldera-case-basse-italy","1226504","20198208433"
"Casse Basse di Gianfranco Soldera","2019","Toscana Sangiovese, Soldera Case Basse, Italy","1800","Case of 1 Magnums","https://www.bbr.com/products-20198208433-2019-toscana-sangiovese-soldera-case-basse-italy","1226504","20198208433"
"Casse Basse di Gianfranco Soldera","2020","Toscana Sangiovese, Soldera Case Basse, Italy","1090","Case of 1 Magnums","https://www.bbr.com/products-20208208433-2020-toscana-sangiovese-soldera-case-basse-italy","1226504","20208208433"
"Nicolas Barbou","2022","Touraine-Oisly, Folie Insolente, Nicolas Barbou, Loire","750","Case of 6 Bottles","https://www.bbr.com/products-20228308582-2022-touraine-oisly-folie-insolente-nicolas-barbou-loire","2445517","20228308582"
"Nicolas Barbou","2022","Touraine-Oisly, Utopie Creative, Nicolas Barbou, Loire","850","Case of 6 Bottles","https://www.bbr.com/products-20228308595-2022-touraine-oisly-utopie-creative-nicolas-barbou-loire","2445533","20228308595"
"Trailside Vineyard","2022","Trailside Vineyard, Cabernet Sauvignon, Napa Valley, California, USA","472","Case of 3 Bottles","https://www.bbr.com/products-20228254951-2022-trailside-vineyard-cabernet-sauvignon-napa-valley-california-usa","","20228254951"
"Bodegas Remirez de Ganuza","2013","Trasnocho, Bodegas F. Remirez de Ganuza, Rioja, Spain","240","Case of 6 Bottles","https://www.bbr.com/products-20138032892-2013-trasnocho-bodegas-f-remirez-de-ganuza-rioja-spain","1120974","20138032892"
"Bodegas Remirez de Ganuza","2014","Trasnocho, Bodegas F. Remirez de Ganuza, Rioja, Spain","255","Case of 6 Bottles","https://www.bbr.com/products-20148032892-2014-trasnocho-bodegas-f-remirez-de-ganuza-rioja-spain","1120974","20148032892"
"Valentini, Abruzzo","2015","Trebbiano d'Abruzzo, Valentini, Abruzzo, Italy","1320","Case of 12 Bottles","https://www.bbr.com/products-20158027515-2015-trebbiano-d-abruzzo-valentini-abruzzo-italy","1106006","20158027515"
"Valentini, Abruzzo","2016","Trebbiano d'Abruzzo, Valentini, Abruzzo, Italy","1385","Case of 12 Bottles","https://www.bbr.com/products-20168027515-2016-trebbiano-d-abruzzo-valentini-abruzzo-italy","1106006","20168027515"
"Valentini, Abruzzo","2017","Trebbiano d'Abruzzo, Valentini, Abruzzo, Italy","1450","Case of 12 Bottles","https://www.bbr.com/products-20178027515-2017-trebbiano-d-abruzzo-valentini-abruzzo-italy","1106006","20178027515"
"Valentini, Abruzzo","2020","Trebbiano d'Abruzzo, Valentini, Abruzzo, Italy","2400","Case of 12 Bottles","https://www.bbr.com/products-20208027515-2020-trebbiano-d-abruzzo-valentini-abruzzo-italy","1106006","20208027515"
"Domaine de Triennes","2024","Triennes, Rose, Mediterranee","55","Case of 1 Double Magnums","https://www.bbr.com/products-20241200212-2024-triennes-rose-mediterranee","1200212","20241200212"
"Le Pin","","Trilogie (2013 to 2015), Le Pin, Pomerol, Bordeaux","2560","Case of 6 Bottles","https://www.bbr.com/products-10008104605-trilogie-2013-to-2015-le-pin-pomerol-bordeaux","1591574","10008104605"
"Le Pin","","Trilogie (2013 to 2015), Le Pin, Pomerol, Bordeaux","2250","Case of 6 Bottles","https://www.bbr.com/products-10008104605-trilogie-2013-to-2015-le-pin-pomerol-bordeaux","1591574","10008104605"
"Trinity Hill","2018","Trinity Hill, Homage, Syrah, Hawkes Bay, New Zeland","774","Case of 6 Bottles","https://www.bbr.com/products-20188204334-2018-trinity-hill-homage-syrah-hawkes-bay-new-zeland","1400306","20188204334"
"Tua Rita","2016","Tua Rita, Keir","180","Case of 3 Bottles","https://www.bbr.com/products-20168222301-2016-tua-rita-keir","1732997","20168222301"
"Comando G","2012","Tumba del Rey Moro, Comando G, Sierra de Gredos, Spain","2800","Case of 6 Bottles","https://www.bbr.com/products-20128152329-2012-tumba-del-rey-moro-comando-g-sierra-de-gredos-spain","1322293","20128152329"
"Two Hands Wines","2012","Two Hands Secret Block Shiraz Barossa Valley","420","Case of 6 Bottles","https://www.bbr.com/products-20128110383-2012-two-hands-secret-block-shiraz-barossa-valley","1280759","20128110383"
"Two Hands Wines","2008","Two Hands, Ares Shiraz, Barossa Valley, Australia","238","Case of 1 Magnums","https://www.bbr.com/products-20088125484-2008-two-hands-ares-shiraz-barossa-valley-australia","1005165","20088125484"
"Two Hands Wines","2012","Two Hands, Ares Shiraz, Barossa Valley, Australia","675","Case of 6 Bottles","https://www.bbr.com/products-20128125484-2012-two-hands-ares-shiraz-barossa-valley-australia","1005165","20128125484"
"Two Hands Wines","2007","Two Hands, Barney's Block Shiraz, McLaren Vale, Australia","230","Case of 6 Bottles","https://www.bbr.com/products-20078112491-2007-two-hands-barney-s-block-shiraz-mclaren-vale-australia","1208029","20078112491"
"Two Hands Wines","2012","Two Hands, Bella's Garden Shiraz, Barossa Valley, Australia","200","Case of 6 Bottles","https://www.bbr.com/products-20128125471-2012-two-hands-bella-s-garden-shiraz-barossa-valley-australia","1005181","20128125471"
"Two Hands Wines","2006","Two Hands, Roennfeldt Road Zippy's Block Shiraz, Barossa Valley, Australia","325","Case of 6 Bottles","https://www.bbr.com/products-20068125455-2006-two-hands-roennfeldt-road-zippy-s-block-shiraz-barossa-valley-australia","1005309","20068125455"
"Two Hands Wines","2006","Two Hands, Roennfeldt Road Zippy's Block Shiraz, Barossa Valley, Australia","280","Case of 6 Bottles","https://www.bbr.com/products-20068125455-2006-two-hands-roennfeldt-road-zippy-s-block-shiraz-barossa-valley-australia","1005309","20068125455"
"Two Hands Wines","2007","Two Hands, Roennfeldt Road Zippy's Block Shiraz, Barossa Valley, Australia","405","Case of 6 Bottles","https://www.bbr.com/products-20078125455-2007-two-hands-roennfeldt-road-zippy-s-block-shiraz-barossa-valley-australia","1005309","20078125455"
"Two Hands Wines","2008","Two Hands, Roennfeldt Road Zippy's Block Shiraz, Barossa Valley, Australia","295","Case of 6 Bottles","https://www.bbr.com/products-20088125455-2008-two-hands-roennfeldt-road-zippy-s-block-shiraz-barossa-valley-australia","1005309","20088125455"
"Tyler Winery","2020","Tyler, La Rinconada Vineyard Pinot Noir, Sta. Rita Hills, California, US","250","Case of 6 Bottles","https://www.bbr.com/products-20208241043-2020-tyler-la-rinconada-vineyard-pinot-noir-sta-rita-hills-california-us","1532337","20208241043"
"Tyler Winery","2019","Tyler, Mae Estate Vineyard Chardonnay, Sta. Rita Hills, California, USA","750","Case of 12 Bottles","https://www.bbr.com/products-20198154323-2019-tyler-mae-estate-vineyard-chardonnay-sta-rita-hills-california-usa","2301125","20198154323"
"Tyrrell's Wines","2015","Tyrrell's HVD Single Vineyard Semillon, Hunter Valley","130","Case of 6 Bottles","https://www.bbr.com/products-20158012599-2015-tyrrell-s-hvd-single-vineyard-semillon-hunter-valley","1363085","20158012599"
"Monte Bernardi","2019","Tzingana, Monte Bernardi, Tuscany, Italy","235","Case of 6 Bottles","https://www.bbr.com/products-20191101841-2019-tzingana-monte-bernardi-tuscany-italy","1101841","20191101841"
"Raul Perez","2019","Ultreia Saint Jacques, Mencia, Raul Perez, Bierzo, Spain","200","Case of 12 Bottles","https://www.bbr.com/products-20198212090-2019-ultreia-saint-jacques-mencia-raul-perez-bierzo-spain","1130937","20198212090"
"Ulysses Vineyard","2016","Ulysses, Cabernet Sauvignon, Napa Valley, California, USA","530","Case of 6 Bottles","https://www.bbr.com/products-20168204233-2016-ulysses-cabernet-sauvignon-napa-valley-california-usa","1660865","20168204233"
"Ulysses Vineyard","2017","Ulysses, Cabernet Sauvignon, Napa Valley, California, USA","600","Case of 6 Bottles","https://www.bbr.com/products-20178204233-2017-ulysses-cabernet-sauvignon-napa-valley-california-usa","1660865","20178204233"
"Ulysses Vineyard","2018","Ulysses, Cabernet Sauvignon, Napa Valley, California, USA","630","Case of 6 Bottles","https://www.bbr.com/products-20188204233-2018-ulysses-cabernet-sauvignon-napa-valley-california-usa","1660865","20188204233"
"Circe Wines","2015","Utopies, Grampians Shiraz, Victoria, Australia","135","Case of 6 Bottles","https://www.bbr.com/products-20158132664-2015-utopies-grampians-shiraz-victoria-australia","1494136","20158132664"
"Domaine le Sang des Cailloux","2016","Vacqueyras, Cuvee Lopy, Vieilles Vignes, Domaine le Sang des Cailloux, Rhone","220","Case of 12 Bottles","https://www.bbr.com/products-20161145575-2016-vacqueyras-cuvee-lopy-vieilles-vignes-domaine-le-sang-des-cailloux-rhone","1145575","20161145575"
"Domaine le Clos des Cazaux","2016","Vacqueyras, Cuvee Saint Roch, Domaine Le Clos des Cazaux, Rhone","250","Case of 12 Bottles","https://www.bbr.com/products-20168213127-2016-vacqueyras-cuvee-saint-roch-domaine-le-clos-des-cazaux-rhone","1110360","20168213127"
"Domaine Montirius","2014","Vacqueyras, Les Clos, Domaine Montirius, Rhone","150","Case of 6 Bottles","https://www.bbr.com/products-20148024484-2014-vacqueyras-les-clos-domaine-montirius-rhone","1176867","20148024484"
"Domaine Montirius","2015","Vacqueyras, Les Clos, Domaine Montirius, Rhone","150","Case of 6 Bottles","https://www.bbr.com/products-20158024484-2015-vacqueyras-les-clos-domaine-montirius-rhone","1176867","20158024484"
"Domaine le Clos des Cazaux","2016","Vacqueyras, Les Templiers, Domaine Le Clos des Cazaux, Rhone","175","Case of 12 Bottles","https://www.bbr.com/products-20168107967-2016-vacqueyras-les-templiers-domaine-le-clos-des-cazaux-rhone","1110373","20168107967"
"Domaine le Clos des Cazaux","2017","Vacqueyras, Les Templiers, Domaine Le Clos des Cazaux, Rhone","155","Case of 12 Bottles","https://www.bbr.com/products-20178107967-2017-vacqueyras-les-templiers-domaine-le-clos-des-cazaux-rhone","1110373","20178107967"
"Vega Sicilia","2004","Valbuena 5?, Vega Sicilia, Ribera del Duero, Spain","4490","Case of 12 Bottles","https://www.bbr.com/products-20041240599-2004-valbuena-5-vega-sicilia-ribera-del-duero-spain","1240599","20041240599"
"Vega Sicilia","2005","Valbuena 5?, Vega Sicilia, Ribera del Duero, Spain","400","Case of 3 Bottles","https://www.bbr.com/products-20051240599-2005-valbuena-5-vega-sicilia-ribera-del-duero-spain","1240599","20051240599"
"Vega Sicilia","2007","Valbuena 5?, Vega Sicilia, Ribera del Duero, Spain","450","Case of 3 Bottles","https://www.bbr.com/products-20071240599-2007-valbuena-5-vega-sicilia-ribera-del-duero-spain","1240599","20071240599"
"Vega Sicilia","2010","Valbuena 5?, Vega Sicilia, Ribera del Duero, Spain","570","Case of 3 Bottles","https://www.bbr.com/products-20101240599-2010-valbuena-5-vega-sicilia-ribera-del-duero-spain","1240599","20101240599"
"Vega Sicilia","2010","Valbuena 5?, Vega Sicilia, Ribera del Duero, Spain","500","Case of 1 Magnums","https://www.bbr.com/products-20101240599-2010-valbuena-5-vega-sicilia-ribera-del-duero-spain","1240599","20101240599"
"Vega Sicilia","2011","Valbuena 5?, Vega Sicilia, Ribera del Duero, Spain","390","Case of 3 Bottles","https://www.bbr.com/products-20111240599-2011-valbuena-5-vega-sicilia-ribera-del-duero-spain","1240599","20111240599"
"Vega Sicilia","2012","Valbuena 5?, Vega Sicilia, Ribera del Duero, Spain","320","Case of 3 Bottles","https://www.bbr.com/products-20121240599-2012-valbuena-5-vega-sicilia-ribera-del-duero-spain","1240599","20121240599"
"Vega Sicilia","2012","Valbuena 5?, Vega Sicilia, Ribera del Duero, Spain","350","Case of 3 Bottles","https://www.bbr.com/products-20121240599-2012-valbuena-5-vega-sicilia-ribera-del-duero-spain","1240599","20121240599"
"Vega Sicilia","2013","Valbuena 5?, Vega Sicilia, Ribera del Duero, Spain","300","Case of 3 Bottles","https://www.bbr.com/products-20131240599-2013-valbuena-5-vega-sicilia-ribera-del-duero-spain","1240599","20131240599"
"Vega Sicilia","2015","Valbuena 5?, Vega Sicilia, Ribera del Duero, Spain","280","Case of 1 Magnums","https://www.bbr.com/products-20151240599-2015-valbuena-5-vega-sicilia-ribera-del-duero-spain","1240599","20151240599"
"Vega Sicilia","2016","Valbuena 5?, Vega Sicilia, Ribera del Duero, Spain","330","Case of 3 Bottles","https://www.bbr.com/products-20161240599-2016-valbuena-5-vega-sicilia-ribera-del-duero-spain","1240599","20161240599"
"Vega Sicilia","2016","Valbuena 5?, Vega Sicilia, Ribera del Duero, Spain","250","Case of 1 Magnums","https://www.bbr.com/products-20161240599-2016-valbuena-5-vega-sicilia-ribera-del-duero-spain","1240599","20161240599"
"Vega Sicilia","2017","Valbuena 5?, Vega Sicilia, Ribera del Duero, Spain","310","Case of 3 Bottles","https://www.bbr.com/products-20171240599-2017-valbuena-5-vega-sicilia-ribera-del-duero-spain","1240599","20171240599"
"Vega Sicilia","2017","Valbuena 5?, Vega Sicilia, Ribera del Duero, Spain","330","Case of 1 Magnums","https://www.bbr.com/products-20171240599-2017-valbuena-5-vega-sicilia-ribera-del-duero-spain","1240599","20171240599"
"Vega Sicilia","2018","Valbuena 5?, Vega Sicilia, Ribera del Duero, Spain","368","Case of 3 Bottles","https://www.bbr.com/products-20181240599-2018-valbuena-5-vega-sicilia-ribera-del-duero-spain","1240599","20181240599"
"Vega Sicilia","2019","Valbuena 5?, Vega Sicilia, Ribera del Duero, Spain","320","Case of 3 Bottles","https://www.bbr.com/products-20191240599-2019-valbuena-5-vega-sicilia-ribera-del-duero-spain","1240599","20191240599"
"Vega Sicilia","2020","Valbuena 5?, Vega Sicilia, Ribera del Duero, Spain","280","Case of 3 Bottles","https://www.bbr.com/products-20201240599-2020-valbuena-5-vega-sicilia-ribera-del-duero-spain","1240599","20201240599"
"Vega Sicilia","2014","Valbuena 5?, Vega Sicilia, Ribera del Duero, Spain (Limited Edition Signed Case)","349","Case of 3 Bottles","https://www.bbr.com/products-20148053671-2014-valbuena-5-vega-sicilia-ribera-del-duero-spain-limited-edition-signed-case","1240599","20148053671"
"Vega Sicilia","2015","Valbuena 5?, Vega Sicilia, Ribera del Duero, Spain (Limited Edition Signed Case)","330","Case of 3 Bottles","https://www.bbr.com/products-20158053671-2015-valbuena-5-vega-sicilia-ribera-del-duero-spain-limited-edition-signed-case","1240599","20158053671"
"Artadi","2009","Valdegines, Artadi, Rioja, Spain","250","Case of 6 Bottles","https://www.bbr.com/products-20098013828-2009-valdegines-artadi-rioja-spain","1262740","20098013828"
"Artadi","2012","Valdegines, Artadi, Rioja, Spain","165","Case of 6 Bottles","https://www.bbr.com/products-20128013828-2012-valdegines-artadi-rioja-spain","1262740","20128013828"
"Artadi","2014","Valdegines, Artadi, Rioja, Spain","190","Case of 6 Bottles","https://www.bbr.com/products-20148013828-2014-valdegines-artadi-rioja-spain","1262740","20148013828"
"Artadi","2015","Valdegines, Artadi, Rioja, Spain","190","Case of 6 Bottles","https://www.bbr.com/products-20158013828-2015-valdegines-artadi-rioja-spain","1262740","20158013828"
"Artadi","2016","Valdegines, Artadi, Rioja, Spain","153","Case of 6 Bottles","https://www.bbr.com/products-20168013828-2016-valdegines-artadi-rioja-spain","1262740","20168013828"
"Artadi","2019","Valdegines, Artadi, Rioja, Spain","200","Case of 6 Bottles","https://www.bbr.com/products-20198013828-2019-valdegines-artadi-rioja-spain","1262740","20198013828"
"Romano Dal Forno","2004","Valpolicella Superiore, Romano dal Forno, Veneto, Italy","540","Case of 6 Bottles","https://www.bbr.com/products-20048214658-2004-valpolicella-superiore-romano-dal-forno-veneto-italy","1098796","20048214658"
"Marion","2019","Valpolicella, Borgomarcellise, Marion, Veneto, Italy","625","Case of 12 Bottles","https://www.bbr.com/products-20191533464-2019-valpolicella-borgomarcellise-marion-veneto-italy","1533464","20191533464"
"Bodegas Castro Ventosa","2019","Valtuille Cepas Centenarias, Castro Ventosa, Bierzo, Spain","238","Case of 6 Bottles","https://www.bbr.com/products-20198154352-2019-valtuille-cepas-centenarias-castro-ventosa-bierzo-spain","1313530","20198154352"
"Van Loggerenberg Wines","2024","Van Loggerenberg, Graft, Syrah, Polkadraai Hills, South Africa","300","Case of 6 Bottles","https://www.bbr.com/products-20248075170-2024-van-loggerenberg-graft-syrah-polkadraai-hills-south-africa","1722439","20248075170"
"Vega Sicilia","","Vega Sicilia, Valbuena Collectors Case, Vertical (2006 to 2011), Six-Bottle Assortment Case","899","Case of 1 6 Bottle Assortments","https://www.bbr.com/products-10008001571-vega-sicilia-valbuena-collectors-case-vertical-2006-to-2011-six-bottle-assortment-case","1458121","10008001571"
"Venissa","","Venissa, Bianco Collection (2 x 50cl bottles each of 2011, 2012 & 2013), Six-Bottle Assortment Case","1388","Case of 1 Mixed Cases","https://www.bbr.com/products-10008202213-venissa-bianco-collection-2-x-50cl-bottles-each-of-2011-2012-2013-six-bottle-assortment-case","1534269","10008202213"
"Pereira D'Oliveira","1973","Verdelho, Pereira d'Oliveira, Madeira, Portugal","140","Case of 1 Bottles","https://www.bbr.com/products-19738113270-1973-verdelho-pereira-d-oliveira-madeira-portugal","1177529","19738113270"
"Pereira D'Oliveira","1973","Verdelho, Pereira d'Oliveira, Madeira, Portugal","295","Case of 1 Bottles","https://www.bbr.com/products-19738113270-1973-verdelho-pereira-d-oliveira-madeira-portugal","1177529","19738113270"
"Pereira D'Oliveira","1994","Verdelho, Pereira d'Oliveira, Madeira, Portugal","125","Case of 1 Bottles","https://www.bbr.com/products-19948113270-1994-verdelho-pereira-d-oliveira-madeira-portugal","1177529","19948113270"
"Vieux Chateau Certan","2000","Vieux Chateau Certan, Pomerol, Bordeaux","1700","Case of 6 Bottles","https://www.bbr.com/products-20001016082-2000-vieux-chateau-certan-pomerol-bordeaux","1016082","20001016082"
"Vieux Chateau Certan","2001","Vieux Chateau Certan, Pomerol, Bordeaux","2100","Case of 12 Bottles","https://www.bbr.com/products-20011016082-2001-vieux-chateau-certan-pomerol-bordeaux","1016082","20011016082"
"Vieux Chateau Certan","2004","Vieux Chateau Certan, Pomerol, Bordeaux","1545","Case of 12 Bottles","https://www.bbr.com/products-20041016082-2004-vieux-chateau-certan-pomerol-bordeaux","1016082","20041016082"
"Vieux Chateau Certan","2005","Vieux Chateau Certan, Pomerol, Bordeaux","2100","Case of 12 Bottles","https://www.bbr.com/products-20051016082-2005-vieux-chateau-certan-pomerol-bordeaux","1016082","20051016082"
"Vieux Chateau Certan","2005","Vieux Chateau Certan, Pomerol, Bordeaux","1500","Case of 6 Bottles","https://www.bbr.com/products-20051016082-2005-vieux-chateau-certan-pomerol-bordeaux","1016082","20051016082"
"Vieux Chateau Certan","2006","Vieux Chateau Certan, Pomerol, Bordeaux","1500","Case of 12 Bottles","https://www.bbr.com/products-20061016082-2006-vieux-chateau-certan-pomerol-bordeaux","1016082","20061016082"
"Vieux Chateau Certan","2008","Vieux Chateau Certan, Pomerol, Bordeaux","825","Case of 6 Bottles","https://www.bbr.com/products-20081016082-2008-vieux-chateau-certan-pomerol-bordeaux","1016082","20081016082"
"Vieux Chateau Certan","2008","Vieux Chateau Certan, Pomerol, Bordeaux","1500","Case of 12 Bottles","https://www.bbr.com/products-20081016082-2008-vieux-chateau-certan-pomerol-bordeaux","1016082","20081016082"
"Vieux Chateau Certan","2008","Vieux Chateau Certan, Pomerol, Bordeaux","1475","Case of 12 Bottles","https://www.bbr.com/products-20081016082-2008-vieux-chateau-certan-pomerol-bordeaux","1016082","20081016082"
"Vieux Chateau Certan","2009","Vieux Chateau Certan, Pomerol, Bordeaux","3358","Case of 12 Bottles","https://www.bbr.com/products-20091016082-2009-vieux-chateau-certan-pomerol-bordeaux","1016082","20091016082"
"Vieux Chateau Certan","2010","Vieux Chateau Certan, Pomerol, Bordeaux","1398","Case of 6 Bottles","https://www.bbr.com/products-20101016082-2010-vieux-chateau-certan-pomerol-bordeaux","1016082","20101016082"
"Vieux Chateau Certan","2011","Vieux Chateau Certan, Pomerol, Bordeaux","730","Case of 6 Bottles","https://www.bbr.com/products-20111016082-2011-vieux-chateau-certan-pomerol-bordeaux","1016082","20111016082"
"Vieux Chateau Certan","2011","Vieux Chateau Certan, Pomerol, Bordeaux","724","Case of 6 Bottles","https://www.bbr.com/products-20111016082-2011-vieux-chateau-certan-pomerol-bordeaux","1016082","20111016082"
"Vieux Chateau Certan","2012","Vieux Chateau Certan, Pomerol, Bordeaux","720","Case of 6 Bottles","https://www.bbr.com/products-20121016082-2012-vieux-chateau-certan-pomerol-bordeaux","1016082","20121016082"
"Vieux Chateau Certan","2012","Vieux Chateau Certan, Pomerol, Bordeaux","724","Case of 6 Bottles","https://www.bbr.com/products-20121016082-2012-vieux-chateau-certan-pomerol-bordeaux","1016082","20121016082"
"Vieux Chateau Certan","2012","Vieux Chateau Certan, Pomerol, Bordeaux","640","Case of 3 Magnums","https://www.bbr.com/products-20121016082-2012-vieux-chateau-certan-pomerol-bordeaux","1016082","20121016082"
"Vieux Chateau Certan","2012","Vieux Chateau Certan, Pomerol, Bordeaux","1650","Case of 6 Magnums","https://www.bbr.com/products-20121016082-2012-vieux-chateau-certan-pomerol-bordeaux","1016082","20121016082"
"Vieux Chateau Certan","2013","Vieux Chateau Certan, Pomerol, Bordeaux","695","Case of 3 Magnums","https://www.bbr.com/products-20131016082-2013-vieux-chateau-certan-pomerol-bordeaux","1016082","20131016082"
"Vieux Chateau Certan","2014","Vieux Chateau Certan, Pomerol, Bordeaux","690","Case of 6 Bottles","https://www.bbr.com/products-20141016082-2014-vieux-chateau-certan-pomerol-bordeaux","1016082","20141016082"
"Vieux Chateau Certan","2014","Vieux Chateau Certan, Pomerol, Bordeaux","1000","Case of 6 Bottles","https://www.bbr.com/products-20141016082-2014-vieux-chateau-certan-pomerol-bordeaux","1016082","20141016082"
"Vieux Chateau Certan","2015","Vieux Chateau Certan, Pomerol, Bordeaux","1500","Case of 6 Bottles","https://www.bbr.com/products-20151016082-2015-vieux-chateau-certan-pomerol-bordeaux","1016082","20151016082"
"Vieux Chateau Certan","2015","Vieux Chateau Certan, Pomerol, Bordeaux","1150","Case of 3 Magnums","https://www.bbr.com/products-20151016082-2015-vieux-chateau-certan-pomerol-bordeaux","1016082","20151016082"
"Vieux Chateau Certan","2016","Vieux Chateau Certan, Pomerol, Bordeaux","1798","Case of 6 Bottles","https://www.bbr.com/products-20161016082-2016-vieux-chateau-certan-pomerol-bordeaux","1016082","20161016082"
"Vieux Chateau Certan","2017","Vieux Chateau Certan, Pomerol, Bordeaux","875","Case of 6 Bottles","https://www.bbr.com/products-20171016082-2017-vieux-chateau-certan-pomerol-bordeaux","1016082","20171016082"
"Vieux Chateau Certan","2018","Vieux Chateau Certan, Pomerol, Bordeaux","1190","Case of 6 Bottles","https://www.bbr.com/products-20181016082-2018-vieux-chateau-certan-pomerol-bordeaux","1016082","20181016082"
"Vieux Chateau Certan","2018","Vieux Chateau Certan, Pomerol, Bordeaux","1288","Case of 6 Bottles","https://www.bbr.com/products-20181016082-2018-vieux-chateau-certan-pomerol-bordeaux","1016082","20181016082"
"Vieux Chateau Certan","2019","Vieux Chateau Certan, Pomerol, Bordeaux","1080","Case of 6 Bottles","https://www.bbr.com/products-20191016082-2019-vieux-chateau-certan-pomerol-bordeaux","1016082","20191016082"
"Vieux Chateau Certan","2019","Vieux Chateau Certan, Pomerol, Bordeaux","1120","Case of 6 Bottles","https://www.bbr.com/products-20191016082-2019-vieux-chateau-certan-pomerol-bordeaux","1016082","20191016082"
"Vieux Chateau Certan","2020","Vieux Chateau Certan, Pomerol, Bordeaux","1350","Case of 6 Bottles","https://www.bbr.com/products-20201016082-2020-vieux-chateau-certan-pomerol-bordeaux","1016082","20201016082"
"Vieux Chateau Certan","2020","Vieux Chateau Certan, Pomerol, Bordeaux","600","Case of 3 Bottles","https://www.bbr.com/products-20201016082-2020-vieux-chateau-certan-pomerol-bordeaux","1016082","20201016082"
"Vieux Chateau Certan","2020","Vieux Chateau Certan, Pomerol, Bordeaux","1360","Case of 6 Bottles","https://www.bbr.com/products-20201016082-2020-vieux-chateau-certan-pomerol-bordeaux","1016082","20201016082"
"Vieux Chateau Certan","2020","Vieux Chateau Certan, Pomerol, Bordeaux","2400","Case of 12 Half Bottles","https://www.bbr.com/products-20201016082-2020-vieux-chateau-certan-pomerol-bordeaux","1016082","20201016082"
"Vieux Chateau Certan","2021","Vieux Chateau Certan, Pomerol, Bordeaux","320","Case of 3 Bottles","https://www.bbr.com/products-20211016082-2021-vieux-chateau-certan-pomerol-bordeaux","1016082","20211016082"
"Vieux Chateau Certan","2022","Vieux Chateau Certan, Pomerol, Bordeaux","1250","Case of 3 Bottles","https://www.bbr.com/products-20221016082-2022-vieux-chateau-certan-pomerol-bordeaux","1016082","20221016082"
"Vieux Chateau Certan","2022","Vieux Chateau Certan, Pomerol, Bordeaux","1950","Case of 3 Magnums","https://www.bbr.com/products-20221016082-2022-vieux-chateau-certan-pomerol-bordeaux","1016082","20221016082"
"Vieux Chateau Certan","2023","Vieux Chateau Certan, Pomerol, Bordeaux","638","Case of 3 Bottles","https://www.bbr.com/products-20231016082-2023-vieux-chateau-certan-pomerol-bordeaux","1016082","20231016082"
"Vieux Chateau Saint Andre","2019","Vieux Chateau Saint Andre, Montagne-St Emilion, Bordeaux","120","Case of 6 Bottles","https://www.bbr.com/products-20198228329-2019-vieux-chateau-saint-andre-montagne-st-emilion-bordeaux","1016138","20198228329"
"Vieux Chateau Saint Andre","2020","Vieux Chateau Saint Andre, Montagne-St Emilion, Bordeaux","98","Case of 6 Bottles","https://www.bbr.com/products-20208228329-2020-vieux-chateau-saint-andre-montagne-st-emilion-bordeaux","1016138","20208228329"
"Vilafonte","2019","Vilafonte, Series C, Paarl, South Africa","520","Case of 6 Bottles","https://www.bbr.com/products-20198138305-2019-vilafonte-series-c-paarl-south-africa","1196014","20198138305"
"Vilafonte","2021","Vilafonte, Series C, Paarl, South Africa","550","Case of 6 Bottles","https://www.bbr.com/products-20218138305-2021-vilafonte-series-c-paarl-south-africa","1196014","20218138305"
"Descendientes de Palacios","2015","Villa de Corullon, Descendientes de J. Palacios, Bierzo, Spain","140","Case of 6 Bottles","https://www.bbr.com/products-20158005579-2015-villa-de-corullon-descendientes-de-j-palacios-bierzo-spain","1120886","20158005579"
"Descendientes de Palacios","2018","Villa de Corullon, Descendientes de J. Palacios, Bierzo, Spain","250","Case of 6 Bottles","https://www.bbr.com/products-20188005579-2018-villa-de-corullon-descendientes-de-j-palacios-bierzo-spain","1120886","20188005579"
"Descendientes de Palacios","2018","Villa de Corullon, Descendientes de J. Palacios, Bierzo, Spain","130","Case of 6 Bottles","https://www.bbr.com/products-20188005579-2018-villa-de-corullon-descendientes-de-j-palacios-bierzo-spain","1120886","20188005579"
"Descendientes de Palacios","2019","Villa de Corullon, Descendientes de J. Palacios, Bierzo, Spain","128","Case of 6 Bottles","https://www.bbr.com/products-20198005579-2019-villa-de-corullon-descendientes-de-j-palacios-bierzo-spain","1120886","20198005579"
"Descendientes de Palacios","2019","Villa de Corullon, Descendientes de J. Palacios, Bierzo, Spain","132","Case of 6 Bottles","https://www.bbr.com/products-20198005579-2019-villa-de-corullon-descendientes-de-j-palacios-bierzo-spain","1120886","20198005579"
"Descendientes de Palacios","2020","Villa de Corullon, Descendientes de J. Palacios, Bierzo, Spain","155","Case of 6 Bottles","https://www.bbr.com/products-20208005579-2020-villa-de-corullon-descendientes-de-j-palacios-bierzo-spain","1120886","20208005579"
"Descendientes de Palacios","2021","Villa de Corullon, Descendientes de J. Palacios, Bierzo, Spain","170","Case of 6 Bottles","https://www.bbr.com/products-20218005579-2021-villa-de-corullon-descendientes-de-j-palacios-bierzo-spain","1120886","20218005579"
"Descendientes de Palacios","2022","Villa de Corullon, Descendientes de J. Palacios, Bierzo, Spain","210","Case of 6 Bottles","https://www.bbr.com/products-20228005579-2022-villa-de-corullon-descendientes-de-j-palacios-bierzo-spain","1120886","20228005579"
"Domaine du Gringet","2023","Vin de Savoie, La Bergerie, Domaine du Gringet","155","Case of 6 Bottles","https://www.bbr.com/products-20238249951-2023-vin-de-savoie-la-bergerie-domaine-du-gringet","3044131","20238249951"
"Vine Hill Ranch","2018","Vine Hill Ranch, VHR, Cabernet Sauvignon, Oakville, Napa Valley, California, USA","500","Case of 3 Bottles","https://www.bbr.com/products-20188168124-2018-vine-hill-ranch-vhr-cabernet-sauvignon-oakville-napa-valley-california-usa","1658693","20188168124"
"Vine Hill Ranch","2019","Vine Hill Ranch, VHR, Cabernet Sauvignon, Oakville, Napa Valley, California, USA","520","Case of 3 Bottles","https://www.bbr.com/products-20198168124-2019-vine-hill-ranch-vhr-cabernet-sauvignon-oakville-napa-valley-california-usa","1658693","20198168124"
"Azienda Agricola Poliziano","2010","Vino Nobile di Montepulciano, Asinone, Poliziano, Tuscany, Italy","475","Case of 6 Bottles","https://www.bbr.com/products-20108117467-2010-vino-nobile-di-montepulciano-asinone-poliziano-tuscany-italy","1103278","20108117467"
"Azienda Agricola Poliziano","2010","Vino Nobile di Montepulciano, Asinone, Poliziano, Tuscany, Italy","170","Case of 1 Magnums","https://www.bbr.com/products-20108117467-2010-vino-nobile-di-montepulciano-asinone-poliziano-tuscany-italy","1103278","20108117467"
"Azienda Agricola Poliziano","2012","Vino Nobile di Montepulciano, Asinone, Poliziano, Tuscany, Italy","250","Case of 6 Bottles","https://www.bbr.com/products-20128117467-2012-vino-nobile-di-montepulciano-asinone-poliziano-tuscany-italy","1103278","20128117467"
"Azienda Agricola Poliziano","2014","Vino Nobile di Montepulciano, Asinone, Poliziano, Tuscany, Italy","225","Case of 6 Bottles","https://www.bbr.com/products-20148117467-2014-vino-nobile-di-montepulciano-asinone-poliziano-tuscany-italy","1103278","20148117467"
"Azienda Agricola Poliziano","2017","Vino Nobile di Montepulciano, Asinone, Poliziano, Tuscany, Italy","235","Case of 6 Bottles","https://www.bbr.com/products-20178117467-2017-vino-nobile-di-montepulciano-asinone-poliziano-tuscany-italy","1103278","20178117467"
"Azienda Agricola Poliziano","2018","Vino Nobile di Montepulciano, Asinone, Poliziano, Tuscany, Italy","250","Case of 6 Bottles","https://www.bbr.com/products-20188117467-2018-vino-nobile-di-montepulciano-asinone-poliziano-tuscany-italy","1103278","20188117467"
"Azienda Agricola Poliziano","2017","Vino Nobile di Montepulciano, Le Caggiole, Poliziano, Tuscany, Italy","700","Case of 6 Bottles","https://www.bbr.com/products-20178062783-2017-vino-nobile-di-montepulciano-le-caggiole-poliziano-tuscany-italy","2020523","20178062783"
"Azienda Agricola Poliziano","2018","Vino Nobile di Montepulciano, Le Caggiole, Poliziano, Tuscany, Italy","415","Case of 6 Bottles","https://www.bbr.com/products-20188062783-2018-vino-nobile-di-montepulciano-le-caggiole-poliziano-tuscany-italy","2020523","20188062783"
"La Famille Perrin","2007","Vinsobres, Les Hauts de Julien, Famille Perrin, Rhone","180","Case of 6 Bottles","https://www.bbr.com/products-20078003810-2007-vinsobres-les-hauts-de-julien-famille-perrin-rhone","1314869","20078003810"
"La Famille Perrin","2010","Vinsobres, Les Hauts de Julien, Famille Perrin, Rhone","225","Case of 6 Bottles","https://www.bbr.com/products-20108003810-2010-vinsobres-les-hauts-de-julien-famille-perrin-rhone","1314869","20108003810"
"La Famille Perrin","2016","Vinsobres, Les Hauts de Julien, Famille Perrin, Rhone","145","Case of 6 Bottles","https://www.bbr.com/products-20168003810-2016-vinsobres-les-hauts-de-julien-famille-perrin-rhone","1314869","20168003810"
"La Famille Perrin","2019","Vinsobres, Les Hauts de Julien, Famille Perrin, Rhone","138","Case of 6 Bottles","https://www.bbr.com/products-20198003810-2019-vinsobres-les-hauts-de-julien-famille-perrin-rhone","1314869","20198003810"
"Taylor Fladgate","2016","Vintage Collection Tri-Pack (Taylor, Croft, Fonseca)","150","Case of 1 s","https://www.bbr.com/products-20168142470-2016-vintage-collection-tri-pack-taylor-croft-fonseca","","20168142470"
"Croft","2017","Vintage Port Trio Pack, 1x Taylors, 1xFonseca, 1xCroft, Douro, Portugal","175","Case of 1 s","https://www.bbr.com/products-20178142454-2017-vintage-port-trio-pack-1x-taylors-1xfonseca-1xcroft-douro-portugal","","20178142454"
"Jermann di Silvio Jermann SRL","2015","Vintage Tunina, Jermann, Friuli-Venezia Giulia, Italy","250","Case of 6 Bottles","https://www.bbr.com/products-20158117597-2015-vintage-tunina-jermann-friuli-venezia-giulia-italy","1100538","20158117597"
"Domaine de Bongran, Jean Thevenet","2015","Vire-Clesse, Cuvee E.J. Thevenet, Domaine de la Bongran, Burgundy","200","Case of 12 Bottles","https://www.bbr.com/products-20158206181-2015-vire-clesse-cuvee-e-j-thevenet-domaine-de-la-bongran-burgundy","1317509","20158206181"
"Domaine de Bongran, Jean Thevenet","2015","Vire-Clesse, Cuvee E.J. Thevenet, Domaine de la Bongran, Burgundy","230","Case of 6 Magnums","https://www.bbr.com/products-20158206181-2015-vire-clesse-cuvee-e-j-thevenet-domaine-de-la-bongran-burgundy","1317509","20158206181"
"Domaine de Bongran, Jean Thevenet","2016","Vire-Clesse, Cuvee E.J. Thevenet, Domaine de la Bongran, Burgundy","170","Case of 12 Bottles","https://www.bbr.com/products-20168206181-2016-vire-clesse-cuvee-e-j-thevenet-domaine-de-la-bongran-burgundy","1317509","20168206181"
"Domaine de Bongran, Jean Thevenet","2017","Vire-Clesse, Cuvee E.J. Thevenet, Domaine de la Bongran, Burgundy","200","Case of 12 Bottles","https://www.bbr.com/products-20178206181-2017-vire-clesse-cuvee-e-j-thevenet-domaine-de-la-bongran-burgundy","1317509","20178206181"
"Heritiers du Comte Lafon","2019","Vire-Clesse, Les Heritiers du Comte Lafon, Burgundy","400","Case of 12 Bottles","https://www.bbr.com/products-20191170458-2019-vire-clesse-les-heritiers-du-comte-lafon-burgundy","1170458","20191170458"
"Heritiers du Comte Lafon","2020","Vire-Clesse, Les Heritiers du Comte Lafon, Burgundy","500","Case of 12 Bottles","https://www.bbr.com/products-20201170458-2020-vire-clesse-les-heritiers-du-comte-lafon-burgundy","1170458","20201170458"
"Bodega Vivaltus","2016","Vivaltus, La Fleur, Ribera del Duero, Spain","236","Case of 6 Bottles","https://www.bbr.com/products-20168238630-2016-vivaltus-la-fleur-ribera-del-duero-spain","2104872","20168238630"
"Bodega Vivaltus","2016","Vivaltus, Ribera del Duero, Spain","312","Case of 6 Bottles","https://www.bbr.com/products-20168147840-2016-vivaltus-ribera-del-duero-spain","2104494","20168147840"
"Bodega Vivaltus","2017","Vivaltus, Ribera del Duero, Spain","265","Case of 6 Bottles","https://www.bbr.com/products-20178147840-2017-vivaltus-ribera-del-duero-spain","2104494","20178147840"
"La Rioja Alta","2012","Vi?a Arana, Gran Reserva, La Rioja Alta, Rioja, Spain","180","Case of 6 Bottles","https://www.bbr.com/products-20128029678-2012-vi-a-arana-gran-reserva-la-rioja-alta-rioja-spain","1135570","20128029678"
"La Rioja Alta","2012","Vi?a Arana, Gran Reserva, La Rioja Alta, Rioja, Spain","350","Case of 6 Magnums","https://www.bbr.com/products-20128029678-2012-vi-a-arana-gran-reserva-la-rioja-alta-rioja-spain","1135570","20128029678"
"La Rioja Alta","2014","Vi?a Arana, Gran Reserva, La Rioja Alta, Rioja, Spain","162","Case of 6 Bottles","https://www.bbr.com/products-20148057796-2014-vi-a-arana-gran-reserva-la-rioja-alta-rioja-spain","1870358","20148057796"
"La Rioja Alta","2014","Vi?a Arana, Gran Reserva, La Rioja Alta, Rioja, Spain","340","Case of 6 Magnums","https://www.bbr.com/products-20148057796-2014-vi-a-arana-gran-reserva-la-rioja-alta-rioja-spain","1870358","20148057796"
"La Rioja Alta","2015","Vi?a Arana, Gran Reserva, La Rioja Alta, Rioja, Spain","199","Case of 6 Bottles","https://www.bbr.com/products-20158057796-2015-vi-a-arana-gran-reserva-la-rioja-alta-rioja-spain","1870358","20158057796"
"La Rioja Alta","2015","Vi?a Ardanza, Reserva, La Rioja Alta, Rioja, Spain","275","Case of 12 Bottles","https://www.bbr.com/products-20158029681-2015-vi-a-ardanza-reserva-la-rioja-alta-rioja-spain","1316078","20158029681"
"La Rioja Alta","2015","Vi?a Ardanza, Reserva, La Rioja Alta, Rioja, Spain","240","Case of 6 Magnums","https://www.bbr.com/products-20158029681-2015-vi-a-ardanza-reserva-la-rioja-alta-rioja-spain","1316078","20158029681"
"La Rioja Alta","2016","Vi?a Ardanza, Reserva, La Rioja Alta, Rioja, Spain","125","Case of 6 Bottles","https://www.bbr.com/products-20168029681-2016-vi-a-ardanza-reserva-la-rioja-alta-rioja-spain","1316078","20168029681"
"La Rioja Alta","2016","Vi?a Ardanza, Reserva, La Rioja Alta, Rioja, Spain","60","Case of 1 Magnums","https://www.bbr.com/products-20168029681-2016-vi-a-ardanza-reserva-la-rioja-alta-rioja-spain","1316078","20168029681"
"La Rioja Alta","2017","Vi?a Ardanza, Reserva, La Rioja Alta, Rioja, Spain","280","Case of 12 Bottles","https://www.bbr.com/products-20178029681-2017-vi-a-ardanza-reserva-la-rioja-alta-rioja-spain","1316078","20178029681"
"La Rioja Alta","2017","Vi?a Ardanza, Reserva, La Rioja Alta, Rioja, Spain","130","Case of 3 Magnums","https://www.bbr.com/products-20178029681-2017-vi-a-ardanza-reserva-la-rioja-alta-rioja-spain","1316078","20178029681"
"La Rioja Alta","2019","Vi?a Ardanza, Reserva, La Rioja Alta, Rioja, Spain","300","Case of 6 Bottles","https://www.bbr.com/products-20198029681-2019-vi-a-ardanza-reserva-la-rioja-alta-rioja-spain","1316078","20198029681"
"La Rioja Alta","2019","Vi?a Ardanza, Reserva, La Rioja Alta, Rioja, Spain","175","Case of 3 Magnums","https://www.bbr.com/products-20198029681-2019-vi-a-ardanza-reserva-la-rioja-alta-rioja-spain","1316078","20198029681"
"La Rioja Alta","2010","Vi?a Ardanza, Seleccion Especial, Reserva, La Rioja Alta, Rioja, Spain","450","Case of 12 Bottles","https://www.bbr.com/products-20108029694-2010-vi-a-ardanza-seleccion-especial-reserva-la-rioja-alta-rioja-spain","1121001","20108029694"
"La Rioja Alta","2010","Vi?a Ardanza, Seleccion Especial, Reserva, La Rioja Alta, Rioja, Spain","349","Case of 12 Bottles","https://www.bbr.com/products-20108029694-2010-vi-a-ardanza-seleccion-especial-reserva-la-rioja-alta-rioja-spain","1121001","20108029694"
"La Rioja Alta","2010","Vi?a Ardanza, Seleccion Especial, Reserva, La Rioja Alta, Rioja, Spain","190","Case of 6 Bottles","https://www.bbr.com/products-20108029694-2010-vi-a-ardanza-seleccion-especial-reserva-la-rioja-alta-rioja-spain","1121001","20108029694"
"La Rioja Alta","2010","Vi?a Ardanza, Seleccion Especial, Reserva, La Rioja Alta, Rioja, Spain","194","Case of 12 Half Bottles","https://www.bbr.com/products-20108029694-2010-vi-a-ardanza-seleccion-especial-reserva-la-rioja-alta-rioja-spain","1121001","20108029694"
"La Rioja Alta","2010","Vi?a Ardanza, Seleccion Especial, Reserva, La Rioja Alta, Rioja, Spain","360","Case of 6 Magnums","https://www.bbr.com/products-20108029694-2010-vi-a-ardanza-seleccion-especial-reserva-la-rioja-alta-rioja-spain","1121001","20108029694"
"La Rioja Alta","2010","Vi?a Ardanza, Seleccion Especial, Reserva, La Rioja Alta, Rioja, Spain","320","Case of 6 Magnums","https://www.bbr.com/products-20108029694-2010-vi-a-ardanza-seleccion-especial-reserva-la-rioja-alta-rioja-spain","1121001","20108029694"
"Vi?a Cobos","2020","Vi?a Cobos, Zingaretti Estate, Chardonnay, Mendoza, Argentina","210","Case of 6 Bottles","https://www.bbr.com/products-20208181330-2020-vi-a-cobos-zingaretti-estate-chardonnay-mendoza-argentina","2523125","20208181330"
"Artadi","2005","Vi?a El Pison, Artadi, Rioja, Spain","1540","Case of 6 Bottles","https://www.bbr.com/products-20058019846-2005-vi-a-el-pison-artadi-rioja-spain","1119770","20058019846"
"Artadi","2008","Vi?a El Pison, Artadi, Rioja, Spain","1250","Case of 6 Bottles","https://www.bbr.com/products-20088019846-2008-vi-a-el-pison-artadi-rioja-spain","1119770","20088019846"
"Artadi","2009","Vi?a El Pison, Artadi, Rioja, Spain","1025","Case of 6 Bottles","https://www.bbr.com/products-20098019846-2009-vi-a-el-pison-artadi-rioja-spain","1119770","20098019846"
"Artadi","2009","Vi?a El Pison, Artadi, Rioja, Spain","1080","Case of 6 Bottles","https://www.bbr.com/products-20098019846-2009-vi-a-el-pison-artadi-rioja-spain","1119770","20098019846"
"Artadi","2010","Vi?a El Pison, Artadi, Rioja, Spain","1200","Case of 6 Bottles","https://www.bbr.com/products-20108019846-2010-vi-a-el-pison-artadi-rioja-spain","1119770","20108019846"
"Artadi","2011","Vi?a El Pison, Artadi, Rioja, Spain","1000","Case of 6 Bottles","https://www.bbr.com/products-20118019846-2011-vi-a-el-pison-artadi-rioja-spain","1119770","20118019846"
"Artadi","2012","Vi?a El Pison, Artadi, Rioja, Spain","849","Case of 6 Bottles","https://www.bbr.com/products-20128019846-2012-vi-a-el-pison-artadi-rioja-spain","1119770","20128019846"
"Artadi","2014","Vi?a El Pison, Artadi, Rioja, Spain","975","Case of 6 Bottles","https://www.bbr.com/products-20148019846-2014-vi-a-el-pison-artadi-rioja-spain","1119770","20148019846"
"Artadi","2015","Vi?a El Pison, Artadi, Rioja, Spain","984","Case of 6 Bottles","https://www.bbr.com/products-20158019846-2015-vi-a-el-pison-artadi-rioja-spain","1119770","20158019846"
"Artadi","2016","Vi?a El Pison, Artadi, Rioja, Spain","1999","Case of 6 Bottles","https://www.bbr.com/products-20168019846-2016-vi-a-el-pison-artadi-rioja-spain","1119770","20168019846"
"Artadi","2019","Vi?a El Pison, Artadi, Rioja, Spain","1340","Case of 6 Bottles","https://www.bbr.com/products-20198019846-2019-vi-a-el-pison-artadi-rioja-spain","1119770","20198019846"
"Artadi","2022","Vi?a El Pison, Artadi, Rioja, Spain","1450","Case of 6 Bottles","https://www.bbr.com/products-20228019846-2022-vi-a-el-pison-artadi-rioja-spain","1119770","20228019846"
"C.V.N.E.","2007","Vi?a Real, Gran Reserva, C.V.N.E., Rioja, Spain","160","Case of 6 Bottles","https://www.bbr.com/products-20078030830-2007-vi-a-real-gran-reserva-c-v-n-e-rioja-spain","1120059","20078030830"
"C.V.N.E.","2010","Vi?a Real, Gran Reserva, C.V.N.E., Rioja, Spain","189","Case of 6 Bottles","https://www.bbr.com/products-20108030830-2010-vi-a-real-gran-reserva-c-v-n-e-rioja-spain","1120059","20108030830"
"C.V.N.E.","2016","Vi?a Real, Gran Reserva, C.V.N.E., Rioja, Spain","155","Case of 6 Bottles","https://www.bbr.com/products-20168030830-2016-vi-a-real-gran-reserva-c-v-n-e-rioja-spain","1120059","20168030830"
"C.V.N.E.","2018","Vi?a Real, Gran Reserva, C.V.N.E., Rioja, Spain","165","Case of 6 Bottles","https://www.bbr.com/products-20188030830-2018-vi-a-real-gran-reserva-c-v-n-e-rioja-spain","1120059","20188030830"
"C.V.N.E.","2010","Vi?a Real, Reserva, C.V.N.E., Rioja, Spain","165","Case of 3 Magnums","https://www.bbr.com/products-20108030827-2010-vi-a-real-reserva-c-v-n-e-rioja-spain","1120091","20108030827"
"C.V.N.E.","2012","Vi?a Real, Reserva, C.V.N.E., Rioja, Spain","198","Case of 3 Magnums","https://www.bbr.com/products-20128030827-2012-vi-a-real-reserva-c-v-n-e-rioja-spain","1120091","20128030827"
"Bodegas R. Lopez de Heredia","1991","Vi?a Tondonia Blanco, Gran Reserva, Bodegas R. Lopez de Heredia, Rioja, Spain","2100","Case of 6 Bottles","https://www.bbr.com/products-19911152540-1991-vi-a-tondonia-blanco-gran-reserva-bodegas-r-lopez-de-heredia-rioja-spain","1152540","19911152540"
"Bodegas R. Lopez de Heredia","1994","Vi?a Tondonia Blanco, Gran Reserva, Bodegas R. Lopez de Heredia, Rioja, Spain","2200","Case of 6 Bottles","https://www.bbr.com/products-19941152540-1994-vi-a-tondonia-blanco-gran-reserva-bodegas-r-lopez-de-heredia-rioja-spain","1152540","19941152540"
"Bodegas R. Lopez de Heredia","2001","Vi?a Tondonia Blanco, Gran Reserva, Bodegas R. Lopez de Heredia, Rioja, Spain","2090","Case of 6 Bottles","https://www.bbr.com/products-20011152540-2001-vi-a-tondonia-blanco-gran-reserva-bodegas-r-lopez-de-heredia-rioja-spain","1152540","20011152540"
"Bodegas R. Lopez de Heredia","2004","Vi?a Tondonia Blanco, Gran Reserva, Bodegas R. Lopez de Heredia, Rioja, Spain","1998","Case of 6 Bottles","https://www.bbr.com/products-20041152540-2004-vi-a-tondonia-blanco-gran-reserva-bodegas-r-lopez-de-heredia-rioja-spain","1152540","20041152540"
"Bodegas R. Lopez de Heredia","2004","Vi?a Tondonia Blanco, Gran Reserva, Bodegas R. Lopez de Heredia, Rioja, Spain","2000","Case of 6 Bottles","https://www.bbr.com/products-20041152540-2004-vi-a-tondonia-blanco-gran-reserva-bodegas-r-lopez-de-heredia-rioja-spain","1152540","20041152540"
"Bodegas R. Lopez de Heredia","1998","Vi?a Tondonia Blanco, Reserva, Bodegas R. Lopez de Heredia, Rioja, Spain","760","Case of 6 Bottles","https://www.bbr.com/products-19981152553-1998-vi-a-tondonia-blanco-reserva-bodegas-r-lopez-de-heredia-rioja-spain","1152553","19981152553"
"Bodegas R. Lopez de Heredia","1998","Vi?a Tondonia Blanco, Reserva, Bodegas R. Lopez de Heredia, Rioja, Spain","770","Case of 6 Bottles","https://www.bbr.com/products-19981152553-1998-vi-a-tondonia-blanco-reserva-bodegas-r-lopez-de-heredia-rioja-spain","1152553","19981152553"
"Bodegas R. Lopez de Heredia","2004","Vi?a Tondonia Blanco, Reserva, Bodegas R. Lopez de Heredia, Rioja, Spain","650","Case of 6 Bottles","https://www.bbr.com/products-20041152553-2004-vi-a-tondonia-blanco-reserva-bodegas-r-lopez-de-heredia-rioja-spain","1152553","20041152553"
"Bodegas R. Lopez de Heredia","2005","Vi?a Tondonia Blanco, Reserva, Bodegas R. Lopez de Heredia, Rioja, Spain","565","Case of 6 Bottles","https://www.bbr.com/products-20051152553-2005-vi-a-tondonia-blanco-reserva-bodegas-r-lopez-de-heredia-rioja-spain","1152553","20051152553"
"Bodegas R. Lopez de Heredia","2005","Vi?a Tondonia Blanco, Reserva, Bodegas R. Lopez de Heredia, Rioja, Spain","575","Case of 6 Bottles","https://www.bbr.com/products-20051152553-2005-vi-a-tondonia-blanco-reserva-bodegas-r-lopez-de-heredia-rioja-spain","1152553","20051152553"
"Bodegas R. Lopez de Heredia","2006","Vi?a Tondonia Blanco, Reserva, Bodegas R. Lopez de Heredia, Rioja, Spain","545","Case of 6 Bottles","https://www.bbr.com/products-20061152553-2006-vi-a-tondonia-blanco-reserva-bodegas-r-lopez-de-heredia-rioja-spain","1152553","20061152553"
"Bodegas R. Lopez de Heredia","2007","Vi?a Tondonia Blanco, Reserva, Bodegas R. Lopez de Heredia, Rioja, Spain","790","Case of 6 Bottles","https://www.bbr.com/products-20071152553-2007-vi-a-tondonia-blanco-reserva-bodegas-r-lopez-de-heredia-rioja-spain","1152553","20071152553"
"Bodegas R. Lopez de Heredia","2009","Vi?a Tondonia Blanco, Reserva, Bodegas R. Lopez de Heredia, Rioja, Spain","550","Case of 6 Bottles","https://www.bbr.com/products-20091152553-2009-vi-a-tondonia-blanco-reserva-bodegas-r-lopez-de-heredia-rioja-spain","1152553","20091152553"
"Bodegas R. Lopez de Heredia","2011","Vi?a Tondonia Blanco, Reserva, Bodegas R. Lopez de Heredia, Rioja, Spain","550","Case of 6 Bottles","https://www.bbr.com/products-20111152553-2011-vi-a-tondonia-blanco-reserva-bodegas-r-lopez-de-heredia-rioja-spain","1152553","20111152553"
"Bodegas R. Lopez de Heredia","2012","Vi?a Tondonia Blanco, Reserva, Bodegas R. Lopez de Heredia, Rioja, Spain","480","Case of 6 Bottles","https://www.bbr.com/products-20121152553-2012-vi-a-tondonia-blanco-reserva-bodegas-r-lopez-de-heredia-rioja-spain","1152553","20121152553"
"Bodegas R. Lopez de Heredia","2012","Vi?a Tondonia Blanco, Reserva, Bodegas R. Lopez de Heredia, Rioja, Spain","750","Case of 6 Bottles","https://www.bbr.com/products-20121152553-2012-vi-a-tondonia-blanco-reserva-bodegas-r-lopez-de-heredia-rioja-spain","1152553","20121152553"
"Bodegas R. Lopez de Heredia","2008","Vi?a Tondonia Rosado, Gran Reserva, Bodegas R. Lopez de Heredia, Rioja, Spain","335","Case of 3 Bottles","https://www.bbr.com/products-20081248771-2008-vi-a-tondonia-rosado-gran-reserva-bodegas-r-lopez-de-heredia-rioja-spain","1248771","20081248771"
"Bodegas R. Lopez de Heredia","2009","Vi?a Tondonia Rosado, Gran Reserva, Bodegas R. Lopez de Heredia, Rioja, Spain","325","Case of 3 Bottles","https://www.bbr.com/products-20091248771-2009-vi-a-tondonia-rosado-gran-reserva-bodegas-r-lopez-de-heredia-rioja-spain","1248771","20091248771"
"Bodegas R. Lopez de Heredia","2010","Vi?a Tondonia Rosado, Gran Reserva, Bodegas R. Lopez de Heredia, Rioja, Spain","325","Case of 3 Bottles","https://www.bbr.com/products-20101248771-2010-vi-a-tondonia-rosado-gran-reserva-bodegas-r-lopez-de-heredia-rioja-spain","1248771","20101248771"
"Bodegas R. Lopez de Heredia","2011","Vi?a Tondonia Rosado, Gran Reserva, Bodegas R. Lopez de Heredia, Rioja, Spain","370","Case of 3 Bottles","https://www.bbr.com/products-20111248771-2011-vi-a-tondonia-rosado-gran-reserva-bodegas-r-lopez-de-heredia-rioja-spain","1248771","20111248771"
"Bodegas R. Lopez de Heredia","2012","Vi?a Tondonia Rosado, Gran Reserva, Bodegas R. Lopez de Heredia, Rioja, Spain","395","Case of 3 Bottles","https://www.bbr.com/products-20121248771-2012-vi-a-tondonia-rosado-gran-reserva-bodegas-r-lopez-de-heredia-rioja-spain","1248771","20121248771"
"Bodegas R. Lopez de Heredia","1995","Vi?a Tondonia Tinto, Gran Reserva, Bodegas R. Lopez de Heredia, Rioja, Spain","1200","Case of 6 Bottles","https://www.bbr.com/products-19951135411-1995-vi-a-tondonia-tinto-gran-reserva-bodegas-r-lopez-de-heredia-rioja-spain","1135411","19951135411"
"Bodegas R. Lopez de Heredia","1995","Vi?a Tondonia Tinto, Gran Reserva, Bodegas R. Lopez de Heredia, Rioja, Spain","1450","Case of 6 Bottles","https://www.bbr.com/products-19951135411-1995-vi-a-tondonia-tinto-gran-reserva-bodegas-r-lopez-de-heredia-rioja-spain","1135411","19951135411"
"Bodegas R. Lopez de Heredia","2001","Vi?a Tondonia Tinto, Gran Reserva, Bodegas R. Lopez de Heredia, Rioja, Spain","1100","Case of 6 Bottles","https://www.bbr.com/products-20011135411-2001-vi-a-tondonia-tinto-gran-reserva-bodegas-r-lopez-de-heredia-rioja-spain","1135411","20011135411"
"Bodegas R. Lopez de Heredia","2001","Vi?a Tondonia Tinto, Gran Reserva, Bodegas R. Lopez de Heredia, Rioja, Spain","1250","Case of 6 Bottles","https://www.bbr.com/products-20011135411-2001-vi-a-tondonia-tinto-gran-reserva-bodegas-r-lopez-de-heredia-rioja-spain","1135411","20011135411"
"Bodegas R. Lopez de Heredia","2004","Vi?a Tondonia Tinto, Gran Reserva, Bodegas R. Lopez de Heredia, Rioja, Spain","925","Case of 6 Bottles","https://www.bbr.com/products-20041135411-2004-vi-a-tondonia-tinto-gran-reserva-bodegas-r-lopez-de-heredia-rioja-spain","1135411","20041135411"
"Bodegas R. Lopez de Heredia","2004","Vi?a Tondonia Tinto, Reserva, Bodegas R. Lopez de Heredia, Rioja, Spain","220","Case of 6 Bottles","https://www.bbr.com/products-20041152566-2004-vi-a-tondonia-tinto-reserva-bodegas-r-lopez-de-heredia-rioja-spain","1152566","20041152566"
"Bodegas R. Lopez de Heredia","2004","Vi?a Tondonia Tinto, Reserva, Bodegas R. Lopez de Heredia, Rioja, Spain","495","Case of 6 Magnums","https://www.bbr.com/products-20041152566-2004-vi-a-tondonia-tinto-reserva-bodegas-r-lopez-de-heredia-rioja-spain","1152566","20041152566"
"Bodegas R. Lopez de Heredia","2005","Vi?a Tondonia Tinto, Reserva, Bodegas R. Lopez de Heredia, Rioja, Spain","225","Case of 6 Bottles","https://www.bbr.com/products-20051152566-2005-vi-a-tondonia-tinto-reserva-bodegas-r-lopez-de-heredia-rioja-spain","1152566","20051152566"
"Bodegas R. Lopez de Heredia","2005","Vi?a Tondonia Tinto, Reserva, Bodegas R. Lopez de Heredia, Rioja, Spain","220","Case of 6 Bottles","https://www.bbr.com/products-20051152566-2005-vi-a-tondonia-tinto-reserva-bodegas-r-lopez-de-heredia-rioja-spain","1152566","20051152566"
"Bodegas R. Lopez de Heredia","2005","Vi?a Tondonia Tinto, Reserva, Bodegas R. Lopez de Heredia, Rioja, Spain","425","Case of 6 Magnums","https://www.bbr.com/products-20051152566-2005-vi-a-tondonia-tinto-reserva-bodegas-r-lopez-de-heredia-rioja-spain","1152566","20051152566"
"Bodegas R. Lopez de Heredia","2006","Vi?a Tondonia Tinto, Reserva, Bodegas R. Lopez de Heredia, Rioja, Spain","159","Case of 6 Bottles","https://www.bbr.com/products-20061152566-2006-vi-a-tondonia-tinto-reserva-bodegas-r-lopez-de-heredia-rioja-spain","1152566","20061152566"
"Bodegas R. Lopez de Heredia","2006","Vi?a Tondonia Tinto, Reserva, Bodegas R. Lopez de Heredia, Rioja, Spain","349","Case of 6 Magnums","https://www.bbr.com/products-20061152566-2006-vi-a-tondonia-tinto-reserva-bodegas-r-lopez-de-heredia-rioja-spain","1152566","20061152566"
"Bodegas R. Lopez de Heredia","2007","Vi?a Tondonia Tinto, Reserva, Bodegas R. Lopez de Heredia, Rioja, Spain","165","Case of 6 Bottles","https://www.bbr.com/products-20071152566-2007-vi-a-tondonia-tinto-reserva-bodegas-r-lopez-de-heredia-rioja-spain","1152566","20071152566"
"Bodegas R. Lopez de Heredia","2007","Vi?a Tondonia Tinto, Reserva, Bodegas R. Lopez de Heredia, Rioja, Spain","287","Case of 6 Magnums","https://www.bbr.com/products-20071152566-2007-vi-a-tondonia-tinto-reserva-bodegas-r-lopez-de-heredia-rioja-spain","1152566","20071152566"
"Bodegas R. Lopez de Heredia","2008","Vi?a Tondonia Tinto, Reserva, Bodegas R. Lopez de Heredia, Rioja, Spain","170","Case of 6 Bottles","https://www.bbr.com/products-20081152566-2008-vi-a-tondonia-tinto-reserva-bodegas-r-lopez-de-heredia-rioja-spain","1152566","20081152566"
"Bodegas R. Lopez de Heredia","2009","Vi?a Tondonia Tinto, Reserva, Bodegas R. Lopez de Heredia, Rioja, Spain","169","Case of 6 Bottles","https://www.bbr.com/products-20091152566-2009-vi-a-tondonia-tinto-reserva-bodegas-r-lopez-de-heredia-rioja-spain","1152566","20091152566"
"Bodegas R. Lopez de Heredia","2010","Vi?a Tondonia Tinto, Reserva, Bodegas R. Lopez de Heredia, Rioja, Spain","180","Case of 6 Bottles","https://www.bbr.com/products-20101152566-2010-vi-a-tondonia-tinto-reserva-bodegas-r-lopez-de-heredia-rioja-spain","1152566","20101152566"
"Bodegas R. Lopez de Heredia","2010","Vi?a Tondonia Tinto, Reserva, Bodegas R. Lopez de Heredia, Rioja, Spain","160","Case of 6 Bottles","https://www.bbr.com/products-20101152566-2010-vi-a-tondonia-tinto-reserva-bodegas-r-lopez-de-heredia-rioja-spain","1152566","20101152566"
"Bodegas R. Lopez de Heredia","2010","Vi?a Tondonia Tinto, Reserva, Bodegas R. Lopez de Heredia, Rioja, Spain","390","Case of 6 Magnums","https://www.bbr.com/products-20101152566-2010-vi-a-tondonia-tinto-reserva-bodegas-r-lopez-de-heredia-rioja-spain","1152566","20101152566"
"Bodegas R. Lopez de Heredia","2011","Vi?a Tondonia Tinto, Reserva, Bodegas R. Lopez de Heredia, Rioja, Spain","149","Case of 6 Bottles","https://www.bbr.com/products-20111152566-2011-vi-a-tondonia-tinto-reserva-bodegas-r-lopez-de-heredia-rioja-spain","1152566","20111152566"
"Bodegas R. Lopez de Heredia","2011","Vi?a Tondonia Tinto, Reserva, Bodegas R. Lopez de Heredia, Rioja, Spain","300","Case of 6 Magnums","https://www.bbr.com/products-20111152566-2011-vi-a-tondonia-tinto-reserva-bodegas-r-lopez-de-heredia-rioja-spain","1152566","20111152566"
"Bodegas R. Lopez de Heredia","2012","Vi?a Tondonia Tinto, Reserva, Bodegas R. Lopez de Heredia, Rioja, Spain","194","Case of 6 Bottles","https://www.bbr.com/products-20121152566-2012-vi-a-tondonia-tinto-reserva-bodegas-r-lopez-de-heredia-rioja-spain","1152566","20121152566"
"Bodegas R. Lopez de Heredia","2012","Vi?a Tondonia Tinto, Reserva, Bodegas R. Lopez de Heredia, Rioja, Spain","345","Case of 6 Magnums","https://www.bbr.com/products-20121152566-2012-vi-a-tondonia-tinto-reserva-bodegas-r-lopez-de-heredia-rioja-spain","1152566","20121152566"
"Bodegas R. Lopez de Heredia","2013","Vi?a Tondonia Tinto, Reserva, Bodegas R. Lopez de Heredia, Rioja, Spain","195","Case of 6 Bottles","https://www.bbr.com/products-20131152566-2013-vi-a-tondonia-tinto-reserva-bodegas-r-lopez-de-heredia-rioja-spain","1152566","20131152566"
"Bodegas R. Lopez de Heredia","2013","Vi?a Tondonia Tinto, Reserva, Bodegas R. Lopez de Heredia, Rioja, Spain","180","Case of 12 Half Bottles","https://www.bbr.com/products-20131152566-2013-vi-a-tondonia-tinto-reserva-bodegas-r-lopez-de-heredia-rioja-spain","1152566","20131152566"
"Vi?a VIK","2019","Vi?a VIK, Cachapoal Valley, Chile","460","Case of 6 Bottles","https://www.bbr.com/products-20198136532-2019-vi-a-vik-cachapoal-valley-chile","1328699","20198136532"
"Cillar de Silos","2007","Vi?a de Amalio, Cillar de Silos, Ribera del Duero, Spain","195","Case of 3 Bottles","https://www.bbr.com/products-20071325092-2007-vi-a-de-amalio-cillar-de-silos-ribera-del-duero-spain","1608409","20071325092"
"Cillar de Silos","2011","Vi?a de Amalio, Cillar de Silos, Ribera del Duero, Spain","195","Case of 6 Bottles","https://www.bbr.com/products-20111325092-2011-vi-a-de-amalio-cillar-de-silos-ribera-del-duero-spain","1608409","20111325092"
"Cillar de Silos","2016","Vi?a de Amalio, Cillar de Silos, Ribera del Duero, Spain","320","Case of 6 Bottles","https://www.bbr.com/products-20161325092-2016-vi-a-de-amalio-cillar-de-silos-ribera-del-duero-spain","1608409","20161325092"
"Cillar de Silos","2019","Vi?a de Amalio, Cillar de Silos, Ribera del Duero, Spain","280","Case of 6 Bottles","https://www.bbr.com/products-20191325092-2019-vi-a-de-amalio-cillar-de-silos-ribera-del-duero-spain","1608409","20191325092"
"Cillar de Silos","2020","Vi?a de Amalio, Cillar de Silos, Ribera del Duero, Spain","250","Case of 6 Bottles","https://www.bbr.com/products-20201325092-2020-vi-a-de-amalio-cillar-de-silos-ribera-del-duero-spain","1608409","20201325092"
"Vi?edo Chadwick","2015","Vi?edo Chadwick, Maipo Valley, Chile","888","Case of 3 Bottles","https://www.bbr.com/products-20158118725-2015-vi-edo-chadwick-maipo-valley-chile","1083187","20158118725"
"Vi?edo Chadwick","2016","Vi?edo Chadwick, Maipo Valley, Chile","1350","Case of 3 Bottles","https://www.bbr.com/products-20168118725-2016-vi-edo-chadwick-maipo-valley-chile","1083187","20168118725"
"Benjamin Leroux","2009","Volany, Carelle Sous la Chapelle, 1er Cru, Benjamin Leroux, Burgundy","315","Case of 6 Bottles","https://www.bbr.com/products-20098025801-2009-volany-carelle-sous-la-chapelle-1er-cru-benjamin-leroux-burgundy","1043594","20098025801"
"Lucien Le Moine","2014","Volnay 1er Cru, Les Brouillards, Lucien Le Moine","750","Case of 6 Bottles","https://www.bbr.com/products-20148205012-2014-volnay-1er-cru-les-brouillards-lucien-le-moine","1372676","20148205012"
"Hospices de Beaune","2010","Volnay Santenots, Cuvee Gauvain, Hospices de Beaune","690","Case of 6 Bottles","https://www.bbr.com/products-20108226716-2010-volnay-santenots-cuvee-gauvain-hospices-de-beaune","1223415","20108226716"
"Hospices de Beaune","2012","Volnay Santenots, Jehan de Massol, 1er Cru, Hospices de Beaune","525","Case of 6 Bottles","https://www.bbr.com/products-20128226686-2012-volnay-santenots-jehan-de-massol-1er-cru-hospices-de-beaune","1227442","20128226686"
"Hospices de Beaune","2022","Volnay Santenots, Jehan de Massol, 1er Cru, Hospices de Beaune, Burgundy","1300","Case of 12 Bottles","https://www.bbr.com/products-20228226686-2022-volnay-santenots-jehan-de-massol-1er-cru-hospices-de-beaune-burgundy","1227442","20228226686"
"Benjamin Leroux","2015","Volnay, Benjamin Leroux, Burgundy","285","Case of 6 Bottles","https://www.bbr.com/products-20158025797-2015-volnay-benjamin-leroux-burgundy","1043581","20158025797"
"Benjamin Leroux","2016","Volnay, Benjamin Leroux, Burgundy","220","Case of 6 Bottles","https://www.bbr.com/products-20168025797-2016-volnay-benjamin-leroux-burgundy","1043581","20168025797"
"Benjamin Leroux","2017","Volnay, Benjamin Leroux, Burgundy","195","Case of 6 Bottles","https://www.bbr.com/products-20178025797-2017-volnay-benjamin-leroux-burgundy","1043581","20178025797"
"Benjamin Leroux","2019","Volnay, Benjamin Leroux, Burgundy","240","Case of 6 Bottles","https://www.bbr.com/products-20198025797-2019-volnay-benjamin-leroux-burgundy","1043581","20198025797"
"Benjamin Leroux","2020","Volnay, Benjamin Leroux, Burgundy","240","Case of 6 Bottles","https://www.bbr.com/products-20208025797-2020-volnay-benjamin-leroux-burgundy","1043581","20208025797"
"Benjamin Leroux","2021","Volnay, Benjamin Leroux, Burgundy","280","Case of 6 Bottles","https://www.bbr.com/products-20218025797-2021-volnay-benjamin-leroux-burgundy","1043581","20218025797"
"Benjamin Leroux","2022","Volnay, Benjamin Leroux, Burgundy","300","Case of 6 Bottles","https://www.bbr.com/products-20228025797-2022-volnay-benjamin-leroux-burgundy","1043581","20228025797"
"Benjamin Leroux","2023","Volnay, Benjamin Leroux, Burgundy","300","Case of 6 Bottles","https://www.bbr.com/products-20238025797-2023-volnay-benjamin-leroux-burgundy","1043581","20238025797"
"Domaine Bitouzet-Prieur","2016","Volnay, Caillerets, 1er Cru, Domaine Bitouzet-Prieur, Burgundy","305","Case of 6 Bottles","https://www.bbr.com/products-20168025380-2016-volnay-caillerets-1er-cru-domaine-bitouzet-prieur-burgundy","1020261","20168025380"
"Domaine Bitouzet-Prieur","2017","Volnay, Caillerets, 1er Cru, Domaine Bitouzet-Prieur, Burgundy","250","Case of 6 Bottles","https://www.bbr.com/products-20178025380-2017-volnay-caillerets-1er-cru-domaine-bitouzet-prieur-burgundy","1020261","20178025380"
"Domaine Bitouzet-Prieur","2019","Volnay, Caillerets, 1er Cru, Domaine Bitouzet-Prieur, Burgundy","550","Case of 6 Bottles","https://www.bbr.com/products-20198025380-2019-volnay-caillerets-1er-cru-domaine-bitouzet-prieur-burgundy","1020261","20198025380"
"Domaine Bitouzet-Prieur","2022","Volnay, Caillerets, 1er Cru, Domaine Bitouzet-Prieur, Burgundy","742","Case of 6 Bottles","https://www.bbr.com/products-20228025380-2022-volnay-caillerets-1er-cru-domaine-bitouzet-prieur-burgundy","1020261","20228025380"
"Bouchard Pere & Fils","1989","Volnay, Caillerets, Ancienne Cuvee Carnot, 1er Cru, Domaine Bouchard Pere &amp; Fils, Burgundy","500","Case of 1 Bottles","https://www.bbr.com/products-19898020125-1989-volnay-caillerets-ancienne-cuvee-carnot-1er-cru-domaine-bouchard-pere-and-fils-burgundy","1197994","19898020125"
"Bouchard Pere & Fils","2015","Volnay, Caillerets, Ancienne Cuvee Carnot, 1er Cru, Domaine Bouchard Pere &amp; Fils, Burgundy","425","Case of 6 Bottles","https://www.bbr.com/products-20158020125-2015-volnay-caillerets-ancienne-cuvee-carnot-1er-cru-domaine-bouchard-pere-and-fils-burgundy","1197994","20158020125"
"Bouchard Pere & Fils","2017","Volnay, Caillerets, Ancienne Cuvee Carnot, 1er Cru, Domaine Bouchard Pere &amp; Fils, Burgundy","500","Case of 6 Bottles","https://www.bbr.com/products-20178020125-2017-volnay-caillerets-ancienne-cuvee-carnot-1er-cru-domaine-bouchard-pere-and-fils-burgundy","1197994","20178020125"
"Bouchard Pere & Fils","2018","Volnay, Caillerets, Ancienne Cuvee Carnot, 1er Cru, Domaine Bouchard Pere &amp; Fils, Burgundy","450","Case of 6 Bottles","https://www.bbr.com/products-20188020125-2018-volnay-caillerets-ancienne-cuvee-carnot-1er-cru-domaine-bouchard-pere-and-fils-burgundy","1197994","20188020125"
"Bouchard Pere & Fils","2019","Volnay, Caillerets, Ancienne Cuvee Carnot, 1er Cru, Domaine Bouchard Pere &amp; Fils, Burgundy","650","Case of 6 Bottles","https://www.bbr.com/products-20198020125-2019-volnay-caillerets-ancienne-cuvee-carnot-1er-cru-domaine-bouchard-pere-and-fils-burgundy","1197994","20198020125"
"Bouchard Pere & Fils","2020","Volnay, Caillerets, Ancienne Cuvee Carnot, 1er Cru, Domaine Bouchard Pere &amp; Fils, Burgundy","495","Case of 6 Bottles","https://www.bbr.com/products-20208020125-2020-volnay-caillerets-ancienne-cuvee-carnot-1er-cru-domaine-bouchard-pere-and-fils-burgundy","1197994","20208020125"
"Bouchard Pere & Fils","2022","Volnay, Caillerets, Ancienne Cuvee Carnot, 1er Cru, Domaine Bouchard Pere &amp; Fils, Burgundy","499","Case of 6 Bottles","https://www.bbr.com/products-20228020125-2022-volnay-caillerets-ancienne-cuvee-carnot-1er-cru-domaine-bouchard-pere-and-fils-burgundy","1197994","20228020125"
"Maison Camille Giroud","2010","Volnay, Camille Giroud, Burgundy","220","Case of 6 Bottles","https://www.bbr.com/products-20108024107-2010-volnay-camille-giroud-burgundy","1035072","20108024107"
"Maison Camille Giroud","2012","Volnay, Camille Giroud, Burgundy","452","Case of 6 Bottles","https://www.bbr.com/products-20128024107-2012-volnay-camille-giroud-burgundy","1035072","20128024107"
"Maison Camille Giroud","2018","Volnay, Camille Giroud, Burgundy","210","Case of 6 Bottles","https://www.bbr.com/products-20188024107-2018-volnay-camille-giroud-burgundy","1035072","20188024107"
"Maison Camille Giroud","2019","Volnay, Camille Giroud, Burgundy","224","Case of 6 Bottles","https://www.bbr.com/products-20198024107-2019-volnay-camille-giroud-burgundy","1035072","20198024107"
"Domaine Clerget","2023","Volnay, Carelle Sous la Chapelle, 1er Cru, Domaine Y. Clerget, Burgundy","260","Case of 3 Bottles","https://www.bbr.com/products-20238061630-2023-volnay-carelle-sous-la-chapelle-1er-cru-domaine-y-clerget-burgundy","1025950","20238061630"
"Jean Marc Boillot","2015","Volnay, Carelle sous la Chapelle, 1er Cru, Domaine Jean-Marc Boillot, Burgundy","365","Case of 6 Bottles","https://www.bbr.com/products-20151021154-2015-volnay-carelle-sous-la-chapelle-1er-cru-domaine-jean-marc-boillot-burgundy","1021154","20151021154"
"Domaine Francois Buffet","2017","Volnay, Carelles Sous la Chapelle, 1er Cru, Domaine Francois Buffet, Burgundy","315","Case of 6 Bottles","https://www.bbr.com/products-20178032821-2017-volnay-carelles-sous-la-chapelle-1er-cru-domaine-francois-buffet-burgundy","1444418","20178032821"
"Domaine Francois Buffet","2019","Volnay, Carelles Sous la Chapelle, 1er Cru, Domaine Francois Buffet, Burgundy","300","Case of 6 Bottles","https://www.bbr.com/products-20198032821-2019-volnay-carelles-sous-la-chapelle-1er-cru-domaine-francois-buffet-burgundy","1444418","20198032821"
"Domaine Francois Buffet","2020","Volnay, Carelles Sous la Chapelle, 1er Cru, Domaine Francois Buffet, Burgundy","255","Case of 6 Bottles","https://www.bbr.com/products-20208032821-2020-volnay-carelles-sous-la-chapelle-1er-cru-domaine-francois-buffet-burgundy","1444418","20208032821"
"Domaine Francois Buffet","2021","Volnay, Carelles Sous la Chapelle, 1er Cru, Domaine Francois Buffet, Burgundy","340","Case of 6 Bottles","https://www.bbr.com/products-20218032821-2021-volnay-carelles-sous-la-chapelle-1er-cru-domaine-francois-buffet-burgundy","1444418","20218032821"
"Domaine Francois Buffet","2015","Volnay, Champans, 1er Cru, Domaine Francois Buffet, Burgundy","258","Case of 6 Bottles","https://www.bbr.com/products-20151331350-2015-volnay-champans-1er-cru-domaine-francois-buffet-burgundy","1331350","20151331350"
"Domaine Francois Buffet","2019","Volnay, Champans, 1er Cru, Domaine Francois Buffet, Burgundy","250","Case of 6 Bottles","https://www.bbr.com/products-20191331350-2019-volnay-champans-1er-cru-domaine-francois-buffet-burgundy","1331350","20191331350"
"Domaine Francois Buffet","2020","Volnay, Champans, 1er Cru, Domaine Francois Buffet, Burgundy","335","Case of 6 Bottles","https://www.bbr.com/products-20201331350-2020-volnay-champans-1er-cru-domaine-francois-buffet-burgundy","1331350","20201331350"
"Domaine Francois Buffet","2021","Volnay, Champans, 1er Cru, Domaine Francois Buffet, Burgundy","795","Case of 6 Bottles","https://www.bbr.com/products-20211331350-2021-volnay-champans-1er-cru-domaine-francois-buffet-burgundy","1331350","20211331350"
"Domaine Francois Buffet","2022","Volnay, Champans, 1er Cru, Domaine Francois Buffet, Burgundy","350","Case of 6 Bottles","https://www.bbr.com/products-20221331350-2022-volnay-champans-1er-cru-domaine-francois-buffet-burgundy","1331350","20221331350"
"Domaine Francois Buffet","2023","Volnay, Champans, 1er Cru, Domaine Francois Buffet, Burgundy","349","Case of 6 Bottles","https://www.bbr.com/products-20231331350-2023-volnay-champans-1er-cru-domaine-francois-buffet-burgundy","1331350","20231331350"
"Marquis d'Angerville","2005","Volnay, Champans, 1er Cru, Domaine Marquis d'Angerville, Burgundy","1450","Case of 12 Bottles","https://www.bbr.com/products-20058122757-2005-volnay-champans-1er-cru-domaine-marquis-d-angerville-burgundy","1018350","20058122757"
"Marquis d'Angerville","2009","Volnay, Champans, 1er Cru, Domaine Marquis d'Angerville, Burgundy","1350","Case of 12 Bottles","https://www.bbr.com/products-20098122757-2009-volnay-champans-1er-cru-domaine-marquis-d-angerville-burgundy","1018350","20098122757"
"Marquis d'Angerville","2009","Volnay, Champans, 1er Cru, Domaine Marquis d'Angerville, Burgundy","1600","Case of 6 Magnums","https://www.bbr.com/products-20098122757-2009-volnay-champans-1er-cru-domaine-marquis-d-angerville-burgundy","1018350","20098122757"
"Marquis d'Angerville","2012","Volnay, Champans, 1er Cru, Domaine Marquis d'Angerville, Burgundy","600","Case of 6 Bottles","https://www.bbr.com/products-20128122757-2012-volnay-champans-1er-cru-domaine-marquis-d-angerville-burgundy","1018350","20128122757"
"Marquis d'Angerville","2015","Volnay, Champans, 1er Cru, Domaine Marquis d'Angerville, Burgundy","648","Case of 6 Bottles","https://www.bbr.com/products-20158122757-2015-volnay-champans-1er-cru-domaine-marquis-d-angerville-burgundy","1018350","20158122757"
"Marquis d'Angerville","2016","Volnay, Champans, 1er Cru, Domaine Marquis d'Angerville, Burgundy","670","Case of 6 Bottles","https://www.bbr.com/products-20168122757-2016-volnay-champans-1er-cru-domaine-marquis-d-angerville-burgundy","1018350","20168122757"
"Marquis d'Angerville","2016","Volnay, Champans, 1er Cru, Domaine Marquis d'Angerville, Burgundy","985","Case of 6 Magnums","https://www.bbr.com/products-20168122757-2016-volnay-champans-1er-cru-domaine-marquis-d-angerville-burgundy","1018350","20168122757"
"Marquis d'Angerville","2019","Volnay, Champans, 1er Cru, Domaine Marquis d'Angerville, Burgundy","540","Case of 6 Bottles","https://www.bbr.com/products-20198122757-2019-volnay-champans-1er-cru-domaine-marquis-d-angerville-burgundy","1018350","20198122757"
"Marquis d'Angerville","2020","Volnay, Champans, 1er Cru, Domaine Marquis d'Angerville, Burgundy","995","Case of 6 Bottles","https://www.bbr.com/products-20208122757-2020-volnay-champans-1er-cru-domaine-marquis-d-angerville-burgundy","1018350","20208122757"
"Marquis d'Angerville","2020","Volnay, Champans, 1er Cru, Domaine Marquis d'Angerville, Burgundy","520","Case of 6 Bottles","https://www.bbr.com/products-20208122757-2020-volnay-champans-1er-cru-domaine-marquis-d-angerville-burgundy","1018350","20208122757"
"Domaine des Comtes Lafon","2010","Volnay, Champans, 1er Cru, Domaine des Comtes Lafon, Burgundy","1050","Case of 12 Bottles","https://www.bbr.com/products-20108005074-2010-volnay-champans-1er-cru-domaine-des-comtes-lafon-burgundy","1026973","20108005074"
"Domaine des Comtes Lafon","2017","Volnay, Champans, 1er Cru, Domaine des Comtes Lafon, Burgundy","1800","Case of 12 Bottles","https://www.bbr.com/products-20178005074-2017-volnay-champans-1er-cru-domaine-des-comtes-lafon-burgundy","1026973","20178005074"
"Olivier Leflaive","2023","Volnay, Champans, 1er Cru, Olivier Leflaive, Burgundy","355","Case of 6 Bottles","https://www.bbr.com/products-20238242079-2023-volnay-champans-1er-cru-olivier-leflaive-burgundy","2987167","20238242079"
"Maison Chantereves","2013","Volnay, Chantereves, Burgundy","455","Case of 6 Bottles","https://www.bbr.com/products-20138150888-2013-volnay-chantereves-burgundy","1501960","20138150888"
"Domaine Michel Lafarge","2021","Volnay, Cinq Climats, 1er Cru, Domaine Michel Lafarge, Burgundy","295","Case of 1 Bottles","https://www.bbr.com/products-20218247250-2021-volnay-cinq-climats-1er-cru-domaine-michel-lafarge-burgundy","2989653","20218247250"
"Louis Jadot","2012","Volnay, Clos de la Barre, 1er Cru, Louis Jadot, Burgundy","200","Case of 6 Bottles","https://www.bbr.com/products-20128022419-2012-volnay-clos-de-la-barre-1er-cru-louis-jadot-burgundy","1038839","20128022419"
"Louis Jadot","2020","Volnay, Clos de la Barre, 1er Cru, Louis Jadot, Burgundy","310","Case of 6 Bottles","https://www.bbr.com/products-20208022419-2020-volnay-clos-de-la-barre-1er-cru-louis-jadot-burgundy","1038839","20208022419"
"Benjamin Leroux","2009","Volnay, Clos de la Cave des Ducs, 1er Cru, Benjamin Leroux, Burgundy","780","Case of 6 Bottles","https://www.bbr.com/products-20091043608-2009-volnay-clos-de-la-cave-des-ducs-1er-cru-benjamin-leroux-burgundy","1043608","20091043608"
"Benjamin Leroux","2010","Volnay, Clos de la Cave des Ducs, 1er Cru, Benjamin Leroux, Burgundy","500","Case of 6 Bottles","https://www.bbr.com/products-20101043608-2010-volnay-clos-de-la-cave-des-ducs-1er-cru-benjamin-leroux-burgundy","1043608","20101043608"
"Benjamin Leroux","2010","Volnay, Clos de la Cave des Ducs, 1er Cru, Benjamin Leroux, Burgundy","499","Case of 6 Bottles","https://www.bbr.com/products-20101043608-2010-volnay-clos-de-la-cave-des-ducs-1er-cru-benjamin-leroux-burgundy","1043608","20101043608"
"Benjamin Leroux","2011","Volnay, Clos de la Cave des Ducs, 1er Cru, Benjamin Leroux, Burgundy","650","Case of 6 Bottles","https://www.bbr.com/products-20111043608-2011-volnay-clos-de-la-cave-des-ducs-1er-cru-benjamin-leroux-burgundy","1043608","20111043608"
"Benjamin Leroux","2011","Volnay, Clos de la Cave des Ducs, 1er Cru, Benjamin Leroux, Burgundy","600","Case of 6 Bottles","https://www.bbr.com/products-20111043608-2011-volnay-clos-de-la-cave-des-ducs-1er-cru-benjamin-leroux-burgundy","1043608","20111043608"
"Benjamin Leroux","2013","Volnay, Clos de la Cave des Ducs, 1er Cru, Benjamin Leroux, Burgundy","320","Case of 6 Bottles","https://www.bbr.com/products-20131043608-2013-volnay-clos-de-la-cave-des-ducs-1er-cru-benjamin-leroux-burgundy","1043608","20131043608"
"Benjamin Leroux","2014","Volnay, Clos de la Cave des Ducs, 1er Cru, Benjamin Leroux, Burgundy","325","Case of 6 Bottles","https://www.bbr.com/products-20141043608-2014-volnay-clos-de-la-cave-des-ducs-1er-cru-benjamin-leroux-burgundy","1043608","20141043608"
"Benjamin Leroux","2015","Volnay, Clos de la Cave des Ducs, 1er Cru, Benjamin Leroux, Burgundy","380","Case of 6 Bottles","https://www.bbr.com/products-20151043608-2015-volnay-clos-de-la-cave-des-ducs-1er-cru-benjamin-leroux-burgundy","1043608","20151043608"
"Benjamin Leroux","2016","Volnay, Clos de la Cave des Ducs, 1er Cru, Benjamin Leroux, Burgundy","330","Case of 6 Bottles","https://www.bbr.com/products-20161043608-2016-volnay-clos-de-la-cave-des-ducs-1er-cru-benjamin-leroux-burgundy","1043608","20161043608"
"Benjamin Leroux","2017","Volnay, Clos de la Cave des Ducs, 1er Cru, Benjamin Leroux, Burgundy","359","Case of 6 Bottles","https://www.bbr.com/products-20171043608-2017-volnay-clos-de-la-cave-des-ducs-1er-cru-benjamin-leroux-burgundy","1043608","20171043608"
"Benjamin Leroux","2018","Volnay, Clos de la Cave des Ducs, 1er Cru, Benjamin Leroux, Burgundy","390","Case of 6 Bottles","https://www.bbr.com/products-20181043608-2018-volnay-clos-de-la-cave-des-ducs-1er-cru-benjamin-leroux-burgundy","1043608","20181043608"
"Benjamin Leroux","2019","Volnay, Clos de la Cave des Ducs, 1er Cru, Benjamin Leroux, Burgundy","470","Case of 6 Bottles","https://www.bbr.com/products-20191043608-2019-volnay-clos-de-la-cave-des-ducs-1er-cru-benjamin-leroux-burgundy","1043608","20191043608"
"Benjamin Leroux","2020","Volnay, Clos de la Cave des Ducs, 1er Cru, Benjamin Leroux, Burgundy","335","Case of 3 Magnums","https://www.bbr.com/products-20201043608-2020-volnay-clos-de-la-cave-des-ducs-1er-cru-benjamin-leroux-burgundy","1043608","20201043608"
"Benjamin Leroux","2021","Volnay, Clos de la Cave des Ducs, 1er Cru, Benjamin Leroux, Burgundy","650","Case of 6 Bottles","https://www.bbr.com/products-20211043608-2021-volnay-clos-de-la-cave-des-ducs-1er-cru-benjamin-leroux-burgundy","1043608","20211043608"
"Benjamin Leroux","2022","Volnay, Clos de la Cave des Ducs, 1er Cru, Benjamin Leroux, Burgundy","525","Case of 6 Bottles","https://www.bbr.com/products-20221043608-2022-volnay-clos-de-la-cave-des-ducs-1er-cru-benjamin-leroux-burgundy","1043608","20221043608"
"Benjamin Leroux","2023","Volnay, Clos de la Cave des Ducs, 1er Cru, Benjamin Leroux, Burgundy","589","Case of 6 Bottles","https://www.bbr.com/products-20231043608-2023-volnay-clos-de-la-cave-des-ducs-1er-cru-benjamin-leroux-burgundy","1043608","20231043608"
"Jean-Marc Bouley","2021","Volnay, Clos de la Cave, Domaine Jean-Marc Bouley, Burgundy","380","Case of 6 Bottles","https://www.bbr.com/products-20218139328-2021-volnay-clos-de-la-cave-domaine-jean-marc-bouley-burgundy","1127393","20218139328"
"Domaine Francois Buffet","2013","Volnay, Clos de la Rougeotte, 1er Cru, Domaine Francois Buffet, Burgundy","300","Case of 6 Bottles","https://www.bbr.com/products-20138014290-2013-volnay-clos-de-la-rougeotte-1er-cru-domaine-francois-buffet-burgundy","1325382","20138014290"
"Domaine Francois Buffet","2015","Volnay, Clos de la Rougeotte, 1er Cru, Domaine Francois Buffet, Burgundy","275","Case of 6 Bottles","https://www.bbr.com/products-20158014290-2015-volnay-clos-de-la-rougeotte-1er-cru-domaine-francois-buffet-burgundy","1325382","20158014290"
"Domaine Francois Buffet","2020","Volnay, Clos de la Rougeotte, 1er Cru, Domaine Francois Buffet, Burgundy","330","Case of 6 Bottles","https://www.bbr.com/products-20208014290-2020-volnay-clos-de-la-rougeotte-1er-cru-domaine-francois-buffet-burgundy","1325382","20208014290"
"Domaine Francois Buffet","2021","Volnay, Clos de la Rougeotte, 1er Cru, Domaine Francois Buffet, Burgundy","600","Case of 6 Bottles","https://www.bbr.com/products-20218014290-2021-volnay-clos-de-la-rougeotte-1er-cru-domaine-francois-buffet-burgundy","1325382","20218014290"
"Domaine Francois Buffet","2022","Volnay, Clos de la Rougeotte, 1er Cru, Domaine Francois Buffet, Burgundy","345","Case of 6 Bottles","https://www.bbr.com/products-20228014290-2022-volnay-clos-de-la-rougeotte-1er-cru-domaine-francois-buffet-burgundy","1325382","20228014290"
"Domaine Bitouzet-Prieur","2016","Volnay, Clos des Chenes, 1er Cru, Domaine Bitouzet-Prieur, Burgundy","279","Case of 6 Bottles","https://www.bbr.com/products-20168029593-2016-volnay-clos-des-chenes-1er-cru-domaine-bitouzet-prieur-burgundy","1020274","20168029593"
"Domaine Bitouzet-Prieur","2017","Volnay, Clos des Chenes, 1er Cru, Domaine Bitouzet-Prieur, Burgundy","465","Case of 6 Bottles","https://www.bbr.com/products-20178029593-2017-volnay-clos-des-chenes-1er-cru-domaine-bitouzet-prieur-burgundy","1020274","20178029593"
"Domaine Bitouzet-Prieur","2019","Volnay, Clos des Chenes, 1er Cru, Domaine Bitouzet-Prieur, Burgundy","420","Case of 6 Bottles","https://www.bbr.com/products-20198029593-2019-volnay-clos-des-chenes-1er-cru-domaine-bitouzet-prieur-burgundy","1020274","20198029593"
"Domaine Bitouzet-Prieur","2020","Volnay, Clos des Chenes, 1er Cru, Domaine Bitouzet-Prieur, Burgundy","366","Case of 6 Bottles","https://www.bbr.com/products-20208029593-2020-volnay-clos-des-chenes-1er-cru-domaine-bitouzet-prieur-burgundy","1020274","20208029593"
"Domaine Bitouzet-Prieur","2021","Volnay, Clos des Chenes, 1er Cru, Domaine Bitouzet-Prieur, Burgundy","400","Case of 6 Bottles","https://www.bbr.com/products-20218029593-2021-volnay-clos-des-chenes-1er-cru-domaine-bitouzet-prieur-burgundy","1020274","20218029593"
"Domaine Bitouzet-Prieur","2022","Volnay, Clos des Chenes, 1er Cru, Domaine Bitouzet-Prieur, Burgundy","350","Case of 6 Bottles","https://www.bbr.com/products-20228029593-2022-volnay-clos-des-chenes-1er-cru-domaine-bitouzet-prieur-burgundy","1020274","20228029593"
"Domaine Fontaine-Gagnard","2020","Volnay, Clos des Chenes, 1er Cru, Domaine Fontaine-Gagnard, Burgundy","260","Case of 6 Bottles","https://www.bbr.com/products-20208151188-2020-volnay-clos-des-chenes-1er-cru-domaine-fontaine-gagnard-burgundy","1032042","20208151188"
"Domaine Francois Buffet","2016","Volnay, Clos des Chenes, 1er Cru, Domaine Francois Buffet, Burgundy","312","Case of 6 Bottles","https://www.bbr.com/products-20161185256-2016-volnay-clos-des-chenes-1er-cru-domaine-francois-buffet-burgundy","1185256","20161185256"
"Domaine Francois Buffet","2017","Volnay, Clos des Chenes, 1er Cru, Domaine Francois Buffet, Burgundy","280","Case of 6 Bottles","https://www.bbr.com/products-20171185256-2017-volnay-clos-des-chenes-1er-cru-domaine-francois-buffet-burgundy","1185256","20171185256"
"Domaine Francois Buffet","2018","Volnay, Clos des Chenes, 1er Cru, Domaine Francois Buffet, Burgundy","335","Case of 6 Bottles","https://www.bbr.com/products-20181185256-2018-volnay-clos-des-chenes-1er-cru-domaine-francois-buffet-burgundy","1185256","20181185256"
"Domaine Francois Buffet","2019","Volnay, Clos des Chenes, 1er Cru, Domaine Francois Buffet, Burgundy","250","Case of 6 Bottles","https://www.bbr.com/products-20191185256-2019-volnay-clos-des-chenes-1er-cru-domaine-francois-buffet-burgundy","1185256","20191185256"
"Domaine Francois Buffet","2020","Volnay, Clos des Chenes, 1er Cru, Domaine Francois Buffet, Burgundy","300","Case of 6 Bottles","https://www.bbr.com/products-20201185256-2020-volnay-clos-des-chenes-1er-cru-domaine-francois-buffet-burgundy","1185256","20201185256"
"Domaine Francois Buffet","2022","Volnay, Clos des Chenes, 1er Cru, Domaine Francois Buffet, Burgundy","250","Case of 6 Bottles","https://www.bbr.com/products-20221185256-2022-volnay-clos-des-chenes-1er-cru-domaine-francois-buffet-burgundy","1185256","20221185256"
"Domaine Francois Buffet","2023","Volnay, Clos des Chenes, 1er Cru, Domaine Francois Buffet, Burgundy","350","Case of 6 Bottles","https://www.bbr.com/products-20231185256-2023-volnay-clos-des-chenes-1er-cru-domaine-francois-buffet-burgundy","1185256","20231185256"
"Jean-Marc Bouley","2020","Volnay, Clos des Chenes, 1er Cru, Domaine Jean-Marc Bouley, Burgundy","950","Case of 6 Bottles","https://www.bbr.com/products-20208141053-2020-volnay-clos-des-chenes-1er-cru-domaine-jean-marc-bouley-burgundy","1022353","20208141053"
"Jean-Marc Bouley","2021","Volnay, Clos des Chenes, 1er Cru, Domaine Jean-Marc Bouley, Burgundy","805","Case of 6 Bottles","https://www.bbr.com/products-20218141053-2021-volnay-clos-des-chenes-1er-cru-domaine-jean-marc-bouley-burgundy","1022353","20218141053"
"Domaine Michel Lafarge","2002","Volnay, Clos des Chenes, 1er Cru, Domaine Michel Lafarge, Burgundy","2110","Case of 6 Bottles","https://www.bbr.com/products-20021039966-2002-volnay-clos-des-chenes-1er-cru-domaine-michel-lafarge-burgundy","1039966","20021039966"
"Domaine Michel Lafarge","2012","Volnay, Clos des Chenes, 1er Cru, Domaine Michel Lafarge, Burgundy","1900","Case of 6 Bottles","https://www.bbr.com/products-20121039966-2012-volnay-clos-des-chenes-1er-cru-domaine-michel-lafarge-burgundy","1039966","20121039966"
"Domaine Michel Lafarge","2013","Volnay, Clos des Chenes, 1er Cru, Domaine Michel Lafarge, Burgundy","710","Case of 6 Bottles","https://www.bbr.com/products-20131039966-2013-volnay-clos-des-chenes-1er-cru-domaine-michel-lafarge-burgundy","1039966","20131039966"
"Domaine Michel Lafarge","2014","Volnay, Clos des Chenes, 1er Cru, Domaine Michel Lafarge, Burgundy","1850","Case of 6 Bottles","https://www.bbr.com/products-20141039966-2014-volnay-clos-des-chenes-1er-cru-domaine-michel-lafarge-burgundy","1039966","20141039966"
"Domaine Michel Lafarge","2016","Volnay, Clos des Chenes, 1er Cru, Domaine Michel Lafarge, Burgundy","1195","Case of 6 Bottles","https://www.bbr.com/products-20161039966-2016-volnay-clos-des-chenes-1er-cru-domaine-michel-lafarge-burgundy","1039966","20161039966"
"Domaine Michel Lafarge","2017","Volnay, Clos des Chenes, 1er Cru, Domaine Michel Lafarge, Burgundy","855","Case of 6 Bottles","https://www.bbr.com/products-20171039966-2017-volnay-clos-des-chenes-1er-cru-domaine-michel-lafarge-burgundy","1039966","20171039966"
"Domaine Michel Lafarge","2018","Volnay, Clos des Chenes, 1er Cru, Domaine Michel Lafarge, Burgundy","988","Case of 6 Bottles","https://www.bbr.com/products-20181039966-2018-volnay-clos-des-chenes-1er-cru-domaine-michel-lafarge-burgundy","1039966","20181039966"
"Domaine Michel Lafarge","2018","Volnay, Clos des Chenes, 1er Cru, Domaine Michel Lafarge, Burgundy","1140","Case of 6 Bottles","https://www.bbr.com/products-20181039966-2018-volnay-clos-des-chenes-1er-cru-domaine-michel-lafarge-burgundy","1039966","20181039966"
"Domaine Michel Lafarge","2019","Volnay, Clos des Chenes, 1er Cru, Domaine Michel Lafarge, Burgundy","690","Case of 3 Bottles","https://www.bbr.com/products-20191039966-2019-volnay-clos-des-chenes-1er-cru-domaine-michel-lafarge-burgundy","1039966","20191039966"
"Domaine Michel Lafarge","2020","Volnay, Clos des Chenes, 1er Cru, Domaine Michel Lafarge, Burgundy","1400","Case of 6 Bottles","https://www.bbr.com/products-20201039966-2020-volnay-clos-des-chenes-1er-cru-domaine-michel-lafarge-burgundy","1039966","20201039966"
"Domaine Michel Lafarge","2022","Volnay, Clos des Chenes, 1er Cru, Domaine Michel Lafarge, Burgundy","845","Case of 6 Bottles","https://www.bbr.com/products-20221039966-2022-volnay-clos-des-chenes-1er-cru-domaine-michel-lafarge-burgundy","1039966","20221039966"
"Domaine Michel Lafarge","2023","Volnay, Clos des Chenes, 1er Cru, Domaine Michel Lafarge, Burgundy","750","Case of 6 Bottles","https://www.bbr.com/products-20231039966-2023-volnay-clos-des-chenes-1er-cru-domaine-michel-lafarge-burgundy","1039966","20231039966"
"Domaine des Comtes Lafon","2010","Volnay, Clos des Chenes, 1er Cru, Domaine des Comtes Lafon, Burgundy","1250","Case of 12 Bottles","https://www.bbr.com/products-20108005087-2010-volnay-clos-des-chenes-1er-cru-domaine-des-comtes-lafon-burgundy","1026986","20108005087"
"Domaine des Comtes Lafon","2013","Volnay, Clos des Chenes, 1er Cru, Domaine des Comtes Lafon, Burgundy","1750","Case of 12 Bottles","https://www.bbr.com/products-20138005087-2013-volnay-clos-des-chenes-1er-cru-domaine-des-comtes-lafon-burgundy","1026986","20138005087"
"Chateau de Meursault","2017","Volnay, Clos des Chenes, 1er Cru, Domaine du Chateau de Meursault, Burgundy","298","Case of 6 Bottles","https://www.bbr.com/products-20178220046-2017-volnay-clos-des-chenes-1er-cru-domaine-du-chateau-de-meursault-burgundy","1023725","20178220046"
"Maison Joseph Drouhin","2018","Volnay, Clos des Chenes, 1er Cru, Joseph Drouhin, Burgundy","480","Case of 6 Bottles","https://www.bbr.com/products-20188019208-2018-volnay-clos-des-chenes-1er-cru-joseph-drouhin-burgundy","1029411","20188019208"
"Louis Jadot","2017","Volnay, Clos des Chenes, 1er Cru, Louis Jadot, Burgundy","290","Case of 6 Bottles","https://www.bbr.com/products-20178159605-2017-volnay-clos-des-chenes-1er-cru-louis-jadot-burgundy","1038842","20178159605"
"Louis Jadot","2020","Volnay, Clos des Chenes, 1er Cru, Louis Jadot, Burgundy","323","Case of 6 Bottles","https://www.bbr.com/products-20208159605-2020-volnay-clos-des-chenes-1er-cru-louis-jadot-burgundy","1038842","20208159605"
"Maison Roche de Bellene","2009","Volnay, Clos des Chenes, 1er Cru, Maison Roche de Bellene, Burgundy","456","Case of 12 Bottles","https://www.bbr.com/products-20098020457-2009-volnay-clos-des-chenes-1er-cru-maison-roche-de-bellene-burgundy","1132120","20098020457"
"Maison Roche de Bellene","2010","Volnay, Clos des Chenes, 1er Cru, Maison Roche de Bellene, Burgundy","375","Case of 6 Bottles","https://www.bbr.com/products-20108020457-2010-volnay-clos-des-chenes-1er-cru-maison-roche-de-bellene-burgundy","1132120","20108020457"
"Pierrick Bouley","2021","Volnay, Clos des Chenes, 1er Cru, Pierrick Bouley, Burgundy","505","Case of 6 Bottles","https://www.bbr.com/products-20218063722-2021-volnay-clos-des-chenes-1er-cru-pierrick-bouley-burgundy","1977653","20218063722"
"Marquis d'Angerville","2008","Volnay, Clos des Ducs, 1er Cru, Domaine Marquis d'Angerville, Burgundy","3000","Case of 12 Bottles","https://www.bbr.com/products-20088122744-2008-volnay-clos-des-ducs-1er-cru-domaine-marquis-d-angerville-burgundy","1018376","20088122744"
"Marquis d'Angerville","2009","Volnay, Clos des Ducs, 1er Cru, Domaine Marquis d'Angerville, Burgundy","3500","Case of 12 Bottles","https://www.bbr.com/products-20098122744-2009-volnay-clos-des-ducs-1er-cru-domaine-marquis-d-angerville-burgundy","1018376","20098122744"
"Marquis d'Angerville","2014","Volnay, Clos des Ducs, 1er Cru, Domaine Marquis d'Angerville, Burgundy","750","Case of 6 Bottles","https://www.bbr.com/products-20148122744-2014-volnay-clos-des-ducs-1er-cru-domaine-marquis-d-angerville-burgundy","1018376","20148122744"
"Marquis d'Angerville","2016","Volnay, Clos des Ducs, 1er Cru, Domaine Marquis d'Angerville, Burgundy","960","Case of 6 Bottles","https://www.bbr.com/products-20168122744-2016-volnay-clos-des-ducs-1er-cru-domaine-marquis-d-angerville-burgundy","1018376","20168122744"
"Marquis d'Angerville","2017","Volnay, Clos des Ducs, 1er Cru, Domaine Marquis d'Angerville, Burgundy","1200","Case of 6 Bottles","https://www.bbr.com/products-20178122744-2017-volnay-clos-des-ducs-1er-cru-domaine-marquis-d-angerville-burgundy","1018376","20178122744"
"Marquis d'Angerville","2020","Volnay, Clos des Ducs, 1er Cru, Domaine Marquis d'Angerville, Burgundy","1899","Case of 6 Bottles","https://www.bbr.com/products-20208122744-2020-volnay-clos-des-ducs-1er-cru-domaine-marquis-d-angerville-burgundy","1018376","20208122744"
"Marquis d'Angerville","2021","Volnay, Clos des Ducs, 1er Cru, Domaine Marquis d'Angerville, Burgundy","790","Case of 3 Bottles","https://www.bbr.com/products-20218122744-2021-volnay-clos-des-ducs-1er-cru-domaine-marquis-d-angerville-burgundy","1018376","20218122744"
"Marquis d'Angerville","2022","Volnay, Clos des Ducs, 1er Cru, Domaine Marquis d'Angerville, Burgundy","825","Case of 3 Bottles","https://www.bbr.com/products-20228122744-2022-volnay-clos-des-ducs-1er-cru-domaine-marquis-d-angerville-burgundy","1018376","20228122744"
"Domaine Michel Lafarge","2018","Volnay, Clos du Chateau des Ducs, 1er Cru, Domaine Michel Lafarge, Burgu","1140","Case of 6 Bottles","https://www.bbr.com/products-20181039979-2018-volnay-clos-du-chateau-des-ducs-1er-cru-domaine-michel-lafarge-burgu","1039979","20181039979"
"Domaine Michel Lafarge","2018","Volnay, Clos du Chateau des Ducs, 1er Cru, Domaine Michel Lafarge, Burgu","845","Case of 6 Bottles","https://www.bbr.com/products-20181039979-2018-volnay-clos-du-chateau-des-ducs-1er-cru-domaine-michel-lafarge-burgu","1039979","20181039979"
"Domaine Michel Lafarge","2003","Volnay, Clos du Chateau des Ducs, 1er Cru, Domaine Michel Lafarge, Burgundy","2850","Case of 12 Bottles","https://www.bbr.com/products-20031039979-2003-volnay-clos-du-chateau-des-ducs-1er-cru-domaine-michel-lafarge-burgundy","1039979","20031039979"
"Domaine Michel Lafarge","2012","Volnay, Clos du Chateau des Ducs, 1er Cru, Domaine Michel Lafarge, Burgundy","1750","Case of 6 Bottles","https://www.bbr.com/products-20121039979-2012-volnay-clos-du-chateau-des-ducs-1er-cru-domaine-michel-lafarge-burgundy","1039979","20121039979"
"Domaine Michel Lafarge","2019","Volnay, Clos du Chateau des Ducs, 1er Cru, Domaine Michel Lafarge, Burgundy","745","Case of 3 Bottles","https://www.bbr.com/products-20191039979-2019-volnay-clos-du-chateau-des-ducs-1er-cru-domaine-michel-lafarge-burgundy","1039979","20191039979"
"Domaine Michel Lafarge","2020","Volnay, Clos du Chateau des Ducs, 1er Cru, Domaine Michel Lafarge, Burgundy","925","Case of 6 Bottles","https://www.bbr.com/products-20201039979-2020-volnay-clos-du-chateau-des-ducs-1er-cru-domaine-michel-lafarge-burgundy","1039979","20201039979"
"Domaine Michel Lafarge","2022","Volnay, Clos du Chateau des Ducs, 1er Cru, Domaine Michel Lafarge, Burgundy","850","Case of 6 Bottles","https://www.bbr.com/products-20221039979-2022-volnay-clos-du-chateau-des-ducs-1er-cru-domaine-michel-lafarge-burgundy","1039979","20221039979"
"Domaine Michel Lafarge","2023","Volnay, Clos du Chateau des Ducs, 1er Cru, Domaine Michel Lafarge, Burgundy","960","Case of 6 Bottles","https://www.bbr.com/products-20231039979-2023-volnay-clos-du-chateau-des-ducs-1er-cru-domaine-michel-lafarge-burgundy","1039979","20231039979"
"Domaine Clerget","2023","Volnay, Clos du Verseuil, 1er Cru, Domaine Yvon Clerget, Burgundy","360","Case of 3 Bottles","https://www.bbr.com/products-20238105989-2023-volnay-clos-du-verseuil-1er-cru-domaine-yvon-clerget-burgundy","1227628","20238105989"
"Domaine Comte Armand","2005","Volnay, Comte Armand, Burgundy","290","Case of 6 Bottles","https://www.bbr.com/products-20058003533-2005-volnay-comte-armand-burgundy","1026537","20058003533"
"Domaine Comte Armand","2009","Volnay, Comte Armand, Burgundy","225","Case of 6 Bottles","https://www.bbr.com/products-20098003533-2009-volnay-comte-armand-burgundy","1026537","20098003533"
"Domaine Comte Armand","2010","Volnay, Comte Armand, Burgundy","300","Case of 6 Bottles","https://www.bbr.com/products-20108003533-2010-volnay-comte-armand-burgundy","1026537","20108003533"
"Domaine Comte Armand","2012","Volnay, Comte Armand, Burgundy","554","Case of 6 Bottles","https://www.bbr.com/products-20128003533-2012-volnay-comte-armand-burgundy","1026537","20128003533"
"Domaine Comte Armand","2015","Volnay, Comte Armand, Burgundy","400","Case of 6 Bottles","https://www.bbr.com/products-20158003533-2015-volnay-comte-armand-burgundy","1026537","20158003533"
"Domaine Comte Armand","2021","Volnay, Comte Armand, Burgundy","225","Case of 6 Bottles","https://www.bbr.com/products-20218003533-2021-volnay-comte-armand-burgundy","1026537","20218003533"
"Domaine Comte Armand","2022","Volnay, Comte Armand, Burgundy","200","Case of 6 Bottles","https://www.bbr.com/products-20228003533-2022-volnay-comte-armand-burgundy","1026537","20228003533"
"Domaine Bitouzet-Prieur","2019","Volnay, Domaine Bitouzet-Prieur, Burgundy","160","Case of 6 Bottles","https://www.bbr.com/products-20198013033-2019-volnay-domaine-bitouzet-prieur-burgundy","1020245","20198013033"
"Domaine Bitouzet-Prieur","2020","Volnay, Domaine Bitouzet-Prieur, Burgundy","175","Case of 6 Bottles","https://www.bbr.com/products-20208013033-2020-volnay-domaine-bitouzet-prieur-burgundy","1020245","20208013033"
"Domaine Bitouzet-Prieur","2022","Volnay, Domaine Bitouzet-Prieur, Burgundy","190","Case of 6 Bottles","https://www.bbr.com/products-20228013033-2022-volnay-domaine-bitouzet-prieur-burgundy","1020245","20228013033"
"Jean-Marc Bouley","2017","Volnay, Domaine Jean-Marc Bouley, Burgundy","295","Case of 6 Bottles","https://www.bbr.com/products-20178141079-2017-volnay-domaine-jean-marc-bouley-burgundy","1022324","20178141079"
"Domaine Michel Lafarge","2005","Volnay, Domaine Michel Lafarge, Burgundy","705","Case of 12 Bottles","https://www.bbr.com/products-20051039937-2005-volnay-domaine-michel-lafarge-burgundy","1039937","20051039937"
"Domaine Michel Lafarge","2016","Volnay, Domaine Michel Lafarge, Burgundy","500","Case of 12 Bottles","https://www.bbr.com/products-20161039937-2016-volnay-domaine-michel-lafarge-burgundy","1039937","20161039937"
"Domaine Michel Lafarge","2017","Volnay, Domaine Michel Lafarge, Burgundy","340","Case of 6 Bottles","https://www.bbr.com/products-20171039937-2017-volnay-domaine-michel-lafarge-burgundy","1039937","20171039937"
"Domaine Michel Lafarge","2017","Volnay, Domaine Michel Lafarge, Burgundy","629","Case of 12 Bottles","https://www.bbr.com/products-20171039937-2017-volnay-domaine-michel-lafarge-burgundy","1039937","20171039937"
"Domaine Michel Lafarge","2018","Volnay, Domaine Michel Lafarge, Burgundy","330","Case of 12 Bottles","https://www.bbr.com/products-20181039937-2018-volnay-domaine-michel-lafarge-burgundy","1039937","20181039937"
"Domaine Michel Lafarge","2018","Volnay, Domaine Michel Lafarge, Burgundy","345","Case of 6 Bottles","https://www.bbr.com/products-20181039937-2018-volnay-domaine-michel-lafarge-burgundy","1039937","20181039937"
"Domaine Michel Lafarge","2019","Volnay, Domaine Michel Lafarge, Burgundy","310","Case of 6 Bottles","https://www.bbr.com/products-20191039937-2019-volnay-domaine-michel-lafarge-burgundy","1039937","20191039937"
"Domaine Michel Lafarge","2020","Volnay, Domaine Michel Lafarge, Burgundy","280","Case of 6 Bottles","https://www.bbr.com/products-20201039937-2020-volnay-domaine-michel-lafarge-burgundy","1039937","20201039937"
"Domaine Michel Lafarge","2021","Volnay, Domaine Michel Lafarge, Burgundy","280","Case of 6 Bottles","https://www.bbr.com/products-20211039937-2021-volnay-domaine-michel-lafarge-burgundy","1039937","20211039937"
"Domaine Michel Lafarge","2021","Volnay, Domaine Michel Lafarge, Burgundy","230","Case of 6 Bottles","https://www.bbr.com/products-20211039937-2021-volnay-domaine-michel-lafarge-burgundy","1039937","20211039937"
"Domaine Michel Lafarge","2022","Volnay, Domaine Michel Lafarge, Burgundy","305","Case of 6 Bottles","https://www.bbr.com/products-20221039937-2022-volnay-domaine-michel-lafarge-burgundy","1039937","20221039937"
"Domaine Michel Lafarge","2023","Volnay, Domaine Michel Lafarge, Burgundy","310","Case of 6 Bottles","https://www.bbr.com/products-20231039937-2023-volnay-domaine-michel-lafarge-burgundy","1039937","20231039937"
"Dominique Lafon","2010","Volnay, Dominique Lafon, Burgundy","875","Case of 12 Bottles","https://www.bbr.com/products-20108020864-2010-volnay-dominique-lafon-burgundy","1040014","20108020864"
"Dominique Lafon","2011","Volnay, Dominique Lafon, Burgundy","396","Case of 12 Bottles","https://www.bbr.com/products-20118020864-2011-volnay-dominique-lafon-burgundy","1040014","20118020864"
"Dominique Lafon","2013","Volnay, Dominique Lafon, Burgundy","505","Case of 12 Bottles","https://www.bbr.com/products-20138020864-2013-volnay-dominique-lafon-burgundy","1040014","20138020864"
"Dominique Lafon","2015","Volnay, Dominique Lafon, Burgundy","515","Case of 12 Bottles","https://www.bbr.com/products-20158020864-2015-volnay-dominique-lafon-burgundy","1040014","20158020864"
"Dominique Lafon","2018","Volnay, Dominique Lafon, Burgundy","700","Case of 12 Bottles","https://www.bbr.com/products-20188020864-2018-volnay-dominique-lafon-burgundy","1040014","20188020864"
"Benjamin Leroux","2015","Volnay, En Caillerets, 1er Cru, Benjamin Leroux, Burgundy","500","Case of 6 Bottles","https://www.bbr.com/products-20151424997-2015-volnay-en-caillerets-1er-cru-benjamin-leroux-burgundy","1424997","20151424997"
"Benjamin Leroux","2016","Volnay, En Caillerets, 1er Cru, Benjamin Leroux, Burgundy","459","Case of 6 Bottles","https://www.bbr.com/products-20161424997-2016-volnay-en-caillerets-1er-cru-benjamin-leroux-burgundy","1424997","20161424997"
"Benjamin Leroux","2017","Volnay, En Caillerets, 1er Cru, Benjamin Leroux, Burgundy","525","Case of 6 Bottles","https://www.bbr.com/products-20171424997-2017-volnay-en-caillerets-1er-cru-benjamin-leroux-burgundy","1424997","20171424997"
"Benjamin Leroux","2018","Volnay, En Caillerets, 1er Cru, Benjamin Leroux, Burgundy","399","Case of 6 Bottles","https://www.bbr.com/products-20181424997-2018-volnay-en-caillerets-1er-cru-benjamin-leroux-burgundy","1424997","20181424997"
"Benjamin Leroux","2018","Volnay, En Caillerets, 1er Cru, Benjamin Leroux, Burgundy","400","Case of 6 Bottles","https://www.bbr.com/products-20181424997-2018-volnay-en-caillerets-1er-cru-benjamin-leroux-burgundy","1424997","20181424997"
"Benjamin Leroux","2019","Volnay, En Caillerets, 1er Cru, Benjamin Leroux, Burgundy","570","Case of 6 Bottles","https://www.bbr.com/products-20191424997-2019-volnay-en-caillerets-1er-cru-benjamin-leroux-burgundy","1424997","20191424997"
"Benjamin Leroux","2019","Volnay, En Caillerets, 1er Cru, Benjamin Leroux, Burgundy","535","Case of 6 Bottles","https://www.bbr.com/products-20191424997-2019-volnay-en-caillerets-1er-cru-benjamin-leroux-burgundy","1424997","20191424997"
"Benjamin Leroux","2020","Volnay, En Caillerets, 1er Cru, Benjamin Leroux, Burgundy","819","Case of 6 Bottles","https://www.bbr.com/products-20201424997-2020-volnay-en-caillerets-1er-cru-benjamin-leroux-burgundy","1424997","20201424997"
"Benjamin Leroux","2022","Volnay, En Caillerets, 1er Cru, Benjamin Leroux, Burgundy","1320","Case of 6 Bottles","https://www.bbr.com/products-20221424997-2022-volnay-en-caillerets-1er-cru-benjamin-leroux-burgundy","1424997","20221424997"
"Benjamin Leroux","2023","Volnay, En Caillerets, 1er Cru, Benjamin Leroux, Burgundy","2640","Case of 6 Bottles","https://www.bbr.com/products-20231424997-2023-volnay-en-caillerets-1er-cru-benjamin-leroux-burgundy","1424997","20231424997"
"Domaine de la Pousse D'Or","2018","Volnay, En Caillerets, 1er Cru, La Pousse d'Or, Burgundy","680","Case of 12 Bottles","https://www.bbr.com/products-20188120333-2018-volnay-en-caillerets-1er-cru-la-pousse-d-or-burgundy","1053111","20188120333"
"Domaine de la Pousse D'Or","2015","Volnay, En Caillerets, En Amphore, 1er Cru, La Pousse d'Or, Burgundy","812","Case of 12 Bottles","https://www.bbr.com/products-20158106087-2015-volnay-en-caillerets-en-amphore-1er-cru-la-pousse-d-or-burgundy","1513233","20158106087"
"Domaine de Montille","2005","Volnay, En Champans, 1er Cru, Domaine de Montille, Burgundy","1500","Case of 12 Bottles","https://www.bbr.com/products-20058009678-2005-volnay-en-champans-1er-cru-domaine-de-montille-burgundy","1048212","20058009678"
"Domaine de Montille","2010","Volnay, En Champans, 1er Cru, Domaine de Montille, Burgundy","590","Case of 6 Bottles","https://www.bbr.com/products-20108009678-2010-volnay-en-champans-1er-cru-domaine-de-montille-burgundy","1048212","20108009678"
"Domaine de Montille","2013","Volnay, En Champans, 1er Cru, Domaine de Montille, Burgundy","825","Case of 6 Bottles","https://www.bbr.com/products-20138009678-2013-volnay-en-champans-1er-cru-domaine-de-montille-burgundy","1048212","20138009678"
"Domaine de Montille","2015","Volnay, En Champans, 1er Cru, Domaine de Montille, Burgundy","440","Case of 6 Bottles","https://www.bbr.com/products-20158009678-2015-volnay-en-champans-1er-cru-domaine-de-montille-burgundy","1048212","20158009678"
"Domaine de Montille","2015","Volnay, En Champans, 1er Cru, Domaine de Montille, Burgundy","1038","Case of 12 Bottles","https://www.bbr.com/products-20158009678-2015-volnay-en-champans-1er-cru-domaine-de-montille-burgundy","1048212","20158009678"
"Domaine de Montille","2016","Volnay, En Champans, 1er Cru, Domaine de Montille, Burgundy","495","Case of 3 Magnums","https://www.bbr.com/products-20168009678-2016-volnay-en-champans-1er-cru-domaine-de-montille-burgundy","1048212","20168009678"
"Domaine de Montille","2017","Volnay, En Champans, 1er Cru, Domaine de Montille, Burgundy","1094","Case of 12 Bottles","https://www.bbr.com/products-20178009678-2017-volnay-en-champans-1er-cru-domaine-de-montille-burgundy","1048212","20178009678"
"Domaine de Montille","2017","Volnay, En Champans, 1er Cru, Domaine de Montille, Burgundy","425","Case of 6 Bottles","https://www.bbr.com/products-20178009678-2017-volnay-en-champans-1er-cru-domaine-de-montille-burgundy","1048212","20178009678"
"Domaine de Montille","2017","Volnay, En Champans, 1er Cru, Domaine de Montille, Burgundy","445","Case of 3 Magnums","https://www.bbr.com/products-20178009678-2017-volnay-en-champans-1er-cru-domaine-de-montille-burgundy","1048212","20178009678"
"Domaine de Montille","2018","Volnay, En Champans, 1er Cru, Domaine de Montille, Burgundy","440","Case of 6 Bottles","https://www.bbr.com/products-20188009678-2018-volnay-en-champans-1er-cru-domaine-de-montille-burgundy","1048212","20188009678"
"Domaine de Montille","2019","Volnay, En Champans, 1er Cru, Domaine de Montille, Burgundy","570","Case of 6 Bottles","https://www.bbr.com/products-20198009678-2019-volnay-en-champans-1er-cru-domaine-de-montille-burgundy","1048212","20198009678"
"Domaine de Montille","2019","Volnay, En Champans, 1er Cru, Domaine de Montille, Burgundy","615","Case of 6 Bottles","https://www.bbr.com/products-20198009678-2019-volnay-en-champans-1er-cru-domaine-de-montille-burgundy","1048212","20198009678"
"Marquis d'Angerville","2008","Volnay, Fremiet, 1er Cru, Domaine Marquis d'Angerville, Burgundy","695","Case of 12 Bottles","https://www.bbr.com/products-20088122731-2008-volnay-fremiet-1er-cru-domaine-marquis-d-angerville-burgundy","1018389","20088122731"
"Marquis d'Angerville","2019","Volnay, Fremiet, 1er Cru, Domaine Marquis d'Angerville, Burgundy","479","Case of 6 Bottles","https://www.bbr.com/products-20198122731-2019-volnay-fremiet-1er-cru-domaine-marquis-d-angerville-burgundy","1018389","20198122731"
"Marquis d'Angerville","2019","Volnay, Fremiet, 1er Cru, Domaine Marquis d'Angerville, Burgundy","480","Case of 6 Bottles","https://www.bbr.com/products-20198122731-2019-volnay-fremiet-1er-cru-domaine-marquis-d-angerville-burgundy","1018389","20198122731"
"Marquis d'Angerville","2020","Volnay, Fremiet, 1er Cru, Domaine Marquis d'Angerville, Burgundy","535","Case of 6 Bottles","https://www.bbr.com/products-20208122731-2020-volnay-fremiet-1er-cru-domaine-marquis-d-angerville-burgundy","1018389","20208122731"
"Domaine Comte Armand","2005","Volnay, Fremiets, 1er Cru, Comte Armand, Burgundy","600","Case of 6 Bottles","https://www.bbr.com/products-20058023588-2005-volnay-fremiets-1er-cru-comte-armand-burgundy","1026540","20058023588"
"Domaine Comte Armand","2011","Volnay, Fremiets, 1er Cru, Comte Armand, Burgundy","280","Case of 6 Bottles","https://www.bbr.com/products-20118023588-2011-volnay-fremiets-1er-cru-comte-armand-burgundy","1026540","20118023588"
"Domaine Joseph Faiveley","2020","Volnay, Fremiets, 1er Cru, Domaine Faiveley, Burgundy","270","Case of 6 Bottles","https://www.bbr.com/products-20208076135-2020-volnay-fremiets-1er-cru-domaine-faiveley-burgundy","1143513","20208076135"
"Jean-Yves Devevey","2019","Volnay, Jean-Yves Devevey, Burgundy","360","Case of 6 Bottles","https://www.bbr.com/products-20198030801-2019-volnay-jean-yves-devevey-burgundy","1498570","20198030801"
"Jean-Yves Devevey","2022","Volnay, Jean-Yves Devevey, Burgundy","206","Case of 6 Bottles","https://www.bbr.com/products-20228030801-2022-volnay-jean-yves-devevey-burgundy","1498570","20228030801"
"Domaine Georges Glantenay","2021","Volnay, Le Ronceret, 1er Cru, Domaine Georges Glantenay, Burgundy","340","Case of 6 Bottles","https://www.bbr.com/products-20218157409-2021-volnay-le-ronceret-1er-cru-domaine-georges-glantenay-burgundy","1762181","20218157409"
"Domaine Pierre Vincent","2023","Volnay, Le Ronceret, 1er Cru, Domaine Pierre Vincent, Burgundy","695","Case of 3 Bottles","https://www.bbr.com/products-20238182177-2023-volnay-le-ronceret-1er-cru-domaine-pierre-vincent-burgundy","1964787","20238182177"
"Louis Boillot","2019","Volnay, Les Angles, 1er Cru, Domaine Louis Boillot & Fils, Burgundy","310","Case of 6 Bottles","https://www.bbr.com/products-20191021402-2019-volnay-les-angles-1er-cru-domaine-louis-boillot-fils-burgundy","1021402","20191021402"
"Louis Boillot","2021","Volnay, Les Angles, 1er Cru, Domaine Louis Boillot &amp; Fils, Burgundy","375","Case of 6 Bottles","https://www.bbr.com/products-20211021402-2021-volnay-les-angles-1er-cru-domaine-louis-boillot-and-fils-burgundy","1021402","20211021402"
"Domaine Bitouzet-Prieur","2016","Volnay, Les Aussy, 1er Cru, Domaine Bitouzet-Prieur, Burgundy","295","Case of 6 Bottles","https://www.bbr.com/products-20168013046-2016-volnay-les-aussy-1er-cru-domaine-bitouzet-prieur-burgundy","1020258","20168013046"
"Domaine Bitouzet-Prieur","2017","Volnay, Les Aussy, 1er Cru, Domaine Bitouzet-Prieur, Burgundy","210","Case of 1 Jeroboam 300cl","https://www.bbr.com/products-20178013046-2017-volnay-les-aussy-1er-cru-domaine-bitouzet-prieur-burgundy","1020258","20178013046"
"Domaine Bitouzet-Prieur","2019","Volnay, Les Aussy, 1er Cru, Domaine Bitouzet-Prieur, Burgundy","225","Case of 6 Bottles","https://www.bbr.com/products-20198013046-2019-volnay-les-aussy-1er-cru-domaine-bitouzet-prieur-burgundy","1020258","20198013046"
"Domaine Bitouzet-Prieur","2020","Volnay, Les Aussy, 1er Cru, Domaine Bitouzet-Prieur, Burgundy","198","Case of 6 Bottles","https://www.bbr.com/products-20208013046-2020-volnay-les-aussy-1er-cru-domaine-bitouzet-prieur-burgundy","1020258","20208013046"
"Domaine Bitouzet-Prieur","2021","Volnay, Les Aussy, 1er Cru, Domaine Bitouzet-Prieur, Burgundy","300","Case of 6 Bottles","https://www.bbr.com/products-20218013046-2021-volnay-les-aussy-1er-cru-domaine-bitouzet-prieur-burgundy","1020258","20218013046"
"Domaine Bitouzet-Prieur","2022","Volnay, Les Aussy, 1er Cru, Domaine Bitouzet-Prieur, Burgundy","280","Case of 6 Bottles","https://www.bbr.com/products-20228013046-2022-volnay-les-aussy-1er-cru-domaine-bitouzet-prieur-burgundy","1020258","20228013046"
"Domaine Bitouzet-Prieur","2023","Volnay, Les Aussy, 1er Cru, Domaine Bitouzet-Prieur, Burgundy","400","Case of 6 Bottles","https://www.bbr.com/products-20238013046-2023-volnay-les-aussy-1er-cru-domaine-bitouzet-prieur-burgundy","1020258","20238013046"
"Domaine Darviot - Perrin","2009","Volnay, Les Blanches, Domaine Darviot-Perrin, Burgundy","410","Case of 12 Bottles","https://www.bbr.com/products-20098206211-2009-volnay-les-blanches-domaine-darviot-perrin-burgundy","1316342","20098206211"
"Domaine Darviot - Perrin","2011","Volnay, Les Blanches, Domaine Darviot-Perrin, Burgundy","420","Case of 12 Bottles","https://www.bbr.com/products-20118206211-2011-volnay-les-blanches-domaine-darviot-perrin-burgundy","1316342","20118206211"
"Domaine de Montille","2017","Volnay, Les Brouillards, 1er Cru, Domaine de Montille, Burgundy","400","Case of 6 Bottles","https://www.bbr.com/products-20178018298-2017-volnay-les-brouillards-1er-cru-domaine-de-montille-burgundy","1048182","20178018298"
"Maison Camille Giroud","2010","Volnay, Les Caillerets, 1er Cru, Camille Giroud, Burgundy","498","Case of 6 Bottles","https://www.bbr.com/products-20108024110-2010-volnay-les-caillerets-1er-cru-camille-giroud-burgundy","1171080","20108024110"
"Maison Camille Giroud","2011","Volnay, Les Caillerets, 1er Cru, Camille Giroud, Burgundy","385","Case of 6 Bottles","https://www.bbr.com/products-20118024110-2011-volnay-les-caillerets-1er-cru-camille-giroud-burgundy","1171080","20118024110"
"Domaine Christophe Vaudoisey","2013","Volnay, Les Caillerets, 1er Cru, Christophe Vaudoisey, Burgundy","995","Case of 12 Bottles","https://www.bbr.com/products-20138207801-2013-volnay-les-caillerets-1er-cru-christophe-vaudoisey-burgundy","1247947","20138207801"
"Henri Boillot","2005","Volnay, Les Caillerets, 1er Cru, Domaine Henri Boillot, Burgundy","1190","Case of 12 Bottles","https://www.bbr.com/products-20058014548-2005-volnay-les-caillerets-1er-cru-domaine-henri-boillot-burgundy","1020838","20058014548"
"Henri Boillot","2015","Volnay, Les Caillerets, 1er Cru, Domaine Henri Boillot, Burgundy","900","Case of 12 Bottles","https://www.bbr.com/products-20158014548-2015-volnay-les-caillerets-1er-cru-domaine-henri-boillot-burgundy","1020838","20158014548"
"Henri Boillot","2016","Volnay, Les Caillerets, 1er Cru, Domaine Henri Boillot, Burgundy","480","Case of 6 Bottles","https://www.bbr.com/products-20168014548-2016-volnay-les-caillerets-1er-cru-domaine-henri-boillot-burgundy","1020838","20168014548"
"Henri Boillot","2018","Volnay, Les Caillerets, 1er Cru, Domaine Henri Boillot, Burgundy","650","Case of 6 Bottles","https://www.bbr.com/products-20188014548-2018-volnay-les-caillerets-1er-cru-domaine-henri-boillot-burgundy","1020838","20188014548"
"Domaine Michel Lafarge","2016","Volnay, Les Caillerets, 1er Cru, Domaine Michel Lafarge, Burgundy","1225","Case of 6 Bottles","https://www.bbr.com/products-20161039953-2016-volnay-les-caillerets-1er-cru-domaine-michel-lafarge-burgundy","1039953","20161039953"
"Domaine Michel Lafarge","2017","Volnay, Les Caillerets, 1er Cru, Domaine Michel Lafarge, Burgundy","1190","Case of 6 Bottles","https://www.bbr.com/products-20171039953-2017-volnay-les-caillerets-1er-cru-domaine-michel-lafarge-burgundy","1039953","20171039953"
"Domaine Michel Lafarge","2020","Volnay, Les Caillerets, 1er Cru, Domaine Michel Lafarge, Burgundy","190","Case of 1 Bottles","https://www.bbr.com/products-20201039953-2020-volnay-les-caillerets-1er-cru-domaine-michel-lafarge-burgundy","1039953","20201039953"
"Domaine Michel Lafarge","2022","Volnay, Les Caillerets, 1er Cru, Domaine Michel Lafarge, Burgundy","570","Case of 3 Bottles","https://www.bbr.com/products-20221039953-2022-volnay-les-caillerets-1er-cru-domaine-michel-lafarge-burgundy","1039953","20221039953"
"Lucien Le Moine","2017","Volnay, Les Caillerets, 1er Cru, Lucien Le Moine, Burgundy","497","Case of 6 Bottles","https://www.bbr.com/products-20178115245-2017-volnay-les-caillerets-1er-cru-lucien-le-moine-burgundy","1042799","20178115245"
"Maison Roche de Bellene","2021","Volnay, Les Caillerets, 1er Cru, Maison Roche de Bellene, Burgundy","350","Case of 3 Magnums","https://www.bbr.com/products-20218169541-2021-volnay-les-caillerets-1er-cru-maison-roche-de-bellene-burgundy","1969115","20218169541"
"Domaine Voillot","2020","Volnay, Les Champans, 1er Cru, Domaine Joseph Voillot, Burgundy","344","Case of 6 Bottles","https://www.bbr.com/products-20208217356-2020-volnay-les-champans-1er-cru-domaine-joseph-voillot-burgundy","1059230","20208217356"
"Domaine Voillot","2021","Volnay, Les Champans, 1er Cru, Domaine Joseph Voillot, Burgundy","385","Case of 6 Bottles","https://www.bbr.com/products-20218217356-2021-volnay-les-champans-1er-cru-domaine-joseph-voillot-burgundy","1059230","20218217356"
"Pierrick Bouley","2019","Volnay, Les Champans, 1er Cru, Pierrick Bouley, Burgundy","320","Case of 6 Bottles","https://www.bbr.com/products-20198063719-2019-volnay-les-champans-1er-cru-pierrick-bouley-burgundy","1977640","20198063719"
"Henri Boillot","2020","Volnay, Les Chevrets, 1er Cru, Domaine Henri Boillot, Burgundy","400","Case of 6 Bottles","https://www.bbr.com/products-20201020841-2020-volnay-les-chevrets-1er-cru-domaine-henri-boillot-burgundy","1020841","20201020841"
"Sebastien Magnien","2012","Volnay, Les Echards, Domaine Sebastien Magnien, Burgundy","356","Case of 6 Bottles","https://www.bbr.com/products-20128019527-2012-volnay-les-echards-domaine-sebastien-magnien-burgundy","1722484","20128019527"
"Sebastien Magnien","2018","Volnay, Les Echards, Domaine Sebastien Magnien, Burgundy","190","Case of 6 Bottles","https://www.bbr.com/products-20188019527-2018-volnay-les-echards-domaine-sebastien-magnien-burgundy","1722484","20188019527"
"Henri Boillot","2014","Volnay, Les Fremiets, 1er Cru, Domaine Henri Boillot, Burgundy","705","Case of 12 Bottles","https://www.bbr.com/products-20148014580-2014-volnay-les-fremiets-1er-cru-domaine-henri-boillot-burgundy","1020854","20148014580"
"Henri Boillot","2018","Volnay, Les Fremiets, 1er Cru, Domaine Henri Boillot, Burgundy","420","Case of 6 Bottles","https://www.bbr.com/products-20188014580-2018-volnay-les-fremiets-1er-cru-domaine-henri-boillot-burgundy","1020854","20188014580"
"Louis Boillot","2015","Volnay, Les Grands Poisots, Domaine Louis Boillot &amp; Fils, Burgundy","290","Case of 6 Bottles","https://www.bbr.com/products-20151143382-2015-volnay-les-grands-poisots-domaine-louis-boillot-and-fils-burgundy","1143382","20151143382"
"Maison Camille Giroud","2018","Volnay, Les Lurets, 1er Cru, Camille Giroud, Burgundy","345","Case of 6 Bottles","https://www.bbr.com/products-20188020691-2018-volnay-les-lurets-1er-cru-camille-giroud-burgundy","1512034","20188020691"
"Dominique Lafon","2008","Volnay, Les Lurets, 1er Cru, Dominique Lafon, Burgundy","888","Case of 12 Bottles","https://www.bbr.com/products-20088014072-2008-volnay-les-lurets-1er-cru-dominique-lafon-burgundy","1040027","20088014072"
"Dominique Lafon","2010","Volnay, Les Lurets, 1er Cru, Dominique Lafon, Burgundy","620","Case of 6 Bottles","https://www.bbr.com/products-20108014072-2010-volnay-les-lurets-1er-cru-dominique-lafon-burgundy","1040027","20108014072"
"Dominique Lafon","2011","Volnay, Les Lurets, 1er Cru, Dominique Lafon, Burgundy","250","Case of 6 Bottles","https://www.bbr.com/products-20118014072-2011-volnay-les-lurets-1er-cru-dominique-lafon-burgundy","1040027","20118014072"
"Dominique Lafon","2017","Volnay, Les Lurets, 1er Cru, Dominique Lafon, Burgundy","450","Case of 6 Bottles","https://www.bbr.com/products-20178014072-2017-volnay-les-lurets-1er-cru-dominique-lafon-burgundy","1040027","20178014072"
"Dominique Lafon","2018","Volnay, Les Lurets, 1er Cru, Dominique Lafon, Burgundy","560","Case of 6 Bottles","https://www.bbr.com/products-20188014072-2018-volnay-les-lurets-1er-cru-dominique-lafon-burgundy","1040027","20188014072"
"Dominique Lafon","2019","Volnay, Les Lurets, 1er Cru, Dominique Lafon, Burgundy","360","Case of 6 Bottles","https://www.bbr.com/products-20198014072-2019-volnay-les-lurets-1er-cru-dominique-lafon-burgundy","1040027","20198014072"
"Dominique Lafon","2022","Volnay, Les Lurets, 1er Cru, Dominique Lafon, Burgundy","549","Case of 6 Bottles","https://www.bbr.com/products-20228014072-2022-volnay-les-lurets-1er-cru-dominique-lafon-burgundy","1040027","20228014072"
"Dominique Lafon","2023","Volnay, Les Lurets, 1er Cru, Dominique Lafon, Burgundy","520","Case of 6 Bottles","https://www.bbr.com/products-20238014072-2023-volnay-les-lurets-1er-cru-dominique-lafon-burgundy","1040027","20238014072"
"Arnaud Baillot","2022","Volnay, Les Mitans, 1er Cru, Arnaud Baillot, Burgundy","500","Case of 6 Bottles","https://www.bbr.com/products-20228305002-2022-volnay-les-mitans-1er-cru-arnaud-baillot-burgundy","","20228305002"
"Benjamin Leroux","2009","Volnay, Les Mitans, 1er Cru, Benjamin Leroux, Burgundy","450","Case of 6 Bottles","https://www.bbr.com/products-20091132016-2009-volnay-les-mitans-1er-cru-benjamin-leroux-burgundy","1132016","20091132016"
"Benjamin Leroux","2010","Volnay, Les Mitans, 1er Cru, Benjamin Leroux, Burgundy","834","Case of 6 Bottles","https://www.bbr.com/products-20101132016-2010-volnay-les-mitans-1er-cru-benjamin-leroux-burgundy","1132016","20101132016"
"Benjamin Leroux","2016","Volnay, Les Mitans, 1er Cru, Benjamin Leroux, Burgundy","450","Case of 6 Bottles","https://www.bbr.com/products-20161132016-2016-volnay-les-mitans-1er-cru-benjamin-leroux-burgundy","1132016","20161132016"
"Domaine Michel Lafarge","2009","Volnay, Les Mitans, 1er Cru, Domaine Michel Lafarge, Burgundy","700","Case of 6 Bottles","https://www.bbr.com/products-20091039982-2009-volnay-les-mitans-1er-cru-domaine-michel-lafarge-burgundy","1039982","20091039982"
"Domaine Michel Lafarge","2012","Volnay, Les Mitans, 1er Cru, Domaine Michel Lafarge, Burgundy","780","Case of 6 Bottles","https://www.bbr.com/products-20121039982-2012-volnay-les-mitans-1er-cru-domaine-michel-lafarge-burgundy","1039982","20121039982"
"Domaine Michel Lafarge","2015","Volnay, Les Mitans, 1er Cru, Domaine Michel Lafarge, Burgundy","1050","Case of 6 Bottles","https://www.bbr.com/products-20151039982-2015-volnay-les-mitans-1er-cru-domaine-michel-lafarge-burgundy","1039982","20151039982"
"Domaine Michel Lafarge","2017","Volnay, Les Mitans, 1er Cru, Domaine Michel Lafarge, Burgundy","620","Case of 6 Bottles","https://www.bbr.com/products-20171039982-2017-volnay-les-mitans-1er-cru-domaine-michel-lafarge-burgundy","1039982","20171039982"
"Domaine Michel Lafarge","2018","Volnay, Les Mitans, 1er Cru, Domaine Michel Lafarge, Burgundy","485","Case of 6 Bottles","https://www.bbr.com/products-20181039982-2018-volnay-les-mitans-1er-cru-domaine-michel-lafarge-burgundy","1039982","20181039982"
"Domaine Michel Lafarge","2020","Volnay, Les Mitans, 1er Cru, Domaine Michel Lafarge, Burgundy","575","Case of 6 Bottles","https://www.bbr.com/products-20201039982-2020-volnay-les-mitans-1er-cru-domaine-michel-lafarge-burgundy","1039982","20201039982"
"Domaine Michel Lafarge","2022","Volnay, Les Mitans, 1er Cru, Domaine Michel Lafarge, Burgundy","600","Case of 6 Bottles","https://www.bbr.com/products-20221039982-2022-volnay-les-mitans-1er-cru-domaine-michel-lafarge-burgundy","1039982","20221039982"
"Domaine de Montille","2002","Volnay, Les Mitans, 1er Cru, Domaine de Montille, Burgundy","1400","Case of 12 Bottles","https://www.bbr.com/products-20028018315-2002-volnay-les-mitans-1er-cru-domaine-de-montille-burgundy","1048225","20028018315"
"Domaine de Montille","2014","Volnay, Les Mitans, 1er Cru, Domaine de Montille, Burgundy","450","Case of 6 Bottles","https://www.bbr.com/products-20148018315-2014-volnay-les-mitans-1er-cru-domaine-de-montille-burgundy","1048225","20148018315"
"Domaine Arnaud Ente","2009","Volnay, Les Santenots du Milieu, 1er Cru, Arnaud Ente, Burgundy","1295","Case of 6 Bottles","https://www.bbr.com/products-20091030963-2009-volnay-les-santenots-du-milieu-1er-cru-arnaud-ente-burgundy","1030963","20091030963"
"Domaine Arnaud Ente","2011","Volnay, Les Santenots du Milieu, 1er Cru, Arnaud Ente, Burgundy","1600","Case of 6 Bottles","https://www.bbr.com/products-20111030963-2011-volnay-les-santenots-du-milieu-1er-cru-arnaud-ente-burgundy","1030963","20111030963"
"Domaine Arnaud Ente","2014","Volnay, Les Santenots du Milieu, 1er Cru, Arnaud Ente, Burgundy","1300","Case of 6 Bottles","https://www.bbr.com/products-20141030963-2014-volnay-les-santenots-du-milieu-1er-cru-arnaud-ente-burgundy","1030963","20141030963"
"Domaine Arnaud Ente","2015","Volnay, Les Santenots du Milieu, 1er Cru, Arnaud Ente, Burgundy","960","Case of 6 Bottles","https://www.bbr.com/products-20151030963-2015-volnay-les-santenots-du-milieu-1er-cru-arnaud-ente-burgundy","1030963","20151030963"
"Domaine Arnaud Ente","2015","Volnay, Les Santenots du Milieu, 1er Cru, Arnaud Ente, Burgundy","495","Case of 1 Magnums","https://www.bbr.com/products-20151030963-2015-volnay-les-santenots-du-milieu-1er-cru-arnaud-ente-burgundy","1030963","20151030963"
"Maison Camille Giroud","2013","Volnay, Les Santenots, 1er Cru, Camille Giroud, Burgundy","320","Case of 6 Bottles","https://www.bbr.com/products-20138024136-2013-volnay-les-santenots-1er-cru-camille-giroud-burgundy","1035115","20138024136"
"Domaine de Montille","2009","Volnay, Les Taillepieds, 1er Cru, Domaine de Montille, Burgundy","550","Case of 6 Bottles","https://www.bbr.com/products-20098016786-2009-volnay-les-taillepieds-1er-cru-domaine-de-montille-burgundy","1048241","20098016786"
"Domaine de Montille","2011","Volnay, Les Taillepieds, 1er Cru, Domaine de Montille, Burgundy","395","Case of 6 Bottles","https://www.bbr.com/products-20118016786-2011-volnay-les-taillepieds-1er-cru-domaine-de-montille-burgundy","1048241","20118016786"
"Domaine de Montille","2013","Volnay, Les Taillepieds, 1er Cru, Domaine de Montille, Burgundy","500","Case of 6 Bottles","https://www.bbr.com/products-20138016786-2013-volnay-les-taillepieds-1er-cru-domaine-de-montille-burgundy","1048241","20138016786"
"Domaine de Montille","2014","Volnay, Les Taillepieds, 1er Cru, Domaine de Montille, Burgundy","295","Case of 6 Bottles","https://www.bbr.com/products-20148016786-2014-volnay-les-taillepieds-1er-cru-domaine-de-montille-burgundy","1048241","20148016786"
"Domaine de Montille","2014","Volnay, Les Taillepieds, 1er Cru, Domaine de Montille, Burgundy","350","Case of 1 Jeroboam 300cl","https://www.bbr.com/products-20148016786-2014-volnay-les-taillepieds-1er-cru-domaine-de-montille-burgundy","1048241","20148016786"
"Domaine de Montille","2015","Volnay, Les Taillepieds, 1er Cru, Domaine de Montille, Burgundy","420","Case of 6 Bottles","https://www.bbr.com/products-20158016786-2015-volnay-les-taillepieds-1er-cru-domaine-de-montille-burgundy","1048241","20158016786"
"Domaine de Montille","2016","Volnay, Les Taillepieds, 1er Cru, Domaine de Montille, Burgundy","440","Case of 6 Bottles","https://www.bbr.com/products-20168016786-2016-volnay-les-taillepieds-1er-cru-domaine-de-montille-burgundy","1048241","20168016786"
"Domaine de Montille","2016","Volnay, Les Taillepieds, 1er Cru, Domaine de Montille, Burgundy","330","Case of 6 Bottles","https://www.bbr.com/products-20168016786-2016-volnay-les-taillepieds-1er-cru-domaine-de-montille-burgundy","1048241","20168016786"
"Domaine de Montille","2016","Volnay, Les Taillepieds, 1er Cru, Domaine de Montille, Burgundy","440","Case of 3 Magnums","https://www.bbr.com/products-20168016786-2016-volnay-les-taillepieds-1er-cru-domaine-de-montille-burgundy","1048241","20168016786"
"Domaine de Montille","2017","Volnay, Les Taillepieds, 1er Cru, Domaine de Montille, Burgundy","400","Case of 6 Bottles","https://www.bbr.com/products-20178016786-2017-volnay-les-taillepieds-1er-cru-domaine-de-montille-burgundy","1048241","20178016786"
"Domaine de Montille","2017","Volnay, Les Taillepieds, 1er Cru, Domaine de Montille, Burgundy","958","Case of 12 Bottles","https://www.bbr.com/products-20178016786-2017-volnay-les-taillepieds-1er-cru-domaine-de-montille-burgundy","1048241","20178016786"
"Domaine de Montille","2017","Volnay, Les Taillepieds, 1er Cru, Domaine de Montille, Burgundy","475","Case of 3 Magnums","https://www.bbr.com/products-20178016786-2017-volnay-les-taillepieds-1er-cru-domaine-de-montille-burgundy","1048241","20178016786"
"Domaine de Montille","2018","Volnay, Les Taillepieds, 1er Cru, Domaine de Montille, Burgundy","380","Case of 6 Bottles","https://www.bbr.com/products-20188016786-2018-volnay-les-taillepieds-1er-cru-domaine-de-montille-burgundy","1048241","20188016786"
"Domaine de Montille","2022","Volnay, Les Taillepieds, 1er Cru, Domaine de Montille, Burgundy","995","Case of 6 Bottles","https://www.bbr.com/products-20228016786-2022-volnay-les-taillepieds-1er-cru-domaine-de-montille-burgundy","1048241","20228016786"
"Lucien Le Moine","2019","Volnay, Pitures Dessus, 1er Cru, Lucien Le Moine, Burgundy","632","Case of 6 Bottles","https://www.bbr.com/products-20198160535-2019-volnay-pitures-dessus-1er-cru-lucien-le-moine-burgundy","1971260","20198160535"
"Domaine Bitouzet-Prieur","2016","Volnay, Pitures, 1er Cru, Domaine Bitouzet-Prieur, Burgundy","270","Case of 6 Bottles","https://www.bbr.com/products-20168029580-2016-volnay-pitures-1er-cru-domaine-bitouzet-prieur-burgundy","1020290","20168029580"
"Domaine Bitouzet-Prieur","2019","Volnay, Pitures, 1er Cru, Domaine Bitouzet-Prieur, Burgundy","250","Case of 6 Bottles","https://www.bbr.com/products-20198029580-2019-volnay-pitures-1er-cru-domaine-bitouzet-prieur-burgundy","1020290","20198029580"
"Domaine Bitouzet-Prieur","2020","Volnay, Pitures, 1er Cru, Domaine Bitouzet-Prieur, Burgundy","233","Case of 6 Bottles","https://www.bbr.com/products-20208029580-2020-volnay-pitures-1er-cru-domaine-bitouzet-prieur-burgundy","1020290","20208029580"
"Domaine Bitouzet-Prieur","2021","Volnay, Pitures, 1er Cru, Domaine Bitouzet-Prieur, Burgundy","318","Case of 6 Bottles","https://www.bbr.com/products-20218029580-2021-volnay-pitures-1er-cru-domaine-bitouzet-prieur-burgundy","1020290","20218029580"
"Domaine Bitouzet-Prieur","2023","Volnay, Pitures, 1er Cru, Domaine Bitouzet-Prieur, Burgundy","365","Case of 6 Bottles","https://www.bbr.com/products-20238029580-2023-volnay-pitures-1er-cru-domaine-bitouzet-prieur-burgundy","1020290","20238029580"
"Domaine Michel Lafarge","2017","Volnay, Pitures, 1er Cru, Domaine Michel Lafarge, Burgundy","275","Case of 1 Magnums","https://www.bbr.com/products-20178019598-2017-volnay-pitures-1er-cru-domaine-michel-lafarge-burgundy","1430688","20178019598"
"Domaine Michel Lafarge","2018","Volnay, Pitures, 1er Cru, Domaine Michel Lafarge, Burgundy","295","Case of 1 Magnums","https://www.bbr.com/products-20188019598-2018-volnay-pitures-1er-cru-domaine-michel-lafarge-burgundy","1430688","20188019598"
"Domaine Michel Lafarge","2020","Volnay, Pitures, 1er Cru, Domaine Michel Lafarge, Burgundy","295","Case of 1 Magnums","https://www.bbr.com/products-20208019598-2020-volnay-pitures-1er-cru-domaine-michel-lafarge-burgundy","1430688","20208019598"
"Domaine Michel Lafarge","2022","Volnay, Pitures, 1er Cru, Domaine Michel Lafarge, Burgundy","400","Case of 1 Magnums","https://www.bbr.com/products-20228019598-2022-volnay-pitures-1er-cru-domaine-michel-lafarge-burgundy","1430688","20228019598"
"Maison Roche de Bellene","2010","Volnay, Reserve Speciale, Maison Roche de Bellene, Burgundy","360","Case of 12 Bottles","https://www.bbr.com/products-20101151077-2010-volnay-reserve-speciale-maison-roche-de-bellene-burgundy","1151077","20101151077"
"Maison Roche de Bellene","2012","Volnay, Reserve Speciale, Maison Roche de Bellene, Burgundy","315","Case of 12 Bottles","https://www.bbr.com/products-20121151077-2012-volnay-reserve-speciale-maison-roche-de-bellene-burgundy","1151077","20121151077"
"Domaine Leroy","2015","Volnay, Santenots du Milieu, Domaine Leroy, Burgundy","15750","Case of 3 Bottles","https://www.bbr.com/products-20158121011-2015-volnay-santenots-du-milieu-domaine-leroy-burgundy","1044634","20158121011"
"Benjamin Leroux","2021","Volnay, Santenots, 1er Cru, Benjamin Leroux, Burgundy","510","Case of 6 Bottles","https://www.bbr.com/products-20218046954-2021-volnay-santenots-1er-cru-benjamin-leroux-burgundy","1867600","20218046954"
"Charles Van Canneyt","2018","Volnay, Santenots, 1er Cru, Charles Van Canneyt, Burgundy","310","Case of 6 Bottles","https://www.bbr.com/products-20188063966-2018-volnay-santenots-1er-cru-charles-van-canneyt-burgundy","2129473","20188063966"
"Louis Jadot","2015","Volnay, Santenots, 1er Cru, Louis Jadot","180","Case of 6 Bottles","https://www.bbr.com/products-20158022422-2015-volnay-santenots-1er-cru-louis-jadot","1038855","20158022422"
"Lucien Le Moine","2017","Volnay, Santenots, 1er Cru, Lucien Le Moine, Burgundy","593","Case of 6 Bottles","https://www.bbr.com/products-20178218597-2017-volnay-santenots-1er-cru-lucien-le-moine-burgundy","1030963","20178218597"
"Lucien Le Moine","2019","Volnay, Santenots, 1er Cru, Lucien Le Moine, Burgundy","610","Case of 6 Bottles","https://www.bbr.com/products-20198218597-2019-volnay-santenots-1er-cru-lucien-le-moine-burgundy","1030963","20198218597"
"Pierrick Bouley","2019","Volnay, Santenots, 1er Cru, Pierrick Bouley, Burgundy","528","Case of 6 Bottles","https://www.bbr.com/products-20198178552-2019-volnay-santenots-1er-cru-pierrick-bouley-burgundy","2041054","20198178552"
"Pierrick Bouley","2020","Volnay, Santenots, 1er Cru, Pierrick Bouley, Burgundy","635","Case of 6 Bottles","https://www.bbr.com/products-20208178552-2020-volnay-santenots-1er-cru-pierrick-bouley-burgundy","2041054","20208178552"
"Domaine Robert Ampeau","1990","Volnay, Santenots, 1er Cru, Robert Ampeau &amp; Fils, Burgundy","600","Case of 6 Bottles","https://www.bbr.com/products-19908318806-1990-volnay-santenots-1er-cru-robert-ampeau-and-fils-burgundy","1018220","19908318806"
"Domaine des Comtes Lafon","2010","Volnay, Santenots-du-Milieu, 1er Cru, Domaine des Comtes Lafon, Burgundy","1520","Case of 12 Bottles","https://www.bbr.com/products-20108005104-2010-volnay-santenots-du-milieu-1er-cru-domaine-des-comtes-lafon-burgundy","1027000","20108005104"
"Domaine des Comtes Lafon","2013","Volnay, Santenots-du-Milieu, 1er Cru, Domaine des Comtes Lafon, Burgundy","1105","Case of 12 Bottles","https://www.bbr.com/products-20138005104-2013-volnay-santenots-du-milieu-1er-cru-domaine-des-comtes-lafon-burgundy","1027000","20138005104"
"Domaine des Comtes Lafon","2013","Volnay, Santenots-du-Milieu, 1er Cru, Domaine des Comtes Lafon, Burgundy","1105","Case of 12 Bottles","https://www.bbr.com/products-20138005104-2013-volnay-santenots-du-milieu-1er-cru-domaine-des-comtes-lafon-burgundy","1027000","20138005104"
"Domaine des Comtes Lafon","2014","Volnay, Santenots-du-Milieu, 1er Cru, Domaine des Comtes Lafon, Burgundy","1000","Case of 12 Bottles","https://www.bbr.com/products-20148005104-2014-volnay-santenots-du-milieu-1er-cru-domaine-des-comtes-lafon-burgundy","1027000","20148005104"
"Domaine des Comtes Lafon","2015","Volnay, Santenots-du-Milieu, 1er Cru, Domaine des Comtes Lafon, Burgundy","1400","Case of 12 Bottles","https://www.bbr.com/products-20158005104-2015-volnay-santenots-du-milieu-1er-cru-domaine-des-comtes-lafon-burgundy","1027000","20158005104"
"Domaine des Comtes Lafon","2017","Volnay, Santenots-du-Milieu, 1er Cru, Domaine des Comtes Lafon, Burgundy","880","Case of 12 Bottles","https://www.bbr.com/products-20178005104-2017-volnay-santenots-du-milieu-1er-cru-domaine-des-comtes-lafon-burgundy","1027000","20178005104"
"Domaine des Comtes Lafon","2018","Volnay, Santenots-du-Milieu, 1er Cru, Domaine des Comtes Lafon, Burgundy","550","Case of 6 Bottles","https://www.bbr.com/products-20188005104-2018-volnay-santenots-du-milieu-1er-cru-domaine-des-comtes-lafon-burgundy","1027000","20188005104"
"Domaine des Comtes Lafon","2019","Volnay, Santenots-du-Milieu, 1er Cru, Domaine des Comtes Lafon, Burgundy","800","Case of 6 Bottles","https://www.bbr.com/products-20198005104-2019-volnay-santenots-du-milieu-1er-cru-domaine-des-comtes-lafon-burgundy","1027000","20198005104"
"Domaine des Comtes Lafon","2020","Volnay, Santenots-du-Milieu, 1er Cru, Domaine des Comtes Lafon, Burgundy","600","Case of 6 Bottles","https://www.bbr.com/products-20208005104-2020-volnay-santenots-du-milieu-1er-cru-domaine-des-comtes-lafon-burgundy","1027000","20208005104"
"Domaine des Comtes Lafon","2021","Volnay, Santenots-du-Milieu, 1er Cru, Domaine des Comtes Lafon, Burgundy","644","Case of 6 Bottles","https://www.bbr.com/products-20218005104-2021-volnay-santenots-du-milieu-1er-cru-domaine-des-comtes-lafon-burgundy","1027000","20218005104"
"Domaine des Comtes Lafon","2022","Volnay, Santenots-du-Milieu, 1er Cru, Domaine des Comtes Lafon, Burgundy","660","Case of 6 Bottles","https://www.bbr.com/products-20228005104-2022-volnay-santenots-du-milieu-1er-cru-domaine-des-comtes-lafon-burgundy","1027000","20228005104"
"Maison Camille Giroud","2005","Volnay, Taillepieds, 1er Cru, Camille Giroud, Burgundy","900","Case of 12 Bottles","https://www.bbr.com/products-20058024149-2005-volnay-taillepieds-1er-cru-camille-giroud-burgundy","1035128","20058024149"
"Domaine Bitouzet-Prieur","2016","Volnay, Taillepieds, 1er Cru, Domaine Bitouzet-Prieur, Burgundy","260","Case of 6 Bottles","https://www.bbr.com/products-20168025377-2016-volnay-taillepieds-1er-cru-domaine-bitouzet-prieur-burgundy","1020304","20168025377"
"Domaine Bitouzet-Prieur","2019","Volnay, Taillepieds, 1er Cru, Domaine Bitouzet-Prieur, Burgundy","260","Case of 6 Bottles","https://www.bbr.com/products-20198025377-2019-volnay-taillepieds-1er-cru-domaine-bitouzet-prieur-burgundy","1020304","20198025377"
"Domaine Bitouzet-Prieur","2020","Volnay, Taillepieds, 1er Cru, Domaine Bitouzet-Prieur, Burgundy","250","Case of 6 Bottles","https://www.bbr.com/products-20208025377-2020-volnay-taillepieds-1er-cru-domaine-bitouzet-prieur-burgundy","1020304","20208025377"
"Domaine Bitouzet-Prieur","2021","Volnay, Taillepieds, 1er Cru, Domaine Bitouzet-Prieur, Burgundy","300","Case of 6 Bottles","https://www.bbr.com/products-20218025377-2021-volnay-taillepieds-1er-cru-domaine-bitouzet-prieur-burgundy","1020304","20218025377"
"Domaine Bitouzet-Prieur","2022","Volnay, Taillepieds, 1er Cru, Domaine Bitouzet-Prieur, Burgundy","325","Case of 6 Bottles","https://www.bbr.com/products-20228025377-2022-volnay-taillepieds-1er-cru-domaine-bitouzet-prieur-burgundy","1020304","20228025377"
"Domaine Francois Buffet","2012","Volnay, Taillepieds, 1er Cru, Domaine Francois Buffet, Burgundy","420","Case of 6 Bottles","https://www.bbr.com/products-20128032834-2012-volnay-taillepieds-1er-cru-domaine-francois-buffet-burgundy","1325324","20128032834"
"Domaine Francois Buffet","2013","Volnay, Taillepieds, 1er Cru, Domaine Francois Buffet, Burgundy","432","Case of 6 Bottles","https://www.bbr.com/products-20138032834-2013-volnay-taillepieds-1er-cru-domaine-francois-buffet-burgundy","1325324","20138032834"
"Domaine Francois Buffet","2015","Volnay, Taillepieds, 1er Cru, Domaine Francois Buffet, Burgundy","324","Case of 6 Bottles","https://www.bbr.com/products-20158032834-2015-volnay-taillepieds-1er-cru-domaine-francois-buffet-burgundy","1325324","20158032834"
"Domaine Francois Buffet","2017","Volnay, Taillepieds, 1er Cru, Domaine Francois Buffet, Burgundy","360","Case of 6 Bottles","https://www.bbr.com/products-20178032834-2017-volnay-taillepieds-1er-cru-domaine-francois-buffet-burgundy","1325324","20178032834"
"Domaine Francois Buffet","2018","Volnay, Taillepieds, 1er Cru, Domaine Francois Buffet, Burgundy","345","Case of 6 Bottles","https://www.bbr.com/products-20188032834-2018-volnay-taillepieds-1er-cru-domaine-francois-buffet-burgundy","1325324","20188032834"
"Domaine Francois Buffet","2019","Volnay, Taillepieds, 1er Cru, Domaine Francois Buffet, Burgundy","315","Case of 6 Bottles","https://www.bbr.com/products-20198032834-2019-volnay-taillepieds-1er-cru-domaine-francois-buffet-burgundy","1325324","20198032834"
"Domaine Francois Buffet","2020","Volnay, Taillepieds, 1er Cru, Domaine Francois Buffet, Burgundy","260","Case of 6 Bottles","https://www.bbr.com/products-20208032834-2020-volnay-taillepieds-1er-cru-domaine-francois-buffet-burgundy","1325324","20208032834"
"Domaine Francois Buffet","2021","Volnay, Taillepieds, 1er Cru, Domaine Francois Buffet, Burgundy","260","Case of 6 Bottles","https://www.bbr.com/products-20218032834-2021-volnay-taillepieds-1er-cru-domaine-francois-buffet-burgundy","1325324","20218032834"
"Domaine Francois Buffet","2022","Volnay, Taillepieds, 1er Cru, Domaine Francois Buffet, Burgundy","360","Case of 6 Bottles","https://www.bbr.com/products-20228032834-2022-volnay-taillepieds-1er-cru-domaine-francois-buffet-burgundy","1325324","20228032834"
"Domaine Francois Buffet","2023","Volnay, Taillepieds, 1er Cru, Domaine Francois Buffet, Burgundy","445","Case of 6 Bottles","https://www.bbr.com/products-20238032834-2023-volnay-taillepieds-1er-cru-domaine-francois-buffet-burgundy","1325324","20238032834"
"Marquis d'Angerville","2016","Volnay, Taillepieds, 1er Cru, Domaine Marquis d'Angerville, Burgundy","750","Case of 6 Bottles","https://www.bbr.com/products-20168122728-2016-volnay-taillepieds-1er-cru-domaine-marquis-d-angerville-burgundy","1018406","20168122728"
"Marquis d'Angerville","2017","Volnay, Taillepieds, 1er Cru, Domaine Marquis d'Angerville, Burgundy","680","Case of 6 Bottles","https://www.bbr.com/products-20178122728-2017-volnay-taillepieds-1er-cru-domaine-marquis-d-angerville-burgundy","1018406","20178122728"
"Marquis d'Angerville","2018","Volnay, Taillepieds, 1er Cru, Domaine Marquis d'Angerville, Burgundy","595","Case of 6 Bottles","https://www.bbr.com/products-20188122728-2018-volnay-taillepieds-1er-cru-domaine-marquis-d-angerville-burgundy","1018406","20188122728"
"Marquis d'Angerville","2020","Volnay, Taillepieds, 1er Cru, Domaine Marquis d'Angerville, Burgundy","800","Case of 6 Bottles","https://www.bbr.com/products-20208122728-2020-volnay-taillepieds-1er-cru-domaine-marquis-d-angerville-burgundy","1018406","20208122728"
"Marquis d'Angerville","2021","Volnay, Taillepieds, 1er Cru, Domaine Marquis d'Angerville, Burgundy","420","Case of 3 Bottles","https://www.bbr.com/products-20218122728-2021-volnay-taillepieds-1er-cru-domaine-marquis-d-angerville-burgundy","1018406","20218122728"
"Domaine Michel Lafarge","2003","Volnay, Vendanges Selectionnees, Domaine Michel Lafarge, Burgundy","775","Case of 12 Bottles","https://www.bbr.com/products-20031040001-2003-volnay-vendanges-selectionnees-domaine-michel-lafarge-burgundy","1040001","20031040001"
"Domaine Michel Lafarge","2008","Volnay, Vendanges Selectionnees, Domaine Michel Lafarge, Burgundy","280","Case of 6 Bottles","https://www.bbr.com/products-20081040001-2008-volnay-vendanges-selectionnees-domaine-michel-lafarge-burgundy","1040001","20081040001"
"Domaine Michel Lafarge","2009","Volnay, Vendanges Selectionnees, Domaine Michel Lafarge, Burgundy","798","Case of 12 Bottles","https://www.bbr.com/products-20091040001-2009-volnay-vendanges-selectionnees-domaine-michel-lafarge-burgundy","1040001","20091040001"
"Domaine Michel Lafarge","2011","Volnay, Vendanges Selectionnees, Domaine Michel Lafarge, Burgundy","525","Case of 12 Bottles","https://www.bbr.com/products-20111040001-2011-volnay-vendanges-selectionnees-domaine-michel-lafarge-burgundy","1040001","20111040001"
"Domaine Michel Lafarge","2013","Volnay, Vendanges Selectionnees, Domaine Michel Lafarge, Burgundy","250","Case of 6 Bottles","https://www.bbr.com/products-20131040001-2013-volnay-vendanges-selectionnees-domaine-michel-lafarge-burgundy","1040001","20131040001"
"Domaine Michel Lafarge","2014","Volnay, Vendanges Selectionnees, Domaine Michel Lafarge, Burgundy","315","Case of 6 Bottles","https://www.bbr.com/products-20141040001-2014-volnay-vendanges-selectionnees-domaine-michel-lafarge-burgundy","1040001","20141040001"
"Domaine Michel Lafarge","2015","Volnay, Vendanges Selectionnees, Domaine Michel Lafarge, Burgundy","430","Case of 6 Bottles","https://www.bbr.com/products-20151040001-2015-volnay-vendanges-selectionnees-domaine-michel-lafarge-burgundy","1040001","20151040001"
"Domaine Michel Lafarge","2017","Volnay, Vendanges Selectionnees, Domaine Michel Lafarge, Burgundy","380","Case of 6 Bottles","https://www.bbr.com/products-20171040001-2017-volnay-vendanges-selectionnees-domaine-michel-lafarge-burgundy","1040001","20171040001"
"Domaine Michel Lafarge","2018","Volnay, Vendanges Selectionnees, Domaine Michel Lafarge, Burgundy","275","Case of 6 Bottles","https://www.bbr.com/products-20181040001-2018-volnay-vendanges-selectionnees-domaine-michel-lafarge-burgundy","1040001","20181040001"
"Domaine Michel Lafarge","2020","Volnay, Vendanges Selectionnees, Domaine Michel Lafarge, Burgundy","274","Case of 6 Bottles","https://www.bbr.com/products-20201040001-2020-volnay-vendanges-selectionnees-domaine-michel-lafarge-burgundy","1040001","20201040001"
"Domaine Michel Lafarge","2022","Volnay, Vendanges Selectionnees, Domaine Michel Lafarge, Burgundy","300","Case of 6 Bottles","https://www.bbr.com/products-20221040001-2022-volnay-vendanges-selectionnees-domaine-michel-lafarge-burgundy","1040001","20221040001"
"Domaine Michel Lafarge","2023","Volnay, Vendanges Selectionnees, Domaine Michel Lafarge, Burgundy","330","Case of 6 Bottles","https://www.bbr.com/products-20231040001-2023-volnay-vendanges-selectionnees-domaine-michel-lafarge-burgundy","1040001","20231040001"
"Maison Roche de Bellene","2019","Volnay, Vieilles Vignes, Maison Roche de Bellene, Burgundy","295","Case of 6 Bottles","https://www.bbr.com/products-20198020460-2019-volnay-vieilles-vignes-maison-roche-de-bellene-burgundy","1124389","20198020460"
"Maison Roche de Bellene","2019","Volnay, Vieilles Vignes, Maison Roche de Bellene, Burgundy","350","Case of 6 Bottles","https://www.bbr.com/products-20198020460-2019-volnay-vieilles-vignes-maison-roche-de-bellene-burgundy","1124389","20198020460"
"Dugat-Py","2018","Vosne Romanee Tres, Vieilles Vignes Domaine Dugat-Py, Burgundy","900","Case of 6 Bottles","https://www.bbr.com/products-20188121952-2018-vosne-romanee-tres-vieilles-vignes-domaine-dugat-py-burgundy","1030325","20188121952"
"Dugat-Py","2020","Vosne Romanee Tres, Vieilles Vignes Domaine Dugat-Py, Burgundy","1049","Case of 6 Bottles","https://www.bbr.com/products-20208121952-2020-vosne-romanee-tres-vieilles-vignes-domaine-dugat-py-burgundy","1030325","20208121952"
"Dugat-Py","2020","Vosne Romanee Tres, Vieilles Vignes Domaine Dugat-Py, Burgundy","1090","Case of 6 Bottles","https://www.bbr.com/products-20208121952-2020-vosne-romanee-tres-vieilles-vignes-domaine-dugat-py-burgundy","1030325","20208121952"
"Domaine Mongeard-Mugneret","2017","Vosne Romanee, Les Petits Monts, Domaine Mongeard Mugneret, Burgundy","1128","Case of 6 Bottles","https://www.bbr.com/products-20178218281-2017-vosne-romanee-les-petits-monts-domaine-mongeard-mugneret-burgundy","1047879","20178218281"
"Bruno Desaunay-Bissey","2018","Vosne-Romanee, Les Beaux-Monts, 1er Cru, Vieilles Vignes, Bruno Desaunay-Bissey, Burgundy","440","Case of 6 Bottles","https://www.bbr.com/products-20188238627-2018-vosne-romanee-les-beaux-monts-1er-cru-vieilles-vignes-bruno-desaunay-bissey-burgundy","1224353","20188238627"
"Bruno Desaunay-Bissey","2019","Vosne-Romanee, Les Beaux-Monts, 1er Cru, Vieilles Vignes, Bruno Desaunay-Bissey, Burgundy","1400","Case of 6 Bottles","https://www.bbr.com/products-20198238627-2019-vosne-romanee-les-beaux-monts-1er-cru-vieilles-vignes-bruno-desaunay-bissey-burgundy","1224353","20198238627"
"Dugat-Py","2015","Vosne-Romanee VV, Domaine Dugat-Py","815","Case of 6 Bottles","https://www.bbr.com/products-20158121952-2015-vosne-romanee-vv-domaine-dugat-py","1030325","20158121952"
"Domaine Coquard Loison Fleurot","2014","Vosne-Romanee, 1er Cru, Domaine Coquard Loison-Fleurot, Burgundy","989","Case of 6 Bottles","https://www.bbr.com/products-20148203164-2014-vosne-romanee-1er-cru-domaine-coquard-loison-fleurot-burgundy","1490431","20148203164"
"Maison Joseph Drouhin","2017","Vosne-Romanee, 1er Cru, Joseph Drouhin, Burgundy","553","Case of 6 Bottles","https://www.bbr.com/products-20178147231-2017-vosne-romanee-1er-cru-joseph-drouhin-burgundy","1029440","20178147231"
"Meo-Camuzet","2019","Vosne-Romanee, 1er Cru, Meo-Camuzet Frere & Soeurs, Burgundy","965","Case of 6 Bottles","https://www.bbr.com/products-20198120102-2019-vosne-romanee-1er-cru-meo-camuzet-frere-soeurs-burgundy","1964875","20198120102"
"Meo-Camuzet","2016","Vosne-Romanee, Au Cros-Parantoux, 1er Cru, Domaine Meo-Camuzet, Burgundy","2380","Case of 1 Bottles","https://www.bbr.com/products-20161046931-2016-vosne-romanee-au-cros-parantoux-1er-cru-domaine-meo-camuzet-burgundy","1046931","20161046931"
"Meo-Camuzet","2019","Vosne-Romanee, Au Cros-Parantoux, 1er Cru, Domaine Meo-Camuzet, Burgundy","1900","Case of 1 Bottles","https://www.bbr.com/products-20191046931-2019-vosne-romanee-au-cros-parantoux-1er-cru-domaine-meo-camuzet-burgundy","1046931","20191046931"
"Meo-Camuzet","2022","Vosne-Romanee, Au Cros-Parantoux, 1er Cru, Domaine Meo-Camuzet, Burgundy","1769","Case of 1 Bottles","https://www.bbr.com/products-20221046931-2022-vosne-romanee-au-cros-parantoux-1er-cru-domaine-meo-camuzet-burgundy","1046931","20221046931"
"Meo-Camuzet","2023","Vosne-Romanee, Au Cros-Parantoux, 1er Cru, Domaine Meo-Camuzet, Burgundy","1490","Case of 1 Bottles","https://www.bbr.com/products-20231046931-2023-vosne-romanee-au-cros-parantoux-1er-cru-domaine-meo-camuzet-burgundy","1046931","20231046931"
"Benjamin Leroux","2016","Vosne-Romanee, Au-Dessus de Malconsorts, 1er Cru, Benjamin Leroux, Burgundy","390","Case of 1 Magnums","https://www.bbr.com/products-20168025814-2016-vosne-romanee-au-dessus-de-malconsorts-1er-cru-benjamin-leroux-burgundy","1508392","20168025814"
"Benjamin Leroux","2017","Vosne-Romanee, Au-Dessus de Malconsorts, 1er Cru, Benjamin Leroux, Burgundy","385","Case of 1 Magnums","https://www.bbr.com/products-20178025814-2017-vosne-romanee-au-dessus-de-malconsorts-1er-cru-benjamin-leroux-burgundy","1508392","20178025814"
"Benjamin Leroux","2018","Vosne-Romanee, Au-Dessus de Malconsorts, 1er Cru, Benjamin Leroux, Burgundy","300","Case of 1 Magnums","https://www.bbr.com/products-20188025814-2018-vosne-romanee-au-dessus-de-malconsorts-1er-cru-benjamin-leroux-burgundy","1508392","20188025814"
"Benjamin Leroux","2019","Vosne-Romanee, Au-Dessus de Malconsorts, 1er Cru, Benjamin Leroux, Burgundy","414","Case of 1 Magnums","https://www.bbr.com/products-20198025814-2019-vosne-romanee-au-dessus-de-malconsorts-1er-cru-benjamin-leroux-burgundy","1508392","20198025814"
"Benjamin Leroux","2020","Vosne-Romanee, Au-Dessus de Malconsorts, 1er Cru, Benjamin Leroux, Burgundy","300","Case of 1 Magnums","https://www.bbr.com/products-20208025814-2020-vosne-romanee-au-dessus-de-malconsorts-1er-cru-benjamin-leroux-burgundy","1508392","20208025814"
"Benjamin Leroux","2021","Vosne-Romanee, Au-Dessus de Malconsorts, 1er Cru, Benjamin Leroux, Burgundy","380","Case of 1 Magnums","https://www.bbr.com/products-20218025814-2021-vosne-romanee-au-dessus-de-malconsorts-1er-cru-benjamin-leroux-burgundy","1508392","20218025814"
"Benjamin Leroux","2023","Vosne-Romanee, Au-Dessus de Malconsorts, 1er Cru, Benjamin Leroux, Burgundy","400","Case of 1 Magnums","https://www.bbr.com/products-20238025814-2023-vosne-romanee-au-dessus-de-malconsorts-1er-cru-benjamin-leroux-burgundy","1508392","20238025814"
"Lucien Le Moine","2016","Vosne-Romanee, Au-Dessus des Malconsorts, 1er Cru, Lucien Le Moine, Burgundy","1470","Case of 6 Bottles","https://www.bbr.com/products-20168109323-2016-vosne-romanee-au-dessus-des-malconsorts-1er-cru-lucien-le-moine-burgundy","1308787","20168109323"
"Domaine Leroy","2014","Vosne-Romanee, Aux Brulees, 1er Cru, Domaine Leroy, Burgundy 24 Release","16500","Case of 3 Bottles","https://www.bbr.com/products-20148120984-2014-vosne-romanee-aux-brulees-1er-cru-domaine-leroy-burgundy-24-release","1044689","20148120984"
"Meo-Camuzet","2017","Vosne-Romanee, Aux Brulees, 1er Cru, Domaine Meo-Camuzet, Burgundy","520","Case of 1 Bottles","https://www.bbr.com/products-20171046902-2017-vosne-romanee-aux-brulees-1er-cru-domaine-meo-camuzet-burgundy","1046902","20171046902"
"Meo-Camuzet","2018","Vosne-Romanee, Aux Brulees, 1er Cru, Domaine Meo-Camuzet, Burgundy","2679","Case of 6 Bottles","https://www.bbr.com/products-20181046902-2018-vosne-romanee-aux-brulees-1er-cru-domaine-meo-camuzet-burgundy","1046902","20181046902"
"Meo-Camuzet","2018","Vosne-Romanee, Aux Brulees, 1er Cru, Domaine Meo-Camuzet, Burgundy","484","Case of 1 Bottles","https://www.bbr.com/products-20181046902-2018-vosne-romanee-aux-brulees-1er-cru-domaine-meo-camuzet-burgundy","1046902","20181046902"
"Meo-Camuzet","2019","Vosne-Romanee, Aux Brulees, 1er Cru, Domaine Meo-Camuzet, Burgundy","999","Case of 1 Bottles","https://www.bbr.com/products-20191046902-2019-vosne-romanee-aux-brulees-1er-cru-domaine-meo-camuzet-burgundy","1046902","20191046902"
"Meo-Camuzet","2020","Vosne-Romanee, Aux Brulees, 1er Cru, Domaine Meo-Camuzet, Burgundy","598","Case of 1 Bottles","https://www.bbr.com/products-20201046902-2020-vosne-romanee-aux-brulees-1er-cru-domaine-meo-camuzet-burgundy","1046902","20201046902"
"Meo-Camuzet","2021","Vosne-Romanee, Aux Brulees, 1er Cru, Domaine Meo-Camuzet, Burgundy","535","Case of 1 Bottles","https://www.bbr.com/products-20211046902-2021-vosne-romanee-aux-brulees-1er-cru-domaine-meo-camuzet-burgundy","1046902","20211046902"
"Meo-Camuzet","2022","Vosne-Romanee, Aux Brulees, 1er Cru, Domaine Meo-Camuzet, Burgundy","580","Case of 1 Bottles","https://www.bbr.com/products-20221046902-2022-vosne-romanee-aux-brulees-1er-cru-domaine-meo-camuzet-burgundy","1046902","20221046902"
"Meo-Camuzet","2022","Vosne-Romanee, Aux Brulees, 1er Cru, Domaine Meo-Camuzet, Burgundy","578","Case of 1 Bottles","https://www.bbr.com/products-20221046902-2022-vosne-romanee-aux-brulees-1er-cru-domaine-meo-camuzet-burgundy","1046902","20221046902"
"Meo-Camuzet","2023","Vosne-Romanee, Aux Brulees, 1er Cru, Domaine Meo-Camuzet, Burgundy","400","Case of 1 Bottles","https://www.bbr.com/products-20231046902-2023-vosne-romanee-aux-brulees-1er-cru-domaine-meo-camuzet-burgundy","1046902","20231046902"
"Domaine d'Eugenie","2007","Vosne-Romanee, Aux Brulees, 1er Cru, Domaine d'Eugenie, Burgundy","990","Case of 6 Bottles","https://www.bbr.com/products-20078023399-2007-vosne-romanee-aux-brulees-1er-cru-domaine-d-eugenie-burgundy","1031188","20078023399"
"Domaine d'Eugenie","2007","Vosne-Romanee, Aux Brulees, 1er Cru, Domaine d'Eugenie, Burgundy","989","Case of 3 Magnums","https://www.bbr.com/products-20078023399-2007-vosne-romanee-aux-brulees-1er-cru-domaine-d-eugenie-burgundy","1031188","20078023399"
"Domaine d'Eugenie","2008","Vosne-Romanee, Aux Brulees, 1er Cru, Domaine d'Eugenie, Burgundy","1100","Case of 6 Bottles","https://www.bbr.com/products-20088023399-2008-vosne-romanee-aux-brulees-1er-cru-domaine-d-eugenie-burgundy","1031188","20088023399"
"Domaine d'Eugenie","2014","Vosne-Romanee, Aux Brulees, 1er Cru, Domaine d'Eugenie, Burgundy","925","Case of 6 Bottles","https://www.bbr.com/products-20148023399-2014-vosne-romanee-aux-brulees-1er-cru-domaine-d-eugenie-burgundy","1031188","20148023399"
"Domaine d'Eugenie","2015","Vosne-Romanee, Aux Brulees, 1er Cru, Domaine d'Eugenie, Burgundy","1900","Case of 6 Bottles","https://www.bbr.com/products-20158023399-2015-vosne-romanee-aux-brulees-1er-cru-domaine-d-eugenie-burgundy","1031188","20158023399"
"Domaine d'Eugenie","2018","Vosne-Romanee, Aux Brulees, 1er Cru, Domaine d'Eugenie, Burgundy","1140","Case of 6 Bottles","https://www.bbr.com/products-20188023399-2018-vosne-romanee-aux-brulees-1er-cru-domaine-d-eugenie-burgundy","1031188","20188023399"
"Domaine d'Eugenie","2019","Vosne-Romanee, Aux Brulees, 1er Cru, Domaine d'Eugenie, Burgundy","1380","Case of 6 Bottles","https://www.bbr.com/products-20198023399-2019-vosne-romanee-aux-brulees-1er-cru-domaine-d-eugenie-burgundy","1031188","20198023399"
"Domaine d'Eugenie","2019","Vosne-Romanee, Aux Brulees, 1er Cru, Domaine d'Eugenie, Burgundy","1467","Case of 6 Bottles","https://www.bbr.com/products-20198023399-2019-vosne-romanee-aux-brulees-1er-cru-domaine-d-eugenie-burgundy","1031188","20198023399"
"Domaine d'Eugenie","2020","Vosne-Romanee, Aux Brulees, 1er Cru, Domaine d'Eugenie, Burgundy","1588","Case of 6 Bottles","https://www.bbr.com/products-20208023399-2020-vosne-romanee-aux-brulees-1er-cru-domaine-d-eugenie-burgundy","1031188","20208023399"
"Domaine d'Eugenie","2022","Vosne-Romanee, Aux Brulees, 1er Cru, Domaine d'Eugenie, Burgundy","780","Case of 3 Bottles","https://www.bbr.com/products-20228023399-2022-vosne-romanee-aux-brulees-1er-cru-domaine-d-eugenie-burgundy","1031188","20228023399"
"Domaine Bruno Clavelier","2012","Vosne-Romanee, Aux Brulees, 1er Cru, Vieilles Vignes, Domaine Bruno Clavelier, Burgundy","1440","Case of 12 Bottles","https://www.bbr.com/products-20128020561-2012-vosne-romanee-aux-brulees-1er-cru-vieilles-vignes-domaine-bruno-clavelier-burgundy","1025787","20128020561"
"Domaine Bruno Clavelier","2013","Vosne-Romanee, Aux Brulees, 1er Cru, Vieilles Vignes, Domaine Bruno Clavelier, Burgundy","1110","Case of 6 Bottles","https://www.bbr.com/products-20138020561-2013-vosne-romanee-aux-brulees-1er-cru-vieilles-vignes-domaine-bruno-clavelier-burgundy","1025787","20138020561"
"Domaine Bruno Clavelier","2014","Vosne-Romanee, Aux Brulees, 1er Cru, Vieilles Vignes, Domaine Bruno Clavelier, Burgundy","645","Case of 6 Bottles","https://www.bbr.com/products-20148020561-2014-vosne-romanee-aux-brulees-1er-cru-vieilles-vignes-domaine-bruno-clavelier-burgundy","1025787","20148020561"
"Domaine Bruno Clavelier","2015","Vosne-Romanee, Aux Brulees, 1er Cru, Vieilles Vignes, Domaine Bruno Clavelier, Burgundy","945","Case of 6 Bottles","https://www.bbr.com/products-20158020561-2015-vosne-romanee-aux-brulees-1er-cru-vieilles-vignes-domaine-bruno-clavelier-burgundy","1025787","20158020561"
"Domaine Bruno Clavelier","2016","Vosne-Romanee, Aux Brulees, 1er Cru, Vieilles Vignes, Domaine Bruno Clavelier, Burgundy","1195","Case of 6 Bottles","https://www.bbr.com/products-20168020561-2016-vosne-romanee-aux-brulees-1er-cru-vieilles-vignes-domaine-bruno-clavelier-burgundy","1025787","20168020561"
"Domaine Bruno Clavelier","2021","Vosne-Romanee, Aux Brulees, 1er Cru, Vieilles Vignes, Domaine Bruno Clavelier, Burgundy","850","Case of 6 Bottles","https://www.bbr.com/products-20218020561-2021-vosne-romanee-aux-brulees-1er-cru-vieilles-vignes-domaine-bruno-clavelier-burgundy","1025787","20218020561"
"Domaine de la Vougeraie","2015","Vosne-Romanee, Aux Champs Perdrix, Domaine de la Vougeraie, Burgundy","450","Case of 3 Magnums","https://www.bbr.com/products-20158020806-2015-vosne-romanee-aux-champs-perdrix-domaine-de-la-vougeraie-burgundy","1543443","20158020806"
"Domaine de la Vougeraie","2016","Vosne-Romanee, Aux Champs Perdrix, Domaine de la Vougeraie, Burgundy","520","Case of 3 Magnums","https://www.bbr.com/products-20168020806-2016-vosne-romanee-aux-champs-perdrix-domaine-de-la-vougeraie-burgundy","1543443","20168020806"
"Domaine de la Vougeraie","2017","Vosne-Romanee, Aux Champs Perdrix, Domaine de la Vougeraie, Burgundy","500","Case of 3 Magnums","https://www.bbr.com/products-20178020806-2017-vosne-romanee-aux-champs-perdrix-domaine-de-la-vougeraie-burgundy","1543443","20178020806"
"Domaine de la Vougeraie","2018","Vosne-Romanee, Aux Champs Perdrix, Domaine de la Vougeraie, Burgundy","420","Case of 3 Magnums","https://www.bbr.com/products-20188020806-2018-vosne-romanee-aux-champs-perdrix-domaine-de-la-vougeraie-burgundy","1543443","20188020806"
"Pierre Girardin","2020","Vosne-Romanee, Aux Champs Perdrix, Pierre Girardin, Burgundy","650","Case of 6 Bottles","https://www.bbr.com/products-20208311520-2020-vosne-romanee-aux-champs-perdrix-pierre-girardin-burgundy","2452289","20208311520"
"Domaine Boigey Freres","2021","Vosne-Romanee, Aux Jachees, Domaine Boigey Freres, Burgundy","3000","Case of 6 Bottles","https://www.bbr.com/products-20218179719-2021-vosne-romanee-aux-jachees-domaine-boigey-freres-burgundy","2794312","20218179719"
"Domaine Boigey Freres","2022","Vosne-Romanee, Aux Jachees, Domaine Boigey Freres, Burgundy","1800","Case of 6 Bottles","https://www.bbr.com/products-20228179719-2022-vosne-romanee-aux-jachees-domaine-boigey-freres-burgundy","2794312","20228179719"
"Dujac","2006","Vosne-Romanee, Aux Malconsorts, 1er Cru, Domaine Dujac, Burgundy","6150","Case of 6 Magnums","https://www.bbr.com/products-20061030703-2006-vosne-romanee-aux-malconsorts-1er-cru-domaine-dujac-burgundy","1030703","20061030703"
"Dujac","2007","Vosne-Romanee, Aux Malconsorts, 1er Cru, Domaine Dujac, Burgundy","2500","Case of 6 Bottles","https://www.bbr.com/products-20071030703-2007-vosne-romanee-aux-malconsorts-1er-cru-domaine-dujac-burgundy","1030703","20071030703"
"Dujac","2008","Vosne-Romanee, Aux Malconsorts, 1er Cru, Domaine Dujac, Burgundy","5610","Case of 6 Magnums","https://www.bbr.com/products-20081030703-2008-vosne-romanee-aux-malconsorts-1er-cru-domaine-dujac-burgundy","1030703","20081030703"
"Dujac","2009","Vosne-Romanee, Aux Malconsorts, 1er Cru, Domaine Dujac, Burgundy","3000","Case of 6 Bottles","https://www.bbr.com/products-20091030703-2009-vosne-romanee-aux-malconsorts-1er-cru-domaine-dujac-burgundy","1030703","20091030703"
"Dujac","2010","Vosne-Romanee, Aux Malconsorts, 1er Cru, Domaine Dujac, Burgundy","2900","Case of 6 Bottles","https://www.bbr.com/products-20101030703-2010-vosne-romanee-aux-malconsorts-1er-cru-domaine-dujac-burgundy","1030703","20101030703"
"Dujac","2011","Vosne-Romanee, Aux Malconsorts, 1er Cru, Domaine Dujac, Burgundy","2225","Case of 6 Bottles","https://www.bbr.com/products-20111030703-2011-vosne-romanee-aux-malconsorts-1er-cru-domaine-dujac-burgundy","1030703","20111030703"
"Dujac","2013","Vosne-Romanee, Aux Malconsorts, 1er Cru, Domaine Dujac, Burgundy","3200","Case of 6 Bottles","https://www.bbr.com/products-20131030703-2013-vosne-romanee-aux-malconsorts-1er-cru-domaine-dujac-burgundy","1030703","20131030703"
"Dujac","2014","Vosne-Romanee, Aux Malconsorts, 1er Cru, Domaine Dujac, Burgundy","2400","Case of 6 Bottles","https://www.bbr.com/products-20141030703-2014-vosne-romanee-aux-malconsorts-1er-cru-domaine-dujac-burgundy","1030703","20141030703"
"Dujac","2014","Vosne-Romanee, Aux Malconsorts, 1er Cru, Domaine Dujac, Burgundy","4800","Case of 12 Bottles","https://www.bbr.com/products-20141030703-2014-vosne-romanee-aux-malconsorts-1er-cru-domaine-dujac-burgundy","1030703","20141030703"
"Dujac","2015","Vosne-Romanee, Aux Malconsorts, 1er Cru, Domaine Dujac, Burgundy","1800","Case of 3 Bottles","https://www.bbr.com/products-20151030703-2015-vosne-romanee-aux-malconsorts-1er-cru-domaine-dujac-burgundy","1030703","20151030703"
"Dujac","2015","Vosne-Romanee, Aux Malconsorts, 1er Cru, Domaine Dujac, Burgundy","3450","Case of 6 Bottles","https://www.bbr.com/products-20151030703-2015-vosne-romanee-aux-malconsorts-1er-cru-domaine-dujac-burgundy","1030703","20151030703"
"Dujac","2017","Vosne-Romanee, Aux Malconsorts, 1er Cru, Domaine Dujac, Burgundy","1260","Case of 3 Bottles","https://www.bbr.com/products-20171030703-2017-vosne-romanee-aux-malconsorts-1er-cru-domaine-dujac-burgundy","1030703","20171030703"
"Dujac","2018","Vosne-Romanee, Aux Malconsorts, 1er Cru, Domaine Dujac, Burgundy","1250","Case of 3 Bottles","https://www.bbr.com/products-20181030703-2018-vosne-romanee-aux-malconsorts-1er-cru-domaine-dujac-burgundy","1030703","20181030703"
"Dujac","2018","Vosne-Romanee, Aux Malconsorts, 1er Cru, Domaine Dujac, Burgundy","1400","Case of 3 Bottles","https://www.bbr.com/products-20181030703-2018-vosne-romanee-aux-malconsorts-1er-cru-domaine-dujac-burgundy","1030703","20181030703"
"Dujac","2019","Vosne-Romanee, Aux Malconsorts, 1er Cru, Domaine Dujac, Burgundy","1500","Case of 3 Bottles","https://www.bbr.com/products-20191030703-2019-vosne-romanee-aux-malconsorts-1er-cru-domaine-dujac-burgundy","1030703","20191030703"
"Dujac","2021","Vosne-Romanee, Aux Malconsorts, 1er Cru, Domaine Dujac, Burgundy","2250","Case of 3 Bottles","https://www.bbr.com/products-20211030703-2021-vosne-romanee-aux-malconsorts-1er-cru-domaine-dujac-burgundy","1030703","20211030703"
"Dujac","2021","Vosne-Romanee, Aux Malconsorts, 1er Cru, Domaine Dujac, Burgundy","950","Case of 1 Magnums","https://www.bbr.com/products-20211030703-2021-vosne-romanee-aux-malconsorts-1er-cru-domaine-dujac-burgundy","1030703","20211030703"
"Dujac","2022","Vosne-Romanee, Aux Malconsorts, 1er Cru, Domaine Dujac, Burgundy","1900","Case of 3 Bottles","https://www.bbr.com/products-20221030703-2022-vosne-romanee-aux-malconsorts-1er-cru-domaine-dujac-burgundy","1030703","20221030703"
"Domaine Sylvain Cathiard","1999","Vosne-Romanee, Aux Malconsorts, 1er Cru, Domaine Sylvain Cathiard, Burgundy","22000","Case of 12 Bottles","https://www.bbr.com/products-19998024804-1999-vosne-romanee-aux-malconsorts-1er-cru-domaine-sylvain-cathiard-burgundy","1023640","19998024804"
"Domaine Sylvain Cathiard","2005","Vosne-Romanee, Aux Malconsorts, 1er Cru, Domaine Sylvain Cathiard, Burgundy","10000","Case of 12 Bottles","https://www.bbr.com/products-20058024804-2005-vosne-romanee-aux-malconsorts-1er-cru-domaine-sylvain-cathiard-burgundy","1023640","20058024804"
"Domaine Sylvain Cathiard","2010","Vosne-Romanee, Aux Malconsorts, 1er Cru, Domaine Sylvain Cathiard, Burgundy","7500","Case of 6 Bottles","https://www.bbr.com/products-20108024804-2010-vosne-romanee-aux-malconsorts-1er-cru-domaine-sylvain-cathiard-burgundy","1023640","20108024804"
"Domaine Sylvain Cathiard","2012","Vosne-Romanee, Aux Malconsorts, 1er Cru, Domaine Sylvain Cathiard, Burgundy","3350","Case of 6 Bottles","https://www.bbr.com/products-20128024804-2012-vosne-romanee-aux-malconsorts-1er-cru-domaine-sylvain-cathiard-burgundy","1023640","20128024804"
"Domaine Sylvain Cathiard","2013","Vosne-Romanee, Aux Malconsorts, 1er Cru, Domaine Sylvain Cathiard, Burgundy","3360","Case of 6 Bottles","https://www.bbr.com/products-20138024804-2013-vosne-romanee-aux-malconsorts-1er-cru-domaine-sylvain-cathiard-burgundy","1023640","20138024804"
"Domaine Sylvain Cathiard","2015","Vosne-Romanee, Aux Malconsorts, 1er Cru, Domaine Sylvain Cathiard, Burgundy","4400","Case of 6 Bottles","https://www.bbr.com/products-20158024804-2015-vosne-romanee-aux-malconsorts-1er-cru-domaine-sylvain-cathiard-burgundy","1023640","20158024804"
"Domaine Sylvain Cathiard","2015","Vosne-Romanee, Aux Malconsorts, 1er Cru, Domaine Sylvain Cathiard, Burgundy","4400","Case of 6 Bottles","https://www.bbr.com/products-20158024804-2015-vosne-romanee-aux-malconsorts-1er-cru-domaine-sylvain-cathiard-burgundy","1023640","20158024804"
"Domaine Sylvain Cathiard","2016","Vosne-Romanee, Aux Malconsorts, 1er Cru, Domaine Sylvain Cathiard, Burgundy","3895","Case of 6 Bottles","https://www.bbr.com/products-20168024804-2016-vosne-romanee-aux-malconsorts-1er-cru-domaine-sylvain-cathiard-burgundy","1023640","20168024804"
"Domaine Sylvain Cathiard","2017","Vosne-Romanee, Aux Malconsorts, 1er Cru, Domaine Sylvain Cathiard, Burgundy","3425","Case of 6 Bottles","https://www.bbr.com/products-20178024804-2017-vosne-romanee-aux-malconsorts-1er-cru-domaine-sylvain-cathiard-burgundy","1023640","20178024804"
"Domaine Sylvain Cathiard","2018","Vosne-Romanee, Aux Malconsorts, 1er Cru, Domaine Sylvain Cathiard, Burgundy","3250","Case of 6 Bottles","https://www.bbr.com/products-20188024804-2018-vosne-romanee-aux-malconsorts-1er-cru-domaine-sylvain-cathiard-burgundy","1023640","20188024804"
"Domaine Sylvain Cathiard","2018","Vosne-Romanee, Aux Malconsorts, 1er Cru, Domaine Sylvain Cathiard, Burgundy","6000","Case of 6 Bottles","https://www.bbr.com/products-20188024804-2018-vosne-romanee-aux-malconsorts-1er-cru-domaine-sylvain-cathiard-burgundy","1023640","20188024804"
"Domaine Sylvain Cathiard","2020","Vosne-Romanee, Aux Malconsorts, 1er Cru, Domaine Sylvain Cathiard, Burgundy","3888","Case of 6 Bottles","https://www.bbr.com/products-20208024804-2020-vosne-romanee-aux-malconsorts-1er-cru-domaine-sylvain-cathiard-burgundy","1023640","20208024804"
"Domaine Sylvain Cathiard","2020","Vosne-Romanee, Aux Malconsorts, 1er Cru, Domaine Sylvain Cathiard, Burgundy","3300","Case of 6 Bottles","https://www.bbr.com/products-20208024804-2020-vosne-romanee-aux-malconsorts-1er-cru-domaine-sylvain-cathiard-burgundy","1023640","20208024804"
"Domaine Sylvain Cathiard","2021","Vosne-Romanee, Aux Malconsorts, 1er Cru, Domaine Sylvain Cathiard, Burgundy","4000","Case of 6 Bottles","https://www.bbr.com/products-20218024804-2021-vosne-romanee-aux-malconsorts-1er-cru-domaine-sylvain-cathiard-burgundy","1023640","20218024804"
"Domaine Sylvain Cathiard","2023","Vosne-Romanee, Aux Malconsorts, 1er Cru, Domaine Sylvain Cathiard, Burgundy","4450","Case of 6 Bottles","https://www.bbr.com/products-20238024804-2023-vosne-romanee-aux-malconsorts-1er-cru-domaine-sylvain-cathiard-burgundy","1023640","20238024804"
"Domaine de Montille","2006","Vosne-Romanee, Aux Malconsorts, 1er Cru, Domaine de Montille, Burgundy","1450","Case of 6 Bottles","https://www.bbr.com/products-20068018269-2006-vosne-romanee-aux-malconsorts-1er-cru-domaine-de-montille-burgundy","1048254","20068018269"
"Domaine de Montille","2013","Vosne-Romanee, Aux Malconsorts, 1er Cru, Domaine de Montille, Burgundy","1000","Case of 6 Bottles","https://www.bbr.com/products-20138018269-2013-vosne-romanee-aux-malconsorts-1er-cru-domaine-de-montille-burgundy","1048254","20138018269"
"Domaine de Montille","2014","Vosne-Romanee, Aux Malconsorts, 1er Cru, Domaine de Montille, Burgundy","1200","Case of 6 Bottles","https://www.bbr.com/products-20148018269-2014-vosne-romanee-aux-malconsorts-1er-cru-domaine-de-montille-burgundy","1048254","20148018269"
"Domaine de Montille","2016","Vosne-Romanee, Aux Malconsorts, 1er Cru, Domaine de Montille, Burgundy","1467","Case of 6 Bottles","https://www.bbr.com/products-20168018269-2016-vosne-romanee-aux-malconsorts-1er-cru-domaine-de-montille-burgundy","1048254","20168018269"
"Domaine de Montille","2017","Vosne-Romanee, Aux Malconsorts, 1er Cru, Domaine de Montille, Burgundy","2990","Case of 12 Bottles","https://www.bbr.com/products-20178018269-2017-vosne-romanee-aux-malconsorts-1er-cru-domaine-de-montille-burgundy","1048254","20178018269"
"Domaine de Montille","2018","Vosne-Romanee, Aux Malconsorts, 1er Cru, Domaine de Montille, Burgundy","1800","Case of 3 Magnums","https://www.bbr.com/products-20188018269-2018-vosne-romanee-aux-malconsorts-1er-cru-domaine-de-montille-burgundy","1048254","20188018269"
"Domaine de Montille","2022","Vosne-Romanee, Aux Malconsorts, 1er Cru, Domaine de Montille, Burgundy","1445","Case of 3 Bottles","https://www.bbr.com/products-20228018269-2022-vosne-romanee-aux-malconsorts-1er-cru-domaine-de-montille-burgundy","1048254","20228018269"
"Lucien Le Moine","2015","Vosne-Romanee, Aux Malconsorts, 1er Cru, Lucien Le Moine, Burgundy","1345","Case of 6 Bottles","https://www.bbr.com/products-20158218584-2015-vosne-romanee-aux-malconsorts-1er-cru-lucien-le-moine-burgundy","1042832","20158218584"
"Maison Roche de Bellene","2009","Vosne-Romanee, Aux Malconsorts, 1er Cru, Maison Roche de Bellene, Burgundy","780","Case of 6 Bottles","https://www.bbr.com/products-20091124392-2009-vosne-romanee-aux-malconsorts-1er-cru-maison-roche-de-bellene-burgundy","1124392","20091124392"
"Maison Roche de Bellene","2010","Vosne-Romanee, Aux Malconsorts, 1er Cru, Maison Roche de Bellene, Burgundy","795","Case of 6 Bottles","https://www.bbr.com/products-20101124392-2010-vosne-romanee-aux-malconsorts-1er-cru-maison-roche-de-bellene-burgundy","1124392","20101124392"
"Maison Roche de Bellene","2011","Vosne-Romanee, Aux Malconsorts, 1er Cru, Maison Roche de Bellene, Burgundy","460","Case of 6 Bottles","https://www.bbr.com/products-20111124392-2011-vosne-romanee-aux-malconsorts-1er-cru-maison-roche-de-bellene-burgundy","1124392","20111124392"
"Maison Roche de Bellene","2013","Vosne-Romanee, Aux Malconsorts, 1er Cru, Maison Roche de Bellene, Burgundy","520","Case of 6 Bottles","https://www.bbr.com/products-20131124392-2013-vosne-romanee-aux-malconsorts-1er-cru-maison-roche-de-bellene-burgundy","1124392","20131124392"
"Maison Nicolas Potel","2003","Vosne-Romanee, Aux Malconsorts, 1er Cru, Nicolas Potel, Burgundy","1800","Case of 12 Bottles","https://www.bbr.com/products-20038140450-2003-vosne-romanee-aux-malconsorts-1er-cru-nicolas-potel-burgundy","1052866","20038140450"
"Maison Nicolas Potel","2005","Vosne-Romanee, Aux Malconsorts, 1er Cru, Nicolas Potel, Burgundy","1300","Case of 12 Bottles","https://www.bbr.com/products-20058140450-2005-vosne-romanee-aux-malconsorts-1er-cru-nicolas-potel-burgundy","1052866","20058140450"
"Domaine de Montille","2006","Vosne-Romanee, Aux Malconsorts, Christiane, 1er Cru, Domaine de Montille, Burgundy","5790","Case of 6 Magnums","https://www.bbr.com/products-20068018256-2006-vosne-romanee-aux-malconsorts-christiane-1er-cru-domaine-de-montille-burgundy","1160772","20068018256"
"Domaine de Montille","2011","Vosne-Romanee, Aux Malconsorts, Christiane, 1er Cru, Domaine de Montille, Burgundy","2550","Case of 6 Bottles","https://www.bbr.com/products-20118018256-2011-vosne-romanee-aux-malconsorts-christiane-1er-cru-domaine-de-montille-burgundy","1160772","20118018256"
"Domaine de Montille","2011","Vosne-Romanee, Aux Malconsorts, Christiane, 1er Cru, Domaine de Montille, Burgundy","2750","Case of 6 Bottles","https://www.bbr.com/products-20118018256-2011-vosne-romanee-aux-malconsorts-christiane-1er-cru-domaine-de-montille-burgundy","1160772","20118018256"
"Domaine de Montille","2020","Vosne-Romanee, Aux Malconsorts, Christiane, 1er Cru, Domaine de Montille, Burgundy","3000","Case of 6 Bottles","https://www.bbr.com/products-20208018256-2020-vosne-romanee-aux-malconsorts-christiane-1er-cru-domaine-de-montille-burgundy","1160772","20208018256"
"Domaine de Montille","2020","Vosne-Romanee, Aux Malconsorts, Christiane, 1er Cru, Domaine de Montille, Burgundy","3188","Case of 3 Magnums","https://www.bbr.com/products-20208018256-2020-vosne-romanee-aux-malconsorts-christiane-1er-cru-domaine-de-montille-burgundy","1160772","20208018256"
"Domaine de Montille","2022","Vosne-Romanee, Aux Malconsorts, Christiane, 1er Cru, Domaine de Montille, Burgundy","2487","Case of 3 Bottles","https://www.bbr.com/products-20228018256-2022-vosne-romanee-aux-malconsorts-christiane-1er-cru-domaine-de-montille-burgundy","1160772","20228018256"
"Domaine Arnoux-Lachaux","2018","Vosne-Romanee, Aux Reignots, 1er Cru, Domaine Arnoux-Lachaux, Burgundy","1750","Case of 1 Bottles","https://www.bbr.com/products-20188227436-2018-vosne-romanee-aux-reignots-1er-cru-domaine-arnoux-lachaux-burgundy","1018826","20188227436"
"Domaine Sylvain Cathiard","2006","Vosne-Romanee, Aux Reignots, 1er Cru, Domaine Sylvain Cathiard, Burgundy","5750","Case of 12 Bottles","https://www.bbr.com/products-20068024817-2006-vosne-romanee-aux-reignots-1er-cru-domaine-sylvain-cathiard-burgundy","1023666","20068024817"
"Domaine Sylvain Cathiard","2013","Vosne-Romanee, Aux Reignots, 1er Cru, Domaine Sylvain Cathiard, Burgundy","3340","Case of 6 Bottles","https://www.bbr.com/products-20138024817-2013-vosne-romanee-aux-reignots-1er-cru-domaine-sylvain-cathiard-burgundy","1023666","20138024817"
"Domaine Sylvain Cathiard","2014","Vosne-Romanee, Aux Reignots, 1er Cru, Domaine Sylvain Cathiard, Burgundy","3750","Case of 6 Bottles","https://www.bbr.com/products-20148024817-2014-vosne-romanee-aux-reignots-1er-cru-domaine-sylvain-cathiard-burgundy","1023666","20148024817"
"Domaine A-F Gros","2012","Vosne-Romanee, Aux Reas, Domaine A.-F. Gros, Burgundy","490","Case of 6 Bottles","https://www.bbr.com/products-20128010003-2012-vosne-romanee-aux-reas-domaine-a-f-gros-burgundy","1036314","20128010003"
"Domaine A-F Gros","2013","Vosne-Romanee, Aux Reas, Domaine A.-F. Gros, Burgundy","420","Case of 6 Bottles","https://www.bbr.com/products-20138010003-2013-vosne-romanee-aux-reas-domaine-a-f-gros-burgundy","1036314","20138010003"
"Domaine A-F Gros","2016","Vosne-Romanee, Aux Reas, Domaine A.-F. Gros, Burgundy","495","Case of 6 Bottles","https://www.bbr.com/products-20168010003-2016-vosne-romanee-aux-reas-domaine-a-f-gros-burgundy","1036314","20168010003"
"Domaine A-F Gros","2017","Vosne-Romanee, Aux Reas, Domaine A.-F. Gros, Burgundy","390","Case of 6 Bottles","https://www.bbr.com/products-20178010003-2017-vosne-romanee-aux-reas-domaine-a-f-gros-burgundy","1036314","20178010003"
"Domaine A-F Gros","2020","Vosne-Romanee, Aux Reas, Domaine A.-F. Gros, Burgundy","410","Case of 6 Bottles","https://www.bbr.com/products-20208010003-2020-vosne-romanee-aux-reas-domaine-a-f-gros-burgundy","1036314","20208010003"
"Domaine A-F Gros","2020","Vosne-Romanee, Aux Reas, Domaine A.-F. Gros, Burgundy","643","Case of 6 Bottles","https://www.bbr.com/products-20208010003-2020-vosne-romanee-aux-reas-domaine-a-f-gros-burgundy","1036314","20208010003"
"Domaine Thibault Liger-Belair","2005","Vosne-Romanee, Aux Reas, Domaine Thibault Liger-Belair, Burgundy","910","Case of 12 Bottles","https://www.bbr.com/products-20058022640-2005-vosne-romanee-aux-reas-domaine-thibault-liger-belair-burgundy","1045080","20058022640"
"Domaine Thibault Liger-Belair","2010","Vosne-Romanee, Aux Reas, Domaine Thibault Liger-Belair, Burgundy","520","Case of 6 Bottles","https://www.bbr.com/products-20108022640-2010-vosne-romanee-aux-reas-domaine-thibault-liger-belair-burgundy","1045080","20108022640"
"Domaine Thibault Liger-Belair","2011","Vosne-Romanee, Aux Reas, Domaine Thibault Liger-Belair, Burgundy","350","Case of 6 Bottles","https://www.bbr.com/products-20118022640-2011-vosne-romanee-aux-reas-domaine-thibault-liger-belair-burgundy","1045080","20118022640"
"Domaine Thibault Liger-Belair","2012","Vosne-Romanee, Aux Reas, Domaine Thibault Liger-Belair, Burgundy","375","Case of 6 Bottles","https://www.bbr.com/products-20128022640-2012-vosne-romanee-aux-reas-domaine-thibault-liger-belair-burgundy","1045080","20128022640"
"Domaine Thibault Liger-Belair","2015","Vosne-Romanee, Aux Reas, Domaine Thibault Liger-Belair, Burgundy","425","Case of 6 Bottles","https://www.bbr.com/products-20158022640-2015-vosne-romanee-aux-reas-domaine-thibault-liger-belair-burgundy","1045080","20158022640"
"Domaine Thibault Liger-Belair","2016","Vosne-Romanee, Aux Reas, Domaine Thibault Liger-Belair, Burgundy","450","Case of 6 Bottles","https://www.bbr.com/products-20168022640-2016-vosne-romanee-aux-reas-domaine-thibault-liger-belair-burgundy","1045080","20168022640"
"Domaine Thibault Liger-Belair","2016","Vosne-Romanee, Aux Reas, Domaine Thibault Liger-Belair, Burgundy","650","Case of 6 Bottles","https://www.bbr.com/products-20168022640-2016-vosne-romanee-aux-reas-domaine-thibault-liger-belair-burgundy","1045080","20168022640"
"Domaine Thibault Liger-Belair","2017","Vosne-Romanee, Aux Reas, Domaine Thibault Liger-Belair, Burgundy","450","Case of 6 Bottles","https://www.bbr.com/products-20178022640-2017-vosne-romanee-aux-reas-domaine-thibault-liger-belair-burgundy","1045080","20178022640"
"Domaine Thibault Liger-Belair","2018","Vosne-Romanee, Aux Reas, Domaine Thibault Liger-Belair, Burgundy","550","Case of 6 Bottles","https://www.bbr.com/products-20188022640-2018-vosne-romanee-aux-reas-domaine-thibault-liger-belair-burgundy","1045080","20188022640"
"Domaine Thibault Liger-Belair","2018","Vosne-Romanee, Aux Reas, Domaine Thibault Liger-Belair, Burgundy","350","Case of 3 Magnums","https://www.bbr.com/products-20188022640-2018-vosne-romanee-aux-reas-domaine-thibault-liger-belair-burgundy","1045080","20188022640"
"Domaine Thibault Liger-Belair","2020","Vosne-Romanee, Aux Reas, Domaine Thibault Liger-Belair, Burgundy","650","Case of 6 Bottles","https://www.bbr.com/products-20208022640-2020-vosne-romanee-aux-reas-domaine-thibault-liger-belair-burgundy","1045080","20208022640"
"Domaine Thibault Liger-Belair","2021","Vosne-Romanee, Aux Reas, Domaine Thibault Liger-Belair, Burgundy","540","Case of 6 Bottles","https://www.bbr.com/products-20218022640-2021-vosne-romanee-aux-reas-domaine-thibault-liger-belair-burgundy","1045080","20218022640"
"Domaine Michele et Patrice Rion","2022","Vosne-Romanee, Beaux Monts, 1er Cru, Patrice Rion, Burgundy","1088","Case of 6 Bottles","https://www.bbr.com/products-20228148687-2022-vosne-romanee-beaux-monts-1er-cru-patrice-rion-burgundy","2153290","20228148687"
"Domaine Michele et Patrice Rion","2023","Vosne-Romanee, Beaux Monts, 1er Cru, Patrice Rion, Burgundy","738","Case of 6 Bottles","https://www.bbr.com/products-20238148687-2023-vosne-romanee-beaux-monts-1er-cru-patrice-rion-burgundy","2153290","20238148687"
"Benjamin Leroux","2015","Vosne-Romanee, Benjamin Leroux, Burgundy","415","Case of 6 Bottles","https://www.bbr.com/products-20151339239-2015-vosne-romanee-benjamin-leroux-burgundy","1339239","20151339239"
"Benjamin Leroux","2017","Vosne-Romanee, Benjamin Leroux, Burgundy","325","Case of 1 Jeroboam 300cl","https://www.bbr.com/products-20171339239-2017-vosne-romanee-benjamin-leroux-burgundy","1339239","20171339239"
"Benjamin Leroux","2018","Vosne-Romanee, Benjamin Leroux, Burgundy","420","Case of 6 Bottles","https://www.bbr.com/products-20181339239-2018-vosne-romanee-benjamin-leroux-burgundy","1339239","20181339239"
"Benjamin Leroux","2019","Vosne-Romanee, Benjamin Leroux, Burgundy","338","Case of 6 Bottles","https://www.bbr.com/products-20191339239-2019-vosne-romanee-benjamin-leroux-burgundy","1339239","20191339239"
"Benjamin Leroux","2020","Vosne-Romanee, Benjamin Leroux, Burgundy","364","Case of 6 Bottles","https://www.bbr.com/products-20201339239-2020-vosne-romanee-benjamin-leroux-burgundy","1339239","20201339239"
"Benjamin Leroux","2021","Vosne-Romanee, Benjamin Leroux, Burgundy","495","Case of 6 Bottles","https://www.bbr.com/products-20211339239-2021-vosne-romanee-benjamin-leroux-burgundy","1339239","20211339239"
"Benjamin Leroux","2022","Vosne-Romanee, Benjamin Leroux, Burgundy","375","Case of 6 Bottles","https://www.bbr.com/products-20221339239-2022-vosne-romanee-benjamin-leroux-burgundy","1339239","20221339239"
"Benjamin Leroux","2023","Vosne-Romanee, Benjamin Leroux, Burgundy","210","Case of 3 Bottles","https://www.bbr.com/products-20231339239-2023-vosne-romanee-benjamin-leroux-burgundy","1339239","20231339239"
"Maison Camille Giroud","2012","Vosne-Romanee, Camille Giroud, Burgundy","350","Case of 6 Bottles","https://www.bbr.com/products-20128024152-2012-vosne-romanee-camille-giroud-burgundy","1035131","20128024152"
"Domaine d'Eugenie","2022","Vosne-Romanee, Clos d'Eugenie, Domaine d'Eugenie, Burgundy","519","Case of 3 Bottles","https://www.bbr.com/products-20228023403-2022-vosne-romanee-clos-d-eugenie-domaine-d-eugenie-burgundy","1320169","20228023403"
"Domaine A-F Gros","2012","Vosne-Romanee, Clos de la Fontaine, Domaine A.-F. Gros, Burgundy","445","Case of 6 Bottles","https://www.bbr.com/products-20121036297-2012-vosne-romanee-clos-de-la-fontaine-domaine-a-f-gros-burgundy","1036297","20121036297"
"Domaine A-F Gros","2012","Vosne-Romanee, Clos de la Fontaine, Domaine A.-F. Gros, Burgundy","435","Case of 6 Bottles","https://www.bbr.com/products-20121036297-2012-vosne-romanee-clos-de-la-fontaine-domaine-a-f-gros-burgundy","1036297","20121036297"
"Domaine A-F Gros","2013","Vosne-Romanee, Clos de la Fontaine, Domaine A.-F. Gros, Burgundy","450","Case of 6 Bottles","https://www.bbr.com/products-20131036297-2013-vosne-romanee-clos-de-la-fontaine-domaine-a-f-gros-burgundy","1036297","20131036297"
"Domaine A-F Gros","2017","Vosne-Romanee, Clos de la Fontaine, Domaine A.-F. Gros, Burgundy","536","Case of 6 Bottles","https://www.bbr.com/products-20171036297-2017-vosne-romanee-clos-de-la-fontaine-domaine-a-f-gros-burgundy","1036297","20171036297"
"Domaine A-F Gros","2019","Vosne-Romanee, Clos de la Fontaine, Domaine A.-F. Gros, Burgundy","350","Case of 1 Magnums","https://www.bbr.com/products-20191036297-2019-vosne-romanee-clos-de-la-fontaine-domaine-a-f-gros-burgundy","1036297","20191036297"
"Domaine A-F Gros","2020","Vosne-Romanee, Clos de la Fontaine, Domaine A.-F. Gros, Burgundy","380","Case of 1 Magnums","https://www.bbr.com/products-20201036297-2020-vosne-romanee-clos-de-la-fontaine-domaine-a-f-gros-burgundy","1036297","20201036297"
"Domaine Michel Gros","2010","Vosne-Romanee, Clos des Reas, 1er Cru, Domaine Michel Gros, Burgundy","1950","Case of 12 Bottles","https://www.bbr.com/products-20108121604-2010-vosne-romanee-clos-des-reas-1er-cru-domaine-michel-gros-burgundy","1036561","20108121604"
"Domaine Michel Gros","2020","Vosne-Romanee, Clos des Reas, 1er Cru, Domaine Michel Gros, Burgundy","788","Case of 6 Bottles","https://www.bbr.com/products-20208121604-2020-vosne-romanee-clos-des-reas-1er-cru-domaine-michel-gros-burgundy","1036561","20208121604"
"Emmanuel Rouget","2002","Vosne-Romanee, Cros-Parantoux, 1er Cru, Emmanuel Rouget, Burgundy","30000","Case of 12 Bottles","https://www.bbr.com/products-20021056721-2002-vosne-romanee-cros-parantoux-1er-cru-emmanuel-rouget-burgundy","1056721","20021056721"
"Emmanuel Rouget","2002","Vosne-Romanee, Cros-Parantoux, 1er Cru, Emmanuel Rouget, Burgundy","30000","Case of 6 Magnums","https://www.bbr.com/products-20021056721-2002-vosne-romanee-cros-parantoux-1er-cru-emmanuel-rouget-burgundy","1056721","20021056721"
"Emmanuel Rouget","2018","Vosne-Romanee, Cros-Parantoux, 1er Cru, Emmanuel Rouget, Burgundy","17500","Case of 6 Bottles","https://www.bbr.com/products-20181056721-2018-vosne-romanee-cros-parantoux-1er-cru-emmanuel-rouget-burgundy","1056721","20181056721"
"Confuron-Cotetidot","2010","Vosne-Romanee, Domaine Confuron-Cotetidot, Burgundy","840","Case of 12 Bottles","https://www.bbr.com/products-20108219741-2010-vosne-romanee-domaine-confuron-cotetidot-burgundy","1027215","20108219741"
"Domaine Coquard Loison Fleurot","2016","Vosne-Romanee, Domaine Coquard Loison-Fleurot, Burgundy","445","Case of 6 Bottles","https://www.bbr.com/products-20168038979-2016-vosne-romanee-domaine-coquard-loison-fleurot-burgundy","1311897","20168038979"
"Domaine Coquard Loison Fleurot","2017","Vosne-Romanee, Domaine Coquard Loison-Fleurot, Burgundy","360","Case of 6 Bottles","https://www.bbr.com/products-20178038979-2017-vosne-romanee-domaine-coquard-loison-fleurot-burgundy","1311897","20178038979"
"Domaine Coquard Loison Fleurot","2019","Vosne-Romanee, Domaine Coquard Loison-Fleurot, Burgundy","395","Case of 6 Bottles","https://www.bbr.com/products-20198038979-2019-vosne-romanee-domaine-coquard-loison-fleurot-burgundy","1311897","20198038979"
"Domaine Coquard Loison Fleurot","2020","Vosne-Romanee, Domaine Coquard Loison-Fleurot, Burgundy","348","Case of 6 Bottles","https://www.bbr.com/products-20208038979-2020-vosne-romanee-domaine-coquard-loison-fleurot-burgundy","1311897","20208038979"
"Domaine Coquard Loison Fleurot","2022","Vosne-Romanee, Domaine Coquard Loison-Fleurot, Burgundy","426","Case of 6 Bottles","https://www.bbr.com/products-20228038979-2022-vosne-romanee-domaine-coquard-loison-fleurot-burgundy","1311897","20228038979"
"Domaine Coquard Loison Fleurot","2023","Vosne-Romanee, Domaine Coquard Loison-Fleurot, Burgundy","465","Case of 6 Bottles","https://www.bbr.com/products-20238038979-2023-vosne-romanee-domaine-coquard-loison-fleurot-burgundy","1311897","20238038979"
"Domaine David Clark","2009","Vosne-Romanee, Domaine David Clark, Burgundy","499","Case of 6 Bottles","https://www.bbr.com/products-20098030348-2009-vosne-romanee-domaine-david-clark-burgundy","1151598","20098030348"
"Domaine David Clark","2012","Vosne-Romanee, Domaine David Clark, Burgundy","380","Case of 6 Bottles","https://www.bbr.com/products-20128030348-2012-vosne-romanee-domaine-david-clark-burgundy","1151598","20128030348"
"Domaine Guyon","2015","Vosne-Romanee, Domaine Guyon, Burgundy","410","Case of 6 Bottles","https://www.bbr.com/products-20151447103-2015-vosne-romanee-domaine-guyon-burgundy","1447103","20151447103"
"Domaine Guyon","2016","Vosne-Romanee, Domaine Guyon, Burgundy","475","Case of 6 Bottles","https://www.bbr.com/products-20161447103-2016-vosne-romanee-domaine-guyon-burgundy","1447103","20161447103"
"Domaine Guyon","2021","Vosne-Romanee, Domaine Guyon, Burgundy","1500","Case of 6 Bottles","https://www.bbr.com/products-20211447103-2021-vosne-romanee-domaine-guyon-burgundy","1447103","20211447103"
"Domaine Guyon","2022","Vosne-Romanee, Domaine Guyon, Burgundy","1250","Case of 6 Bottles","https://www.bbr.com/products-20221447103-2022-vosne-romanee-domaine-guyon-burgundy","1447103","20221447103"
"Domaine Guyon","2023","Vosne-Romanee, Domaine Guyon, Burgundy","1185","Case of 6 Bottles","https://www.bbr.com/products-20231447103-2023-vosne-romanee-domaine-guyon-burgundy","1447103","20231447103"
"Domaine Gerard Mugneret","2016","Vosne-Romanee, Domaine Gerard Mugneret, Burgundy","495","Case of 6 Bottles","https://www.bbr.com/products-20168206703-2016-vosne-romanee-domaine-gerard-mugneret-burgundy","1311376","20168206703"
"Domaine Jean Grivot","2009","Vosne-Romanee, Domaine Jean Grivot, Burgundy","740","Case of 12 Bottles","https://www.bbr.com/products-20091035740-2009-vosne-romanee-domaine-jean-grivot-burgundy","1035740","20091035740"
"Domaine Jean Grivot","2009","Vosne-Romanee, Domaine Jean Grivot, Burgundy","740","Case of 12 Bottles","https://www.bbr.com/products-20091035740-2009-vosne-romanee-domaine-jean-grivot-burgundy","1035740","20091035740"
"Domaine Jean Grivot","2010","Vosne-Romanee, Domaine Jean Grivot, Burgundy","680","Case of 6 Bottles","https://www.bbr.com/products-20101035740-2010-vosne-romanee-domaine-jean-grivot-burgundy","1035740","20101035740"
"Domaine Jean Grivot","2011","Vosne-Romanee, Domaine Jean Grivot, Burgundy","300","Case of 6 Bottles","https://www.bbr.com/products-20111035740-2011-vosne-romanee-domaine-jean-grivot-burgundy","1035740","20111035740"
"Domaine Jean Grivot","2012","Vosne-Romanee, Domaine Jean Grivot, Burgundy","350","Case of 6 Bottles","https://www.bbr.com/products-20121035740-2012-vosne-romanee-domaine-jean-grivot-burgundy","1035740","20121035740"
"Domaine Jean Grivot","2013","Vosne-Romanee, Domaine Jean Grivot, Burgundy","325","Case of 6 Bottles","https://www.bbr.com/products-20131035740-2013-vosne-romanee-domaine-jean-grivot-burgundy","1035740","20131035740"
"Domaine Jean Grivot","2014","Vosne-Romanee, Domaine Jean Grivot, Burgundy","590","Case of 6 Bottles","https://www.bbr.com/products-20141035740-2014-vosne-romanee-domaine-jean-grivot-burgundy","1035740","20141035740"
"Domaine Jean Grivot","2015","Vosne-Romanee, Domaine Jean Grivot, Burgundy","435","Case of 6 Bottles","https://www.bbr.com/products-20151035740-2015-vosne-romanee-domaine-jean-grivot-burgundy","1035740","20151035740"
"Domaine Jean Grivot","2016","Vosne-Romanee, Domaine Jean Grivot, Burgundy","340","Case of 6 Bottles","https://www.bbr.com/products-20161035740-2016-vosne-romanee-domaine-jean-grivot-burgundy","1035740","20161035740"
"Domaine Jean Grivot","2017","Vosne-Romanee, Domaine Jean Grivot, Burgundy","330","Case of 6 Bottles","https://www.bbr.com/products-20171035740-2017-vosne-romanee-domaine-jean-grivot-burgundy","1035740","20171035740"
"Domaine Jean Grivot","2018","Vosne-Romanee, Domaine Jean Grivot, Burgundy","420","Case of 6 Bottles","https://www.bbr.com/products-20181035740-2018-vosne-romanee-domaine-jean-grivot-burgundy","1035740","20181035740"
"Domaine Jean Grivot","2019","Vosne-Romanee, Domaine Jean Grivot, Burgundy","485","Case of 6 Bottles","https://www.bbr.com/products-20191035740-2019-vosne-romanee-domaine-jean-grivot-burgundy","1035740","20191035740"
"Domaine Jean Grivot","2022","Vosne-Romanee, Domaine Jean Grivot, Burgundy","400","Case of 6 Bottles","https://www.bbr.com/products-20221035740-2022-vosne-romanee-domaine-jean-grivot-burgundy","1035740","20221035740"
"Domaine Jean Grivot","2023","Vosne-Romanee, Domaine Jean Grivot, Burgundy","450","Case of 6 Bottles","https://www.bbr.com/products-20231035740-2023-vosne-romanee-domaine-jean-grivot-burgundy","1035740","20231035740"
"Domaine Mugneret-Gibourg","2019","Vosne-Romanee, Domaine Mugneret-Gibourg, Burgundy","1800","Case of 6 Bottles","https://www.bbr.com/products-20198038083-2019-vosne-romanee-domaine-mugneret-gibourg-burgundy","1049538","20198038083"
"Domaine Mugneret-Gibourg","2020","Vosne-Romanee, Domaine Mugneret-Gibourg, Burgundy","1950","Case of 6 Bottles","https://www.bbr.com/products-20208038083-2020-vosne-romanee-domaine-mugneret-gibourg-burgundy","1049538","20208038083"
"Domaine Mugneret-Gibourg","2022","Vosne-Romanee, Domaine Mugneret-Gibourg, Burgundy","1800","Case of 6 Bottles","https://www.bbr.com/products-20228038083-2022-vosne-romanee-domaine-mugneret-gibourg-burgundy","1049538","20228038083"
"Domaine Rene Engel","2002","Vosne-Romanee, Domaine Rene Engel, Burgundy","12650","Case of 12 Bottles","https://www.bbr.com/products-20028021382-2002-vosne-romanee-domaine-rene-engel-burgundy","1030888","20028021382"
"Domaine Sylvain Cathiard","2005","Vosne-Romanee, Domaine Sylvain Cathiard, Burgundy","2600","Case of 12 Bottles","https://www.bbr.com/products-20058024790-2005-vosne-romanee-domaine-sylvain-cathiard-burgundy","1023624","20058024790"
"Domaine Sylvain Cathiard","2005","Vosne-Romanee, Domaine Sylvain Cathiard, Burgundy","3100","Case of 12 Bottles","https://www.bbr.com/products-20058024790-2005-vosne-romanee-domaine-sylvain-cathiard-burgundy","1023624","20058024790"
"Domaine Sylvain Cathiard","2009","Vosne-Romanee, Domaine Sylvain Cathiard, Burgundy","3100","Case of 12 Bottles","https://www.bbr.com/products-20098024790-2009-vosne-romanee-domaine-sylvain-cathiard-burgundy","1023624","20098024790"
"Domaine Sylvain Cathiard","2011","Vosne-Romanee, Domaine Sylvain Cathiard, Burgundy","850","Case of 6 Bottles","https://www.bbr.com/products-20118024790-2011-vosne-romanee-domaine-sylvain-cathiard-burgundy","1023624","20118024790"
"Domaine Sylvain Cathiard","2014","Vosne-Romanee, Domaine Sylvain Cathiard, Burgundy","840","Case of 6 Bottles","https://www.bbr.com/products-20148024790-2014-vosne-romanee-domaine-sylvain-cathiard-burgundy","1023624","20148024790"
"Domaine Sylvain Cathiard","2017","Vosne-Romanee, Domaine Sylvain Cathiard, Burgundy","950","Case of 6 Bottles","https://www.bbr.com/products-20178024790-2017-vosne-romanee-domaine-sylvain-cathiard-burgundy","1023624","20178024790"
"Domaine Sylvain Cathiard","2018","Vosne-Romanee, Domaine Sylvain Cathiard, Burgundy","809","Case of 6 Bottles","https://www.bbr.com/products-20188024790-2018-vosne-romanee-domaine-sylvain-cathiard-burgundy","1023624","20188024790"
"Domaine Sylvain Cathiard","2018","Vosne-Romanee, Domaine Sylvain Cathiard, Burgundy","1200","Case of 6 Bottles","https://www.bbr.com/products-20188024790-2018-vosne-romanee-domaine-sylvain-cathiard-burgundy","1023624","20188024790"
"Domaine Sylvain Cathiard","2019","Vosne-Romanee, Domaine Sylvain Cathiard, Burgundy","880","Case of 6 Bottles","https://www.bbr.com/products-20198024790-2019-vosne-romanee-domaine-sylvain-cathiard-burgundy","1023624","20198024790"
"Domaine Sylvain Cathiard","2019","Vosne-Romanee, Domaine Sylvain Cathiard, Burgundy","1750","Case of 6 Bottles","https://www.bbr.com/products-20198024790-2019-vosne-romanee-domaine-sylvain-cathiard-burgundy","1023624","20198024790"
"Domaine Sylvain Cathiard","2020","Vosne-Romanee, Domaine Sylvain Cathiard, Burgundy","825","Case of 6 Bottles","https://www.bbr.com/products-20208024790-2020-vosne-romanee-domaine-sylvain-cathiard-burgundy","1023624","20208024790"
"Domaine Sylvain Cathiard","2021","Vosne-Romanee, Domaine Sylvain Cathiard, Burgundy","895","Case of 6 Bottles","https://www.bbr.com/products-20218024790-2021-vosne-romanee-domaine-sylvain-cathiard-burgundy","1023624","20218024790"
"Domaine Sylvain Cathiard","2023","Vosne-Romanee, Domaine Sylvain Cathiard, Burgundy","795","Case of 6 Bottles","https://www.bbr.com/products-20238024790-2023-vosne-romanee-domaine-sylvain-cathiard-burgundy","1023624","20238024790"
"Domaine Sylvain Cathiard","2023","Vosne-Romanee, Domaine Sylvain Cathiard, Burgundy","940","Case of 6 Bottles","https://www.bbr.com/products-20238024790-2023-vosne-romanee-domaine-sylvain-cathiard-burgundy","1023624","20238024790"
"Domaine d'Eugenie","2006","Vosne-Romanee, Domaine d'Eugenie, Burgundy","1399","Case of 12 Bottles","https://www.bbr.com/products-20068023386-2006-vosne-romanee-domaine-d-eugenie-burgundy","1031175","20068023386"
"Domaine d'Eugenie","2009","Vosne-Romanee, Domaine d'Eugenie, Burgundy","1450","Case of 12 Bottles","https://www.bbr.com/products-20098023386-2009-vosne-romanee-domaine-d-eugenie-burgundy","1031175","20098023386"
"Domaine d'Eugenie","2012","Vosne-Romanee, Domaine d'Eugenie, Burgundy","1150","Case of 12 Bottles","https://www.bbr.com/products-20128023386-2012-vosne-romanee-domaine-d-eugenie-burgundy","1031175","20128023386"
"Domaine d'Eugenie","2017","Vosne-Romanee, Domaine d'Eugenie, Burgundy","495","Case of 6 Bottles","https://www.bbr.com/products-20178023386-2017-vosne-romanee-domaine-d-eugenie-burgundy","1031175","20178023386"
"Albert Bichot","2020","Vosne-Romanee, Domaine du Clos Frantin, Albert Bichot, Burgundy","325","Case of 6 Bottles","https://www.bbr.com/products-20208243539-2020-vosne-romanee-domaine-du-clos-frantin-albert-bichot-burgundy","","20208243539"
"Domaine du Comte Liger-Belair","2018","Vosne-Romanee, Domaine du Comte Liger-Belair, Burgundy","5500","Case of 6 Bottles","https://www.bbr.com/products-20188122324-2018-vosne-romanee-domaine-du-comte-liger-belair-burgundy","1026582","20188122324"
"Emmanuel Rouget","2014","Vosne-Romanee, Emmanuel Rouget, Burgundy","1600","Case of 6 Bottles","https://www.bbr.com/products-20141056691-2014-vosne-romanee-emmanuel-rouget-burgundy","1056691","20141056691"
"Emmanuel Rouget","2014","Vosne-Romanee, Emmanuel Rouget, Burgundy","2000","Case of 6 Bottles","https://www.bbr.com/products-20141056691-2014-vosne-romanee-emmanuel-rouget-burgundy","1056691","20141056691"
"Emmanuel Rouget","2017","Vosne-Romanee, Emmanuel Rouget, Burgundy","1888","Case of 6 Bottles","https://www.bbr.com/products-20171056691-2017-vosne-romanee-emmanuel-rouget-burgundy","1056691","20171056691"
"Emmanuel Rouget","2019","Vosne-Romanee, Emmanuel Rouget, Burgundy","1740","Case of 6 Bottles","https://www.bbr.com/products-20191056691-2019-vosne-romanee-emmanuel-rouget-burgundy","1056691","20191056691"
"Emmanuel Rouget","2019","Vosne-Romanee, Emmanuel Rouget, Burgundy","1750","Case of 6 Bottles","https://www.bbr.com/products-20191056691-2019-vosne-romanee-emmanuel-rouget-burgundy","1056691","20191056691"
"Domaine Guyon","2013","Vosne-Romanee, En Orveaux, 1er Cru, Domaine Guyon, Burgundy","520","Case of 6 Bottles","https://www.bbr.com/products-20131447129-2013-vosne-romanee-en-orveaux-1er-cru-domaine-guyon-burgundy","1447129","20131447129"
"Domaine Guyon","2015","Vosne-Romanee, En Orveaux, 1er Cru, Domaine Guyon, Burgundy","750","Case of 6 Bottles","https://www.bbr.com/products-20151447129-2015-vosne-romanee-en-orveaux-1er-cru-domaine-guyon-burgundy","1447129","20151447129"
"Domaine Guyon","2016","Vosne-Romanee, En Orveaux, 1er Cru, Domaine Guyon, Burgundy","960","Case of 6 Bottles","https://www.bbr.com/products-20161447129-2016-vosne-romanee-en-orveaux-1er-cru-domaine-guyon-burgundy","1447129","20161447129"
"Domaine Guyon","2017","Vosne-Romanee, En Orveaux, 1er Cru, Domaine Guyon, Burgundy","975","Case of 6 Bottles","https://www.bbr.com/products-20171447129-2017-vosne-romanee-en-orveaux-1er-cru-domaine-guyon-burgundy","1447129","20171447129"
"Domaine Guyon","2018","Vosne-Romanee, En Orveaux, 1er Cru, Domaine Guyon, Burgundy","1195","Case of 6 Bottles","https://www.bbr.com/products-20181447129-2018-vosne-romanee-en-orveaux-1er-cru-domaine-guyon-burgundy","1447129","20181447129"
"Domaine Guyon","2019","Vosne-Romanee, En Orveaux, 1er Cru, Domaine Guyon, Burgundy","2000","Case of 6 Bottles","https://www.bbr.com/products-20191447129-2019-vosne-romanee-en-orveaux-1er-cru-domaine-guyon-burgundy","1447129","20191447129"
"Domaine Guyon","2023","Vosne-Romanee, En Orveaux, 1er Cru, Domaine Guyon, Burgundy","2495","Case of 6 Bottles","https://www.bbr.com/products-20231447129-2023-vosne-romanee-en-orveaux-1er-cru-domaine-guyon-burgundy","1447129","20231447129"
"Domaine Mongeard-Mugneret","2015","Vosne-Romanee, En Orveaux, 1er Cru, Domaine Mongeard-Mugneret,Burgundy","654","Case of 6 Bottles","https://www.bbr.com/products-20158218294-2015-vosne-romanee-en-orveaux-1er-cru-domaine-mongeard-mugneret-burgundy","1047866","20158218294"
"Domaine Mongeard-Mugneret","2017","Vosne-Romanee, En Orveaux, 1er Cru, Domaine Mongeard-Mugneret,Burgundy","682","Case of 6 Bottles","https://www.bbr.com/products-20178218294-2017-vosne-romanee-en-orveaux-1er-cru-domaine-mongeard-mugneret-burgundy","1047866","20178218294"
"Domaine Sylvain Cathiard","2002","Vosne-Romanee, En Orveaux, 1er Cru, Domaine Sylvain Cathiard, Burgundy","9950","Case of 12 Bottles","https://www.bbr.com/products-20028024833-2002-vosne-romanee-en-orveaux-1er-cru-domaine-sylvain-cathiard-burgundy","1023653","20028024833"
"Domaine Sylvain Cathiard","2013","Vosne-Romanee, En Orveaux, 1er Cru, Domaine Sylvain Cathiard, Burgundy","3000","Case of 6 Bottles","https://www.bbr.com/products-20138024833-2013-vosne-romanee-en-orveaux-1er-cru-domaine-sylvain-cathiard-burgundy","1023653","20138024833"
"Domaine Sylvain Cathiard","2014","Vosne-Romanee, En Orveaux, 1er Cru, Domaine Sylvain Cathiard, Burgundy","3300","Case of 6 Bottles","https://www.bbr.com/products-20148024833-2014-vosne-romanee-en-orveaux-1er-cru-domaine-sylvain-cathiard-burgundy","1023653","20148024833"
"Domaine Sylvain Cathiard","2016","Vosne-Romanee, En Orveaux, 1er Cru, Domaine Sylvain Cathiard, Burgundy","2800","Case of 6 Bottles","https://www.bbr.com/products-20168024833-2016-vosne-romanee-en-orveaux-1er-cru-domaine-sylvain-cathiard-burgundy","1023653","20168024833"
"Domaine Sylvain Cathiard","2018","Vosne-Romanee, En Orveaux, 1er Cru, Domaine Sylvain Cathiard, Burgundy","3388","Case of 6 Bottles","https://www.bbr.com/products-20188024833-2018-vosne-romanee-en-orveaux-1er-cru-domaine-sylvain-cathiard-burgundy","1023653","20188024833"
"Domaine Sylvain Cathiard","2023","Vosne-Romanee, En Orveaux, 1er Cru, Domaine Sylvain Cathiard, Burgundy","2590","Case of 6 Bottles","https://www.bbr.com/products-20238024833-2023-vosne-romanee-en-orveaux-1er-cru-domaine-sylvain-cathiard-burgundy","1023653","20238024833"
"Maison Joseph Drouhin","2019","Vosne-Romanee, Joseph Drouhin, Burgundy","299","Case of 6 Bottles","https://www.bbr.com/products-20198019224-2019-vosne-romanee-joseph-drouhin-burgundy","1029437","20198019224"
"Domaine Mugneret-Gibourg","2021","Vosne-Romanee, La Colombiere, Domaine Mugneret-Gibourg, Burgundy","825","Case of 3 Bottles","https://www.bbr.com/products-20218048365-2021-vosne-romanee-la-colombiere-domaine-mugneret-gibourg-burgundy","1866573","20218048365"
"Domaine du Comte Liger-Belair","2019","Vosne-Romanee, La Colombiere, Domaine du Comte Liger-Belair, Burgundy","5350","Case of 6 Bottles","https://www.bbr.com/products-20198122294-2019-vosne-romanee-la-colombiere-domaine-du-comte-liger-belair-burgundy","1026625","20198122294"
"Francois Confuron-Gindre","2020","Vosne-Romanee, La Colombiere, Francois Confuron-Gindre, Burgundy","360","Case of 6 Bottles","https://www.bbr.com/products-20208086303-2020-vosne-romanee-la-colombiere-francois-confuron-gindre-burgundy","2096908","20208086303"
"Domaine Bruno Clavelier","2009","Vosne-Romanee, La Combe Brulee, Vieilles Vignes, Domaine Bruno Clavelier, Burgundy","1350","Case of 12 Bottles","https://www.bbr.com/products-20098020574-2009-vosne-romanee-la-combe-brulee-vieilles-vignes-domaine-bruno-clavelier-burgundy","1149094","20098020574"
"Domaine Bruno Clavelier","2015","Vosne-Romanee, La Combe Brulee, Vieilles Vignes, Domaine Bruno Clavelier, Burgundy","465","Case of 6 Bottles","https://www.bbr.com/products-20158020574-2015-vosne-romanee-la-combe-brulee-vieilles-vignes-domaine-bruno-clavelier-burgundy","1149094","20158020574"
"Domaine Bruno Clavelier","2021","Vosne-Romanee, La Combe Brulee, Vieilles Vignes, Domaine Bruno Clavelier, Burgundy","500","Case of 6 Bottles","https://www.bbr.com/products-20218020574-2021-vosne-romanee-la-combe-brulee-vieilles-vignes-domaine-bruno-clavelier-burgundy","1149094","20218020574"
"Domaine Lamarche","2014","Vosne-Romanee, La Croix Rameau, 1er Cru, Domaine Francois Lamarche, Burgundy","890","Case of 6 Bottles","https://www.bbr.com/products-20141040232-2014-vosne-romanee-la-croix-rameau-1er-cru-domaine-francois-lamarche-burgundy","1040232","20141040232"
"Domaine Lamarche","2017","Vosne-Romanee, La Croix Rameau, 1er Cru, Domaine Francois Lamarche, Burgundy","1190","Case of 6 Bottles","https://www.bbr.com/products-20171040232-2017-vosne-romanee-la-croix-rameau-1er-cru-domaine-francois-lamarche-burgundy","1040232","20171040232"
"Domaine Lamarche","2018","Vosne-Romanee, La Croix Rameau, 1er Cru, Nicole Lamarche, Burgundy","895","Case of 6 Bottles","https://www.bbr.com/products-20181040232-2018-vosne-romanee-la-croix-rameau-1er-cru-nicole-lamarche-burgundy","1040232","20181040232"
"Domaine Lamarche","2020","Vosne-Romanee, La Croix Rameau, 1er Cru, Nicole Lamarche, Burgundy","700","Case of 3 Bottles","https://www.bbr.com/products-20201040232-2020-vosne-romanee-la-croix-rameau-1er-cru-nicole-lamarche-burgundy","1040232","20201040232"
"Domaine du Prieure Roch","2022","Vosne-Romanee, Le Clos Goillotte, Domaine Prieure Roch, Burgundy","4200","Case of 3 Bottles","https://www.bbr.com/products-20228120274-2022-vosne-romanee-le-clos-goillotte-domaine-prieure-roch-burgundy","1053469","20228120274"
"Domaine du Prieure Roch","2022","Vosne-Romanee, Le Clos Goillotte, Domaine Prieure Roch, Burgundy","2800","Case of 1 Magnums","https://www.bbr.com/products-20228120274-2022-vosne-romanee-le-clos-goillotte-domaine-prieure-roch-burgundy","1053469","20228120274"
"Domaine Hudelot-Noellat","2008","Vosne-Romanee, Les Beaumonts, 1er Cru, Domaine Hudelot-Noellat, Burgundy","1300","Case of 6 Bottles","https://www.bbr.com/products-20088121503-2008-vosne-romanee-les-beaumonts-1er-cru-domaine-hudelot-noellat-burgundy","1037412","20088121503"
"Domaine Hudelot-Noellat","2011","Vosne-Romanee, Les Beaumonts, 1er Cru, Domaine Hudelot-Noellat, Burgundy","2500","Case of 12 Bottles","https://www.bbr.com/products-20118121503-2011-vosne-romanee-les-beaumonts-1er-cru-domaine-hudelot-noellat-burgundy","1037412","20118121503"
"Emmanuel Rouget","2022","Vosne-Romanee, Les Beaumonts, 1er Cru, Emmanuel Rouget, Burgundy","2750","Case of 6 Bottles","https://www.bbr.com/products-20228001207-2022-vosne-romanee-les-beaumonts-1er-cru-emmanuel-rouget-burgundy","1056705","20228001207"
"Domaine Bertagna","1996","Vosne-Romanee, Les Beaux Monts, 1er Cru, Domaine Bertagna, Burgundy","780","Case of 12 Bottles","https://www.bbr.com/products-19968018621-1996-vosne-romanee-les-beaux-monts-1er-cru-domaine-bertagna-burgundy","1019924","19968018621"
"Domaine Bertagna","2014","Vosne-Romanee, Les Beaux Monts, 1er Cru, Domaine Bertagna, Burgundy","389","Case of 6 Bottles","https://www.bbr.com/products-20148018621-2014-vosne-romanee-les-beaux-monts-1er-cru-domaine-bertagna-burgundy","1019924","20148018621"
"Domaine Bertagna","2015","Vosne-Romanee, Les Beaux Monts, 1er Cru, Domaine Bertagna, Burgundy","480","Case of 6 Bottles","https://www.bbr.com/products-20158018621-2015-vosne-romanee-les-beaux-monts-1er-cru-domaine-bertagna-burgundy","1019924","20158018621"
"Domaine Bertagna","2016","Vosne-Romanee, Les Beaux Monts, 1er Cru, Domaine Bertagna, Burgundy","463","Case of 6 Bottles","https://www.bbr.com/products-20168018621-2016-vosne-romanee-les-beaux-monts-1er-cru-domaine-bertagna-burgundy","1019924","20168018621"
"Domaine Bertagna","2017","Vosne-Romanee, Les Beaux Monts, 1er Cru, Domaine Bertagna, Burgundy","406","Case of 6 Bottles","https://www.bbr.com/products-20178018621-2017-vosne-romanee-les-beaux-monts-1er-cru-domaine-bertagna-burgundy","1019924","20178018621"
"Dujac","2008","Vosne-Romanee, Les Beaux Monts, 1er Cru, Domaine Dujac, Burgundy","2550","Case of 6 Bottles","https://www.bbr.com/products-20081030699-2008-vosne-romanee-les-beaux-monts-1er-cru-domaine-dujac-burgundy","1030699","20081030699"
"Dujac","2009","Vosne-Romanee, Les Beaux Monts, 1er Cru, Domaine Dujac, Burgundy","2000","Case of 6 Bottles","https://www.bbr.com/products-20091030699-2009-vosne-romanee-les-beaux-monts-1er-cru-domaine-dujac-burgundy","1030699","20091030699"
"Dujac","2011","Vosne-Romanee, Les Beaux Monts, 1er Cru, Domaine Dujac, Burgundy","2200","Case of 6 Bottles","https://www.bbr.com/products-20111030699-2011-vosne-romanee-les-beaux-monts-1er-cru-domaine-dujac-burgundy","1030699","20111030699"
"Dujac","2012","Vosne-Romanee, Les Beaux Monts, 1er Cru, Domaine Dujac, Burgundy","2200","Case of 6 Bottles","https://www.bbr.com/products-20121030699-2012-vosne-romanee-les-beaux-monts-1er-cru-domaine-dujac-burgundy","1030699","20121030699"
"Dujac","2013","Vosne-Romanee, Les Beaux Monts, 1er Cru, Domaine Dujac, Burgundy","2150","Case of 6 Bottles","https://www.bbr.com/products-20131030699-2013-vosne-romanee-les-beaux-monts-1er-cru-domaine-dujac-burgundy","1030699","20131030699"
"Dujac","2013","Vosne-Romanee, Les Beaux Monts, 1er Cru, Domaine Dujac, Burgundy","2145","Case of 6 Bottles","https://www.bbr.com/products-20131030699-2013-vosne-romanee-les-beaux-monts-1er-cru-domaine-dujac-burgundy","1030699","20131030699"
"Dujac","2014","Vosne-Romanee, Les Beaux Monts, 1er Cru, Domaine Dujac, Burgundy","3840","Case of 12 Bottles","https://www.bbr.com/products-20141030699-2014-vosne-romanee-les-beaux-monts-1er-cru-domaine-dujac-burgundy","1030699","20141030699"
"Dujac","2014","Vosne-Romanee, Les Beaux Monts, 1er Cru, Domaine Dujac, Burgundy","2100","Case of 6 Bottles","https://www.bbr.com/products-20141030699-2014-vosne-romanee-les-beaux-monts-1er-cru-domaine-dujac-burgundy","1030699","20141030699"
"Dujac","2016","Vosne-Romanee, Les Beaux Monts, 1er Cru, Domaine Dujac, Burgundy","2200","Case of 6 Bottles","https://www.bbr.com/products-20161030699-2016-vosne-romanee-les-beaux-monts-1er-cru-domaine-dujac-burgundy","1030699","20161030699"
"Dujac","2017","Vosne-Romanee, Les Beaux Monts, 1er Cru, Domaine Dujac, Burgundy","990","Case of 3 Bottles","https://www.bbr.com/products-20171030699-2017-vosne-romanee-les-beaux-monts-1er-cru-domaine-dujac-burgundy","1030699","20171030699"
"Dujac","2018","Vosne-Romanee, Les Beaux Monts, 1er Cru, Domaine Dujac, Burgundy","995","Case of 3 Bottles","https://www.bbr.com/products-20181030699-2018-vosne-romanee-les-beaux-monts-1er-cru-domaine-dujac-burgundy","1030699","20181030699"
"Dujac","2022","Vosne-Romanee, Les Beaux Monts, 1er Cru, Domaine Dujac, Burgundy","1400","Case of 3 Bottles","https://www.bbr.com/products-20221030699-2022-vosne-romanee-les-beaux-monts-1er-cru-domaine-dujac-burgundy","1030699","20221030699"
"Domaine Jean Grivot","2005","Vosne-Romanee, Les Beaux Monts, 1er Cru, Domaine Jean Grivot, Burgundy","1999","Case of 12 Bottles","https://www.bbr.com/products-20051362798-2005-vosne-romanee-les-beaux-monts-1er-cru-domaine-jean-grivot-burgundy","1035766","20051362798"
"Domaine Jean Grivot","2007","Vosne-Romanee, Les Beaux Monts, 1er Cru, Domaine Jean Grivot, Burgundy","1180","Case of 6 Bottles","https://www.bbr.com/products-20071362798-2007-vosne-romanee-les-beaux-monts-1er-cru-domaine-jean-grivot-burgundy","1035766","20071362798"
"Domaine Jean Grivot","2008","Vosne-Romanee, Les Beaux Monts, 1er Cru, Domaine Jean Grivot, Burgundy","2050","Case of 12 Bottles","https://www.bbr.com/products-20081362798-2008-vosne-romanee-les-beaux-monts-1er-cru-domaine-jean-grivot-burgundy","1035766","20081362798"
"Domaine Jean Grivot","2008","Vosne-Romanee, Les Beaux Monts, 1er Cru, Domaine Jean Grivot, Burgundy","2140","Case of 12 Bottles","https://www.bbr.com/products-20081362798-2008-vosne-romanee-les-beaux-monts-1er-cru-domaine-jean-grivot-burgundy","1035766","20081362798"
"Domaine Jean Grivot","2009","Vosne-Romanee, Les Beaux Monts, 1er Cru, Domaine Jean Grivot, Burgundy","980","Case of 6 Bottles","https://www.bbr.com/products-20091362798-2009-vosne-romanee-les-beaux-monts-1er-cru-domaine-jean-grivot-burgundy","1035766","20091362798"
"Domaine Jean Grivot","2010","Vosne-Romanee, Les Beaux Monts, 1er Cru, Domaine Jean Grivot, Burgundy","2500","Case of 6 Bottles","https://www.bbr.com/products-20101362798-2010-vosne-romanee-les-beaux-monts-1er-cru-domaine-jean-grivot-burgundy","1035766","20101362798"
"Domaine Jean Grivot","2011","Vosne-Romanee, Les Beaux Monts, 1er Cru, Domaine Jean Grivot, Burgundy","870","Case of 6 Bottles","https://www.bbr.com/products-20111362798-2011-vosne-romanee-les-beaux-monts-1er-cru-domaine-jean-grivot-burgundy","1035766","20111362798"
"Domaine Jean Grivot","2013","Vosne-Romanee, Les Beaux Monts, 1er Cru, Domaine Jean Grivot, Burgundy","1225","Case of 6 Bottles","https://www.bbr.com/products-20131362798-2013-vosne-romanee-les-beaux-monts-1er-cru-domaine-jean-grivot-burgundy","1035766","20131362798"
"Domaine Jean Grivot","2016","Vosne-Romanee, Les Beaux Monts, 1er Cru, Domaine Jean Grivot, Burgundy","1880","Case of 6 Bottles","https://www.bbr.com/products-20161362798-2016-vosne-romanee-les-beaux-monts-1er-cru-domaine-jean-grivot-burgundy","1035766","20161362798"
"Domaine Jean Grivot","2017","Vosne-Romanee, Les Beaux Monts, 1er Cru, Domaine Jean Grivot, Burgundy","1100","Case of 6 Bottles","https://www.bbr.com/products-20171362798-2017-vosne-romanee-les-beaux-monts-1er-cru-domaine-jean-grivot-burgundy","1035766","20171362798"
"Domaine Jean Grivot","2018","Vosne-Romanee, Les Beaux Monts, 1er Cru, Domaine Jean Grivot, Burgundy","1200","Case of 6 Bottles","https://www.bbr.com/products-20181362798-2018-vosne-romanee-les-beaux-monts-1er-cru-domaine-jean-grivot-burgundy","1035766","20181362798"
"Domaine Jean Grivot","2019","Vosne-Romanee, Les Beaux Monts, 1er Cru, Domaine Jean Grivot, Burgundy","680","Case of 3 Bottles","https://www.bbr.com/products-20191362798-2019-vosne-romanee-les-beaux-monts-1er-cru-domaine-jean-grivot-burgundy","1035766","20191362798"
"Domaine Jean Grivot","2020","Vosne-Romanee, Les Beaux Monts, 1er Cru, Domaine Jean Grivot, Burgundy","475","Case of 3 Bottles","https://www.bbr.com/products-20201362798-2020-vosne-romanee-les-beaux-monts-1er-cru-domaine-jean-grivot-burgundy","1035766","20201362798"
"Domaine Jean Grivot","2021","Vosne-Romanee, Les Beaux Monts, 1er Cru, Domaine Jean Grivot, Burgundy","694","Case of 3 Bottles","https://www.bbr.com/products-20211362798-2021-vosne-romanee-les-beaux-monts-1er-cru-domaine-jean-grivot-burgundy","1035766","20211362798"
"Domaine Jean Grivot","2022","Vosne-Romanee, Les Beaux Monts, 1er Cru, Domaine Jean Grivot, Burgundy","765","Case of 3 Bottles","https://www.bbr.com/products-20221362798-2022-vosne-romanee-les-beaux-monts-1er-cru-domaine-jean-grivot-burgundy","1035766","20221362798"
"Domaine Jean Grivot","2023","Vosne-Romanee, Les Beaux Monts, 1er Cru, Domaine Jean Grivot, Burgundy","895","Case of 3 Bottles","https://www.bbr.com/products-20231362798-2023-vosne-romanee-les-beaux-monts-1er-cru-domaine-jean-grivot-burgundy","1035766","20231362798"
"Domaine Leroy","2011","Vosne-Romanee, Les Beaux Monts, 1er Cru, Domaine Leroy, Burgundy","23500","Case of 6 Bottles","https://www.bbr.com/products-20118120997-2011-vosne-romanee-les-beaux-monts-1er-cru-domaine-leroy-burgundy","1044676","20118120997"
"Domaine Leroy","2011","Vosne-Romanee, Les Beaux Monts, 1er Cru, Domaine Leroy, Burgundy","11500","Case of 3 Bottles","https://www.bbr.com/products-20118120997-2011-vosne-romanee-les-beaux-monts-1er-cru-domaine-leroy-burgundy","1044676","20118120997"
"Domaine Leroy","2011","Vosne-Romanee, Les Beaux Monts, 1er Cru, Domaine Leroy, Burgundy","36680","Case of 12 Bottles","https://www.bbr.com/products-20118120997-2011-vosne-romanee-les-beaux-monts-1er-cru-domaine-leroy-burgundy","1044676","20118120997"
"Domaine Leroy","2013","Vosne-Romanee, Les Beaux Monts, 1er Cru, Domaine Leroy, Burgundy (2021 Release)","12000","Case of 3 Bottles","https://www.bbr.com/products-20138066967-2013-vosne-romanee-les-beaux-monts-1er-cru-domaine-leroy-burgundy-2021-release","1044676","20138066967"
"Domaine Georges Noellat","2017","Vosne-Romanee, Les Beaux Monts, 1er Cru, Georges Noellat, Burgundy","1990","Case of 12 Bottles","https://www.bbr.com/products-20178209313-2017-vosne-romanee-les-beaux-monts-1er-cru-georges-noellat-burgundy","1213654","20178209313"
"Domaine Georges Noellat","2021","Vosne-Romanee, Les Beaux Monts, 1er Cru, Georges Noellat, Burgundy","1100","Case of 6 Bottles","https://www.bbr.com/products-20218209313-2021-vosne-romanee-les-beaux-monts-1er-cru-georges-noellat-burgundy","1213654","20218209313"
"Louis Jadot","2010","Vosne-Romanee, Les Beaux Monts, 1er Cru, Louis Jadot, Burgundy","780","Case of 6 Bottles","https://www.bbr.com/products-20108022435-2010-vosne-romanee-les-beaux-monts-1er-cru-louis-jadot-burgundy","1038871","20108022435"
"Lucien Le Moine","2016","Vosne-Romanee, Les Beaux Monts, 1er Cru, Lucien Le Moine, Burgundy","1015","Case of 6 Bottles","https://www.bbr.com/products-20168109336-2016-vosne-romanee-les-beaux-monts-1er-cru-lucien-le-moine-burgundy","1658707","20168109336"
"Lucien Le Moine","2017","Vosne-Romanee, Les Beaux Monts, 1er Cru, Lucien Le Moine, Burgundy","925","Case of 6 Bottles","https://www.bbr.com/products-20178109336-2017-vosne-romanee-les-beaux-monts-1er-cru-lucien-le-moine-burgundy","1658707","20178109336"
"Maison Roche de Bellene","2014","Vosne-Romanee, Les Beaux Monts, 1er Cru, Maison Roche de Bellene, Burgundy","1000","Case of 6 Bottles","https://www.bbr.com/products-20148020473-2014-vosne-romanee-les-beaux-monts-1er-cru-maison-roche-de-bellene-burgundy","1217043","20148020473"
"Maison Roche de Bellene","2015","Vosne-Romanee, Les Beaux Monts, 1er Cru, Maison Roche de Bellene, Burgundy","595","Case of 6 Bottles","https://www.bbr.com/products-20158020473-2015-vosne-romanee-les-beaux-monts-1er-cru-maison-roche-de-bellene-burgundy","1217043","20158020473"
"Domaine Bruno Clavelier","2014","Vosne-Romanee, Les Beaux Monts, 1er Cru, Vieilles Vignes, Domaine Bruno Clavelier, Burgundy","635","Case of 6 Bottles","https://www.bbr.com/products-20148020587-2014-vosne-romanee-les-beaux-monts-1er-cru-vieilles-vignes-domaine-bruno-clavelier-burgundy","1244281","20148020587"
"Domaine Bruno Clavelier","2015","Vosne-Romanee, Les Beaux Monts, 1er Cru, Vieilles Vignes, Domaine Bruno Clavelier, Burgundy","996","Case of 6 Bottles","https://www.bbr.com/products-20158020587-2015-vosne-romanee-les-beaux-monts-1er-cru-vieilles-vignes-domaine-bruno-clavelier-burgundy","1244281","20158020587"
"Domaine Bruno Clavelier","2017","Vosne-Romanee, Les Beaux Monts, 1er Cru, Vieilles Vignes, Domaine Bruno Clavelier, Burgundy","740","Case of 6 Bottles","https://www.bbr.com/products-20178020587-2017-vosne-romanee-les-beaux-monts-1er-cru-vieilles-vignes-domaine-bruno-clavelier-burgundy","1244281","20178020587"
"Domaine Bruno Clavelier","2021","Vosne-Romanee, Les Beaux Monts, 1er Cru, Vieilles Vignes, Domaine Bruno Clavelier, Burgundy","850","Case of 6 Bottles","https://www.bbr.com/products-20218020587-2021-vosne-romanee-les-beaux-monts-1er-cru-vieilles-vignes-domaine-bruno-clavelier-burgundy","1244281","20218020587"
"Domaine Guyon","2013","Vosne-Romanee, Les Brulees, 1er Cru, Domaine Guyon, Burgundy","990","Case of 6 Bottles","https://www.bbr.com/products-20131447116-2013-vosne-romanee-les-brulees-1er-cru-domaine-guyon-burgundy","1447116","20131447116"
"Domaine Guyon","2014","Vosne-Romanee, Les Brulees, 1er Cru, Domaine Guyon, Burgundy","1500","Case of 6 Bottles","https://www.bbr.com/products-20141447116-2014-vosne-romanee-les-brulees-1er-cru-domaine-guyon-burgundy","1447116","20141447116"
"Domaine Guyon","2015","Vosne-Romanee, Les Brulees, 1er Cru, Domaine Guyon, Burgundy","1090","Case of 6 Bottles","https://www.bbr.com/products-20151447116-2015-vosne-romanee-les-brulees-1er-cru-domaine-guyon-burgundy","1447116","20151447116"
"Domaine Guyon","2017","Vosne-Romanee, Les Brulees, 1er Cru, Domaine Guyon, Burgundy","1720","Case of 6 Bottles","https://www.bbr.com/products-20171447116-2017-vosne-romanee-les-brulees-1er-cru-domaine-guyon-burgundy","1447116","20171447116"
"Domaine Guyon","2018","Vosne-Romanee, Les Brulees, 1er Cru, Domaine Guyon, Burgundy","1700","Case of 6 Bottles","https://www.bbr.com/products-20181447116-2018-vosne-romanee-les-brulees-1er-cru-domaine-guyon-burgundy","1447116","20181447116"
"Domaine Guyon","2019","Vosne-Romanee, Les Brulees, 1er Cru, Domaine Guyon, Burgundy","1500","Case of 6 Bottles","https://www.bbr.com/products-20191447116-2019-vosne-romanee-les-brulees-1er-cru-domaine-guyon-burgundy","1447116","20191447116"
"Domaine Guyon","2020","Vosne-Romanee, Les Brulees, 1er Cru, Domaine Guyon, Burgundy","2850","Case of 6 Bottles","https://www.bbr.com/products-20201447116-2020-vosne-romanee-les-brulees-1er-cru-domaine-guyon-burgundy","1447116","20201447116"
"Domaine Guyon","2021","Vosne-Romanee, Les Brulees, 1er Cru, Domaine Guyon, Burgundy","1090","Case of 3 Bottles","https://www.bbr.com/products-20211447116-2021-vosne-romanee-les-brulees-1er-cru-domaine-guyon-burgundy","1447116","20211447116"
"Domaine Guyon","2022","Vosne-Romanee, Les Brulees, 1er Cru, Domaine Guyon, Burgundy","2400","Case of 6 Bottles","https://www.bbr.com/products-20221447116-2022-vosne-romanee-les-brulees-1er-cru-domaine-guyon-burgundy","1447116","20221447116"
"Maison Camille Giroud","2013","Vosne-Romanee, Les Chalandins, Camille Giroud, Burgundy","320","Case of 6 Bottles","https://www.bbr.com/products-20138017288-2013-vosne-romanee-les-chalandins-camille-giroud-burgundy","1364372","20138017288"
"Maison Camille Giroud","2016","Vosne-Romanee, Les Chalandins, Camille Giroud, Burgundy","295","Case of 6 Bottles","https://www.bbr.com/products-20168017288-2016-vosne-romanee-les-chalandins-camille-giroud-burgundy","1364372","20168017288"
"Maison Camille Giroud","2017","Vosne-Romanee, Les Chalandins, Camille Giroud, Burgundy","315","Case of 6 Bottles","https://www.bbr.com/products-20178017288-2017-vosne-romanee-les-chalandins-camille-giroud-burgundy","1364372","20178017288"
"Maison Camille Giroud","2018","Vosne-Romanee, Les Chalandins, Camille Giroud, Burgundy","395","Case of 6 Bottles","https://www.bbr.com/products-20188017288-2018-vosne-romanee-les-chalandins-camille-giroud-burgundy","1364372","20188017288"
"Maison Camille Giroud","2019","Vosne-Romanee, Les Chalandins, Camille Giroud, Burgundy","330","Case of 6 Bottles","https://www.bbr.com/products-20198017288-2019-vosne-romanee-les-chalandins-camille-giroud-burgundy","1364372","20198017288"
"Maison Camille Giroud","2020","Vosne-Romanee, Les Chalandins, Camille Giroud, Burgundy","550","Case of 6 Bottles","https://www.bbr.com/products-20208017288-2020-vosne-romanee-les-chalandins-camille-giroud-burgundy","1364372","20208017288"
"Maison Camille Giroud","2022","Vosne-Romanee, Les Chalandins, Camille Giroud, Burgundy","525","Case of 6 Bottles","https://www.bbr.com/products-20228017288-2022-vosne-romanee-les-chalandins-camille-giroud-burgundy","1364372","20228017288"
"Domaine A-F Gros","2016","Vosne-Romanee, Les Chalandins, Domaine A.-F. Gros, Burgundy","450","Case of 6 Bottles","https://www.bbr.com/products-20168010045-2016-vosne-romanee-les-chalandins-domaine-a-f-gros-burgundy","1706639","20168010045"
"Domaine A-F Gros","2018","Vosne-Romanee, Les Chalandins, Domaine A.-F. Gros, Burgundy","395","Case of 6 Bottles","https://www.bbr.com/products-20188010045-2018-vosne-romanee-les-chalandins-domaine-a-f-gros-burgundy","1706639","20188010045"
"Domaine A-F Gros","2018","Vosne-Romanee, Les Chalandins, Domaine A.-F. Gros, Burgundy","430","Case of 6 Bottles","https://www.bbr.com/products-20188010045-2018-vosne-romanee-les-chalandins-domaine-a-f-gros-burgundy","1706639","20188010045"
"Domaine A-F Gros","2019","Vosne-Romanee, Les Chalandins, Domaine A.-F. Gros, Burgundy","542","Case of 6 Bottles","https://www.bbr.com/products-20198010045-2019-vosne-romanee-les-chalandins-domaine-a-f-gros-burgundy","1706639","20198010045"
"Domaine A-F Gros","2020","Vosne-Romanee, Les Chalandins, Domaine A.-F. Gros, Burgundy","460","Case of 6 Bottles","https://www.bbr.com/products-20208010045-2020-vosne-romanee-les-chalandins-domaine-a-f-gros-burgundy","1706639","20208010045"
"Domaine A-F Gros","2020","Vosne-Romanee, Les Chalandins, Domaine A.-F. Gros, Burgundy","451","Case of 6 Bottles","https://www.bbr.com/products-20208010045-2020-vosne-romanee-les-chalandins-domaine-a-f-gros-burgundy","1706639","20208010045"
"Domaine Guyon","2013","Vosne-Romanee, Les Charmes de Mazieres, Domaine Guyon, Burgundy","350","Case of 6 Bottles","https://www.bbr.com/products-20131361674-2013-vosne-romanee-les-charmes-de-mazieres-domaine-guyon-burgundy","1361674","20131361674"
"Domaine Guyon","2014","Vosne-Romanee, Les Charmes de Mazieres, Domaine Guyon, Burgundy","675","Case of 6 Bottles","https://www.bbr.com/products-20141361674-2014-vosne-romanee-les-charmes-de-mazieres-domaine-guyon-burgundy","1361674","20141361674"
"Domaine Guyon","2015","Vosne-Romanee, Les Charmes de Mazieres, Domaine Guyon, Burgundy","500","Case of 6 Bottles","https://www.bbr.com/products-20151361674-2015-vosne-romanee-les-charmes-de-mazieres-domaine-guyon-burgundy","1361674","20151361674"
"Domaine Guyon","2016","Vosne-Romanee, Les Charmes de Mazieres, Domaine Guyon, Burgundy","890","Case of 6 Bottles","https://www.bbr.com/products-20161361674-2016-vosne-romanee-les-charmes-de-mazieres-domaine-guyon-burgundy","1361674","20161361674"
"Domaine Guyon","2017","Vosne-Romanee, Les Charmes de Mazieres, Domaine Guyon, Burgundy","995","Case of 6 Bottles","https://www.bbr.com/products-20171361674-2017-vosne-romanee-les-charmes-de-mazieres-domaine-guyon-burgundy","1361674","20171361674"
"Domaine Guyon","2019","Vosne-Romanee, Les Charmes de Mazieres, Domaine Guyon, Burgundy","1450","Case of 6 Bottles","https://www.bbr.com/products-20191361674-2019-vosne-romanee-les-charmes-de-mazieres-domaine-guyon-burgundy","1361674","20191361674"
"Domaine Guyon","2020","Vosne-Romanee, Les Charmes de Mazieres, Domaine Guyon, Burgundy","2500","Case of 6 Bottles","https://www.bbr.com/products-20201361674-2020-vosne-romanee-les-charmes-de-mazieres-domaine-guyon-burgundy","1361674","20201361674"
"Domaine Guyon","2022","Vosne-Romanee, Les Charmes de Mazieres, Domaine Guyon, Burgundy","2321","Case of 6 Bottles","https://www.bbr.com/products-20221361674-2022-vosne-romanee-les-charmes-de-mazieres-domaine-guyon-burgundy","1361674","20221361674"
"Domaine Guyon","2023","Vosne-Romanee, Les Charmes de Mazieres, Domaine Guyon, Burgundy","1050","Case of 6 Bottles","https://www.bbr.com/products-20231361674-2023-vosne-romanee-les-charmes-de-mazieres-domaine-guyon-burgundy","1361674","20231361674"
"Domaine Lamarche","2015","Vosne-Romanee, Les Chaumes, 1er Cru, Domaine Francois Lamarche, Burgundy","640","Case of 6 Bottles","https://www.bbr.com/products-20151040229-2015-vosne-romanee-les-chaumes-1er-cru-domaine-francois-lamarche-burgundy","1040229","20151040229"
"Meo-Camuzet","2005","Vosne-Romanee, Les Chaumes, 1er Cru, Domaine Meo-Camuzet, Burgundy","3900","Case of 3 Magnums","https://www.bbr.com/products-20051046928-2005-vosne-romanee-les-chaumes-1er-cru-domaine-meo-camuzet-burgundy","1046928","20051046928"
"Meo-Camuzet","2017","Vosne-Romanee, Les Chaumes, 1er Cru, Domaine Meo-Camuzet, Burgundy","990","Case of 6 Bottles","https://www.bbr.com/products-20171046928-2017-vosne-romanee-les-chaumes-1er-cru-domaine-meo-camuzet-burgundy","1046928","20171046928"
"Meo-Camuzet","2017","Vosne-Romanee, Les Chaumes, 1er Cru, Domaine Meo-Camuzet, Burgundy","1475","Case of 6 Bottles","https://www.bbr.com/products-20171046928-2017-vosne-romanee-les-chaumes-1er-cru-domaine-meo-camuzet-burgundy","1046928","20171046928"
"Meo-Camuzet","2019","Vosne-Romanee, Les Chaumes, 1er Cru, Domaine Meo-Camuzet, Burgundy","700","Case of 3 Bottles","https://www.bbr.com/products-20191046928-2019-vosne-romanee-les-chaumes-1er-cru-domaine-meo-camuzet-burgundy","1046928","20191046928"
"Domaine Georges Noellat","2016","Vosne-Romanee, Les Chaumes, 1er Cru, Georges Noellat, Burgundy","2225","Case of 12 Bottles","https://www.bbr.com/products-20168209270-2016-vosne-romanee-les-chaumes-1er-cru-georges-noellat-burgundy","1213696","20168209270"
"Domaine Lamarche","2020","Vosne-Romanee, Les Chaumes, 1er Cru, Nicole Lamarche, Burgundy","475","Case of 3 Bottles","https://www.bbr.com/products-20201040229-2020-vosne-romanee-les-chaumes-1er-cru-nicole-lamarche-burgundy","1040229","20201040229"
"Philippe Pacalet","2017","Vosne-Romanee, Les Chaumes, 1er Cru, Philippe Pacalet, Burgundy","1884","Case of 12 Bottles","https://www.bbr.com/products-20178125341-2017-vosne-romanee-les-chaumes-1er-cru-philippe-pacalet-burgundy","1441303","20178125341"
"Philippe Pacalet","2018","Vosne-Romanee, Les Chaumes, 1er Cru, Philippe Pacalet, Burgundy","1918","Case of 12 Bottles","https://www.bbr.com/products-20188125341-2018-vosne-romanee-les-chaumes-1er-cru-philippe-pacalet-burgundy","1441303","20188125341"
"Domaine Machard de Gramont","2022","Vosne-Romanee, Les Gaudichots, 1er Cru, Domaine Machard de Gramont, Burgundy","1440","Case of 6 Bottles","https://www.bbr.com/products-20228247511-2022-vosne-romanee-les-gaudichots-1er-cru-domaine-machard-de-gramont-burgundy","1377684","20228247511"
"Maison Nicolas Potel","2005","Vosne-Romanee, Les Gaudichots, 1er Cru, Nicolas Potel, Burgundy","5000","Case of 6 Bottles","https://www.bbr.com/products-20058140463-2005-vosne-romanee-les-gaudichots-1er-cru-nicolas-potel-burgundy","1052837","20058140463"
"Domaine Leroy","2007","Vosne-Romanee, Les Genaivrieres, Domaine Leroy, Burgundy","10500","Case of 3 Bottles","https://www.bbr.com/products-20078107794-2007-vosne-romanee-les-genaivrieres-domaine-leroy-burgundy","1389667","20078107794"
"Domaine Leroy","2009","Vosne-Romanee, Les Genaivrieres, Domaine Leroy, Burgundy","12750","Case of 3 Bottles","https://www.bbr.com/products-20098107794-2009-vosne-romanee-les-genaivrieres-domaine-leroy-burgundy","1389667","20098107794"
"Domaine Leroy","2014","Vosne-Romanee, Les Genaivrieres, Domaine Leroy, Burgundy","14820","Case of 6 Bottles","https://www.bbr.com/products-20148107794-2014-vosne-romanee-les-genaivrieres-domaine-leroy-burgundy","1389667","20148107794"
"Domaine Bruno Clavelier","2015","Vosne-Romanee, Les Hautes Maizieres, Vieilles Vignes, Domaine Bruno Clavelier, Burgundy","475","Case of 6 Bottles","https://www.bbr.com/products-20158020590-2015-vosne-romanee-les-hautes-maizieres-vieilles-vignes-domaine-bruno-clavelier-burgundy","1025790","20158020590"
"Domaine Bruno Clavelier","2020","Vosne-Romanee, Les Hautes Maizieres, Vieilles Vignes, Domaine Bruno Clavelier, Burgundy","400","Case of 6 Bottles","https://www.bbr.com/products-20208020590-2020-vosne-romanee-les-hautes-maizieres-vieilles-vignes-domaine-bruno-clavelier-burgundy","1025790","20208020590"
"Domaine du Prieure Roch","2022","Vosne-Romanee, Les Hautes-Maizieres, Domaine Prieure Roch, Burgundy","1350","Case of 3 Bottles","https://www.bbr.com/products-20228120261-2022-vosne-romanee-les-hautes-maizieres-domaine-prieure-roch-burgundy","1053472","20228120261"
"Domaine du Prieure Roch","2022","Vosne-Romanee, Les Hautes-Maizieres, Domaine Prieure Roch, Burgundy","950","Case of 1 Bottles","https://www.bbr.com/products-20228120261-2022-vosne-romanee-les-hautes-maizieres-domaine-prieure-roch-burgundy","1053472","20228120261"
"Domaine Lamarche","2014","Vosne-Romanee, Les Malconsorts, 1er Cru, Domaine Francois Lamarche, Burgundy","649","Case of 6 Bottles","https://www.bbr.com/products-20141040261-2014-vosne-romanee-les-malconsorts-1er-cru-domaine-francois-lamarche-burgundy","1040261","20141040261"
"Domaine Lamarche","2015","Vosne-Romanee, Les Malconsorts, 1er Cru, Domaine Francois Lamarche, Burgundy","790","Case of 3 Magnums","https://www.bbr.com/products-20151040261-2015-vosne-romanee-les-malconsorts-1er-cru-domaine-francois-lamarche-burgundy","1040261","20151040261"
"Domaine Lamarche","2017","Vosne-Romanee, Les Malconsorts, 1er Cru, Domaine Francois Lamarche, Burgundy","995","Case of 6 Bottles","https://www.bbr.com/products-20171040261-2017-vosne-romanee-les-malconsorts-1er-cru-domaine-francois-lamarche-burgundy","1040261","20171040261"
"Domaine Lamarche","2017","Vosne-Romanee, Les Malconsorts, 1er Cru, Domaine Francois Lamarche, Burgundy","1095","Case of 6 Bottles","https://www.bbr.com/products-20171040261-2017-vosne-romanee-les-malconsorts-1er-cru-domaine-francois-lamarche-burgundy","1040261","20171040261"
"Domaine Hudelot-Noellat","2016","Vosne-Romanee, Les Malconsorts, 1er Cru, Domaine Hudelot-Noellat, Burgundy","795","Case of 1 Magnums","https://www.bbr.com/products-20168121499-2016-vosne-romanee-les-malconsorts-1er-cru-domaine-hudelot-noellat-burgundy","1037438","20168121499"
"Albert Bichot","2015","Vosne-Romanee, Les Malconsorts, 1er Cru, Domaine du Clos Frantin, Albert Bichot, Burgundy","780","Case of 6 Bottles","https://www.bbr.com/products-20158211543-2015-vosne-romanee-les-malconsorts-1er-cru-domaine-du-clos-frantin-albert-bichot-burgundy","1143379","20158211543"
"Albert Bichot","2017","Vosne-Romanee, Les Malconsorts, 1er Cru, Domaine du Clos Frantin, Albert Bichot, Burgundy","595","Case of 6 Bottles","https://www.bbr.com/products-20178211543-2017-vosne-romanee-les-malconsorts-1er-cru-domaine-du-clos-frantin-albert-bichot-burgundy","1143379","20178211543"
"Domaine Lamarche","2018","Vosne-Romanee, Les Malconsorts, 1er Cru, Nicole Lamarche, Burgundy","1100","Case of 6 Bottles","https://www.bbr.com/products-20181040261-2018-vosne-romanee-les-malconsorts-1er-cru-nicole-lamarche-burgundy","1040261","20181040261"
"Domaine Lamarche","2021","Vosne-Romanee, Les Malconsorts, 1er Cru, Nicole Lamarche, Burgundy","650","Case of 3 Bottles","https://www.bbr.com/products-20211040261-2021-vosne-romanee-les-malconsorts-1er-cru-nicole-lamarche-burgundy","1040261","20211040261"
"Domaine Arlaud","2020","Vosne-Romanee, Les Petits Monts, 1er Cru, Cyprien Arlaud, Burgundy","895","Case of 6 Bottles","https://www.bbr.com/products-20208161473-2020-vosne-romanee-les-petits-monts-1er-cru-cyprien-arlaud-burgundy","1356687","20208161473"
"Louis Latour","2021","Vosne-Romanee, Les Petits Monts, 1er Cru, Domaine Louis latour, Burgundy","640","Case of 6 Bottles","https://www.bbr.com/products-20218250067-2021-vosne-romanee-les-petits-monts-1er-cru-domaine-louis-latour-burgundy","1216873","20218250067"
"Domaine de la Romanee-Conti (DRC)","2019","Vosne-Romanee, Les Petits Monts, 1er Cru, Domaine de la Romanee-Conti, Burgundy","7490","Case of 1 Bottles","https://www.bbr.com/products-20198158477-2019-vosne-romanee-les-petits-monts-1er-cru-domaine-de-la-romanee-conti-burgundy","2174750","20198158477"
"Domaine Georges Noellat","2016","Vosne-Romanee, Les Petits Monts, 1er Cru, Georges Noellat, Burgundy","1030","Case of 3 Magnums","https://www.bbr.com/products-20168209296-2016-vosne-romanee-les-petits-monts-1er-cru-georges-noellat-burgundy","1213670","20168209296"
"Maison Joseph Drouhin","2018","Vosne-Romanee, Les Petits Monts, 1er Cru, Joseph Drouhin, Burgundy","606","Case of 3 Bottles","https://www.bbr.com/products-20188018982-2018-vosne-romanee-les-petits-monts-1er-cru-joseph-drouhin-burgundy","1029479","20188018982"
"Maison Joseph Drouhin","2019","Vosne-Romanee, Les Petits Monts, 1er Cru, Joseph Drouhin, Burgundy","2395","Case of 6 Bottles","https://www.bbr.com/products-20198018982-2019-vosne-romanee-les-petits-monts-1er-cru-joseph-drouhin-burgundy","1029479","20198018982"
"Maison Roche de Bellene","2008","Vosne-Romanee, Les Petits Monts, 1er Cru, Maison Roche de Bellene, Burgundy","380","Case of 6 Bottles","https://www.bbr.com/products-20088014971-2008-vosne-romanee-les-petits-monts-1er-cru-maison-roche-de-bellene-burgundy","1153534","20088014971"
"Maison Roche de Bellene","2009","Vosne-Romanee, Les Petits Monts, 1er Cru, Maison Roche de Bellene, Burgundy","500","Case of 6 Bottles","https://www.bbr.com/products-20098014971-2009-vosne-romanee-les-petits-monts-1er-cru-maison-roche-de-bellene-burgundy","1153534","20098014971"
"Maison Roche de Bellene","2009","Vosne-Romanee, Les Petits Monts, 1er Cru, Maison Roche de Bellene, Burgundy","450","Case of 6 Bottles","https://www.bbr.com/products-20098014971-2009-vosne-romanee-les-petits-monts-1er-cru-maison-roche-de-bellene-burgundy","1153534","20098014971"
"Maison Roche de Bellene","2010","Vosne-Romanee, Les Petits Monts, 1er Cru, Maison Roche de Bellene, Burgundy","550","Case of 6 Bottles","https://www.bbr.com/products-20108014971-2010-vosne-romanee-les-petits-monts-1er-cru-maison-roche-de-bellene-burgundy","1153534","20108014971"
"Maison Roche de Bellene","2012","Vosne-Romanee, Les Petits Monts, 1er Cru, Maison Roche de Bellene, Burgundy","530","Case of 6 Bottles","https://www.bbr.com/products-20128014971-2012-vosne-romanee-les-petits-monts-1er-cru-maison-roche-de-bellene-burgundy","1153534","20128014971"
"Nathalie Vigot","2022","Vosne-Romanee, Les Petits Monts, 1er Cru, Nathalie Vigot, Burgundy","900","Case of 3 Bottles","https://www.bbr.com/products-20228217385-2022-vosne-romanee-les-petits-monts-1er-cru-nathalie-vigot-burgundy","1058943","20228217385"
"Domaine de Bellene","2009","Vosne-Romanee, Les Quartiers de Nuits, Domaine de Bellene, Burgundy","320","Case of 6 Bottles","https://www.bbr.com/products-20098136734-2009-vosne-romanee-les-quartiers-de-nuits-domaine-de-bellene-burgundy","1320071","20098136734"
"Domaine de Bellene","2012","Vosne-Romanee, Les Quartiers de Nuits, Domaine de Bellene, Burgundy","280","Case of 6 Bottles","https://www.bbr.com/products-20128136734-2012-vosne-romanee-les-quartiers-de-nuits-domaine-de-bellene-burgundy","1320071","20128136734"
"Domaine de Bellene","2013","Vosne-Romanee, Les Quartiers de Nuits, Domaine de Bellene, Burgundy","230","Case of 6 Bottles","https://www.bbr.com/products-20138136734-2013-vosne-romanee-les-quartiers-de-nuits-domaine-de-bellene-burgundy","1320071","20138136734"
"Domaine Jean-Luc & Eric Burguet","2013","Vosne-Romanee, Les Rouges du Dessus, 1er Cru, Jean-Luc &amp; Eric Burguet, Burgundy","360","Case of 6 Bottles","https://www.bbr.com/products-20138011970-2013-vosne-romanee-les-rouges-du-dessus-1er-cru-jean-luc-and-eric-burguet-burgundy","1361687","20138011970"
"Domaine Jean-Luc & Eric Burguet","2015","Vosne-Romanee, Les Rouges du Dessus, 1er Cru, Jean-Luc &amp; Eric Burguet, Burgundy","465","Case of 6 Bottles","https://www.bbr.com/products-20158011970-2015-vosne-romanee-les-rouges-du-dessus-1er-cru-jean-luc-and-eric-burguet-burgundy","1361687","20158011970"
"Domaine Jean-Luc & Eric Burguet","2017","Vosne-Romanee, Les Rouges du Dessus, 1er Cru, Jean-Luc &amp; Eric Burguet, Burgundy","1184","Case of 12 Bottles","https://www.bbr.com/products-20178011970-2017-vosne-romanee-les-rouges-du-dessus-1er-cru-jean-luc-and-eric-burguet-burgundy","1361687","20178011970"
"Albert Bichot","2019","Vosne-Romanee, Les Rouges, 1er Cru, Domaine Clos du Frantin, Albert Bichot, Burgundy","795","Case of 6 Bottles","https://www.bbr.com/products-20198167606-2019-vosne-romanee-les-rouges-1er-cru-domaine-clos-du-frantin-albert-bichot-burgundy","2193678","20198167606"
"Domaine Jean Grivot","2009","Vosne-Romanee, Les Rouges, 1er Cru, Domaine Jean Grivot, Burgundy","900","Case of 6 Bottles","https://www.bbr.com/products-20091035825-2009-vosne-romanee-les-rouges-1er-cru-domaine-jean-grivot-burgundy","1035825","20091035825"
"Domaine Jean Grivot","2010","Vosne-Romanee, Les Rouges, 1er Cru, Domaine Jean Grivot, Burgundy","990","Case of 6 Bottles","https://www.bbr.com/products-20101035825-2010-vosne-romanee-les-rouges-1er-cru-domaine-jean-grivot-burgundy","1035825","20101035825"
"Domaine Jean Grivot","2013","Vosne-Romanee, Les Rouges, 1er Cru, Domaine Jean Grivot, Burgundy","590","Case of 6 Bottles","https://www.bbr.com/products-20131035825-2013-vosne-romanee-les-rouges-1er-cru-domaine-jean-grivot-burgundy","1035825","20131035825"
"Domaine Jean Grivot","2015","Vosne-Romanee, Les Rouges, 1er Cru, Domaine Jean Grivot, Burgundy","660","Case of 6 Bottles","https://www.bbr.com/products-20151035825-2015-vosne-romanee-les-rouges-1er-cru-domaine-jean-grivot-burgundy","1035825","20151035825"
"Domaine Jean Grivot","2016","Vosne-Romanee, Les Rouges, 1er Cru, Domaine Jean Grivot, Burgundy","775","Case of 6 Bottles","https://www.bbr.com/products-20161035825-2016-vosne-romanee-les-rouges-1er-cru-domaine-jean-grivot-burgundy","1035825","20161035825"
"Domaine Jean Grivot","2017","Vosne-Romanee, Les Rouges, 1er Cru, Domaine Jean Grivot, Burgundy","500","Case of 6 Bottles","https://www.bbr.com/products-20171035825-2017-vosne-romanee-les-rouges-1er-cru-domaine-jean-grivot-burgundy","1035825","20171035825"
"Domaine Jean Grivot","2018","Vosne-Romanee, Les Rouges, 1er Cru, Domaine Jean Grivot, Burgundy","645","Case of 6 Bottles","https://www.bbr.com/products-20181035825-2018-vosne-romanee-les-rouges-1er-cru-domaine-jean-grivot-burgundy","1035825","20181035825"
"Domaine Jean Grivot","2019","Vosne-Romanee, Les Rouges, 1er Cru, Domaine Jean Grivot, Burgundy","680","Case of 6 Bottles","https://www.bbr.com/products-20191035825-2019-vosne-romanee-les-rouges-1er-cru-domaine-jean-grivot-burgundy","1035825","20191035825"
"Domaine Jean Grivot","2022","Vosne-Romanee, Les Rouges, 1er Cru, Domaine Jean Grivot, Burgundy","1200","Case of 6 Bottles","https://www.bbr.com/products-20221035825-2022-vosne-romanee-les-rouges-1er-cru-domaine-jean-grivot-burgundy","1035825","20221035825"
"Domaine Jean Grivot","2023","Vosne-Romanee, Les Rouges, 1er Cru, Domaine Jean Grivot, Burgundy","750","Case of 6 Bottles","https://www.bbr.com/products-20231035825-2023-vosne-romanee-les-rouges-1er-cru-domaine-jean-grivot-burgundy","1035825","20231035825"
"Benjamin Leroux","2012","Vosne-Romanee, Les Suchots, 1er Cru, Benjamin Leroux, Burgundy","672","Case of 6 Bottles","https://www.bbr.com/products-20128025739-2012-vosne-romanee-les-suchots-1er-cru-benjamin-leroux-burgundy","1319835","20128025739"
"Benjamin Leroux","2014","Vosne-Romanee, Les Suchots, 1er Cru, Benjamin Leroux, Burgundy","694","Case of 6 Bottles","https://www.bbr.com/products-20148025739-2014-vosne-romanee-les-suchots-1er-cru-benjamin-leroux-burgundy","1319835","20148025739"
"Bouchard Pere & Fils","2018","Vosne-Romanee, Les Suchots, 1er Cru, Bouchard Pere &amp; Fils, Burgundy","1300","Case of 6 Bottles","https://www.bbr.com/products-20188020141-2018-vosne-romanee-les-suchots-1er-cru-bouchard-pere-and-fils-burgundy","1022236","20188020141"
"Domaine Arnoux-Lachaux","2014","Vosne-Romanee, Les Suchots, 1er Cru, Domaine Arnoux-Lachaux, Burgundy","2900","Case of 6 Bottles","https://www.bbr.com/products-20148227423-2014-vosne-romanee-les-suchots-1er-cru-domaine-arnoux-lachaux-burgundy","1018839","20148227423"
"Domaine Boigey Freres","2021","Vosne-Romanee, Les Suchots, 1er Cru, Domaine Boigey Freres, Burgundy","2250","Case of 6 Bottles","https://www.bbr.com/products-20218314114-2021-vosne-romanee-les-suchots-1er-cru-domaine-boigey-freres-burgundy","2794325","20218314114"
"Domaine Boigey Freres","2022","Vosne-Romanee, Les Suchots, 1er Cru, Domaine Boigey Freres, Burgundy","1680","Case of 6 Bottles","https://www.bbr.com/products-20228314114-2022-vosne-romanee-les-suchots-1er-cru-domaine-boigey-freres-burgundy","2794325","20228314114"
"Confuron-Cotetidot","2014","Vosne-Romanee, Les Suchots, 1er Cru, Domaine Confuron-Cotetidot, Burgundy","700","Case of 6 Bottles","https://www.bbr.com/products-20148219738-2014-vosne-romanee-les-suchots-1er-cru-domaine-confuron-cotetidot-burgundy","1027231","20148219738"
"Confuron-Cotetidot","2016","Vosne-Romanee, Les Suchots, 1er Cru, Domaine Confuron-Cotetidot, Burgundy","650","Case of 6 Bottles","https://www.bbr.com/products-20168219738-2016-vosne-romanee-les-suchots-1er-cru-domaine-confuron-cotetidot-burgundy","1027231","20168219738"
"Confuron-Cotetidot","2017","Vosne-Romanee, Les Suchots, 1er Cru, Domaine Confuron-Cotetidot, Burgundy","550","Case of 6 Bottles","https://www.bbr.com/products-20178219738-2017-vosne-romanee-les-suchots-1er-cru-domaine-confuron-cotetidot-burgundy","1027231","20178219738"
"Confuron-Cotetidot","2021","Vosne-Romanee, Les Suchots, 1er Cru, Domaine Confuron-Cotetidot, Burgundy","588","Case of 6 Bottles","https://www.bbr.com/products-20218219738-2021-vosne-romanee-les-suchots-1er-cru-domaine-confuron-cotetidot-burgundy","1027231","20218219738"
"Domaine Lamarche","2010","Vosne-Romanee, Les Suchots, 1er Cru, Domaine Francois Lamarche, Burgundy","700","Case of 6 Bottles","https://www.bbr.com/products-20101040274-2010-vosne-romanee-les-suchots-1er-cru-domaine-francois-lamarche-burgundy","1040274","20101040274"
"Domaine Lamarche","2011","Vosne-Romanee, Les Suchots, 1er Cru, Domaine Francois Lamarche, Burgundy","595","Case of 6 Bottles","https://www.bbr.com/products-20111040274-2011-vosne-romanee-les-suchots-1er-cru-domaine-francois-lamarche-burgundy","1040274","20111040274"
"Domaine Lamarche","2012","Vosne-Romanee, Les Suchots, 1er Cru, Domaine Francois Lamarche, Burgundy","590","Case of 6 Bottles","https://www.bbr.com/products-20121040274-2012-vosne-romanee-les-suchots-1er-cru-domaine-francois-lamarche-burgundy","1040274","20121040274"
"Domaine Lamarche","2014","Vosne-Romanee, Les Suchots, 1er Cru, Domaine Francois Lamarche, Burgundy","800","Case of 6 Bottles","https://www.bbr.com/products-20141040274-2014-vosne-romanee-les-suchots-1er-cru-domaine-francois-lamarche-burgundy","1040274","20141040274"
"Domaine Lamarche","2015","Vosne-Romanee, Les Suchots, 1er Cru, Domaine Francois Lamarche, Burgundy","690","Case of 6 Bottles","https://www.bbr.com/products-20151040274-2015-vosne-romanee-les-suchots-1er-cru-domaine-francois-lamarche-burgundy","1040274","20151040274"
"Domaine Lamarche","2017","Vosne-Romanee, Les Suchots, 1er Cru, Domaine Francois Lamarche, Burgundy","550","Case of 6 Bottles","https://www.bbr.com/products-20171040274-2017-vosne-romanee-les-suchots-1er-cru-domaine-francois-lamarche-burgundy","1040274","20171040274"
"Domaine Gerard Mugneret","2016","Vosne-Romanee, Les Suchots, 1er Cru, Domaine Gerard Mugneret, Burgundy","650","Case of 3 Bottles","https://www.bbr.com/products-20168314101-2016-vosne-romanee-les-suchots-1er-cru-domaine-gerard-mugneret-burgundy","1247918","20168314101"
"Domaine Jean Grivot","2008","Vosne-Romanee, Les Suchots, 1er Cru, Domaine Jean Grivot, Burgundy","2000","Case of 6 Bottles","https://www.bbr.com/products-20081035841-2008-vosne-romanee-les-suchots-1er-cru-domaine-jean-grivot-burgundy","1035841","20081035841"
"Domaine Jean Grivot","2011","Vosne-Romanee, Les Suchots, 1er Cru, Domaine Jean Grivot, Burgundy","1436","Case of 6 Bottles","https://www.bbr.com/products-20111035841-2011-vosne-romanee-les-suchots-1er-cru-domaine-jean-grivot-burgundy","1035841","20111035841"
"Domaine Jean Grivot","2013","Vosne-Romanee, Les Suchots, 1er Cru, Domaine Jean Grivot, Burgundy","990","Case of 6 Bottles","https://www.bbr.com/products-20131035841-2013-vosne-romanee-les-suchots-1er-cru-domaine-jean-grivot-burgundy","1035841","20131035841"
"Domaine Jean Grivot","2018","Vosne-Romanee, Les Suchots, 1er Cru, Domaine Jean Grivot, Burgundy","1800","Case of 6 Bottles","https://www.bbr.com/products-20181035841-2018-vosne-romanee-les-suchots-1er-cru-domaine-jean-grivot-burgundy","1035841","20181035841"
"Domaine Jean Grivot","2019","Vosne-Romanee, Les Suchots, 1er Cru, Domaine Jean Grivot, Burgundy","650","Case of 3 Bottles","https://www.bbr.com/products-20191035841-2019-vosne-romanee-les-suchots-1er-cru-domaine-jean-grivot-burgundy","1035841","20191035841"
"Domaine Jean Grivot","2020","Vosne-Romanee, Les Suchots, 1er Cru, Domaine Jean Grivot, Burgundy","740","Case of 3 Bottles","https://www.bbr.com/products-20201035841-2020-vosne-romanee-les-suchots-1er-cru-domaine-jean-grivot-burgundy","1035841","20201035841"
"Domaine Jean Grivot","2021","Vosne-Romanee, Les Suchots, 1er Cru, Domaine Jean Grivot, Burgundy","650","Case of 3 Bottles","https://www.bbr.com/products-20211035841-2021-vosne-romanee-les-suchots-1er-cru-domaine-jean-grivot-burgundy","1035841","20211035841"
"Domaine Jean Grivot","2022","Vosne-Romanee, Les Suchots, 1er Cru, Domaine Jean Grivot, Burgundy","734","Case of 3 Bottles","https://www.bbr.com/products-20221035841-2022-vosne-romanee-les-suchots-1er-cru-domaine-jean-grivot-burgundy","1035841","20221035841"
"Domaine Mongeard-Mugneret","2017","Vosne-Romanee, Les Suchots, 1er Cru, Domaine Mongeard-Mugneret, Burgundy","1510","Case of 6 Bottles","https://www.bbr.com/products-20178218278-2017-vosne-romanee-les-suchots-1er-cru-domaine-mongeard-mugneret-burgundy","1047882","20178218278"
"Domaine du Prieure Roch","2019","Vosne-Romanee, Les Suchots, 1er Cru, Domaine Prieure Roch, Burgundy","1075","Case of 1 Magnums","https://www.bbr.com/products-20198120258-2019-vosne-romanee-les-suchots-1er-cru-domaine-prieure-roch-burgundy","1053485","20198120258"
"Domaine du Prieure Roch","2020","Vosne-Romanee, Les Suchots, 1er Cru, Domaine Prieure Roch, Burgundy","3500","Case of 6 Bottles","https://www.bbr.com/products-20208120258-2020-vosne-romanee-les-suchots-1er-cru-domaine-prieure-roch-burgundy","1053485","20208120258"
"Domaine du Prieure Roch","2022","Vosne-Romanee, Les Suchots, 1er Cru, Domaine Prieure Roch, Burgundy","1880","Case of 3 Bottles","https://www.bbr.com/products-20228120258-2022-vosne-romanee-les-suchots-1er-cru-domaine-prieure-roch-burgundy","1053485","20228120258"
"Domaine du Prieure Roch","2023","Vosne-Romanee, Les Suchots, 1er Cru, Domaine Prieure Roch, Burgundy","1550","Case of 3 Bottles","https://www.bbr.com/products-20238120258-2023-vosne-romanee-les-suchots-1er-cru-domaine-prieure-roch-burgundy","1053485","20238120258"
"Domaine du Prieure Roch","2023","Vosne-Romanee, Les Suchots, 1er Cru, Domaine Prieure Roch, Burgundy","1250","Case of 1 Magnums","https://www.bbr.com/products-20238120258-2023-vosne-romanee-les-suchots-1er-cru-domaine-prieure-roch-burgundy","1053485","20238120258"
"Domaine Sylvain Cathiard","2009","Vosne-Romanee, Les Suchots, 1er Cru, Domaine Sylvain Cathiard, Burgundy","4195","Case of 6 Bottles","https://www.bbr.com/products-20098024820-2009-vosne-romanee-les-suchots-1er-cru-domaine-sylvain-cathiard-burgundy","1023679","20098024820"
"Domaine Sylvain Cathiard","2015","Vosne-Romanee, Les Suchots, 1er Cru, Domaine Sylvain Cathiard, Burgundy","5700","Case of 6 Bottles","https://www.bbr.com/products-20158024820-2015-vosne-romanee-les-suchots-1er-cru-domaine-sylvain-cathiard-burgundy","1023679","20158024820"
"Domaine Sylvain Cathiard","2017","Vosne-Romanee, Les Suchots, 1er Cru, Domaine Sylvain Cathiard, Burgundy","1400","Case of 1 Magnums","https://www.bbr.com/products-20178024820-2017-vosne-romanee-les-suchots-1er-cru-domaine-sylvain-cathiard-burgundy","1023679","20178024820"
"Domaine Sylvain Cathiard","2018","Vosne-Romanee, Les Suchots, 1er Cru, Domaine Sylvain Cathiard, Burgundy","1400","Case of 1 Magnums","https://www.bbr.com/products-20188024820-2018-vosne-romanee-les-suchots-1er-cru-domaine-sylvain-cathiard-burgundy","1023679","20188024820"
"Domaine Sylvain Cathiard","2019","Vosne-Romanee, Les Suchots, 1er Cru, Domaine Sylvain Cathiard, Burgundy","15000","Case of 6 Bottles","https://www.bbr.com/products-20198024820-2019-vosne-romanee-les-suchots-1er-cru-domaine-sylvain-cathiard-burgundy","1023679","20198024820"
"Domaine Sylvain Cathiard","2020","Vosne-Romanee, Les Suchots, 1er Cru, Domaine Sylvain Cathiard, Burgundy","1600","Case of 1 Magnums","https://www.bbr.com/products-20208024820-2020-vosne-romanee-les-suchots-1er-cru-domaine-sylvain-cathiard-burgundy","1023679","20208024820"
"Domaine de Bellene","2009","Vosne-Romanee, Les Suchots, 1er Cru, Domaine de Bellene, Burgundy","680","Case of 6 Bottles","https://www.bbr.com/products-20098139227-2009-vosne-romanee-les-suchots-1er-cru-domaine-de-bellene-burgundy","1131790","20098139227"
"Domaine de Bellene","2010","Vosne-Romanee, Les Suchots, 1er Cru, Domaine de Bellene, Burgundy","660","Case of 6 Bottles","https://www.bbr.com/products-20108139227-2010-vosne-romanee-les-suchots-1er-cru-domaine-de-bellene-burgundy","1131790","20108139227"
"Domaine de Bellene","2010","Vosne-Romanee, Les Suchots, 1er Cru, Domaine de Bellene, Burgundy","650","Case of 6 Bottles","https://www.bbr.com/products-20108139227-2010-vosne-romanee-les-suchots-1er-cru-domaine-de-bellene-burgundy","1131790","20108139227"
"Domaine de Bellene","2014","Vosne-Romanee, Les Suchots, 1er Cru, Domaine de Bellene, Burgundy","625","Case of 6 Bottles","https://www.bbr.com/products-20148139227-2014-vosne-romanee-les-suchots-1er-cru-domaine-de-bellene-burgundy","1131790","20148139227"
"Domaine de Bellene","2014","Vosne-Romanee, Les Suchots, 1er Cru, Domaine de Bellene, Burgundy","620","Case of 6 Bottles","https://www.bbr.com/products-20148139227-2014-vosne-romanee-les-suchots-1er-cru-domaine-de-bellene-burgundy","1131790","20148139227"
"Domaine de Bellene","2014","Vosne-Romanee, Les Suchots, 1er Cru, Domaine de Bellene, Burgundy","1400","Case of 12 Bottles","https://www.bbr.com/products-20148139227-2014-vosne-romanee-les-suchots-1er-cru-domaine-de-bellene-burgundy","1131790","20148139227"
"Domaine de L'Arlot","2016","Vosne-Romanee, Les Suchots, 1er Cru, Domaine de l'Arlot, Burgundy","935","Case of 6 Bottles","https://www.bbr.com/products-20168035125-2016-vosne-romanee-les-suchots-1er-cru-domaine-de-l-arlot-burgundy","1018679","20168035125"
"Domaine de L'Arlot","2018","Vosne-Romanee, Les Suchots, 1er Cru, Domaine de l'Arlot, Burgundy","912","Case of 6 Bottles","https://www.bbr.com/products-20188035125-2018-vosne-romanee-les-suchots-1er-cru-domaine-de-l-arlot-burgundy","1018679","20188035125"
"Domaine de L'Arlot","2020","Vosne-Romanee, Les Suchots, 1er Cru, Domaine de l'Arlot, Burgundy","964","Case of 6 Bottles","https://www.bbr.com/products-20208035125-2020-vosne-romanee-les-suchots-1er-cru-domaine-de-l-arlot-burgundy","1018679","20208035125"
"Lucien Le Moine","2017","Vosne-Romanee, Les Suchots, 1er Cru, Lucien Le Moine, Burgundy","1070","Case of 6 Bottles","https://www.bbr.com/products-20178218555-2017-vosne-romanee-les-suchots-1er-cru-lucien-le-moine-burgundy","1042858","20178218555"
"Domaine Lamarche","2018","Vosne-Romanee, Les Suchots, 1er Cru, Nicole Lamarche, Burgundy","660","Case of 6 Bottles","https://www.bbr.com/products-20181040274-2018-vosne-romanee-les-suchots-1er-cru-nicole-lamarche-burgundy","1040274","20181040274"
"Domaine Lamarche","2020","Vosne-Romanee, Les Suchots, 1er Cru, Nicole Lamarche, Burgundy","450","Case of 3 Bottles","https://www.bbr.com/products-20201040274-2020-vosne-romanee-les-suchots-1er-cru-nicole-lamarche-burgundy","1040274","20201040274"
"Pierre Girardin","2019","Vosne-Romanee, Les Suchots, 1er Cru, Pierre Girardin, Burgundy","735","Case of 6 Bottles","https://www.bbr.com/products-20198166104-2019-vosne-romanee-les-suchots-1er-cru-pierre-girardin-burgundy","1928091","20198166104"
"Domaine A-F Gros","2015","Vosne-Romanee, Maizieres, Domaine A.-F. Gros, Burgundy","450","Case of 6 Bottles","https://www.bbr.com/products-20151036301-2015-vosne-romanee-maizieres-domaine-a-f-gros-burgundy","1036301","20151036301"
"Domaine Michele et Patrice Rion","2020","Vosne-Romanee, Patrice Rion, Burgundy","900","Case of 6 Bottles","https://www.bbr.com/products-20208148515-2020-vosne-romanee-patrice-rion-burgundy","1055216","20208148515"
"Domaine Michele et Patrice Rion","2022","Vosne-Romanee, Patrice Rion, Burgundy","795","Case of 6 Bottles","https://www.bbr.com/products-20228148515-2022-vosne-romanee-patrice-rion-burgundy","1055216","20228148515"
"Domaine Michele et Patrice Rion","2023","Vosne-Romanee, Patrice Rion, Burgundy","474","Case of 6 Bottles","https://www.bbr.com/products-20238148515-2023-vosne-romanee-patrice-rion-burgundy","1055216","20238148515"
"Philippe Pacalet","2017","Vosne-Romanee, Philippe Pacalet, Burgundy","1297","Case of 12 Bottles","https://www.bbr.com/products-20178125354-2017-vosne-romanee-philippe-pacalet-burgundy","1589575","20178125354"
"Philippe Pacalet","2018","Vosne-Romanee, Philippe Pacalet, Burgundy","1332","Case of 12 Bottles","https://www.bbr.com/products-20188125354-2018-vosne-romanee-philippe-pacalet-burgundy","1589575","20188125354"
"Domaine Duroche","2018","Vosne-Romanee, Pierre & Marianne Duroche, Burgundy","360","Case of 6 Bottles","https://www.bbr.com/products-20188105761-2018-vosne-romanee-pierre-marianne-duroche-burgundy","1770674","20188105761"
"Domaine Duroche","2019","Vosne-Romanee, Pierre & Marianne Duroche, Burgundy","370","Case of 6 Bottles","https://www.bbr.com/products-20198105761-2019-vosne-romanee-pierre-marianne-duroche-burgundy","1770674","20198105761"
"Domaine Duroche","2020","Vosne-Romanee, Pierre &amp; Marianne Duroche, Burgundy","450","Case of 6 Bottles","https://www.bbr.com/products-20208105761-2020-vosne-romanee-pierre-and-marianne-duroche-burgundy","1770674","20208105761"
"Domaine A-F Gros","2020","Vosne-Romanee, Suchots, 1er Cru, Domaine A.-F. Gros, Burgundy","1400","Case of 6 Bottles","https://www.bbr.com/products-20208148717-2020-vosne-romanee-suchots-1er-cru-domaine-a-f-gros-burgundy","8148717","20208148717"
"Domaine A-F Gros","2021","Vosne-Romanee, Suchots, 1er Cru, Domaine A.-F. Gros, Burgundy","900","Case of 6 Bottles","https://www.bbr.com/products-20218148717-2021-vosne-romanee-suchots-1er-cru-domaine-a-f-gros-burgundy","8148717","20218148717"
"Domaine Geantet-Pansiot","2017","Vosne-Romanee, Vieilles Vignes, Geantet-Pansiot, Burgundy","790","Case of 12 Bottles","https://www.bbr.com/products-20178051853-2017-vosne-romanee-vieilles-vignes-geantet-pansiot-burgundy","1869633","20178051853"
"Domaine Geantet-Pansiot","2018","Vosne-Romanee, Vieilles Vignes, Geantet-Pansiot, Burgundy","384","Case of 6 Bottles","https://www.bbr.com/products-20188051853-2018-vosne-romanee-vieilles-vignes-geantet-pansiot-burgundy","1869633","20188051853"
"Domaine Lamarche","2013","Vosne-Romanee, Village, Domaine Francois Lamarche, Burgundy","325","Case of 6 Bottles","https://www.bbr.com/products-20138012010-2013-vosne-romanee-village-domaine-francois-lamarche-burgundy","1040199","20138012010"
"Domaine Lamarche","2013","Vosne-Romanee, Village, Domaine Francois Lamarche, Burgundy","325","Case of 6 Bottles","https://www.bbr.com/products-20138012010-2013-vosne-romanee-village-domaine-francois-lamarche-burgundy","1040199","20138012010"
"Domaine Lamarche","2015","Vosne-Romanee, Village, Domaine Francois Lamarche, Burgundy","420","Case of 6 Bottles","https://www.bbr.com/products-20158012010-2015-vosne-romanee-village-domaine-francois-lamarche-burgundy","1040199","20158012010"
"Domaine Lamarche","2017","Vosne-Romanee, Village, Domaine Francois Lamarche, Burgundy","350","Case of 6 Bottles","https://www.bbr.com/products-20178012010-2017-vosne-romanee-village-domaine-francois-lamarche-burgundy","1040199","20178012010"
"Domaine de la Vougeraie","2014","Vougeot Blanc, Clos du Prieure, Domaine de la Vougeraie, Burgundy","500","Case of 6 Bottles","https://www.bbr.com/products-20148020789-2014-vougeot-blanc-clos-du-prieure-domaine-de-la-vougeraie-burgundy","1081620","20148020789"
"Domaine de la Vougeraie","2019","Vougeot Blanc, Clos du Prieure, Domaine de la Vougeraie, Burgundy","350","Case of 6 Bottles","https://www.bbr.com/products-20198020789-2019-vougeot-blanc-clos-du-prieure-domaine-de-la-vougeraie-burgundy","1081620","20198020789"
"Domaine de la Vougeraie","2021","Vougeot Blanc, Clos du Prieure, Domaine de la Vougeraie, Burgundy","370","Case of 6 Bottles","https://www.bbr.com/products-20218020789-2021-vougeot-blanc-clos-du-prieure-domaine-de-la-vougeraie-burgundy","1081620","20218020789"
"Domaine de la Vougeraie","2022","Vougeot Blanc, Clos du Prieure, Domaine de la Vougeraie, Burgundy","320","Case of 6 Bottles","https://www.bbr.com/products-20228020789-2022-vougeot-blanc-clos-du-prieure-domaine-de-la-vougeraie-burgundy","1081620","20228020789"
"Domaine de la Vougeraie","2023","Vougeot Blanc, Clos du Prieure, Domaine de la Vougeraie, Burgundy","370","Case of 6 Bottles","https://www.bbr.com/products-20238020789-2023-vougeot-blanc-clos-du-prieure-domaine-de-la-vougeraie-burgundy","1081620","20238020789"
"Domaine de la Vougeraie","2010","Vougeot Rouge, Clos du Prieure, Domaine de la Vougeraie, Burgundy","348","Case of 6 Bottles","https://www.bbr.com/products-20108005292-2010-vougeot-rouge-clos-du-prieure-domaine-de-la-vougeraie-burgundy","1059504","20108005292"
"Domaine Bertagna","2002","Vougeot, Clos de la Perriere, 1er Cru, Domaine Bertagna, Burgundy","1100","Case of 12 Bottles","https://www.bbr.com/products-20028018663-2002-vougeot-clos-de-la-perriere-1er-cru-domaine-bertagna-burgundy","1019940","20028018663"
"Benjamin Leroux","2015","Vougeot, Clos du Village, Benjamin Leroux, Burgundy","304","Case of 6 Bottles","https://www.bbr.com/products-20151329742-2015-vougeot-clos-du-village-benjamin-leroux-burgundy","1329742","20151329742"
"Benjamin Leroux","2023","Vougeot, Clos du Village, Benjamin Leroux, Burgundy","330","Case of 3 Magnums","https://www.bbr.com/products-20231329742-2023-vougeot-clos-du-village-benjamin-leroux-burgundy","1329742","20231329742"
"Domaine Francois Legros","2020","Vougeot, Les Cras, 1er Cru, Domaine Francois Legros, Burgundy","360","Case of 6 Bottles","https://www.bbr.com/products-20208173430-2020-vougeot-les-cras-1er-cru-domaine-francois-legros-burgundy","1968987","20208173430"
"Domaine Francois Legros","2021","Vougeot, Les Cras, 1er Cru, Domaine Francois Legros, Burgundy","372","Case of 6 Bottles","https://www.bbr.com/products-20218173430-2021-vougeot-les-cras-1er-cru-domaine-francois-legros-burgundy","1968987","20218173430"
"Domaine de la Vougeraie","2019","Vougeot, Les Cras, 1er Cru, Domaine de la Vougeraie, Burgundy","435","Case of 6 Bottles","https://www.bbr.com/products-20198020792-2019-vougeot-les-cras-1er-cru-domaine-de-la-vougeraie-burgundy","1059517","20198020792"
"Domaine de la Vougeraie","2020","Vougeot, Les Cras, 1er Cru, Domaine de la Vougeraie, Burgundy","318","Case of 6 Bottles","https://www.bbr.com/products-20208020792-2020-vougeot-les-cras-1er-cru-domaine-de-la-vougeraie-burgundy","1059517","20208020792"
"Domaine de la Vougeraie","2021","Vougeot, Les Cras, 1er Cru, Domaine de la Vougeraie, Burgundy","540","Case of 6 Bottles","https://www.bbr.com/products-20218020792-2021-vougeot-les-cras-1er-cru-domaine-de-la-vougeraie-burgundy","1059517","20218020792"
"Domaine de la Vougeraie","2022","Vougeot, Les Cras, 1er Cru, Domaine de la Vougeraie, Burgundy","368","Case of 6 Bottles","https://www.bbr.com/products-20228020792-2022-vougeot-les-cras-1er-cru-domaine-de-la-vougeraie-burgundy","1059517","20228020792"
"Domaine de la Vougeraie","2023","Vougeot, Les Cras, 1er Cru, Domaine de la Vougeraie, Burgundy","475","Case of 6 Bottles","https://www.bbr.com/products-20238020792-2023-vougeot-les-cras-1er-cru-domaine-de-la-vougeraie-burgundy","1059517","20238020792"
"Domaine Hudelot-Noellat","2016","Vougeot, Les Petit Vougeots, 1er Cru, Domaine Hudelot-Noellat, Burgundy","750","Case of 6 Bottles","https://www.bbr.com/products-20168121473-2016-vougeot-les-petit-vougeots-1er-cru-domaine-hudelot-noellat-burgundy","1037454","20168121473"
"Domaine Fourrier","2015","Vougeot, Les Petits Vougeots, 1er Cru, Vieille Vigne, Domaine Fourrier, Burgundy","940","Case of 6 Bottles","https://www.bbr.com/products-20158226514-2015-vougeot-les-petits-vougeots-1er-cru-vieille-vigne-domaine-fourrier-burgundy","1316951","20158226514"
"Domaine Gaston Huet","2009","Vouvray Le Mont Sec, Gaston Huet","240","Case of 6 Bottles","https://www.bbr.com/products-20098117122-2009-vouvray-le-mont-sec-gaston-huet","1106817","20098117122"
"Vincent Careme","2022","Vouvray, Clos de la Roche, Vincent Careme, Loire","135","Case of 6 Bottles","https://www.bbr.com/products-20228302782-2022-vouvray-clos-de-la-roche-vincent-careme-loire","2965600","20228302782"
"Domaine Gaston Huet","1989","Vouvray, Clos du Bourg, Moelleux Premiere Trie, Domaine Huet, Loire","190","Case of 1 Magnums","https://www.bbr.com/products-19891218734-1989-vouvray-clos-du-bourg-moelleux-premiere-trie-domaine-huet-loire","1218734","19891218734"
"Domaine Gaston Huet","1961","Vouvray, Clos du Bourg, Moelleux, Domaine Huet, Loire","2250","Case of 6 Bottles","https://www.bbr.com/products-19611106787-1961-vouvray-clos-du-bourg-moelleux-domaine-huet-loire","1106787","19611106787"
"Vincent Careme","2019","Vouvray, Le Clos, Domaine Vincent Careme, Loire","210","Case of 6 Bottles","https://www.bbr.com/products-20191349696-2019-vouvray-le-clos-domaine-vincent-careme-loire","1381704","20191349696"
"Vincent Careme","2021","Vouvray, Le Clos, Domaine Vincent Careme, Loire","150","Case of 6 Bottles","https://www.bbr.com/products-20211349696-2021-vouvray-le-clos-domaine-vincent-careme-loire","1381704","20211349696"
"Vincent Careme","2022","Vouvray, Le Clos, Domaine Vincent Careme, Loire","320","Case of 6 Bottles","https://www.bbr.com/products-20221349696-2022-vouvray-le-clos-domaine-vincent-careme-loire","1381704","20221349696"
"Domaine Gaston Huet","1945","Vouvray, Le Haut-Lieu, Demi-Sec, Domaine Huet, Loire","3600","Case of 6 Bottles","https://www.bbr.com/products-19458109802-1945-vouvray-le-haut-lieu-demi-sec-domaine-huet-loire","1316166","19458109802"
"Domaine Gaston Huet","1970","Vouvray, Le Haut-Lieu, Demi-Sec, Domaine Huet, Loire","1288","Case of 12 Half Bottles","https://www.bbr.com/products-19708109802-1970-vouvray-le-haut-lieu-demi-sec-domaine-huet-loire","1316166","19708109802"
"Domaine Gaston Huet","1989","Vouvray, Le Haut-Lieu, Moelleux Premiere Trie, Domaine Huet, Loire","400","Case of 6 Bottles","https://www.bbr.com/products-19891235948-1989-vouvray-le-haut-lieu-moelleux-premiere-trie-domaine-huet-loire","1235948","19891235948"
"Domaine Gaston Huet","1989","Vouvray, Le Haut-Lieu, Moelleux Premiere Trie, Domaine Huet, Loire","215","Case of 1 Magnums","https://www.bbr.com/products-19891235948-1989-vouvray-le-haut-lieu-moelleux-premiere-trie-domaine-huet-loire","1235948","19891235948"
"Domaine Gaston Huet","1945","Vouvray, Le Haut-Lieu, Moelleux, Domaine Huet, Loire","3200","Case of 6 Bottles","https://www.bbr.com/products-19451316179-1945-vouvray-le-haut-lieu-moelleux-domaine-huet-loire","1316179","19451316179"
"Domaine Gaston Huet","1989","Vouvray, Le Haut-Lieu, Moelleux, Domaine Huet, Loire","425","Case of 6 Bottles","https://www.bbr.com/products-19891316179-1989-vouvray-le-haut-lieu-moelleux-domaine-huet-loire","1316179","19891316179"
"Domaine Gaston Huet","1989","Vouvray, Le Mont, Moelleux Premiere Trie, Domaine Huet, Loire","595","Case of 6 Bottles","https://www.bbr.com/products-19898111957-1989-vouvray-le-mont-moelleux-premiere-trie-domaine-huet-loire","1218747","19898111957"
"Domaine Gaston Huet","1989","Vouvray, Le Mont, Moelleux Premiere Trie, Domaine Huet, Loire","165","Case of 1 Magnums","https://www.bbr.com/products-19898111957-1989-vouvray-le-mont-moelleux-premiere-trie-domaine-huet-loire","1218747","19898111957"
"Domaine Gaston Huet","2009","Vouvray, Le Mont, Moelleux, Domaine Huet, Loire","200","Case of 6 Bottles","https://www.bbr.com/products-20091147234-2009-vouvray-le-mont-moelleux-domaine-huet-loire","1147234","20091147234"
"Vincent Careme","2022","Vouvray, Le Peu Morier, Domaine Vincent Careme, Loire","150","Case of 6 Bottles","https://www.bbr.com/products-20221264210-2022-vouvray-le-peu-morier-domaine-vincent-careme-loire","1264210","20221264210"
"Verite Winery","2005","Verite, Horizontal (La Desir, La Muse, La Joie), Three-Bottle Assortment Case","5250","Case of 1 s","https://www.bbr.com/products-20058036845-2005-verite-horizontal-la-desir-la-muse-la-joie-three-bottle-assortment-case","1414732","20058036845"
"Verite Winery","2015","Verite, Horizontal (La Desir, La Muse, La Joie), Three-Bottle Assortment Case","600","Case of 1 s","https://www.bbr.com/products-20158036845-2015-verite-horizontal-la-desir-la-muse-la-joie-three-bottle-assortment-case","1414732","20158036845"
"Verite Winery","2015","Verite, Horizontal (La Desir, La Muse, La Joie), Three-Bottle Assortment Case","520","Case of 1 s","https://www.bbr.com/products-20158036845-2015-verite-horizontal-la-desir-la-muse-la-joie-three-bottle-assortment-case","1414732","20158036845"
"Verite Winery","2017","Verite, Horizontal (La Desir, La Muse, La Joie), Three-Bottle Assortment Case","750","Case of 1 s","https://www.bbr.com/products-20178036845-2017-verite-horizontal-la-desir-la-muse-la-joie-three-bottle-assortment-case","1414732","20178036845"
"Verite Winery","2018","Verite, Horizontal (La Desir, La Muse, La Joie), Three-Bottle Assortment Case","695","Case of 1 s","https://www.bbr.com/products-20188036845-2018-verite-horizontal-la-desir-la-muse-la-joie-three-bottle-assortment-case","1414732","20188036845"
"Verite Winery","2019","Verite, Horizontal (La Desir, La Muse, La Joie), Three-Bottle Assortment Case","1495","Case of 1 s","https://www.bbr.com/products-20198036845-2019-verite-horizontal-la-desir-la-muse-la-joie-three-bottle-assortment-case","1414732","20198036845"
"Verite Winery","2016","Verite, Horizontal (La Desir, La Muse, La Joie), Three-BottleAssortment Case","592.5","Case of 1 s","https://www.bbr.com/products-20168036845-2016-verite-horizontal-la-desir-la-muse-la-joie-three-bottleassortment-case","1414732","20168036845"
"Verite Winery","2016","Verite, Horizontal (La Desir, La Muse, La Joie), Three-BottleAssortment Case","595","Case of 1 s","https://www.bbr.com/products-20168036845-2016-verite-horizontal-la-desir-la-muse-la-joie-three-bottleassortment-case","1414732","20168036845"
"Verite Winery","2006","Verite, La Joie, Sonoma County, California, USA","787","Case of 6 Bottles","https://www.bbr.com/products-20068014984-2006-verite-la-joie-sonoma-county-california-usa","1135844","20068014984"
"Verite Winery","2007","Verite, La Joie, Sonoma County, California, USA","1666","Case of 6 Bottles","https://www.bbr.com/products-20078014984-2007-verite-la-joie-sonoma-county-california-usa","1135844","20078014984"
"Verite Winery","2008","Verite, La Joie, Sonoma County, California, USA","1388","Case of 6 Bottles","https://www.bbr.com/products-20088014984-2008-verite-la-joie-sonoma-county-california-usa","1135844","20088014984"
"Verite Winery","2012","Verite, La Joie, Sonoma County, California, USA","1388","Case of 6 Bottles","https://www.bbr.com/products-20128014984-2012-verite-la-joie-sonoma-county-california-usa","1135844","20128014984"
"Verite Winery","2012","Verite, La Joie, Sonoma County, California, USA","800","Case of 1 Double Magnums","https://www.bbr.com/products-20128014984-2012-verite-la-joie-sonoma-county-california-usa","1135844","20128014984"
"Verite Winery","2013","Verite, La Joie, Sonoma County, California, USA","950","Case of 6 Bottles","https://www.bbr.com/products-20138014984-2013-verite-la-joie-sonoma-county-california-usa","1135844","20138014984"
"Verite Winery","2013","Verite, La Joie, Sonoma County, California, USA","1248","Case of 6 Bottles","https://www.bbr.com/products-20138014984-2013-verite-la-joie-sonoma-county-california-usa","1135844","20138014984"
"Verite Winery","2013","Verite, La Joie, Sonoma County, California, USA","938","Case of 6 Bottles","https://www.bbr.com/products-20138014984-2013-verite-la-joie-sonoma-county-california-usa","1135844","20138014984"
"Verite Winery","2014","Verite, La Joie, Sonoma County, California, USA","315","Case of 3 Bottles","https://www.bbr.com/products-20148014984-2014-verite-la-joie-sonoma-county-california-usa","1135844","20148014984"
"Verite Winery","2014","Verite, La Joie, Sonoma County, California, USA","798","Case of 3 Bottles","https://www.bbr.com/products-20148014984-2014-verite-la-joie-sonoma-county-california-usa","1135844","20148014984"
"Verite Winery","2013","Verite, La Muse, Sonoma County, California, USA","1225","Case of 6 Bottles","https://www.bbr.com/products-20138115144-2013-verite-la-muse-sonoma-county-california-usa","1130966","20138115144"
"Verite Winery","2013","Verite, La Muse, Sonoma County, California, USA","1186","Case of 6 Bottles","https://www.bbr.com/products-20138115144-2013-verite-la-muse-sonoma-county-california-usa","1130966","20138115144"
"Verite Winery","2014","Verite, La Muse, Sonoma County, California, USA","580","Case of 3 Bottles","https://www.bbr.com/products-20148115144-2014-verite-la-muse-sonoma-county-california-usa","1130966","20148115144"
"Verite Winery","2006","Verite, Le Desir, Sonoma County, California, USA","1040","Case of 6 Bottles","https://www.bbr.com/products-20068114929-2006-verite-le-desir-sonoma-county-california-usa","1135831","20068114929"
"Verite Winery","2008","Verite, Le Desir, Sonoma County, California, USA","1170","Case of 6 Bottles","https://www.bbr.com/products-20088114929-2008-verite-le-desir-sonoma-county-california-usa","1135831","20088114929"
"Verite Winery","2011","Verite, Le Desir, Sonoma County, California, USA","650","Case of 6 Bottles","https://www.bbr.com/products-20118114929-2011-verite-le-desir-sonoma-county-california-usa","1135831","20118114929"
"Verite Winery","2013","Verite, Le Desir, Sonoma County, California, USA","1088","Case of 6 Bottles","https://www.bbr.com/products-20138114929-2013-verite-le-desir-sonoma-county-california-usa","1135831","20138114929"
"Verite Winery","2013","Verite, Le Desir, Sonoma County, California, USA","1088","Case of 6 Bottles","https://www.bbr.com/products-20138114929-2013-verite-le-desir-sonoma-county-california-usa","1135831","20138114929"
"Verite Winery","2014","Verite, Le Desir, Sonoma County, California, USA","365","Case of 3 Bottles","https://www.bbr.com/products-20148114929-2014-verite-le-desir-sonoma-county-california-usa","1135831","20148114929"
"Verite Winery","2014","Verite, Le Desir, Sonoma County, California, USA","500","Case of 3 Bottles","https://www.bbr.com/products-20148114929-2014-verite-le-desir-sonoma-county-california-usa","1135831","20148114929"
"Walter Scott Wines","2021","Walter Scott, La Combe Vert, Pinot Noir, Willamette Valley, Oregon, USA","500","Case of 12 Bottles","https://www.bbr.com/products-20218403346-2021-walter-scott-la-combe-vert-pinot-noir-willamette-valley-oregon-usa","1811371","20218403346"
"Warre","1977","Warre's, Port, Portugal","950","Case of 12 Bottles","https://www.bbr.com/products-19771107915-1977-warre-s-port-portugal","1692750","19771107915"
"Warre","1997","Warre's, Port, Portugal","400","Case of 12 Bottles","https://www.bbr.com/products-19971107915-1997-warre-s-port-portugal","1692750","19971107915"
"Warre","2003","Warre's, Port, Portugal","495","Case of 12 Bottles","https://www.bbr.com/products-20031107915-2003-warre-s-port-portugal","1692750","20031107915"
"Warre","2011","Warre's, Port, Portugal","215","Case of 6 Bottles","https://www.bbr.com/products-20111107915-2011-warre-s-port-portugal","1692750","20111107915"
"Warre","2011","Warre's, Port, Portugal","268","Case of 12 Half Bottles","https://www.bbr.com/products-20111107915-2011-warre-s-port-portugal","1692750","20111107915"
"Warre","2016","Warre's, Port, Portugal","300","Case of 6 Bottles","https://www.bbr.com/products-20161107915-2016-warre-s-port-portugal","1692750","20161107915"
"Warre","2017","Warre's, Port, Portugal","175","Case of 6 Bottles","https://www.bbr.com/products-20171107915-2017-warre-s-port-portugal","1692750","20171107915"
"Warre","2017","Warre's, Port, Portugal","200","Case of 12 Half Bottles","https://www.bbr.com/products-20171107915-2017-warre-s-port-portugal","1692750","20171107915"
"Weingut Joh Jos Prum","2013","Wehlener Sonnenuhr Riesling Auslese GoldKapsel No. 2, Weignut JJ Prum","330","Case of 6 Bottles","https://www.bbr.com/products-20138112000-2013-wehlener-sonnenuhr-riesling-auslese-goldkapsel-no-2-weignut-jj-prum","1218369","20138112000"
"Weinert","2006","Weinert, Tonel Unico No. 247, Malbec, Finca Bizzotto, Lujan de Cuyo, Mendoza, Argentina","250","Case of 6 Bottles","https://www.bbr.com/products-20068150774-2006-weinert-tonel-unico-no-247-malbec-finca-bizzotto-lujan-de-cuyo-mendoza-argentina","2664457","20068150774"
"Weingut Selbach-Oster","2015","Welhener Sonnenuhr Riesling Auslese Selbach-Oster, Mosel, Germany","400","Case of 12 Bottles","https://www.bbr.com/products-20158139894-2015-welhener-sonnenuhr-riesling-auslese-selbach-oster-mosel-germany","1092257","20158139894"
"Whistler Wines","2022","Whistler Wines, Estate Cabernet Sauvignon, Barossa Valley, Australia","245","Case of 6 Bottles","https://www.bbr.com/products-20228401993-2022-whistler-wines-estate-cabernet-sauvignon-barossa-valley-australia","1953860","20228401993"
"Whistler Wines","2022","Whistler Wines, Estate Shiraz, Barossa Valley, Australia","270","Case of 6 Bottles","https://www.bbr.com/products-20228178884-2022-whistler-wines-estate-shiraz-barossa-valley-australia","1953873","20228178884"
"William Downie","2015","William Downie, Mornington Peninsula, Australia","340","Case of 6 Bottles","https://www.bbr.com/products-20158110354-2015-william-downie-mornington-peninsula-australia","1280818","20158110354"
"By Farr and Farr Rising Wines","2019","Wine by Farr, RP, Cote Vineyard, Pinot Noir, Geelong, Victoria, Australia","450","Case of 6 Bottles","https://www.bbr.com/products-20198231006-2019-wine-by-farr-rp-cote-vineyard-pinot-noir-geelong-victoria-australia","1743830","20198231006"
"By Farr and Farr Rising Wines","2020","Wine by Farr, RP, Cote Vineyard, Pinot Noir, Geelong, Victoria, Australia","425","Case of 6 Bottles","https://www.bbr.com/products-20208231006-2020-wine-by-farr-rp-cote-vineyard-pinot-noir-geelong-victoria-australia","1743830","20208231006"
"Wynns Coonawarra Estate","2013","Wynn's Coonawarra Estate, Black Label Cabernet Sauvignon, Coonawarra, Australia","155","Case of 6 Bottles","https://www.bbr.com/products-20138112521-2013-wynn-s-coonawarra-estate-black-label-cabernet-sauvignon-coonawarra-australia","1204210","20138112521"
"Wynns Coonawarra Estate","2010","Wynn's Coonawarra Estate, John Riddoch Cabernet Sauvignon, Coonawarra, Australia","640","Case of 6 Bottles","https://www.bbr.com/products-20108125400-2010-wynn-s-coonawarra-estate-john-riddoch-cabernet-sauvignon-coonawarra-australia","1005758","20108125400"
"Wynns Coonawarra Estate","2018","Wynn's Coonawarra Estate, John Riddoch Cabernet Sauvignon, Coonawarra, Australia","338","Case of 6 Bottles","https://www.bbr.com/products-20188125400-2018-wynn-s-coonawarra-estate-john-riddoch-cabernet-sauvignon-coonawarra-australia","1005758","20188125400"
"Roquette & Cazes","2015","Xisto, Roquette & Cazes, Douro, Portugal","113","Case of 3 Bottles","https://www.bbr.com/products-20158047645-2015-xisto-roquette-cazes-douro-portugal","1364747","20158047645"
"Yabby Lake Vineyard","2018","Yabby Lake Vineyard, Block 1 Pinot Noir, Mornington Peninsula, Australia","425","Case of 6 Bottles","https://www.bbr.com/products-20188145266-2018-yabby-lake-vineyard-block-1-pinot-noir-mornington-peninsula-australia","1280850","20188145266"
"Yalumba","2012","Yalumba Hand-Picked Tricentenary Vine Grenache, Barossa Valley","240","Case of 6 Bottles","https://www.bbr.com/products-20128104780-2012-yalumba-hand-picked-tricentenary-vine-grenache-barossa-valley","1545434","20128104780"
"Yalumba","2012","Yalumba, The Caley, Coonawarra Cabernet & Barossa Shiraz, Australia","390","Case of 3 Bottles","https://www.bbr.com/products-20128106638-2012-yalumba-the-caley-coonawarra-cabernet-barossa-shiraz-australia","1466337","20128106638"
"Yalumba","2016","Yalumba, The Caley, Coonawarra Cabernet &amp; Barossa Shiraz, Australia","555","Case of 3 Bottles","https://www.bbr.com/products-20168106638-2016-yalumba-the-caley-coonawarra-cabernet-and-barossa-shiraz-australia","1466337","20168106638"
"Yalumba","2016","Yalumba, The Caley, Coonawarra Cabernet &amp; Barossa Shiraz, Australia","450","Case of 3 Bottles","https://www.bbr.com/products-20168106638-2016-yalumba-the-caley-coonawarra-cabernet-and-barossa-shiraz-australia","1466337","20168106638"
"Yalumba","2018","Yalumba, The Caley, Coonawarra Cabernet &amp; Barossa Shiraz, Australia","1000","Case of 6 Bottles","https://www.bbr.com/products-20188106638-2018-yalumba-the-caley-coonawarra-cabernet-and-barossa-shiraz-australia","1466337","20188106638"
"Yalumba","2013","Yalumba, The Menzies, Cabernet Sauvignon, Coonawarra, Australia","200","Case of 6 Bottles","https://www.bbr.com/products-20138114730-2013-yalumba-the-menzies-cabernet-sauvignon-coonawarra-australia","1137297","20138114730"
"Yalumba","2002","Yalumba, The Octavius, Old Vine Shiraz, Barossa Valley, Australia","350","Case of 6 Bottles","https://www.bbr.com/products-20028125396-2002-yalumba-the-octavius-old-vine-shiraz-barossa-valley-australia","1005787","20028125396"
"Yann Durieux","2016","Yann Durieux, CDN, Recrue des Sens, Vin de France","600","Case of 6 Bottles","https://www.bbr.com/products-20168063634-2016-yann-durieux-cdn-recrue-des-sens-vin-de-france","1858455","20168063634"
"Yann Durieux","2017","Yann Durieux, CDN, Recrue des Sens, Vin de France","595","Case of 3 Magnums","https://www.bbr.com/products-20178063634-2017-yann-durieux-cdn-recrue-des-sens-vin-de-france","1858455","20178063634"
"Yann Durieux","2018","Yann Durieux, Night Cost, Recrue des Sens, Vin de France","495","Case of 3 Magnums","https://www.bbr.com/products-20188063647-2018-yann-durieux-night-cost-recrue-des-sens-vin-de-france","1762107","20188063647"
"Yann Durieux","2017","Yann Durieux, Recrue des Sans, Jeannot, Vin de France","2100","Case of 3 Magnums","https://www.bbr.com/products-20178201519-2017-yann-durieux-recrue-des-sans-jeannot-vin-de-france","1593998","20178201519"
"Yann Durieux","2016","Yann Durieux, Recrue des Sans, Manon, Vin de France","535","Case of 6 Bottles","https://www.bbr.com/products-20168051811-2016-yann-durieux-recrue-des-sans-manon-vin-de-france","1409123","20168051811"
"Yann Durieux","2015","Yann Durieux, Recrue des Sens, GC, Vin de France","1638","Case of 6 Bottles","https://www.bbr.com/products-20158045221-2015-yann-durieux-recrue-des-sens-gc-vin-de-france","1788297","20158045221"
"Yann Durieux","2015","Yann Durieux, Recrue des Sens, GC, Vin de France","1850","Case of 6 Bottles","https://www.bbr.com/products-20158045221-2015-yann-durieux-recrue-des-sens-gc-vin-de-france","1788297","20158045221"
"Yann Durieux","2019","Yann Durieux, Recrue des Sens, GC, Vin de France","1800","Case of 3 Magnums","https://www.bbr.com/products-20198045221-2019-yann-durieux-recrue-des-sens-gc-vin-de-france","1788297","20198045221"
"Yann Durieux","2017","Yann Durieux, Recrue des Sens, Les Grands Ponts Rouge, Vin de France","1500","Case of 3 Magnums","https://www.bbr.com/products-20178044022-2017-yann-durieux-recrue-des-sens-les-grands-ponts-rouge-vin-de-france","1420250","20178044022"
"Yann Durieux","2018","Yann Durieux, Recrue des Sens, Les Ponts Rouge, Vin de France","688","Case of 3 Magnums","https://www.bbr.com/products-20188204145-2018-yann-durieux-recrue-des-sens-les-ponts-rouge-vin-de-france","1410561","20188204145"
"Yann Durieux","2017","Yann Durieux, Recrue des Sens, Love and Pif, Vin de France","210","Case of 6 Bottles","https://www.bbr.com/products-20178047427-2017-yann-durieux-recrue-des-sens-love-and-pif-vin-de-france","1382987","20178047427"
"Yann Durieux","2017","Yann Durieux, Recrue des Sens, Love and Pif, Vin de France","255","Case of 6 Bottles","https://www.bbr.com/products-20178047427-2017-yann-durieux-recrue-des-sens-love-and-pif-vin-de-france","1382987","20178047427"
"Yann Durieux","2020","Yann Durieux, Recrue des Sens, Love and Pif, Vin de France","450","Case of 6 Bottles","https://www.bbr.com/products-20208047427-2020-yann-durieux-recrue-des-sens-love-and-pif-vin-de-france","1382987","20208047427"
"Yann Durieux","2017","Yann Durieux, Recrue des Sens, Tete de Ponts, Vin de France","750","Case of 3 Magnums","https://www.bbr.com/products-20178045380-2017-yann-durieux-recrue-des-sens-tete-de-ponts-vin-de-france","1502710","20178045380"
"Yann Durieux","2019","Yann Durieux, Recrue des Sens, Tete de Ponts, Vin de France","980","Case of 6 Bottles","https://www.bbr.com/products-20198045380-2019-yann-durieux-recrue-des-sens-tete-de-ponts-vin-de-france","1502710","20198045380"
"Chateau d'Yquem","2012","Ygrec, Chateau d'Yquem, Bordeaux","870","Case of 6 Bottles","https://www.bbr.com/products-20128004790-2012-ygrec-chateau-d-yquem-bordeaux","1017744","20128004790"
"Chateau d'Yquem","2013","Ygrec, Chateau d'Yquem, Bordeaux","750","Case of 6 Bottles","https://www.bbr.com/products-20138004790-2013-ygrec-chateau-d-yquem-bordeaux","1017744","20138004790"
"Chateau d'Yquem","2014","Ygrec, Chateau d'Yquem, Bordeaux","998","Case of 6 Bottles","https://www.bbr.com/products-20148004790-2014-ygrec-chateau-d-yquem-bordeaux","1017744","20148004790"
"Chateau d'Yquem","2014","Ygrec, Chateau d'Yquem, Bordeaux","1010","Case of 6 Bottles","https://www.bbr.com/products-20148004790-2014-ygrec-chateau-d-yquem-bordeaux","1017744","20148004790"
"Chateau d'Yquem","2015","Ygrec, Chateau d'Yquem, Bordeaux","850","Case of 6 Bottles","https://www.bbr.com/products-20158004790-2015-ygrec-chateau-d-yquem-bordeaux","1017744","20158004790"
"Chateau d'Yquem","2016","Ygrec, Chateau d'Yquem, Bordeaux","900","Case of 6 Bottles","https://www.bbr.com/products-20168004790-2016-ygrec-chateau-d-yquem-bordeaux","1017744","20168004790"
"Chateau d'Yquem","2018","Ygrec, Chateau d'Yquem, Bordeaux","880","Case of 6 Bottles","https://www.bbr.com/products-20188004790-2018-ygrec-chateau-d-yquem-bordeaux","1017744","20188004790"
"Chateau d'Yquem","2020","Ygrec, Chateau d'Yquem, Bordeaux","745","Case of 6 Bottles","https://www.bbr.com/products-20208004790-2020-ygrec-chateau-d-yquem-bordeaux","1017744","20208004790"
"Chateau d'Yquem","2021","Ygrec, Chateau d'Yquem, Bordeaux","414","Case of 3 Bottles","https://www.bbr.com/products-20218004790-2021-ygrec-chateau-d-yquem-bordeaux","1017744","20218004790"
"Chateau d'Yquem","2021","Ygrec, Chateau d'Yquem, Bordeaux","390","Case of 3 Bottles","https://www.bbr.com/products-20218004790-2021-ygrec-chateau-d-yquem-bordeaux","1017744","20218004790"
"Telmo Rodriguez","2017","Yjar, Telmo Rodriguez, Rioja, Spain","295","Case of 3 Bottles","https://www.bbr.com/products-20178065742-2017-yjar-telmo-rodriguez-rioja-spain","2090313","20178065742"
"Telmo Rodriguez","2019","Yjar, Telmo Rodriguez, Rioja, Spain","365","Case of 3 Bottles","https://www.bbr.com/products-20198065742-2019-yjar-telmo-rodriguez-rioja-spain","2090313","20198065742"
"Telmo Rodriguez","2019","Yjar, Telmo Rodriguez, Rioja, Spain","600","Case of 3 Bottles","https://www.bbr.com/products-20198065742-2019-yjar-telmo-rodriguez-rioja-spain","2090313","20198065742"
"Telmo Rodriguez","2020","Yjar, Telmo Rodriguez, Rioja, Spain","299","Case of 3 Bottles","https://www.bbr.com/products-20208065742-2020-yjar-telmo-rodriguez-rioja-spain","2090313","20208065742"
"Telmo Rodriguez","2021","Yjar, Telmo Rodriguez, Rioja, Spain","300","Case of 3 Bottles","https://www.bbr.com/products-20218065742-2021-yjar-telmo-rodriguez-rioja-spain","2090313","20218065742"
"Weingut Selbach-Oster","2016","Zeltinger Himmelreich Eiswein Selbach-Oster, Mosel","1188","Case of 12 Half Bottles","https://www.bbr.com/products-20161092303-2016-zeltinger-himmelreich-eiswein-selbach-oster-mosel","1092303","20161092303"
"Zuccardi","2016","Zuccardi, Finca Piedra Infinita, Paraje Altamira, Mendoza, Argentina","295","Case of 3 Bottles","https://www.bbr.com/products-20168054506-2016-zuccardi-finca-piedra-infinita-paraje-altamira-mendoza-argentina","1364750","20168054506"
"Zuccardi","2017","Zuccardi, Finca Piedra Infinita, Paraje Altamira, Mendoza, Argentina","210","Case of 3 Bottles","https://www.bbr.com/products-20178054506-2017-zuccardi-finca-piedra-infinita-paraje-altamira-mendoza-argentina","1364750","20178054506"
"Zuccardi","2018","Zuccardi, Finca Piedra Infinita, Paraje Altamira, Mendoza, Argentina","450","Case of 3 Bottles","https://www.bbr.com/products-20188054506-2018-zuccardi-finca-piedra-infinita-paraje-altamira-mendoza-argentina","1364750","20188054506"
"Zuccardi","2019","Zuccardi, Finca Piedra Infinita, Paraje Altamira, Mendoza, Argentina","225","Case of 3 Bottles","https://www.bbr.com/products-20198054506-2019-zuccardi-finca-piedra-infinita-paraje-altamira-mendoza-argentina","1364750","20198054506"
"Familia Zuccardi","2021","Zuccardi, Fosil, Uco Valley, Argentina","180","Case of 6 Bottles","https://www.bbr.com/products-20218055213-2021-zuccardi-fosil-uco-valley-argentina","1774050","20218055213"
"Castello dei Rampolla","2009","d'Alceo, Castello dei Rampolla, Tuscany, Italy","600","Case of 6 Bottles","https://www.bbr.com/products-20098117441-2009-d-alceo-castello-dei-rampolla-tuscany-italy","1103858","20098117441"
"Castello dei Rampolla","2011","d'Alceo, Castello dei Rampolla, Tuscany, Italy","400","Case of 6 Bottles","https://www.bbr.com/products-20118117441-2011-d-alceo-castello-dei-rampolla-tuscany-italy","1103858","20118117441"
"Castello dei Rampolla","2011","d'Alceo, Castello dei Rampolla, Tuscany, Italy","135","Case of 1 Magnums","https://www.bbr.com/products-20118117441-2011-d-alceo-castello-dei-rampolla-tuscany-italy","1103858","20118117441"
"Castello dei Rampolla","2012","d'Alceo, Castello dei Rampolla, Tuscany, Italy","398","Case of 6 Bottles","https://www.bbr.com/products-20128117441-2012-d-alceo-castello-dei-rampolla-tuscany-italy","1103858","20128117441"
"Castello dei Rampolla","2012","d'Alceo, Castello dei Rampolla, Tuscany, Italy","398","Case of 6 Bottles","https://www.bbr.com/products-20128117441-2012-d-alceo-castello-dei-rampolla-tuscany-italy","1103858","20128117441"
"Castello dei Rampolla","2013","d'Alceo, Castello dei Rampolla, Tuscany, Italy","570","Case of 6 Bottles","https://www.bbr.com/products-20138117441-2013-d-alceo-castello-dei-rampolla-tuscany-italy","1103858","20138117441"
"Castello dei Rampolla","2014","d'Alceo, Castello dei Rampolla, Tuscany, Italy","462","Case of 6 Bottles","https://www.bbr.com/products-20148117441-2014-d-alceo-castello-dei-rampolla-tuscany-italy","1103858","20148117441"
"Castello dei Rampolla","2015","d'Alceo, Castello dei Rampolla, Tuscany, Italy","380","Case of 6 Bottles","https://www.bbr.com/products-20158117441-2015-d-alceo-castello-dei-rampolla-tuscany-italy","1103858","20158117441"
"Castello dei Rampolla","2015","d'Alceo, Castello dei Rampolla, Tuscany, Italy","375","Case of 6 Bottles","https://www.bbr.com/products-20158117441-2015-d-alceo-castello-dei-rampolla-tuscany-italy","1103858","20158117441"
"Castello dei Rampolla","2016","d'Alceo, Castello dei Rampolla, Tuscany, Italy","480","Case of 6 Bottles","https://www.bbr.com/products-20168117441-2016-d-alceo-castello-dei-rampolla-tuscany-italy","1103858","20168117441"
"Castello dei Rampolla","2016","d'Alceo, Castello dei Rampolla, Tuscany, Italy","420","Case of 6 Bottles","https://www.bbr.com/products-20168117441-2016-d-alceo-castello-dei-rampolla-tuscany-italy","1103858","20168117441"
"Castello dei Rampolla","2017","d'Alceo, Castello dei Rampolla, Tuscany, Italy","520","Case of 6 Bottles","https://www.bbr.com/products-20178117441-2017-d-alceo-castello-dei-rampolla-tuscany-italy","1103858","20178117441"
"Albert Bichot","2019","Echezeaux, Grand Cru, Clos Frantin, Albert Bichot, Burgundy","1375","Case of 3 Magnums","https://www.bbr.com/products-20198236623-2019-echezeaux-grand-cru-clos-frantin-albert-bichot-burgundy","1020056","20198236623"
"Jayer (Henri, Georges and Family)","2018","Echezeaux, Grand Cru, Domaine Georges Jayer, E. Rouget, Burgundy","4800","Case of 6 Bottles","https://www.bbr.com/products-20188226396-2018-echezeaux-grand-cru-domaine-georges-jayer-e-rouget-burgundy","1323245","20188226396"
"Armand Heitz","2020","Echezeaux, Grand Cru, Domaine Heitz-Lochardet, Burgundy","1200","Case of 3 Bottles","https://www.bbr.com/products-20208074043-2020-echezeaux-grand-cru-domaine-heitz-lochardet-burgundy","","20208074043"
"Domaine Jean Grivot","2002","Echezeaux, Grand Cru, Domaine Jean Grivot, Burgundy","1650","Case of 6 Bottles","https://www.bbr.com/products-20021035593-2002-echezeaux-grand-cru-domaine-jean-grivot-burgundy","1035593","20021035593"
"Domaine Jean Grivot","2007","Echezeaux, Grand Cru, Domaine Jean Grivot, Burgundy","1900","Case of 6 Bottles","https://www.bbr.com/products-20071035593-2007-echezeaux-grand-cru-domaine-jean-grivot-burgundy","1035593","20071035593"
"Domaine Jean Grivot","2008","Echezeaux, Grand Cru, Domaine Jean Grivot, Burgundy","1440","Case of 6 Bottles","https://www.bbr.com/products-20081035593-2008-echezeaux-grand-cru-domaine-jean-grivot-burgundy","1035593","20081035593"
"Domaine Jean Grivot","2011","Echezeaux, Grand Cru, Domaine Jean Grivot, Burgundy","1210","Case of 6 Bottles","https://www.bbr.com/products-20111035593-2011-echezeaux-grand-cru-domaine-jean-grivot-burgundy","1035593","20111035593"
"Domaine Jean Grivot","2016","Echezeaux, Grand Cru, Domaine Jean Grivot, Burgundy","2000","Case of 6 Bottles","https://www.bbr.com/products-20161035593-2016-echezeaux-grand-cru-domaine-jean-grivot-burgundy","1035593","20161035593"
"Domaine Jean Grivot","2018","Echezeaux, Grand Cru, Domaine Jean Grivot, Burgundy","1600","Case of 6 Bottles","https://www.bbr.com/products-20181035593-2018-echezeaux-grand-cru-domaine-jean-grivot-burgundy","1035593","20181035593"
"Domaine Jean Grivot","2019","Echezeaux, Grand Cru, Domaine Jean Grivot, Burgundy","1200","Case of 3 Bottles","https://www.bbr.com/products-20191035593-2019-echezeaux-grand-cru-domaine-jean-grivot-burgundy","1035593","20191035593"
"Domaine Jean Grivot","2020","Echezeaux, Grand Cru, Domaine Jean Grivot, Burgundy","1400","Case of 3 Bottles","https://www.bbr.com/products-20201035593-2020-echezeaux-grand-cru-domaine-jean-grivot-burgundy","1035593","20201035593"
"Domaine Jean Grivot","2021","Echezeaux, Grand Cru, Domaine Jean Grivot, Burgundy","3200","Case of 3 Bottles","https://www.bbr.com/products-20211035593-2021-echezeaux-grand-cru-domaine-jean-grivot-burgundy","1035593","20211035593"
"Domaine Jean Grivot","2022","Echezeaux, Grand Cru, Domaine Jean Grivot, Burgundy","950","Case of 3 Bottles","https://www.bbr.com/products-20221035593-2022-echezeaux-grand-cru-domaine-jean-grivot-burgundy","1035593","20221035593"
"Domaine Jean Grivot","2023","Echezeaux, Grand Cru, Domaine Jean Grivot, Burgundy","1000","Case of 3 Bottles","https://www.bbr.com/products-20231035593-2023-echezeaux-grand-cru-domaine-jean-grivot-burgundy","1035593","20231035593"
"Pierre Girardin","2019","Echezeaux, Grand Cru, Pierre Girardin, Burgundy","1600","Case of 6 Bottles","https://www.bbr.com/products-20198163291-2019-echezeaux-grand-cru-pierre-girardin-burgundy","2004488","20198163291"
"Pierre Girardin","2021","Echezeaux, Grand Cru, Pierre Girardin, Burgundy","270","Case of 1 Bottles","https://www.bbr.com/products-20218163291-2021-echezeaux-grand-cru-pierre-girardin-burgundy","2004488","20218163291"
"Domaine de la Romanee-Conti (DRC)","2011","Echezeaux, Grand Cru, Domaine de la Romanee-Conti, Burgundy","6500","Case of 3 Bottles","https://www.bbr.com/products-20118015981-2011-echezeaux-grand-cru-domaine-de-la-romanee-conti-burgundy","1028658","20118015981"
"Domaine de la Romanee-Conti (DRC)","2011","Echezeaux, Grand Cru, Domaine de la Romanee-Conti, Burgundy","7900","Case of 3 Bottles","https://www.bbr.com/products-20118015981-2011-echezeaux-grand-cru-domaine-de-la-romanee-conti-burgundy","1028658","20118015981"
"Domaine de la Romanee-Conti (DRC)","2015","Echezeaux, Grand Cru, Domaine de la Romanee-Conti, Burgundy","7000","Case of 3 Bottles","https://www.bbr.com/products-20158015981-2015-echezeaux-grand-cru-domaine-de-la-romanee-conti-burgundy","1028658","20158015981"
"Domaine de la Romanee-Conti (DRC)","2020","Echezeaux, Grand Cru, Domaine de la Romanee-Conti, Burgundy","3200","Case of 1 Bottles","https://www.bbr.com/products-20208015981-2020-echezeaux-grand-cru-domaine-de-la-romanee-conti-burgundy","1028658","20208015981"
"Vega Sicilia","2002","Unico, Vega Sicilia, Ribera del Duero, Spain","850","Case of 1 Magnums","https://www.bbr.com/products-20028004745-2002-unico-vega-sicilia-ribera-del-duero-spain","1121359","20028004745"
"Vega Sicilia","2003","Unico, Vega Sicilia, Ribera del Duero, Spain","875","Case of 3 Bottles","https://www.bbr.com/products-20038004745-2003-unico-vega-sicilia-ribera-del-duero-spain","1121359","20038004745"
"Vega Sicilia","2004","Unico, Vega Sicilia, Ribera del Duero, Spain","1600","Case of 6 Bottles","https://www.bbr.com/products-20048004745-2004-unico-vega-sicilia-ribera-del-duero-spain","1121359","20048004745"
"Vega Sicilia","2004","Unico, Vega Sicilia, Ribera del Duero, Spain","925","Case of 3 Bottles","https://www.bbr.com/products-20048004745-2004-unico-vega-sicilia-ribera-del-duero-spain","1121359","20048004745"
"Vega Sicilia","2004","Unico, Vega Sicilia, Ribera del Duero, Spain","900","Case of 3 Bottles","https://www.bbr.com/products-20048004745-2004-unico-vega-sicilia-ribera-del-duero-spain","1121359","20048004745"
"Vega Sicilia","2005","Unico, Vega Sicilia, Ribera del Duero, Spain","859","Case of 3 Bottles","https://www.bbr.com/products-20058004745-2005-unico-vega-sicilia-ribera-del-duero-spain","1121359","20058004745"
"Vega Sicilia","2005","Unico, Vega Sicilia, Ribera del Duero, Spain","1371","Case of 3 Bottles","https://www.bbr.com/products-20058004745-2005-unico-vega-sicilia-ribera-del-duero-spain","1121359","20058004745"
"Vega Sicilia","2005","Unico, Vega Sicilia, Ribera del Duero, Spain","3000","Case of 1 Double Magnums","https://www.bbr.com/products-20058004745-2005-unico-vega-sicilia-ribera-del-duero-spain","1121359","20058004745"
"Vega Sicilia","2006","Unico, Vega Sicilia, Ribera del Duero, Spain","765","Case of 3 Bottles","https://www.bbr.com/products-20068004745-2006-unico-vega-sicilia-ribera-del-duero-spain","1121359","20068004745"
"Vega Sicilia","2008","Unico, Vega Sicilia, Ribera del Duero, Spain","725","Case of 3 Bottles","https://www.bbr.com/products-20088004745-2008-unico-vega-sicilia-ribera-del-duero-spain","1121359","20088004745"
"Vega Sicilia","2008","Unico, Vega Sicilia, Ribera del Duero, Spain","725","Case of 3 Bottles","https://www.bbr.com/products-20088004745-2008-unico-vega-sicilia-ribera-del-duero-spain","1121359","20088004745"
"Vega Sicilia","2009","Unico, Vega Sicilia, Ribera del Duero, Spain","810","Case of 3 Bottles","https://www.bbr.com/products-20098004745-2009-unico-vega-sicilia-ribera-del-duero-spain","1121359","20098004745"
"Vega Sicilia","2009","Unico, Vega Sicilia, Ribera del Duero, Spain","725","Case of 3 Bottles","https://www.bbr.com/products-20098004745-2009-unico-vega-sicilia-ribera-del-duero-spain","1121359","20098004745"
"Vega Sicilia","2010","Unico, Vega Sicilia, Ribera del Duero, Spain","860","Case of 3 Bottles","https://www.bbr.com/products-20108004745-2010-unico-vega-sicilia-ribera-del-duero-spain","1121359","20108004745"
"Vega Sicilia","2010","Unico, Vega Sicilia, Ribera del Duero, Spain","900","Case of 3 Bottles","https://www.bbr.com/products-20108004745-2010-unico-vega-sicilia-ribera-del-duero-spain","1121359","20108004745"
"Vega Sicilia","2011","Unico, Vega Sicilia, Ribera del Duero, Spain","700","Case of 3 Bottles","https://www.bbr.com/products-20118004745-2011-unico-vega-sicilia-ribera-del-duero-spain","1121359","20118004745"
"Vega Sicilia","2011","Unico, Vega Sicilia, Ribera del Duero, Spain","745","Case of 3 Bottles","https://www.bbr.com/products-20118004745-2011-unico-vega-sicilia-ribera-del-duero-spain","1121359","20118004745"
"Vega Sicilia","2012","Unico, Vega Sicilia, Ribera del Duero, Spain","750","Case of 3 Bottles","https://www.bbr.com/products-20128004745-2012-unico-vega-sicilia-ribera-del-duero-spain","1121359","20128004745"
"Vega Sicilia","2012","Unico, Vega Sicilia, Ribera del Duero, Spain","720","Case of 3 Bottles","https://www.bbr.com/products-20128004745-2012-unico-vega-sicilia-ribera-del-duero-spain","1121359","20128004745"
"Vega Sicilia","2013","Unico, Vega Sicilia, Ribera del Duero, Spain","800","Case of 3 Bottles","https://www.bbr.com/products-20138004745-2013-unico-vega-sicilia-ribera-del-duero-spain","1121359","20138004745"
"Vega Sicilia","2013","Unico, Vega Sicilia, Ribera del Duero, Spain","875","Case of 3 Bottles","https://www.bbr.com/products-20138004745-2013-unico-vega-sicilia-ribera-del-duero-spain","1121359","20138004745"
"Vega Sicilia","2014","Unico, Vega Sicilia, Ribera del Duero, Spain","940","Case of 3 Bottles","https://www.bbr.com/products-20148004745-2014-unico-vega-sicilia-ribera-del-duero-spain","1121359","20148004745"
"Bodegas y Vinedos Alnardo","2019","? Psi, Bodegas y Vi?edos Alnardo, Ribera del Duero, Spain","250","Case of 12 Bottles","https://www.bbr.com/products-20198109961-2019-psi-bodegas-y-vi-edos-alnardo-ribera-del-duero-spain","1314436","20198109961"
"Bodegas y Vinedos Alnardo","2021","? Psi, Bodegas y Vi?edos Alnardo, Ribera del Duero, Spain","270","Case of 12 Bottles","https://www.bbr.com/products-20218109961-2021-psi-bodegas-y-vi-edos-alnardo-ribera-del-duero-spain","1314436","20218109961"
"","","","280","Case of 6 Bottles","https://www.bbr.com/products-20138026521-","1119334","20138026521"
